-0.4373953 0.6183065 2.595301 -0.4167876 0.40596 2.624363 -0.3932342 0.1927194 2.645341 -0.5748011 0.3830592 2.56899 -0.659518 0.06681815 2.579421 -0.633618 -0.2165458 2.466869 -0.2587741 0.4288608 2.679735 -0.07205574 0.3646858 2.878755 0.123538 0.5235447 2.969625 -0.4626545 -0.03399591 2.633739 -0.4398992 -0.4602745 2.575702 -0.4475422 -0.8044257 2.49354 -0.2767071 -0.007046661 2.6989 -0.1569177 -0.414486 2.627524 -0.06083233 -0.7800511 2.612134 
-0.4349192 0.6250455 2.590238 -0.4160123 0.4127009 2.622601 -0.393524 0.1995881 2.646019 -0.5721872 0.389587 2.562229 -0.6603009 0.06543609 2.565692 -0.6289657 -0.2154041 2.447058 -0.2598373 0.4358148 2.682973 -0.06456146 0.4008047 2.878861 0.09502635 0.6015697 2.95984 -0.462858 -0.02711444 2.63394 -0.4422451 -0.4555555 2.597873 -0.4513251 -0.8065515 2.499875 -0.2792133 6.500244E-05 2.704931 -0.1569625 -0.4080999 2.640893 -0.05574441 -0.7792522 2.610445 
-0.4289967 0.6191131 2.582474 -0.4108148 0.4081929 2.617958 -0.3889566 0.195287 2.643822 -0.5657969 0.3845616 2.554411 -0.645838 0.0751188 2.55967 -0.6238266 -0.1986277 2.418745 -0.2558326 0.4318243 2.681504 -0.05240747 0.48119 2.857728 0.03426297 0.7328341 2.910693 -0.4582045 -0.03151051 2.632331 -0.4401949 -0.4611108 2.602524 -0.4504628 -0.8156202 2.493749 -0.2759924 -0.003727188 2.707043 -0.1484659 -0.4085305 2.631655 -0.03480589 -0.7804971 2.581431 
-0.4235988 0.6204048 2.583355 -0.4045994 0.4096819 2.61827 -0.3822019 0.1967347 2.643447 -0.5594067 0.3858357 2.554297 -0.6414236 0.08155566 2.559841 -0.6098875 -0.1883874 2.413952 -0.2497921 0.4335281 2.682242 -0.0392159 0.5236001 2.836383 0.01202597 0.7893447 2.888952 -0.4508233 -0.03023283 2.631012 -0.4343718 -0.4605018 2.613365 -0.4460701 -0.8197575 2.493525 -0.2687853 -0.002192032 2.706237 -0.1419246 -0.4079612 2.634629 -0.02033783 -0.7799 2.570485 
-0.4167263 0.6189961 2.584287 -0.396017 0.4088738 2.618973 -0.372385 0.1960304 2.643946 -0.5507635 0.3842015 2.555131 -0.6397287 0.08176462 2.554426 -0.59646 -0.1848506 2.404898 -0.2412705 0.4335462 2.682816 -0.03212674 0.5583103 2.808691 -0.003219984 0.8348394 2.85282 -0.4397452 -0.03132053 2.631379 -0.431231 -0.4619864 2.616558 -0.4431366 -0.8206085 2.493773 -0.2577607 -0.002305481 2.706459 -0.1363461 -0.4099929 2.636254 -0.009742096 -0.7758291 2.562358 
-0.3967062 0.6225266 2.59349 -0.3742625 0.4121046 2.6231 -0.3507258 0.1988634 2.644236 -0.5333981 0.3893662 2.570905 -0.6195221 0.08274463 2.562099 -0.5813716 -0.1738311 2.404602 -0.215127 0.434843 2.675296 -0.02636484 0.6250069 2.738195 -0.04214199 0.9219761 2.767832 -0.4208401 -0.0277594 2.634655 -0.4244362 -0.4579918 2.608926 -0.445444 -0.8137621 2.494664 -0.2335379 -0.0009963684 2.696089 -0.1256779 -0.4123496 2.62518 -0.0006741409 -0.7737824 2.544751 
-0.3859259 0.6236139 2.606895 -0.3641191 0.4132451 2.627156 -0.3418503 0.1994085 2.641851 -0.5260054 0.3933814 2.58343 -0.6064342 0.08647595 2.576045 -0.574312 -0.159945 2.40788 -0.2022328 0.4331088 2.670882 -0.03460434 0.6432003 2.702829 -0.05384752 0.9453061 2.715508 -0.4148663 -0.0261196 2.63081 -0.423107 -0.4562561 2.603297 -0.4470363 -0.8140168 2.49404 -0.2242966 -0.002736389 2.682283 -0.1208524 -0.4146487 2.608034 -0.0003141861 -0.7824699 2.539235 
-0.3722228 0.6265006 2.613666 -0.3527027 0.4141182 2.629165 -0.3329427 0.1997975 2.640118 -0.5175202 0.3973547 2.59849 -0.5928663 0.08632385 2.589093 -0.5652605 -0.1560103 2.415237 -0.1878851 0.4308818 2.65984 -0.0398667 0.6513404 2.66434 -0.06076795 0.9557156 2.660778 -0.4103212 -0.02440327 2.632992 -0.422761 -0.4548685 2.61426 -0.4478415 -0.8125334 2.501547 -0.2160442 -0.004643387 2.66915 -0.1117459 -0.4172483 2.600059 -0.002301872 -0.7853213 2.541385 
-0.357603 0.625193 2.616987 -0.3385222 0.4123953 2.62992 -0.3197395 0.1978412 2.638526 -0.5052168 0.3970805 2.611923 -0.5765246 0.08471762 2.599052 -0.5506405 -0.1543434 2.421664 -0.1718276 0.4277101 2.647917 -0.04492929 0.6575417 2.626534 -0.06414139 0.9613292 2.598797 -0.3990541 -0.0257255 2.636541 -0.4090128 -0.4565085 2.623452 -0.4399548 -0.8144025 2.505076 -0.2028594 -0.007700348 2.657723 -0.09903068 -0.421769 2.597638 0.002228798 -0.785295 2.541776 
-0.3306547 0.6230847 2.620304 -0.3155123 0.4088992 2.630241 -0.3000737 0.1940056 2.636757 -0.4827687 0.3969122 2.631206 -0.5548784 0.08393463 2.61416 -0.5388008 -0.1568314 2.444099 -0.1482559 0.4208862 2.629275 -0.04269181 0.6496962 2.574446 -0.06549649 0.9479226 2.514258 -0.3833861 -0.02796521 2.643844 -0.3930123 -0.4587764 2.629388 -0.4338199 -0.8157331 2.508517 -0.1858839 -0.01381061 2.642704 -0.08559594 -0.4283181 2.579425 0.01105081 -0.7912639 2.53505 
-0.3092571 0.6261547 2.629977 -0.297825 0.410784 2.633666 -0.2857553 0.1956198 2.636242 -0.4641885 0.4016663 2.651576 -0.5381535 0.08560907 2.63116 -0.5241477 -0.1590997 2.472696 -0.1314614 0.4199017 2.615756 -0.04057358 0.642634 2.525976 -0.06810233 0.934746 2.440888 -0.3715841 -0.02490978 2.649358 -0.3864593 -0.455085 2.625927 -0.4376973 -0.8111711 2.508894 -0.1757872 -0.01417897 2.628279 -0.08097503 -0.430631 2.56961 0.007606476 -0.7839646 2.537944 
-0.2871758 0.6251314 2.625766 -0.2798908 0.4110132 2.632336 -0.2723829 0.195685 2.637105 -0.4451232 0.4059078 2.66194 -0.5180026 0.08475442 2.648697 -0.5171891 -0.1609253 2.499089 -0.1146583 0.4161187 2.602732 -0.02556688 0.6290655 2.481509 -0.06796933 0.9112526 2.372774 -0.3618281 -0.02263893 2.659245 -0.3748966 -0.4531976 2.64202 -0.4381852 -0.8062349 2.516342 -0.1679218 -0.01664748 2.624503 -0.07434239 -0.433893 2.569309 0.006194893 -0.784357 2.54778 
-0.2651296 0.6247655 2.623694 -0.262622 0.4109092 2.63255 -0.2605461 0.1955209 2.638891 -0.4253829 0.4105724 2.674393 -0.4939495 0.07735721 2.66501 -0.5013213 -0.1781568 2.531881 -0.09986124 0.4112459 2.590707 -0.01371973 0.6092314 2.444771 -0.0636464 0.880668 2.313472 -0.3541189 -0.02006522 2.669821 -0.3668342 -0.4507716 2.654666 -0.4376013 -0.8002182 2.519079 -0.1628216 -0.01966937 2.620642 -0.07251433 -0.437113 2.561583 0.003941124 -0.7859498 2.543824 
-0.2375823 0.6259856 2.623209 -0.2409683 0.4122842 2.634509 -0.2455916 0.1970137 2.641911 -0.4000427 0.4175571 2.688497 -0.4729189 0.09152026 2.692818 -0.4850261 -0.1752391 2.585361 -0.08189399 0.4070112 2.580522 0.005093331 0.5664959 2.395559 -0.0507809 0.814306 2.22885 -0.3437513 -0.0151562 2.681058 -0.3482875 -0.4457546 2.66099 -0.4304039 -0.798516 2.525766 -0.1566786 -0.02135722 2.617568 -0.06610169 -0.4373347 2.549677 0.007048515 -0.7896405 2.541589 
-0.214589 0.6216912 2.621876 -0.223055 0.4089524 2.63377 -0.2325289 0.193851 2.642194 -0.3782444 0.4183055 2.698061 -0.4495752 0.1055997 2.715425 -0.4738327 -0.1671349 2.625454 -0.06786567 0.3995993 2.569479 0.02060369 0.5302471 2.354978 -0.0430282 0.7568698 2.164016 -0.3331704 -0.01575569 2.688386 -0.3340442 -0.4459607 2.660934 -0.4283896 -0.8043165 2.527813 -0.1508352 -0.02674489 2.612849 -0.06243969 -0.4429347 2.543072 0.007783051 -0.7968766 2.538882 
-0.19662 0.624596 2.621585 -0.2069774 0.4116632 2.633409 -0.217854 0.1965886 2.642464 -0.3595052 0.4223656 2.70439 -0.4281559 0.1150753 2.733364 -0.4599872 -0.1622126 2.659778 -0.05444953 0.4009607 2.562427 0.02682577 0.4951281 2.320035 -0.04060081 0.7006221 2.11012 -0.318247 -0.01220488 2.693178 -0.3200326 -0.4416509 2.656111 -0.4190225 -0.7988147 2.534316 -0.1392142 -0.02476704 2.609862 -0.05373864 -0.4419751 2.542452 0.01297625 -0.7907699 2.540214 
-0.1766727 0.6280388 2.621904 -0.1891858 0.4151821 2.633566 -0.2026452 0.2002285 2.642547 -0.3420913 0.427707 2.704184 -0.3909929 0.1508421 2.725509 -0.4195845 -0.1221138 2.660872 -0.03628044 0.4026572 2.562948 0.02942119 0.4550631 2.291019 -0.04230855 0.6126752 2.060924 -0.3058541 -0.007373382 2.692978 -0.3153812 -0.4365568 2.653901 -0.4104676 -0.8028641 2.542458 -0.1263549 -0.02207666 2.610078 -0.05028444 -0.4419892 2.549402 0.01539637 -0.7956727 2.54486 
-0.1569409 0.6289959 2.621547 -0.1734028 0.4161471 2.633439 -0.1901176 0.2014523 2.643132 -0.3274025 0.4312068 2.701433 -0.3664512 0.1525127 2.718902 -0.3926684 -0.1221438 2.660791 -0.01940315 0.4010876 2.565444 0.02770846 0.4110356 2.274485 -0.03584044 0.5248449 2.030257 -0.2973261 -0.004393219 2.69278 -0.3128129 -0.4330699 2.649951 -0.4033317 -0.8068742 2.555596 -0.1163385 -0.02209195 2.61287 -0.05133772 -0.4440608 2.554013 0.0112013 -0.7991887 2.547156 
-0.1431514 0.6266155 2.61189 -0.1601015 0.4137303 2.627719 -0.176676 0.1992327 2.64116 -0.3159706 0.4297501 2.691158 -0.3471495 0.1498829 2.705389 -0.3711324 -0.1261545 2.653153 -0.004232266 0.3977104 2.56428 0.02479246 0.3774827 2.267236 -0.02838878 0.4380363 2.01121 -0.2848939 -0.005845963 2.6919 -0.3067751 -0.4325829 2.636182 -0.3910118 -0.8143817 2.573552 -0.1016073 -0.0246837 2.617302 -0.04451114 -0.4482453 2.561496 0.01734492 -0.802175 2.548635 
-0.133345 0.6285517 2.608205 -0.1548436 0.4161336 2.627958 -0.1765467 0.2024275 2.645143 -0.3061192 0.4372721 2.699777 -0.3570183 0.09120081 2.733394 -0.3784293 -0.1870595 2.667794 -0.003568062 0.3949951 2.55614 0.02150593 0.3502747 2.270751 -0.01784236 0.3598883 2.007523 -0.2873446 0.001171097 2.704627 -0.3207888 -0.4248168 2.648904 -0.3926307 -0.8034271 2.605954 -0.1091549 -0.02372823 2.62003 -0.06593062 -0.448242 2.560204 -0.005173996 -0.7953658 2.544317 
