-0.4862807 0.5893644 2.737232 -0.4374557 0.3832457 2.770148 -0.3900248 0.1741201 2.79243 -0.5996954 0.3435763 2.743189 -0.5996953 0.06161819 2.743189 -0.5996983 -0.2203396 2.743182 -0.275216 0.4229151 2.797106 -0.03115355 0.4260062 2.9479 0.1000237 0.6584474 2.95812 -0.4379944 -0.05833206 2.798861 -0.4889335 -0.4864354 2.794445 -0.494241 -0.8269455 2.597369 -0.2471935 -0.01167911 2.830565 -0.2276856 -0.4415205 2.85853 -0.179759 -0.7895744 2.860238 
-0.4863592 0.5879419 2.738718 -0.4365243 0.382854 2.771757 -0.3886383 0.1738892 2.794664 -0.5982444 0.342598 2.742596 -0.5982442 0.06063989 2.742596 -0.5982475 -0.2213179 2.74259 -0.2748041 0.4231101 2.800918 -0.02308475 0.4650012 2.93096 0.06207911 0.7200662 2.931674 -0.4358495 -0.05874771 2.800424 -0.4885251 -0.4866773 2.795787 -0.4960337 -0.8260967 2.597204 -0.2456552 -0.01140372 2.834718 -0.2272007 -0.4415263 2.858811 -0.1825877 -0.7862204 2.858948 
-0.4794529 0.5877033 2.738443 -0.4290792 0.3822687 2.774176 -0.3811411 0.1735559 2.799147 -0.5907614 0.3416637 2.745181 -0.5907612 0.05970566 2.745181 -0.5907646 -0.2222521 2.745175 -0.267397 0.4228738 2.803171 -0.0190433 0.5140021 2.897463 0.0132093 0.782217 2.89299 -0.4282708 -0.05903243 2.80707 -0.4813206 -0.4869484 2.803676 -0.4910029 -0.8226233 2.604461 -0.2381352 -0.01128157 2.841168 -0.2203638 -0.4415903 2.862453 -0.1760388 -0.7886248 2.861851 
-0.4774291 0.5886575 2.738813 -0.4256794 0.3836938 2.777402 -0.377284 0.1753496 2.804459 -0.5875691 0.3425778 2.750364 -0.5875689 0.06061972 2.750364 -0.5875726 -0.221338 2.750359 -0.2637897 0.4248098 2.80444 -0.02101373 0.5615123 2.862717 -0.02983848 0.8356847 2.845156 -0.4240903 -0.05717355 2.815616 -0.4809509 -0.4845451 2.818843 -0.4941012 -0.8238084 2.603472 -0.2336871 -0.008815796 2.847416 -0.2204802 -0.4395206 2.861081 -0.1773411 -0.7869058 2.860465 
-0.4721076 0.5920332 2.75513 -0.4210295 0.3866608 2.786459 -0.3734866 0.17743 2.807279 -0.5848177 0.3478624 2.770567 -0.5848175 0.06590436 2.770567 -0.5848215 -0.2160534 2.770563 -0.2572413 0.4254592 2.80235 -0.03631587 0.6153076 2.799466 -0.07089279 0.8955873 2.764136 -0.4222871 -0.05462282 2.818751 -0.479885 -0.4818065 2.827402 -0.5076559 -0.8550469 2.536219 -0.2296005 -0.008978897 2.837446 -0.2216931 -0.4397347 2.849836 -0.1797566 -0.7864425 2.851383 
-0.4732782 0.599263 2.77714 -0.4207182 0.3936789 2.795951 -0.3718921 0.1842126 2.807312 -0.584994 0.355042 2.7896 -0.5849938 0.07308398 2.7896 -0.584998 -0.2088738 2.789596 -0.2564425 0.4323157 2.802301 -0.04787053 0.6363853 2.768712 -0.09528735 0.9147256 2.718267 -0.4197791 -0.04800005 2.814933 -0.4773155 -0.4749803 2.830632 -0.506865 -0.8552966 2.524516 -0.2263528 -0.002507156 2.822411 -0.2178763 -0.4331422 2.840171 -0.177245 -0.7800854 2.842104 
-0.4688219 0.599127 2.778183 -0.4169258 0.3936121 2.797639 -0.3687352 0.1839034 2.809423 -0.5815683 0.3557678 2.797465 -0.5815681 0.07380975 2.797465 -0.5815724 -0.208148 2.797462 -0.2522834 0.4314564 2.797814 -0.06042996 0.6457015 2.74137 -0.1078461 0.9186556 2.669624 -0.4173303 -0.04805235 2.821104 -0.4722508 -0.4748904 2.84594 -0.5101016 -0.8588509 2.535358 -0.223759 -0.003558517 2.821309 -0.2163384 -0.4332195 2.853353 -0.1772667 -0.7908655 2.856998 
-0.4605354 0.595463 2.768727 -0.4099635 0.389897 2.794762 -0.3634105 0.1801115 2.81103 -0.5748213 0.3538806 2.802072 -0.5748211 0.07192252 2.802072 -0.5748254 -0.2100352 2.802069 -0.2451057 0.4259134 2.787453 -0.07213444 0.6559519 2.704703 -0.1288395 0.9232044 2.61503 -0.4138214 -0.05085767 2.831597 -0.4695833 -0.4778297 2.853178 -0.5106842 -0.8621903 2.533576 -0.2198937 -0.008490357 2.822999 -0.2156124 -0.4380721 2.858293 -0.1741621 -0.7918585 2.859227 
-0.4522115 0.5896389 2.784127 -0.4066774 0.3841048 2.801672 -0.363869 0.1732124 2.812008 -0.5707743 0.351802 2.822213 -0.570774 0.06984393 2.822213 -0.5707784 -0.2121138 2.82221 -0.2425806 0.4164077 2.781131 -0.08975252 0.6532508 2.657574 -0.1499794 0.9094419 2.541781 -0.4177887 -0.05672134 2.834451 -0.4779445 -0.4833887 2.843867 -0.5171867 -0.8676339 2.521871 -0.2243322 -0.01863892 2.810235 -0.2215451 -0.4487493 2.839149 -0.1810267 -0.7930842 2.845461 
-0.4502201 0.5958098 2.802344 -0.4096812 0.388064 2.811664 -0.3714274 0.1761365 2.816294 -0.5722904 0.3594317 2.844589 -0.5722902 0.07747357 2.844589 -0.5722947 -0.2044842 2.844587 -0.247072 0.4166963 2.778739 -0.1075378 0.6364167 2.61954 -0.1654022 0.8816214 2.482666 -0.4288772 -0.05264261 2.840302 -0.4858933 -0.4795936 2.833532 -0.5227158 -0.859701 2.52569 -0.2374699 -0.01893948 2.801547 -0.2278254 -0.4482087 2.839114 -0.1864564 -0.7817954 2.852766 
-0.4543312 0.6022567 2.811799 -0.4140513 0.3933955 2.81843 -0.3767847 0.1811623 2.820692 -0.5752075 0.3655341 2.859383 -0.5752073 0.08357602 2.859383 -0.5752118 -0.1983818 2.859381 -0.2528953 0.4212569 2.777478 -0.1248104 0.6136525 2.587816 -0.1718305 0.845066 2.434082 -0.4341552 -0.04743227 2.847003 -0.4791377 -0.4758722 2.840671 -0.5163767 -0.8585346 2.526898 -0.2448809 -0.01470967 2.798906 -0.2220648 -0.4425917 2.843987 -0.1793717 -0.7775961 2.856944 
-0.4502261 0.6007625 2.816537 -0.4119098 0.3903984 2.822471 -0.3763928 0.1778054 2.824133 -0.5715011 0.3641125 2.870581 -0.5715009 0.08215439 2.870581 -0.5715055 -0.1998034 2.870579 -0.2523184 0.4166844 2.774361 -0.1414102 0.57781 2.548461 -0.1869541 0.7792806 2.362689 -0.4346417 -0.05023167 2.854062 -0.4745045 -0.4792711 2.84452 -0.5123164 -0.8656049 2.528579 -0.2471098 -0.01934364 2.797529 -0.2173617 -0.4472455 2.839415 -0.1743164 -0.784593 2.857445 
-0.4514653 0.6253292 2.818916 -0.4149933 0.4127907 2.82918 -0.3823191 0.1997386 2.83186 -0.5735293 0.3891465 2.882372 -0.5735291 0.1071884 2.882372 -0.5735338 -0.1747693 2.88237 -0.2564572 0.436435 2.775988 -0.1541871 0.5444125 2.527277 -0.1944395 0.7115498 2.315937 -0.4430053 -0.02723749 2.865865 -0.480093 -0.4582482 2.851847 -0.5211778 -0.8416768 2.533909 -0.2562846 0.0006102295 2.803216 -0.2223058 -0.4272192 2.843673 -0.1842193 -0.7645357 2.865574 
-0.4511933 0.6333892 2.819581 -0.4158067 0.4203877 2.832648 -0.3840927 0.207187 2.836559 -0.5717393 0.3983097 2.893547 -0.5717391 0.1163516 2.893547 -0.5717438 -0.1656061 2.893545 -0.259874 0.4424657 2.771748 -0.1620643 0.5112281 2.510664 -0.1994841 0.6428158 2.280107 -0.4442053 -0.01901503 2.876333 -0.4698848 -0.4500142 2.870464 -0.5142985 -0.8561457 2.526531 -0.260552 0.006987839 2.804608 -0.2209146 -0.420791 2.840296 -0.1771337 -0.7803429 2.860235 
-0.4542603 0.6397073 2.830387 -0.4183539 0.4251245 2.838983 -0.3861783 0.2119792 2.838903 -0.5721135 0.4018888 2.905014 -0.5721133 0.1199307 2.905014 -0.572118 -0.1620271 2.905012 -0.2645945 0.4483602 2.772953 -0.1795933 0.4910578 2.497819 -0.2048835 0.5734525 2.253492 -0.4444322 -0.01483163 2.877657 -0.4717567 -0.4400185 2.826648 -0.5081211 -0.8356221 2.579109 -0.2635733 0.01249927 2.799989 -0.2224526 -0.4154518 2.83245 -0.174422 -0.7783358 2.852754 
-0.4496107 0.6239948 2.837803 -0.4143704 0.4110207 2.840016 -0.3817588 0.1980118 2.835432 -0.5699867 0.3858856 2.900909 -0.5699865 0.1039275 2.900909 -0.5699914 -0.1780303 2.900908 -0.2587543 0.4361559 2.779122 -0.1937378 0.436589 2.493905 -0.2044143 0.4644881 2.232918 -0.440665 -0.02977899 2.86666 -0.4680531 -0.4569382 2.824939 -0.506063 -0.8688051 2.534384 -0.2576295 -0.0002150574 2.795037 -0.2134961 -0.4282237 2.822401 -0.163745 -0.799162 2.856254 
-0.444418 0.6115439 2.8405 -0.4112357 0.3992594 2.839202 -0.3802848 0.1860252 2.832828 -0.5675327 0.3747877 2.898926 -0.5675325 0.09282965 2.898926 -0.5675373 -0.1891281 2.898925 -0.2549388 0.4237312 2.779478 -0.2028525 0.3848003 2.488462 -0.1996029 0.3800793 2.22013 -0.4411978 -0.04159227 2.861556 -0.4737763 -0.4697972 2.832381 -0.5130139 -0.8722821 2.522586 -0.2574702 -0.01282564 2.791351 -0.2187323 -0.4408986 2.824692 -0.1697645 -0.7893152 2.856897 
-0.4452865 0.6121517 2.853889 -0.4137016 0.3994049 2.845362 -0.3842868 0.1862414 2.833462 -0.5664514 0.3745451 2.9131 -0.5664513 0.09258704 2.9131 -0.5664561 -0.1893707 2.913099 -0.2609518 0.4242648 2.777624 -0.2055535 0.3497634 2.487263 -0.1992627 0.3228196 2.217275 -0.4447919 -0.0415565 2.861437 -0.4773133 -0.4705003 2.83851 -0.5167992 -0.8626947 2.522699 -0.2649522 -0.0122878 2.781686 -0.2243763 -0.4399066 2.818915 -0.1765075 -0.7758215 2.84765 
-0.4466922 0.6127087 2.857552 -0.4153004 0.3998497 2.847275 -0.3864453 0.1866469 2.83396 -0.5670816 0.3749255 2.917437 -0.5670814 0.09296741 2.917437 -0.5670862 -0.1889904 2.917436 -0.2635192 0.4247739 2.777114 -0.2062874 0.3098709 2.489134 -0.2067392 0.2593542 2.218736 -0.4467835 -0.04120233 2.861874 -0.4740691 -0.4709763 2.846767 -0.5150796 -0.8634406 2.521361 -0.268397 -0.01190924 2.779414 -0.2194091 -0.437604 2.825791 -0.1726915 -0.7788272 2.855785 
