-0.2940781 0.7879521 2.843292 -0.3137676 0.5292899 2.890404 -0.2943853 0.2812361 2.894988 -0.4727133 0.5161644 2.852208 -0.5198189 0.2366296 2.882584 -0.3443768 0.1148253 2.660093 -0.1548219 0.5424154 2.928599 -0.01455949 0.4832957 3.127103 0.1720233 0.7572646 3.218629 -0.3637246 0.02585571 2.878252 -0.3848832 -0.4330592 2.836084 -0.3918492 -0.8278022 2.765897 -0.1862813 0.04050873 2.920892 -0.1864122 -0.4066443 2.960817 -0.1997844 -0.8197943 3.044656 
-0.2968408 0.7873358 2.842945 -0.3140327 0.5284646 2.889958 -0.2940213 0.2819593 2.89488 -0.4744212 0.5145928 2.847315 -0.5206461 0.238991 2.880135 -0.3415357 0.1135974 2.657023 -0.1536443 0.5423363 2.932602 0.009797058 0.4937503 3.108561 0.1475376 0.7820222 3.178408 -0.3628365 0.02777148 2.876184 -0.3840519 -0.4321522 2.832938 -0.3922157 -0.8299108 2.764508 -0.1851832 0.04313647 2.923418 -0.1868072 -0.4065026 2.963248 -0.200383 -0.8217998 3.049281 
-0.2987227 0.7879834 2.842494 -0.3114869 0.5337179 2.899874 -0.292643 0.2847832 2.900202 -0.4771648 0.521113 2.851873 -0.5222602 0.2444568 2.880108 -0.3475054 0.1124903 2.672517 -0.1458091 0.5463229 2.947874 0.05017514 0.5572639 3.085734 0.1209775 0.8717206 3.12163 -0.361688 0.02916186 2.875068 -0.3834828 -0.429666 2.830784 -0.3926624 -0.8319261 2.763831 -0.1859101 0.04253522 2.925994 -0.1878542 -0.4065145 2.964601 -0.2086749 -0.8146381 3.048629 
-0.3024034 0.7868351 2.835438 -0.3035546 0.5379559 2.896412 -0.2938226 0.2899059 2.897194 -0.4789566 0.5309311 2.851077 -0.5238727 0.2515578 2.877584 -0.3784176 0.1236142 2.657759 -0.1281526 0.5449806 2.941746 0.06665505 0.6160007 3.044824 0.08798958 0.9264611 3.04005 -0.3647851 0.03862416 2.87712 -0.3886586 -0.4172984 2.83018 -0.39503 -0.8066754 2.73847 -0.203396 0.04508778 2.918833 -0.1869017 -0.4193024 2.964501 -0.2076649 -0.8232754 3.05375 
-0.304144 0.7860255 2.835442 -0.3043036 0.5373353 2.892406 -0.2952954 0.2884716 2.893452 -0.4793462 0.5308225 2.850336 -0.5235263 0.2543824 2.883825 -0.3843279 0.1188463 2.669117 -0.129261 0.5438481 2.934476 0.08485594 0.6417851 3.006641 0.07515628 0.9510711 2.990003 -0.3645506 0.03669595 2.875687 -0.3974312 -0.4200928 2.840314 -0.3968253 -0.8147002 2.745308 -0.2080238 0.04251987 2.913307 -0.1874094 -0.4156484 2.964567 -0.2064576 -0.8187559 3.049458 
-0.3117986 0.7851213 2.832903 -0.3049693 0.5359579 2.888469 -0.2930514 0.2884129 2.891546 -0.4802688 0.5269893 2.845914 -0.5259593 0.2485021 2.881859 -0.3948983 0.09983926 2.653354 -0.1296697 0.5449264 2.931025 0.07138031 0.6506051 2.958768 0.05314019 0.9751759 2.887976 -0.3616172 0.03675037 2.875085 -0.3974701 -0.4149707 2.839417 -0.3980997 -0.7875666 2.746502 -0.20065 0.04498566 2.914161 -0.1882677 -0.4107611 2.962221 -0.2037482 -0.8104749 3.043173 
-0.3165084 0.7846139 2.831031 -0.3092131 0.547946 2.876854 -0.2961278 0.2957747 2.883758 -0.4833471 0.5380227 2.844442 -0.5281429 0.2604429 2.884022 -0.4232253 0.1019409 2.681235 -0.1350792 0.5578693 2.909265 0.06712893 0.6495032 2.914895 0.05068839 0.9687257 2.85787 -0.3626978 0.03906413 2.875835 -0.3982956 -0.3929082 2.841254 -0.3995354 -0.7895769 2.741906 -0.2033872 0.04814269 2.905488 -0.1900224 -0.4065505 2.95765 -0.2043417 -0.8074916 3.037384 
-0.3281551 0.7894294 2.825533 -0.3137174 0.5547129 2.870161 -0.299381 0.3011657 2.879476 -0.4850473 0.5440485 2.843573 -0.5371471 0.258388 2.892344 -0.4210643 0.1051903 2.675873 -0.1423876 0.5653772 2.896749 0.07515639 0.6603022 2.862489 0.04161859 0.9528866 2.761333 -0.3660942 0.04257368 2.876213 -0.4000523 -0.3858188 2.844536 -0.3995427 -0.7959101 2.743925 -0.203995 0.05266353 2.901368 -0.1904763 -0.4037032 2.956724 -0.2041696 -0.8053551 3.031362 
-0.3356184 0.7924078 2.827037 -0.3180328 0.5477989 2.863741 -0.3034733 0.300036 2.875276 -0.4861851 0.537203 2.848389 -0.5327831 0.2477255 2.887719 -0.4054042 0.08855551 2.668544 -0.1498804 0.5583949 2.879093 0.06004524 0.6802857 2.821338 0.02260624 0.9528773 2.665684 -0.3716309 0.04706075 2.879258 -0.3975807 -0.4007773 2.845853 -0.4003537 -0.84386 2.759941 -0.2061969 0.05748543 2.894362 -0.1891982 -0.4005444 2.952269 -0.2032194 -0.8055854 3.020307 
-0.3310345 0.7887798 2.830891 -0.3202532 0.5425031 2.855895 -0.304101 0.2969657 2.871931 -0.4870774 0.5308805 2.845966 -0.5363058 0.2479576 2.908999 -0.4150746 0.06304524 2.664636 -0.153429 0.5541258 2.865824 0.03996895 0.6623683 2.762427 0.003821625 0.8961471 2.561379 -0.369892 0.04571931 2.88309 -0.3939086 -0.407225 2.843703 -0.4014337 -0.8448111 2.764179 -0.2060056 0.05713734 2.892844 -0.1879635 -0.3976578 2.952248 -0.2079585 -0.8022897 3.012026 
-0.3303566 0.7875829 2.83201 -0.3195275 0.5424867 2.855464 -0.3028632 0.2961633 2.873516 -0.4874279 0.5303537 2.844901 -0.5440776 0.2514718 2.919477 -0.4331152 0.09115344 2.687259 -0.1516272 0.5546197 2.866026 0.02684323 0.640986 2.713658 -0.0009229927 0.875798 2.525525 -0.3704039 0.04375488 2.886272 -0.3928186 -0.411384 2.844516 -0.4018149 -0.846174 2.765617 -0.2019936 0.05592474 2.896867 -0.1880936 -0.3975685 2.95195 -0.2048937 -0.8084274 3.015115 
-0.33135 0.787264 2.833846 -0.3198729 0.5425542 2.860722 -0.3026951 0.2959994 2.876846 -0.4920509 0.5301301 2.854176 -0.5450015 0.253109 2.923071 -0.4336181 0.09011494 2.699448 -0.1476949 0.5549782 2.867268 0.01893437 0.6386294 2.688923 -0.01976841 0.7818348 2.450538 -0.3706301 0.04330304 2.889735 -0.3942981 -0.4102451 2.851081 -0.4019665 -0.8472108 2.769907 -0.2004043 0.05558618 2.896206 -0.1879672 -0.3978244 2.949131 -0.2024267 -0.8078292 3.014752 
-0.3333511 0.7888048 2.836924 -0.3209261 0.5433897 2.86517 -0.3037003 0.2965364 2.878348 -0.4941712 0.5311369 2.862107 -0.545631 0.2517048 2.925866 -0.4378425 0.09930082 2.700466 -0.1476809 0.5556425 2.868233 -0.01902154 0.5570273 2.667512 -0.03261456 0.7520484 2.41337 -0.3705569 0.04373641 2.890039 -0.3933889 -0.4109674 2.851523 -0.4020735 -0.8470563 2.77186 -0.2023922 0.0556299 2.893013 -0.1884857 -0.3979151 2.947891 -0.2026207 -0.8095579 3.015938 
-0.3342929 0.7899723 2.839705 -0.3189863 0.5443972 2.876067 -0.3028315 0.2968329 2.883264 -0.4912855 0.5332978 2.881021 -0.5455363 0.2528948 2.929695 -0.4456168 0.1032156 2.704763 -0.1466871 0.5554965 2.871114 -0.04242001 0.5881639 2.658296 -0.0443289 0.6551849 2.386901 -0.3718455 0.04378218 2.89291 -0.3925685 -0.4113343 2.855952 -0.4022075 -0.848349 2.775673 -0.2015081 0.0547552 2.888013 -0.1884255 -0.3975576 2.94539 -0.1978951 -0.7839857 3.00433 
-0.3343432 0.7908037 2.842884 -0.3178456 0.5458777 2.874362 -0.3023645 0.297662 2.883017 -0.4906037 0.5352623 2.878938 -0.545799 0.2538908 2.93679 -0.4582993 0.1120935 2.703885 -0.1450874 0.5564929 2.869787 -0.03643632 0.5589821 2.642672 -0.05165741 0.6200173 2.369812 -0.3749544 0.04403479 2.894005 -0.3918521 -0.411784 2.853617 -0.4025697 -0.8490008 2.77443 -0.1988126 0.05485797 2.88934 -0.1879789 -0.3956406 2.94676 -0.1911865 -0.7762547 3.007677 
-0.3338203 0.7929472 2.856528 -0.3148523 0.544408 2.875069 -0.301354 0.2960609 2.883841 -0.4898616 0.535067 2.879917 -0.5451018 0.2520371 2.947661 -0.4552175 0.1092093 2.718477 -0.139843 0.553749 2.870222 -0.03881697 0.5398705 2.649352 -0.06593181 0.5444581 2.349509 -0.3777425 0.04291623 2.895103 -0.3919198 -0.4101655 2.852192 -0.403304 -0.8471842 2.773204 -0.197969 0.05251151 2.890124 -0.1874436 -0.3974245 2.947012 -0.1938019 -0.7935294 3.01165 
-0.3319164 0.7934477 2.864436 -0.3146561 0.5424873 2.878803 -0.3015746 0.2950572 2.885888 -0.4873574 0.5336121 2.887724 -0.5432476 0.2510547 2.950434 -0.451786 0.09016525 2.724967 -0.1419547 0.5513626 2.869882 -0.04120464 0.5341767 2.647943 -0.06522683 0.542104 2.443641 -0.3787471 0.04298892 2.897635 -0.3914218 -0.4114775 2.853158 -0.402852 -0.8480877 2.778855 -0.198239 0.05226535 2.888311 -0.1866 -0.3958406 2.946876 -0.1965071 -0.8012183 3.011667 
