-0.317546 0.7742869 2.714319 -0.3312556 0.5202218 2.783682 -0.3097979 0.2749602 2.796858 -0.4889324 0.5039809 2.738156 -0.5557458 0.2435988 2.786775 -0.39943 0.07329599 2.580507 -0.1735789 0.5364626 2.829208 -0.02504237 0.5157745 2.984885 0.1475612 0.7698135 3.089905 -0.3854513 0.01969611 2.781996 -0.3858231 -0.4283876 2.745355 -0.4069411 -0.8459654 2.74539 -0.1912291 0.03970117 2.838074 -0.1484776 -0.3922536 2.891037 -0.120885 -0.7947711 2.98489 
-0.3287266 0.7783863 2.699769 -0.3449802 0.5379598 2.78197 -0.3259226 0.2864292 2.791142 -0.501942 0.524307 2.733692 -0.5718384 0.2630604 2.764942 -0.432925 0.09295985 2.563467 -0.1880184 0.5516127 2.830248 0.0006353302 0.5699337 2.947272 0.1118705 0.8449295 3.024402 -0.3959357 0.02715096 2.772918 -0.3972384 -0.4230151 2.731114 -0.4070857 -0.8360729 2.74212 -0.2177944 0.04264601 2.82771 -0.1532678 -0.4083519 2.890791 -0.121475 -0.8068017 2.9879 
-0.3436115 0.7784794 2.692475 -0.3558056 0.540396 2.769117 -0.3359734 0.2864252 2.783887 -0.5173236 0.5247369 2.716733 -0.5839089 0.2647595 2.756492 -0.4549784 0.08990891 2.548171 -0.1942877 0.5560552 2.821501 -0.006015518 0.6355639 2.935231 0.07422917 0.9299378 2.954797 -0.4047601 0.02386285 2.769915 -0.4074952 -0.4293274 2.734195 -0.4077707 -0.8383448 2.74684 -0.2275223 0.04104596 2.827397 -0.1701617 -0.4161875 2.884653 -0.1219836 -0.8119755 2.984062 
-0.3533982 0.7819823 2.692497 -0.3611076 0.5523717 2.751436 -0.3414029 0.2955733 2.77478 -0.5269169 0.5350316 2.700641 -0.6165632 0.2751065 2.744833 -0.4684174 0.1106459 2.536251 -0.1952983 0.5697119 2.802232 -0.03089029 0.6426244 2.905693 0.04093544 0.9732597 2.869227 -0.411055 0.02942999 2.770748 -0.4208316 -0.4141635 2.749234 -0.4078118 -0.8322937 2.7625 -0.2323418 0.04811963 2.825497 -0.1815813 -0.4145974 2.879596 -0.1238236 -0.8177804 2.981217 
-0.358207 0.7846472 2.693364 -0.3650076 0.5605437 2.746841 -0.3440003 0.3012103 2.772032 -0.5322502 0.5421073 2.696511 -0.6246092 0.277769 2.743552 -0.4810165 0.1160122 2.532227 -0.1977651 0.5789801 2.797171 -0.02721246 0.6654016 2.873085 0.03173998 0.9949738 2.834064 -0.4134167 0.03190887 2.77001 -0.4215715 -0.4148998 2.746559 -0.4087096 -0.8341631 2.762656 -0.2325692 0.05184509 2.824435 -0.1894284 -0.4070329 2.87872 -0.1590624 -0.8094729 2.981366 
-0.3637582 0.7909495 2.694211 -0.3702404 0.5694829 2.742207 -0.3491547 0.3122841 2.768234 -0.5374006 0.5511726 2.696688 -0.6264144 0.2873881 2.745472 -0.5024583 0.1301857 2.522826 -0.2030801 0.5877934 2.787727 -0.02210722 0.7099959 2.776124 0.004027126 1.008706 2.717268 -0.4221562 0.0447792 2.76864 -0.4226091 -0.4154091 2.74296 -0.4113237 -0.8397365 2.764521 -0.2339819 0.06539139 2.819881 -0.205914 -0.3909099 2.885957 -0.1947377 -0.8045513 2.992524 
-0.3659541 0.7907388 2.696342 -0.3687911 0.5698715 2.740965 -0.3494038 0.3121292 2.768026 -0.5358967 0.5528404 2.698472 -0.6256196 0.2886547 2.744729 -0.5089141 0.1367281 2.534027 -0.2016855 0.5869027 2.783459 -0.02458269 0.706752 2.772978 -0.002023127 0.9959859 2.675514 -0.4243675 0.04477078 2.771095 -0.4263028 -0.4104473 2.744964 -0.4139444 -0.8414464 2.762272 -0.2356654 0.06400308 2.81908 -0.219676 -0.3862483 2.894213 -0.2152334 -0.8218959 3.018152 
-0.3644846 0.7911764 2.711378 -0.3701696 0.5695454 2.741618 -0.3531114 0.3152167 2.769566 -0.5380768 0.5540957 2.703508 -0.6264746 0.2919084 2.749507 -0.516583 0.1397424 2.528982 -0.2022625 0.5849951 2.779729 -0.03087718 0.7059246 2.721629 -0.02285127 0.9600048 2.579307 -0.4324052 0.05202223 2.775644 -0.4267406 -0.410538 2.741527 -0.4277604 -0.823979 2.728787 -0.2397011 0.06975356 2.819383 -0.2279961 -0.3870954 2.898528 -0.2183519 -0.8228437 3.022574 
-0.3628588 0.7925645 2.720818 -0.3707502 0.5701876 2.746936 -0.3530354 0.3158173 2.771499 -0.5379503 0.5554625 2.71503 -0.6229666 0.3001534 2.751043 -0.5203298 0.1462776 2.54408 -0.20355 0.5849127 2.778843 -0.03271277 0.7121743 2.69419 -0.03573474 0.9461363 2.536897 -0.4316425 0.05296407 2.777682 -0.4301221 -0.4007831 2.742708 -0.4330913 -0.8254658 2.722465 -0.2389989 0.06993001 2.814444 -0.2251159 -0.3926513 2.89215 -0.2194629 -0.8277335 3.019988 
-0.3591189 0.7956714 2.730431 -0.3680885 0.5618986 2.750914 -0.3535086 0.3142659 2.773487 -0.5342789 0.5504446 2.732603 -0.6067809 0.28358 2.781668 -0.5171356 0.1438527 2.566878 -0.2018981 0.5733526 2.769225 -0.0356423 0.7061301 2.659651 -0.05007831 0.9126508 2.451744 -0.4377826 0.05982007 2.785168 -0.4320368 -0.3994817 2.74691 -0.4328933 -0.8333324 2.722545 -0.2400747 0.07344629 2.806952 -0.2240919 -0.3904852 2.886992 -0.2201249 -0.8270202 3.015995 
-0.3553109 0.7964513 2.735805 -0.3560037 0.5595113 2.758852 -0.3465531 0.3120663 2.778083 -0.5324103 0.551958 2.748355 -0.5870527 0.2837099 2.80581 -0.507858 0.1407936 2.583554 -0.179597 0.5670646 2.76935 -0.04400387 0.6930233 2.617665 -0.0546286 0.8207946 2.407859 -0.435505 0.06040808 2.791458 -0.4317173 -0.3985163 2.753286 -0.4329976 -0.8332767 2.726539 -0.2387001 0.06883471 2.803169 -0.2261832 -0.3911217 2.884509 -0.2127462 -0.8219095 3.015637 
-0.3523418 0.7960022 2.738496 -0.3570512 0.5573153 2.768381 -0.346189 0.3098544 2.78331 -0.5328137 0.5494081 2.765195 -0.5830013 0.2763361 2.815851 -0.4949275 0.1179889 2.603638 -0.1812888 0.5652226 2.771567 -0.05370755 0.659135 2.58727 -0.06140741 0.7854414 2.356516 -0.4327302 0.0580116 2.796474 -0.4322329 -0.3985405 2.761479 -0.4329307 -0.8337096 2.730221 -0.2379233 0.06677563 2.800005 -0.2265404 -0.392129 2.882883 -0.217573 -0.8256368 3.013191 
-0.3492101 0.7953694 2.741557 -0.3518773 0.5563677 2.773968 -0.3432211 0.3097112 2.787862 -0.5318949 0.5501525 2.775786 -0.5790918 0.2757078 2.824857 -0.485193 0.1137968 2.644311 -0.1718597 0.5625829 2.77215 -0.04915649 0.6025501 2.573393 -0.05975531 0.791925 2.476184 -0.432542 0.05967203 2.802746 -0.4301771 -0.4059598 2.77367 -0.4327337 -0.8346024 2.728354 -0.2365877 0.06643741 2.800767 -0.2256321 -0.391405 2.885735 -0.2187757 -0.8271658 3.0155 
-0.3474563 0.7958665 2.743812 -0.3463861 0.5558784 2.777422 -0.3400403 0.3092104 2.791411 -0.5289254 0.5515019 2.783058 -0.5740714 0.2755513 2.831996 -0.479481 0.1116204 2.637847 -0.1638469 0.5602549 2.771786 -0.05602801 0.5472074 2.554894 -0.05719808 0.5984013 2.301625 -0.4315948 0.06019513 2.808423 -0.430955 -0.41069 2.786008 -0.4344961 -0.8420081 2.726963 -0.235794 0.06488953 2.802378 -0.2246785 -0.3927072 2.887827 -0.2205739 -0.8277228 3.012987 
-0.3463862 0.796083 2.747971 -0.3359789 0.5492436 2.783254 -0.3335695 0.3061801 2.797403 -0.5200948 0.5477538 2.789014 -0.5584763 0.2714917 2.842499 -0.464103 0.108394 2.650143 -0.1518631 0.5507334 2.777494 -0.09287856 0.4080479 2.596172 -0.06361677 0.4844455 2.295913 -0.4281035 0.06233214 2.814584 -0.4308539 -0.4032955 2.783123 -0.4346452 -0.8412197 2.730219 -0.2342168 0.06390098 2.808518 -0.2231381 -0.3951884 2.883986 -0.2200669 -0.8314605 3.008198 
-0.3400708 0.7934383 2.765506 -0.3376674 0.5414822 2.793828 -0.3317788 0.3015979 2.806901 -0.5158741 0.5376006 2.802873 -0.5544339 0.2586505 2.857579 -0.4610202 0.08867281 2.655533 -0.1594607 0.5453639 2.784782 -0.09460907 0.4040087 2.61337 -0.06009327 0.3803682 2.307458 -0.4189477 0.05968655 2.824698 -0.4089198 -0.3791259 2.786574 -0.4308622 -0.8408893 2.733904 -0.2328326 0.06374045 2.815252 -0.2233071 -0.3932458 2.88477 -0.2157764 -0.8283764 3.006626 
-0.3357525 0.7886569 2.778796 -0.3355554 0.5376699 2.796203 -0.3298385 0.298683 2.808796 -0.5115928 0.5340689 2.807781 -0.5529484 0.2526239 2.865173 -0.4637473 0.09071755 2.649215 -0.1595179 0.541271 2.784625 -0.09359578 0.4010747 2.616658 -0.0605156 0.3377855 2.319167 -0.4168787 0.05779852 2.827489 -0.4122329 -0.3888463 2.79008 -0.4297422 -0.8410848 2.735804 -0.2313645 0.06159338 2.815287 -0.221153 -0.3933713 2.883852 -0.212988 -0.83122 3.000711 
-0.3323787 0.7866138 2.784729 -0.3333087 0.5358462 2.797802 -0.3284301 0.2971897 2.810786 -0.5071262 0.5330405 2.811541 -0.5532446 0.2548577 2.880285 -0.4618609 0.08616667 2.640799 -0.1594912 0.5386519 2.784064 -0.09322745 0.3911287 2.619945 -0.06906363 0.2829843 2.350233 -0.4160591 0.05704004 2.831082 -0.4163628 -0.3932129 2.786891 -0.4279508 -0.8400813 2.740587 -0.2310441 0.06002649 2.816458 -0.2194823 -0.3931833 2.882609 -0.2100999 -0.8320819 2.994284 
