-0.336856 0.6250395 2.660599 -0.3276585 0.4122215 2.679328 -0.3146634 0.1972416 2.689432 -0.4939875 0.4008339 2.650957 -0.5636469 0.07239435 2.684122 -0.5920376 -0.2321803 2.597318 -0.1613295 0.4236091 2.707699 0.03194879 0.4127025 2.893199 0.173895 0.6478822 2.939511 -0.3995102 -0.02443706 2.682848 -0.3465285 -0.4509023 2.647757 -0.3744668 -0.8175819 2.622656 -0.2038267 -0.01103969 2.716226 -0.0842009 -0.4130619 2.616723 0.01204462 -0.7889028 2.548643 
-0.3380354 0.6250096 2.661413 -0.3264904 0.4121151 2.679912 -0.3130782 0.1971397 2.689605 -0.4919666 0.4003119 2.647105 -0.5658174 0.07219284 2.677066 -0.5914634 -0.2308948 2.584044 -0.1610141 0.4239183 2.712719 0.03597858 0.4583571 2.895607 0.1398796 0.7141404 2.929508 -0.3969787 -0.02477701 2.680006 -0.3440215 -0.4514831 2.647681 -0.373365 -0.8201872 2.620445 -0.2023532 -0.01089459 2.718592 -0.08335085 -0.4106627 2.609831 0.01337898 -0.7890778 2.546113 
-0.3390946 0.6259593 2.659826 -0.3239504 0.4125992 2.680168 -0.3087446 0.1978304 2.69142 -0.4887535 0.3990686 2.644622 -0.5629225 0.07010269 2.67204 -0.5917284 -0.2255927 2.56539 -0.1591473 0.4261297 2.715714 0.03747283 0.5006719 2.885823 0.1196462 0.766161 2.919331 -0.3904377 -0.02489389 2.681773 -0.3364675 -0.4517486 2.65332 -0.3708996 -0.8200433 2.624406 -0.1966398 -0.008982849 2.723572 -0.07939123 -0.4091609 2.61408 0.01864838 -0.7881982 2.549347 
-0.3370381 0.6174007 2.660594 -0.3170871 0.4062709 2.680444 -0.2969609 0.1920141 2.692698 -0.4803564 0.3886369 2.640275 -0.5604783 0.07405246 2.671594 -0.5855645 -0.2110642 2.543183 -0.1538177 0.4239048 2.720613 0.03871883 0.5388399 2.875983 0.09596623 0.8124357 2.899585 -0.372889 -0.03261702 2.681319 -0.3238577 -0.460339 2.658062 -0.3621394 -0.830181 2.620852 -0.1807807 -0.01186827 2.728584 -0.07188722 -0.414629 2.620106 0.0313247 -0.7899453 2.549181 
-0.3249114 0.6175335 2.660052 -0.3001349 0.4070043 2.6803 -0.2753891 0.1931623 2.691899 -0.4636219 0.3860203 2.642225 -0.5518835 0.0785061 2.66115 -0.5785312 -0.1952207 2.519958 -0.1366478 0.4279884 2.718375 0.04741768 0.6179633 2.82723 0.06864212 0.9072064 2.839033 -0.3467578 -0.03301628 2.681114 -0.3284646 -0.4630493 2.663089 -0.3654602 -0.8272287 2.620371 -0.1545288 -0.008343155 2.725883 -0.07403912 -0.4170632 2.616081 0.02860834 -0.7824134 2.542213 
-0.3211847 0.6285412 2.660123 -0.2938358 0.4177737 2.682262 -0.2674571 0.2041854 2.69502 -0.4573927 0.3953619 2.64523 -0.543943 0.08124579 2.656568 -0.5735759 -0.1872602 2.511921 -0.1302789 0.4401854 2.719294 0.05020549 0.6509875 2.792105 0.05493872 0.9469304 2.811493 -0.3372483 -0.02258086 2.686003 -0.3314418 -0.4529237 2.666351 -0.3675362 -0.8152458 2.627053 -0.1449085 0.003774979 2.729552 -0.07352156 -0.4072407 2.621609 0.02604809 -0.7678879 2.547168 
-0.3116727 0.6270913 2.659158 -0.2840326 0.4166546 2.680536 -0.2571153 0.2030993 2.692921 -0.4488459 0.3941296 2.650341 -0.52948 0.07562903 2.659274 -0.5562084 -0.1878947 2.506547 -0.1192193 0.4391796 2.71073 0.04439757 0.6621363 2.755103 0.05323519 0.9619946 2.76304 -0.3271888 -0.02371169 2.687538 -0.3241459 -0.4541789 2.665985 -0.3679623 -0.8259747 2.623125 -0.1332072 0.002799728 2.723076 -0.06741989 -0.4084421 2.612029 0.02941856 -0.7809736 2.537282 
-0.2964993 0.6228818 2.649729 -0.2706797 0.4130237 2.675664 -0.2454971 0.1994749 2.691074 -0.4368956 0.3918894 2.654415 -0.5136499 0.07275916 2.66119 -0.5434887 -0.1844231 2.503909 -0.1044639 0.434158 2.696913 0.04116964 0.666034 2.7132 0.04825678 0.9675444 2.705742 -0.3181559 -0.02651446 2.693976 -0.3200078 -0.4568377 2.668541 -0.3685472 -0.8282292 2.628231 -0.1224731 -0.001633423 2.718992 -0.06297857 -0.4148506 2.611642 0.02967761 -0.7844249 2.538319 
-0.276112 0.6260421 2.654705 -0.2567284 0.4141313 2.674517 -0.2374178 0.1998179 2.685748 -0.4242788 0.398581 2.665869 -0.4959841 0.06697879 2.664269 -0.5227969 -0.1880218 2.508332 -0.08917808 0.4296816 2.683166 0.03949908 0.6594681 2.653342 0.0411667 0.9570482 2.610198 -0.3168722 -0.02366193 2.69188 -0.3230939 -0.4539376 2.665461 -0.3741452 -0.8184214 2.619756 -0.119342 -0.005329193 2.702076 -0.06023688 -0.4192662 2.596993 0.02407753 -0.7841569 2.522743 
-0.2598714 0.6238192 2.647052 -0.2424369 0.411228 2.669151 -0.2256063 0.1967786 2.682492 -0.4102365 0.3983202 2.673357 -0.4799047 0.06843408 2.668714 -0.5013331 -0.1926927 2.525719 -0.0746373 0.4241357 2.664945 0.03948509 0.6533303 2.600351 0.03340806 0.9452028 2.527846 -0.3075362 -0.02526787 2.698309 -0.3076826 -0.4558271 2.676458 -0.3644176 -0.8221961 2.628081 -0.1100151 -0.01007381 2.693358 -0.04577068 -0.4257914 2.599463 0.03364383 -0.7855167 2.528919 
-0.2446683 0.6223223 2.64372 -0.2303458 0.4098172 2.665518 -0.2161043 0.1951311 2.678555 -0.3977368 0.3996433 2.680837 -0.4689649 0.0722265 2.670913 -0.486918 -0.1910105 2.541343 -0.06295492 0.419991 2.650199 0.04034298 0.6424126 2.550167 0.02615152 0.9260668 2.45048 -0.3002688 -0.02553604 2.700598 -0.3037367 -0.455796 2.673495 -0.3656575 -0.8211142 2.625023 -0.1034567 -0.01357397 2.682587 -0.04166979 -0.4307303 2.593161 0.03459804 -0.7868642 2.527954 
-0.2242757 0.6250126 2.641698 -0.2152849 0.4111634 2.662726 -0.206633 0.1962023 2.675449 -0.3809349 0.4061948 2.691425 -0.4499973 0.07314707 2.689642 -0.469494 -0.1951405 2.56994 -0.04963491 0.4161321 2.634028 0.04245408 0.6153657 2.491432 0.01617279 0.8757282 2.348337 -0.2955127 -0.02168428 2.705068 -0.2960338 -0.4520069 2.678082 -0.3661291 -0.8140681 2.627228 -0.1004495 -0.01583339 2.671274 -0.03852786 -0.4334742 2.583901 0.03146589 -0.7849538 2.525485 
-0.208362 0.6262797 2.642046 -0.2028388 0.4130705 2.661314 -0.1970531 0.1979675 2.67382 -0.3667344 0.4109047 2.699887 -0.436013 0.07758863 2.702874 -0.4473975 -0.1995468 2.600011 -0.03894329 0.4152362 2.622741 0.04742619 0.5870429 2.442222 0.008214531 0.8301424 2.272265 -0.2875349 -0.01840758 2.708982 -0.2840583 -0.448576 2.679749 -0.3611007 -0.8161893 2.62756 -0.09499989 -0.01586336 2.663668 -0.02981146 -0.4348053 2.585817 0.03532424 -0.7803982 2.530067 
-0.194054 0.6294995 2.641746 -0.1915321 0.4164267 2.660546 -0.1887707 0.2012455 2.67299 -0.3519849 0.417305 2.711335 -0.4165181 0.08131949 2.717518 -0.4289106 -0.2029788 2.62144 -0.03107928 0.4155484 2.609756 0.05122778 0.5570101 2.39776 0.001504147 0.7856518 2.209709 -0.2804128 -0.01341888 2.715317 -0.2757334 -0.4433095 2.682278 -0.3602459 -0.8127401 2.629515 -0.09160588 -0.01445242 2.655552 -0.02763101 -0.4341063 2.580182 0.0346693 -0.7812874 2.53069 
-0.1776691 0.6279438 2.640607 -0.1799755 0.4155284 2.658703 -0.1822921 0.2003543 2.670805 -0.3379533 0.4205175 2.717164 -0.4067786 0.0891933 2.725847 -0.4222641 -0.1996754 2.635795 -0.02199763 0.4105393 2.600242 0.05462262 0.5244857 2.361042 -0.002862209 0.7298175 2.152579 -0.2773874 -0.01188972 2.717242 -0.2737516 -0.4412993 2.678514 -0.3602721 -0.8178319 2.625407 -0.09183001 -0.01774986 2.648574 -0.02532192 -0.4376999 2.57703 0.031024 -0.7856638 2.530802 
-0.1627864 0.6288451 2.640452 -0.1688597 0.416442 2.657666 -0.1755483 0.2013417 2.669443 -0.3260031 0.4246761 2.718808 -0.3943966 0.09260605 2.740444 -0.4161479 -0.2023941 2.667036 -0.01171636 0.4082079 2.596525 0.04531655 0.4802378 2.337076 -0.00635046 0.626326 2.095254 -0.274483 -0.008925034 2.717111 -0.263763 -0.4387724 2.6866 -0.357102 -0.8182114 2.620912 -0.08999071 -0.01859215 2.645329 -0.01779971 -0.438033 2.576424 0.0323318 -0.7805442 2.534094 
-0.1492231 0.630087 2.64035 -0.1582731 0.4175481 2.657186 -0.1685287 0.2025189 2.667858 -0.3149872 0.4281186 2.71956 -0.3797039 0.09381048 2.761226 -0.4071212 -0.2060221 2.69418 -0.001558952 0.4069777 2.594812 0.03516084 0.4531127 2.323066 -0.002999241 0.5221362 2.061685 -0.2708419 -0.006301041 2.715171 -0.2545012 -0.435638 2.680011 -0.3547623 -0.8224686 2.617992 -0.08672673 -0.01871965 2.641891 -0.01190858 -0.4384015 2.577329 0.03341248 -0.7809782 2.533744 
-0.1361668 0.631565 2.640288 -0.1485266 0.4184732 2.655879 -0.1612631 0.2035037 2.66546 -0.3050874 0.4305469 2.718648 -0.3723495 0.09540979 2.775113 -0.4037575 -0.20871 2.716509 0.008034243 0.4063994 2.593111 0.02908608 0.4135517 2.304544 0.005189329 0.4320208 2.035211 -0.2660093 -0.004370163 2.71193 -0.2470049 -0.4338657 2.679458 -0.3503523 -0.8241144 2.616695 -0.08199009 -0.01856145 2.638153 -0.008639679 -0.4384411 2.572982 0.03579711 -0.7827693 2.535852 
-0.1248319 0.6299275 2.631784 -0.1375777 0.4168015 2.649833 -0.1514509 0.2021064 2.663121 -0.2902421 0.4310527 2.720701 -0.355683 0.1219113 2.790977 -0.3907516 -0.1832986 2.746878 0.01508659 0.4025503 2.578965 0.03814225 0.3383335 2.299786 0.01052241 0.3248963 2.027877 -0.2552019 -0.0041987 2.71813 -0.2283498 -0.4333596 2.687203 -0.3437826 -0.8268495 2.625656 -0.07544619 -0.02097882 2.634686 -0.0006923218 -0.4411263 2.572901 0.03706357 -0.7813827 2.536829 
-0.1182527 0.6289498 2.635519 -0.131064 0.4145426 2.649795 -0.1460198 0.1997684 2.660632 -0.2813852 0.4288379 2.725646 -0.3427395 0.1299523 2.792204 -0.3820642 -0.1761477 2.766504 0.01925729 0.4002471 2.573944 0.03653038 0.2876359 2.300915 0.01320155 0.2506709 2.027516 -0.2493384 -0.006602585 2.716057 -0.2280442 -0.4355293 2.678603 -0.348662 -0.8304348 2.617694 -0.07261282 -0.02340898 2.626883 -0.003465195 -0.4443557 2.564162 0.03362413 -0.7828844 2.53075 
