-0.5528435 0.6211077 2.586966 -0.5437725 0.4135072 2.629122 -0.5340434 0.2001408 2.658378 -0.700201 0.3978075 2.566643 -0.7677649 0.07367807 2.582096 -0.7278526 -0.2102502 2.458746 -0.3873439 0.4292069 2.6916 -0.1788838 0.5360939 2.81238 -0.07964199 0.7802923 2.893969 -0.6163177 -0.0224593 2.650888 -0.5440782 -0.4469673 2.63183 -0.5858122 -0.8207177 2.544743 -0.4323111 -0.003991745 2.724382 -0.4291167 -0.434774 2.708601 -0.4279559 -0.8063912 2.571179 
-0.5600905 0.6287364 2.604012 -0.5460473 0.4186485 2.636115 -0.5322745 0.2047933 2.658314 -0.7045946 0.4025724 2.579611 -0.7675288 0.06994128 2.585982 -0.7275671 -0.2109681 2.459177 -0.3874999 0.4347246 2.692619 -0.1765609 0.5789136 2.785614 -0.09563837 0.840614 2.851084 -0.6117882 -0.01852087 2.647268 -0.5437216 -0.4438353 2.629109 -0.5784611 -0.8174568 2.537492 -0.4252155 0.0003969116 2.71376 -0.4284043 -0.4295705 2.72646 -0.414685 -0.8023465 2.545655 
-0.5704045 0.6353413 2.611961 -0.5431361 0.4073894 2.640274 -0.5235195 0.1935608 2.657066 -0.7040086 0.3888597 2.592248 -0.7694299 0.08108731 2.595878 -0.7333446 -0.2015114 2.465861 -0.3822636 0.4259191 2.688299 -0.1823925 0.6212903 2.739128 -0.1313098 0.8983778 2.774562 -0.6028959 -0.0316701 2.644305 -0.5403172 -0.4580106 2.631427 -0.5715227 -0.8367665 2.543151 -0.4049099 -0.00886554 2.70341 -0.4064817 -0.4354223 2.659238 -0.3996002 -0.825246 2.520255 
-0.5689372 0.633041 2.625583 -0.544528 0.4124559 2.644953 -0.5249444 0.1982474 2.657254 -0.7077994 0.3952708 2.605624 -0.768338 0.08712436 2.610421 -0.7374434 -0.1941079 2.475183 -0.3812566 0.429641 2.684282 -0.2008893 0.6397948 2.699202 -0.1562846 0.9229578 2.701842 -0.5998654 -0.02590823 2.646791 -0.5515708 -0.4539647 2.6354 -0.5779189 -0.8144418 2.552406 -0.4108559 -0.006014038 2.692319 -0.4134747 -0.4360799 2.621921 -0.4117965 -0.8394413 2.505977 
-0.5646815 0.6359423 2.623948 -0.5443904 0.4196445 2.645255 -0.5272505 0.2053302 2.660041 -0.709515 0.4042584 2.613651 -0.7691044 0.08951563 2.622273 -0.7414777 -0.1911753 2.485198 -0.3792659 0.4350308 2.67686 -0.213346 0.6602836 2.65846 -0.171606 0.946338 2.643805 -0.6064816 -0.017964 2.656381 -0.5437892 -0.4440684 2.655962 -0.578768 -0.8116843 2.565553 -0.4137395 -4.40979E-06 2.693271 -0.4260183 -0.4302298 2.650218 -0.4295205 -0.8379225 2.569382 
-0.561775 0.6340743 2.622457 -0.5477054 0.4211655 2.645659 -0.5345665 0.2066497 2.66231 -0.7153702 0.4096259 2.629291 -0.7714966 0.08585653 2.627885 -0.7450165 -0.1969578 2.498084 -0.3800405 0.4327051 2.662028 -0.2370069 0.6739287 2.587315 -0.21471 0.9585772 2.531514 -0.6198315 -0.0146389 2.669353 -0.5681514 -0.4421119 2.653403 -0.583315 -0.8133224 2.554138 -0.4230239 -0.001093521 2.688566 -0.4293052 -0.4318796 2.669679 -0.4436774 -0.8393905 2.594805 
-0.5596938 0.6336405 2.621876 -0.5478544 0.4210378 2.645192 -0.5366099 0.2064516 2.66253 -0.7162178 0.4116072 2.637663 -0.7742278 0.07991434 2.632488 -0.7440349 -0.2053291 2.504367 -0.379491 0.4304684 2.65272 -0.2481913 0.6682648 2.553694 -0.2294937 0.9485042 2.47652 -0.6243385 -0.01367831 2.675442 -0.5639664 -0.4396427 2.651445 -0.5808103 -0.8149098 2.554844 -0.4263921 -0.002590668 2.684294 -0.427633 -0.4334569 2.682436 -0.4385563 -0.8382182 2.594351 
-0.5565046 0.6291475 2.621196 -0.550242 0.418395 2.645557 -0.5436646 0.203701 2.663528 -0.7187027 0.4135471 2.649296 -0.775087 0.0749476 2.640897 -0.743831 -0.2110739 2.509648 -0.3817813 0.4232429 2.641817 -0.2629156 0.6648256 2.521392 -0.2506058 0.9375666 2.420289 -0.6362526 -0.01384669 2.6837 -0.5696619 -0.4380403 2.648159 -0.5871467 -0.8121244 2.556575 -0.4379216 -0.008139237 2.679298 -0.4348778 -0.439061 2.684774 -0.4475095 -0.8421918 2.589445 
-0.555114 0.6254726 2.6255 -0.5533354 0.4146581 2.647084 -0.5498634 0.19983 2.664348 -0.720855 0.4135874 2.66745 -0.7792555 0.07597772 2.653018 -0.7513464 -0.217776 2.538776 -0.3858159 0.4157288 2.626719 -0.2835337 0.6305194 2.45252 -0.2903336 0.884131 2.309448 -0.6448277 -0.01562733 2.693579 -0.5669993 -0.4372313 2.649092 -0.5730086 -0.8133919 2.562611 -0.4479551 -0.014369 2.669645 -0.4441401 -0.4427916 2.712404 -0.4142628 -0.8168322 2.559523 
-0.5540237 0.6277583 2.623858 -0.5531645 0.4157285 2.647461 -0.5504235 0.2009804 2.666137 -0.7202469 0.4157609 2.672355 -0.7826083 0.07547531 2.655517 -0.7543119 -0.219623 2.550378 -0.3860821 0.4156962 2.622568 -0.2897469 0.5997756 2.42577 -0.3048109 0.8365022 2.265637 -0.6458356 -0.01374872 2.699436 -0.5586098 -0.4320842 2.644244 -0.5663673 -0.8145097 2.565532 -0.4495294 -0.01378674 2.670188 -0.4424782 -0.4429794 2.707264 -0.4052911 -0.8117448 2.55102 
-0.5562087 0.6262326 2.633168 -0.5601401 0.4156448 2.65126 -0.5620843 0.200642 2.665822 -0.7252678 0.4194779 2.685808 -0.7854314 0.07885669 2.656853 -0.7572933 -0.2206465 2.560423 -0.3950125 0.4118118 2.616713 -0.2919844 0.5682883 2.403077 -0.31871 0.7807931 2.222665 -0.6612357 -0.01210443 2.700721 -0.5800422 -0.4302565 2.635667 -0.5815361 -0.81306 2.562603 -0.4668209 -0.01661728 2.660046 -0.4573852 -0.4461074 2.695183 -0.4172328 -0.8124864 2.535597 
-0.5559357 0.6263027 2.636194 -0.5615098 0.4151825 2.65369 -0.5654646 0.2000512 2.666384 -0.7265252 0.42034 2.689687 -0.7892215 0.08093695 2.660933 -0.7600181 -0.221519 2.569796 -0.3964943 0.410025 2.617694 -0.3079965 0.5181363 2.378557 -0.3351482 0.6756106 2.159892 -0.6663266 -0.01205121 2.700216 -0.5694833 -0.4268029 2.635695 -0.5686979 -0.812742 2.559511 -0.4725122 -0.01810883 2.657938 -0.4455675 -0.446247 2.696935 -0.4048847 -0.8098959 2.540618 
-0.5572723 0.6338333 2.638208 -0.5591243 0.4211202 2.655365 -0.5609416 0.2058694 2.666828 -0.7246289 0.424352 2.689809 -0.790608 0.08146347 2.667481 -0.7617956 -0.2224831 2.575351 -0.3936196 0.4178884 2.62092 -0.3194959 0.4740731 2.36829 -0.3455638 0.5760267 2.127213 -0.6600235 -0.007482147 2.698534 -0.5543944 -0.4208536 2.638292 -0.558813 -0.8053294 2.55877 -0.4654946 -0.01128076 2.658049 -0.4327396 -0.4394861 2.693784 -0.3917564 -0.801374 2.543505 
