-0.3429235 0.761303 2.822883 -0.3373373 0.5475416 2.86016 -0.3304152 0.3310623 2.88524 -0.5197801 0.5375263 2.824068 -0.5197799 0.2523949 2.824068 -0.5197855 -0.03273609 2.824066 -0.1548945 0.5575568 2.896252 0.01371947 0.538396 3.112372 0.1229067 0.7761562 3.17101 -0.4220514 0.1091727 2.890822 -0.3988474 -0.3221707 2.949883 -0.4184567 -0.7260019 2.659662 -0.2249347 0.1199935 2.929818 -0.2358367 -0.3048556 3.027399 -0.1773102 -0.6728275 3.043266 
-0.3465182 0.7626954 2.821691 -0.3389004 0.5488071 2.860646 -0.3314193 0.3325581 2.887446 -0.5210496 0.5378819 2.823337 -0.5210494 0.2527505 2.823337 -0.521055 -0.03238055 2.823336 -0.1567512 0.5597323 2.897955 0.02835342 0.5931932 3.086691 0.08510838 0.8509423 3.130981 -0.4223457 0.1104066 2.894089 -0.3949771 -0.3205798 2.954166 -0.4163034 -0.7251524 2.664343 -0.2255306 0.1222115 2.934402 -0.2328569 -0.3016725 3.03633 -0.1741026 -0.6711659 3.048241 
-0.3484771 0.7609298 2.822786 -0.3343495 0.5484535 2.86331 -0.3223016 0.3328842 2.893375 -0.5165058 0.5333037 2.82768 -0.5165056 0.2481724 2.82768 -0.5165112 -0.03695868 2.827679 -0.1521933 0.5636032 2.898939 0.04034306 0.6825517 3.04518 0.03377616 0.9567972 3.047513 -0.4086842 0.1091286 2.904187 -0.3893383 -0.3236775 2.952837 -0.4068388 -0.7276571 2.668176 -0.211823 0.1255014 2.942693 -0.2238482 -0.3003984 3.035241 -0.1614541 -0.6726126 3.046401 
-0.3464818 0.7616892 2.825138 -0.3286099 0.5488138 2.865109 -0.3130966 0.3333221 2.894094 -0.5106513 0.5310027 2.830123 -0.5106511 0.2458713 2.830123 -0.5106567 -0.03925971 2.830122 -0.1465686 0.5666249 2.900095 0.04217445 0.7232721 3.009077 0.02651477 1.002098 3.011383 -0.3959338 0.1082077 2.904178 -0.3850346 -0.3253127 2.948519 -0.4035239 -0.7280965 2.661371 -0.1992328 0.1274532 2.941982 -0.2200294 -0.2994832 3.027413 -0.1569625 -0.6735925 3.041015 
-0.3474306 0.7589144 2.823761 -0.3263788 0.5475438 2.864997 -0.3083697 0.3324424 2.895466 -0.5095137 0.5284298 2.838302 -0.5095136 0.2432985 2.838302 -0.5095192 -0.04183258 2.838302 -0.1432437 0.5666577 2.891692 0.02794418 0.7541065 2.959293 0.01189165 1.0358 2.956758 -0.389394 0.1070049 2.911499 -0.3934189 -0.32543 2.964276 -0.4100898 -0.7277877 2.666021 -0.1913273 0.1276773 2.94037 -0.2234508 -0.2970047 3.032673 -0.1623794 -0.6760504 3.041247 
-0.3512219 0.7584803 2.8231 -0.328827 0.547483 2.864836 -0.3098366 0.3324818 2.895568 -0.5130478 0.5289029 2.848686 -0.5130476 0.2437716 2.848686 -0.5130532 -0.04135944 2.848686 -0.1446062 0.566063 2.880984 0.02052045 0.7698374 2.911806 0.001715712 1.052747 2.905333 -0.39048 0.1074318 2.917567 -0.4038467 -0.3253252 2.966843 -0.4175235 -0.725881 2.662458 -0.1912124 0.1275294 2.935035 -0.2322162 -0.2951054 3.033115 -0.1684697 -0.6792598 3.037665 
-0.3503892 0.7565777 2.822794 -0.328034 0.5464434 2.865118 -0.308919 0.3316874 2.897491 -0.51287 0.5285591 2.855616 -0.5128698 0.2434278 2.855616 -0.5128754 -0.04170325 2.855616 -0.1431981 0.5643277 2.87462 0.009588134 0.7749406 2.856574 -0.003425679 1.05469 2.818893 -0.3896199 0.1072735 2.924733 -0.4024448 -0.3266277 2.963093 -0.4149248 -0.7253168 2.665383 -0.1899879 0.1265893 2.934995 -0.2262789 -0.2962293 3.034632 -0.1675158 -0.6794847 3.046494 
-0.3527591 0.7581041 2.822693 -0.3310578 0.5473141 2.864183 -0.3134374 0.3323931 2.896338 -0.5161659 0.5324582 2.866324 -0.5161657 0.2473268 2.866324 -0.5161713 -0.0378042 2.866324 -0.1459498 0.56217 2.862042 -0.002392716 0.7767106 2.810442 -0.0072238 1.050955 2.74399 -0.395947 0.1094361 2.929651 -0.4087439 -0.3245164 2.969118 -0.4216505 -0.724423 2.661534 -0.1956871 0.125508 2.927336 -0.2307574 -0.2963991 3.031435 -0.1781981 -0.6778513 3.038606 
-0.3517713 0.7571198 2.826643 -0.332264 0.5459356 2.864867 -0.3157975 0.330759 2.895916 -0.5164852 0.5342879 2.881845 -0.516485 0.2491565 2.881845 -0.5164906 -0.03597449 2.881845 -0.1480428 0.5575833 2.847889 -0.01698363 0.7573928 2.756271 -0.01140049 1.011523 2.641989 -0.3990465 0.1092777 2.936155 -0.4053904 -0.325078 2.972868 -0.4188999 -0.7259685 2.664757 -0.1996158 0.121887 2.917775 -0.2222262 -0.2965006 3.036813 -0.181027 -0.6755018 3.03603 
-0.3506275 0.7567891 2.825099 -0.3324834 0.5450696 2.863377 -0.3170722 0.3298902 2.89497 -0.5157152 0.5359789 2.890841 -0.515715 0.2508476 2.890841 -0.5157207 -0.03428345 2.890841 -0.1492515 0.5541602 2.835912 -0.02913783 0.7210519 2.688643 -0.01899608 0.9447932 2.526981 -0.4005842 0.109803 2.941391 -0.405581 -0.3243583 2.981125 -0.4160225 -0.7258711 2.661314 -0.2027379 0.1196187 2.911736 -0.2207903 -0.2951025 3.043747 -0.1829984 -0.6727247 3.037707 
-0.3512836 0.7555485 2.82433 -0.334076 0.5445846 2.862059 -0.3195638 0.3293802 2.893928 -0.5148616 0.5384003 2.902622 -0.5148615 0.2532689 2.902622 -0.5148671 -0.03186212 2.902622 -0.1532903 0.5507689 2.821496 -0.04005071 0.6870409 2.62238 -0.02823912 0.8919765 2.437318 -0.4027865 0.1108325 2.947726 -0.4049344 -0.3242799 2.969629 -0.4182987 -0.723174 2.664812 -0.2073167 0.1175191 2.903867 -0.2236137 -0.300863 3.024271 -0.1846959 -0.669834 3.036506 
-0.3527082 0.755868 2.823985 -0.3392174 0.5447622 2.861483 -0.3279609 0.3293325 2.892997 -0.5184764 0.5424383 2.909625 -0.5184762 0.2573069 2.909625 -0.5184818 -0.0278241 2.909625 -0.1599584 0.5470862 2.813341 -0.05552358 0.6370198 2.565789 -0.03834096 0.7911254 2.347939 -0.4134262 0.1126489 2.950488 -0.4156452 -0.3226331 2.973112 -0.4263005 -0.7232999 2.660474 -0.2199828 0.1151567 2.898536 -0.2308243 -0.30272 3.021866 -0.194634 -0.6757262 3.036819 
-0.3519564 0.7558419 2.82539 -0.3453127 0.5445885 2.86032 -0.3398403 0.3288051 2.890452 -0.5220767 0.5480145 2.916956 -0.5220765 0.2628831 2.916956 -0.5220821 -0.02224793 2.916955 -0.1685486 0.5411626 2.803683 -0.06677805 0.5644787 2.527096 -0.05726199 0.6494151 2.278379 -0.4298566 0.1148723 2.95118 -0.4236038 -0.3206852 2.96306 -0.4316012 -0.7203364 2.665421 -0.2388791 0.1111709 2.88999 -0.238588 -0.303952 3.022347 -0.2010258 -0.6781864 3.033512 
-0.3528911 0.7577177 2.823477 -0.3495268 0.5458454 2.85775 -0.3472076 0.3299176 2.887431 -0.5252575 0.5522453 2.918041 -0.5252573 0.2671139 2.918041 -0.525263 -0.01801715 2.91804 -0.1737961 0.5394456 2.79746 -0.0773891 0.4912365 2.515098 -0.0704689 0.5244225 2.250447 -0.4397032 0.1174429 2.949642 -0.4219392 -0.3176602 2.965482 -0.4259598 -0.7217026 2.656163 -0.2500735 0.1105369 2.884583 -0.2340779 -0.2942388 3.042399 -0.1951648 -0.6757807 3.033988 
-0.3540256 0.7556475 2.811526 -0.3516345 0.5438027 2.84748 -0.3516706 0.3283025 2.880217 -0.5252308 0.5538407 2.913366 -0.5252306 0.2687094 2.913366 -0.5252362 -0.01642169 2.913366 -0.1780382 0.5337647 2.781593 -0.09214269 0.420658 2.513578 -0.09026224 0.3844182 2.249308 -0.4454676 0.1182239 2.94854 -0.420494 -0.3166552 2.963664 -0.4221972 -0.7243607 2.654164 -0.2579457 0.1073807 2.877368 -0.2358274 -0.2926566 3.047256 -0.1924702 -0.6792339 3.029998 
-0.3563458 0.7503429 2.797517 -0.3535159 0.5391454 2.836293 -0.3540713 0.3240798 2.871865 -0.5252632 0.551243 2.906753 -0.5252631 0.2661116 2.906753 -0.5252687 -0.01901941 2.906753 -0.1817685 0.5270478 2.765833 -0.107532 0.3673604 2.522288 -0.1062656 0.2861989 2.265653 -0.4473753 0.1155472 2.945487 -0.4172923 -0.3192227 2.953061 -0.4192125 -0.7277716 2.653558 -0.2618784 0.1024811 2.869386 -0.2367992 -0.3007709 3.03206 -0.1912503 -0.6799288 3.031067 
-0.3583998 0.751084 2.788023 -0.3589863 0.5395118 2.824674 -0.3643866 0.3242032 2.858063 -0.5302624 0.5548495 2.895878 -0.5302622 0.2697181 2.895878 -0.5302678 -0.0154129 2.895878 -0.1877102 0.5241741 2.75347 -0.1227634 0.3216762 2.530188 -0.1241661 0.192713 2.2912 -0.4622782 0.1171772 2.929902 -0.4343554 -0.3176061 2.923002 -0.4305677 -0.7259373 2.639205 -0.2772956 0.100612 2.853 -0.2555971 -0.3061576 3.007646 -0.2036437 -0.6748672 3.024138 
