-0.4097645 0.630908 2.781914 -0.3972576 0.4175186 2.795355 -0.3865044 0.2023356 2.801402 -0.5642297 0.4084524 2.769652 -0.5642295 0.1264943 2.769652 -0.5642344 -0.1554634 2.769652 -0.2302854 0.4265849 2.821057 0.0143047 0.4738314 2.874573 0.1230192 0.7268662 2.879367 -0.4738172 -0.01817213 2.792355 -0.4729087 -0.4486322 2.823508 -0.5107455 -0.8711814 2.53488 -0.2776852 -0.007522598 2.822546 -0.2338326 -0.4345329 2.862485 -0.1818411 -0.7895882 2.863096 
-0.4113323 0.6281894 2.781044 -0.3964657 0.4149907 2.794674 -0.3843927 0.1998708 2.801603 -0.5636305 0.4048344 2.770617 -0.5636303 0.1228763 2.770617 -0.5636351 -0.1590814 2.770617 -0.2293008 0.425147 2.818731 0.01214905 0.5129238 2.851767 0.08877481 0.7802095 2.841475 -0.4705647 -0.02121805 2.794392 -0.4711807 -0.4520531 2.811739 -0.5097349 -0.8678071 2.522552 -0.2740748 -0.009280059 2.82267 -0.2332311 -0.437163 2.855835 -0.1791083 -0.7827594 2.857151 
-0.408677 0.6184633 2.78012 -0.394058 0.4062792 2.791078 -0.3820292 0.1911164 2.797395 -0.5620767 0.3964538 2.776351 -0.5620765 0.1144957 2.776351 -0.5620813 -0.167462 2.776351 -0.2260394 0.4161046 2.805804 0.001557922 0.5519477 2.809884 0.03966725 0.8266112 2.777359 -0.4689209 -0.02983104 2.795042 -0.4739122 -0.4601856 2.820147 -0.5128507 -0.8749979 2.517922 -0.2710799 -0.01826167 2.812382 -0.2334396 -0.4465042 2.845347 -0.1788567 -0.7914768 2.848234 
-0.4090229 0.6175669 2.789705 -0.39663 0.4057974 2.795064 -0.3863588 0.190493 2.797952 -0.5651627 0.3976883 2.789899 -0.5651625 0.1157303 2.789899 -0.5651673 -0.1662275 2.789899 -0.2280973 0.4139064 2.800229 -0.01731418 0.5853969 2.763514 0.001725664 0.866602 2.726024 -0.4752627 -0.02958322 2.7978 -0.484995 -0.4602067 2.805838 -0.5172169 -0.8509444 2.544378 -0.2769126 -0.02003949 2.803878 -0.2408883 -0.4475285 2.846208 -0.1880966 -0.7835237 2.848768 
-0.410336 0.6152685 2.794895 -0.3964797 0.4038339 2.795266 -0.3842971 0.1886183 2.795066 -0.564774 0.3943021 2.800969 -0.5647738 0.112344 2.800969 -0.5647786 -0.1696138 2.800969 -0.2281855 0.4133656 2.789564 -0.02825333 0.6026127 2.732699 -0.03324528 0.881429 2.671756 -0.4676181 -0.03200644 2.798102 -0.4732327 -0.4611436 2.774406 -0.4900639 -0.8621139 2.617029 -0.2766106 -0.02118823 2.791629 -0.2323986 -0.4471155 2.840755 -0.1807227 -0.7790607 2.844841 
-0.408176 0.6121618 2.800663 -0.3968706 0.4016357 2.796937 -0.3859899 0.1863513 2.794522 -0.5639043 0.3929762 2.816332 -0.5639041 0.1110181 2.816332 -0.5639089 -0.1709396 2.816332 -0.2298368 0.4102952 2.777542 -0.0502083 0.6077294 2.676431 -0.07278731 0.8790621 2.589946 -0.4717201 -0.03394168 2.803324 -0.4852716 -0.4634855 2.778826 -0.4923609 -0.8295296 2.630027 -0.2784983 -0.0239245 2.780888 -0.2368726 -0.4488818 2.839619 -0.1847927 -0.78493 2.846978 
-0.4095038 0.6120118 2.81093 -0.3995617 0.4020614 2.800836 -0.3886028 0.1868619 2.794801 -0.565393 0.392813 2.829493 -0.5653927 0.1108549 2.829493 -0.5653976 -0.1711029 2.829493 -0.2337305 0.4113099 2.772179 -0.06569679 0.6067802 2.635231 -0.09542651 0.8707978 2.525771 -0.4741763 -0.03372134 2.805447 -0.4902884 -0.4630682 2.774218 -0.4901185 -0.815044 2.625326 -0.2811113 -0.02295401 2.772084 -0.2342016 -0.4461325 2.839057 -0.1818568 -0.7781499 2.849642 
-0.4057209 0.6030717 2.805614 -0.3983627 0.3930075 2.797547 -0.3889819 0.1776972 2.792125 -0.5629769 0.3849273 2.833616 -0.5629767 0.1029692 2.833616 -0.5629815 -0.1789885 2.833616 -0.2337485 0.4010877 2.761478 -0.08383167 0.5953975 2.591161 -0.114531 0.8504227 2.46136 -0.4758648 -0.04233823 2.807796 -0.4884862 -0.4716183 2.771861 -0.4887453 -0.821184 2.623364 -0.2833376 -0.03288791 2.765611 -0.2338888 -0.455038 2.837546 -0.1799218 -0.7875479 2.851334 
-0.4035698 0.6113991 2.813495 -0.3991076 0.4014888 2.80176 -0.3917876 0.1862269 2.793023 -0.5604722 0.3940537 2.849755 -0.560472 0.1120956 2.849755 -0.5604768 -0.1698621 2.849755 -0.2377431 0.4089238 2.753764 -0.1015229 0.5800852 2.55368 -0.1270142 0.8188264 2.399203 -0.4792536 -0.03340236 2.812479 -0.4912564 -0.4621242 2.769484 -0.4903872 -0.801853 2.623117 -0.2896815 -0.02466759 2.756094 -0.2358894 -0.4459587 2.830193 -0.1837516 -0.7680817 2.850391 
-0.3980776 0.6133091 2.803612 -0.3989849 0.4020025 2.800138 -0.3977917 0.1864771 2.797995 -0.5570874 0.4005374 2.859466 -0.5570872 0.1185793 2.859466 -0.557092 -0.1633784 2.859466 -0.2408825 0.4034675 2.74081 -0.131057 0.5400667 2.498726 -0.1546728 0.7366054 2.295692 -0.4893816 -0.0299081 2.830669 -0.4925745 -0.4586989 2.785973 -0.4895141 -0.8100188 2.621176 -0.3038156 -0.02818852 2.761035 -0.2336126 -0.4459022 2.840801 -0.1784898 -0.7813661 2.857465 
-0.3970028 0.6115208 2.812952 -0.3995601 0.4007285 2.804709 -0.4000682 0.1852321 2.799832 -0.5553297 0.3996167 2.870059 -0.5553294 0.1176587 2.870059 -0.5553343 -0.1642991 2.870059 -0.2437906 0.4018402 2.73936 -0.1435774 0.5144843 2.478402 -0.1693106 0.6826032 2.258934 -0.4921233 -0.03091765 2.833361 -0.4919514 -0.4592176 2.783967 -0.4895417 -0.8146195 2.613482 -0.3090293 -0.02961092 2.756548 -0.2324584 -0.4465856 2.834603 -0.1810635 -0.7843229 2.856718 
-0.3926522 0.6045338 2.820671 -0.3988503 0.3944674 2.808479 -0.4016517 0.179034 2.800811 -0.5542025 0.3941067 2.875374 -0.5542023 0.1121486 2.875374 -0.5542071 -0.1698091 2.875374 -0.2434979 0.3948281 2.741583 -0.1753664 0.4750977 2.446131 -0.189772 0.5571957 2.19727 -0.4957598 -0.03661151 2.83246 -0.4934708 -0.4653586 2.786593 -0.4856611 -0.8159209 2.606601 -0.3131464 -0.03618747 2.753825 -0.2281779 -0.450945 2.83507 -0.1756576 -0.7806777 2.858845 
-0.392089 0.6033995 2.821413 -0.3988101 0.393034 2.808834 -0.4020607 0.1775872 2.801361 -0.554254 0.3930631 2.87562 -0.5542538 0.111105 2.87562 -0.5542586 -0.1708528 2.87562 -0.2433663 0.393005 2.742047 -0.186602 0.4419853 2.435054 -0.1982562 0.5000792 2.175433 -0.4966959 -0.03784261 2.833153 -0.494483 -0.4666387 2.7876 -0.4851495 -0.8175356 2.606993 -0.3139265 -0.03787678 2.754626 -0.2263767 -0.4524485 2.834363 -0.1736706 -0.7835697 2.860066 
-0.3890459 0.6057633 2.824316 -0.3973425 0.3953084 2.810128 -0.4024848 0.1799903 2.800614 -0.5533606 0.3961422 2.875589 -0.5533605 0.1141841 2.875589 -0.5533653 -0.1677737 2.875589 -0.2413244 0.3944747 2.744668 -0.1957818 0.4194975 2.429536 -0.1990859 0.4390603 2.162028 -0.4993662 -0.03483758 2.829591 -0.4924388 -0.4634268 2.782771 -0.4868543 -0.8131099 2.604109 -0.3158879 -0.03581806 2.752609 -0.2260357 -0.4509572 2.82659 -0.1774751 -0.7759185 2.85716 
-0.3844319 0.6069711 2.812731 -0.3950419 0.3957601 2.806686 -0.4031193 0.1804411 2.803095 -0.5523859 0.4006321 2.868491 -0.5523857 0.1186741 2.868491 -0.5523906 -0.1632837 2.868491 -0.2376978 0.3908881 2.744881 -0.2054758 0.3932095 2.426694 -0.1997009 0.3855239 2.154759 -0.5037663 -0.03201151 2.835866 -0.492281 -0.460508 2.789154 -0.4885141 -0.8172339 2.614107 -0.3186272 -0.0377442 2.763143 -0.2272869 -0.4521466 2.839576 -0.1765058 -0.7774105 2.868126 
