-0.4563745 0.6105326 2.780781 -0.4158397 0.4015187 2.795032 -0.379011 0.1892826 2.804113 -0.5800041 0.371828 2.766898 -0.5800039 0.08986996 2.766898 -0.5800087 -0.1920878 2.766898 -0.2516753 0.4312093 2.823166 0.003738098 0.4983736 2.897759 0.07889851 0.7728117 2.87571 -0.438721 -0.04041338 2.796649 -0.4828898 -0.4693082 2.799562 -0.4960155 -0.821677 2.602455 -0.2456437 -0.005493576 2.829738 -0.2310722 -0.4354761 2.860026 -0.1791162 -0.7907606 2.856507 
-0.4624081 0.6138624 2.779417 -0.4181311 0.404667 2.796806 -0.3780914 0.1931594 2.808262 -0.5827469 0.3723854 2.776148 -0.5827467 0.09042737 2.776148 -0.5827515 -0.1915304 2.776148 -0.2535153 0.4369487 2.817464 -0.0005900268 0.5462246 2.852314 0.03666655 0.8280287 2.81778 -0.4349468 -0.03734967 2.807558 -0.480461 -0.4659792 2.800836 -0.4917136 -0.8233302 2.609578 -0.2411565 0.0006531372 2.831877 -0.2218635 -0.4295275 2.85328 -0.1783483 -0.7828364 2.858564 
-0.4691021 0.622461 2.789202 -0.4213063 0.4131126 2.802425 -0.3782237 0.2020643 2.810119 -0.5862984 0.37913 2.794148 -0.5862982 0.09717193 2.794148 -0.5863031 -0.1847858 2.794148 -0.2563142 0.4470951 2.810701 -0.0069095 0.5709674 2.81354 0.008451496 0.8568867 2.768035 -0.4323717 -0.02900995 2.812937 -0.4805553 -0.4571284 2.798117 -0.4928044 -0.8158996 2.604271 -0.2379108 0.01104215 2.822691 -0.2201728 -0.4194687 2.837677 -0.1801345 -0.7850708 2.851117 
-0.4745969 0.6219874 2.794591 -0.4225211 0.4142435 2.805277 -0.3757325 0.2039271 2.811002 -0.5871155 0.377677 2.80713 -0.5871153 0.09571894 2.80713 -0.5871202 -0.1862388 2.80713 -0.2579266 0.45081 2.803424 -0.0215034 0.5939164 2.779662 -0.01873795 0.8807207 2.72833 -0.4257579 -0.02789757 2.817817 -0.4759275 -0.4558185 2.801867 -0.4866117 -0.8214427 2.602435 -0.2321301 0.015119 2.815637 -0.2171935 -0.4152046 2.837225 -0.1770978 -0.7866555 2.852702 
-0.4749375 0.6184815 2.796859 -0.4203587 0.4105359 2.806014 -0.3720887 0.2004886 2.810268 -0.5844698 0.37304 2.816769 -0.5844696 0.09108194 2.816769 -0.5844744 -0.1908758 2.816769 -0.2562477 0.4480318 2.795259 -0.03178319 0.6129186 2.745302 -0.04358017 0.8981078 2.68256 -0.4202874 -0.03159978 2.820843 -0.4746405 -0.4586884 2.798393 -0.4880091 -0.8259172 2.601918 -0.2273498 0.01248238 2.808199 -0.2208844 -0.4173576 2.839046 -0.1761722 -0.786032 2.851047 
-0.4797569 0.6125982 2.798397 -0.4212577 0.4057809 2.806007 -0.3679934 0.1969669 2.809276 -0.5836753 0.3646573 2.82555 -0.5836751 0.08269922 2.82555 -0.5836799 -0.1992586 2.82555 -0.2588401 0.4469045 2.786464 -0.05141428 0.6204342 2.695025 -0.07399178 0.8966115 2.605046 -0.4102423 -0.03603067 2.824038 -0.4699894 -0.462641 2.807168 -0.4826109 -0.8255 2.604171 -0.2192159 0.01233658 2.801054 -0.2160621 -0.4174713 2.834168 -0.1718485 -0.7853626 2.853144 
-0.4827984 0.6048379 2.799248 -0.42182 0.3995278 2.806205 -0.3658418 0.1913888 2.808765 -0.5830166 0.3564916 2.831983 -0.5830164 0.07453351 2.831983 -0.5830212 -0.2074243 2.831983 -0.2606234 0.4425641 2.780427 -0.06721887 0.6222057 2.651466 -0.0965299 0.8893435 2.534211 -0.4045759 -0.0420365 2.82647 -0.4741108 -0.4670622 2.808487 -0.487158 -0.8295263 2.60055 -0.2151515 0.008536011 2.796179 -0.2203944 -0.4210057 2.832073 -0.1713742 -0.7849026 2.855405 
-0.4822148 0.6026025 2.802708 -0.4212951 0.3969936 2.807888 -0.3646657 0.1889903 2.809235 -0.5808581 0.3537734 2.842059 -0.5808579 0.0718153 2.842059 -0.5808626 -0.2101425 2.842059 -0.2617323 0.4402138 2.773717 -0.08563272 0.6130741 2.616723 -0.112109 0.8691503 2.476457 -0.4018767 -0.04443112 2.830678 -0.4752669 -0.4683914 2.804713 -0.4896185 -0.8301244 2.601802 -0.214196 0.006405243 2.790486 -0.2202483 -0.423243 2.825919 -0.1753297 -0.7787025 2.856514 
-0.4984471 0.6048616 2.811708 -0.4349079 0.3979732 2.815781 -0.3761959 0.1905775 2.815877 -0.5888066 0.3544304 2.868985 -0.5888065 0.07247235 2.868985 -0.5888113 -0.2094854 2.868985 -0.2810092 0.4415159 2.762576 -0.1154812 0.5854596 2.557563 -0.144656 0.8145541 2.382494 -0.4081341 -0.042466 2.847313 -0.4791659 -0.465061 2.801627 -0.4943086 -0.8158988 2.608831 -0.2268338 0.008829528 2.784636 -0.2289891 -0.41992 2.829918 -0.182211 -0.7676953 2.855273 
-0.5079522 0.609521 2.816418 -0.4411418 0.4022875 2.819632 -0.3801386 0.1955519 2.817645 -0.5928587 0.3569574 2.878079 -0.5928584 0.07499932 2.878079 -0.5928633 -0.2069584 2.878079 -0.2894249 0.4476176 2.761184 -0.1317695 0.5652029 2.527745 -0.1565845 0.7750747 2.335501 -0.4082323 -0.037804 2.849982 -0.4772301 -0.4606585 2.802392 -0.4899632 -0.8187996 2.602793 -0.2300387 0.01543681 2.781335 -0.2221034 -0.4126789 2.830872 -0.1782341 -0.7736673 2.855795 
-0.5125787 0.6117964 2.818802 -0.4446924 0.4042919 2.821763 -0.382333 0.1979468 2.818994 -0.5954571 0.3579157 2.882391 -0.595457 0.07595761 2.882391 -0.5954618 -0.2060001 2.882391 -0.2939276 0.4506682 2.761136 -0.1438978 0.5445995 2.49536 -0.175677 0.7325204 2.287225 -0.4085269 -0.03563788 2.851835 -0.4784327 -0.4579562 2.800452 -0.4885002 -0.8239874 2.601379 -0.23142 0.0188414 2.780615 -0.2233398 -0.409068 2.832594 -0.1755544 -0.7762904 2.858938 
-0.5086938 0.6157866 2.822105 -0.442347 0.4085329 2.825044 -0.3806392 0.2019978 2.820642 -0.5929224 0.362232 2.886623 -0.5929222 0.08027393 2.886623 -0.592927 -0.2016838 2.886623 -0.2917717 0.4548337 2.763466 -0.1652158 0.4971577 2.464351 -0.2012993 0.6258313 2.226475 -0.4074464 -0.03175508 2.852439 -0.4756468 -0.4537773 2.796214 -0.4877964 -0.8231845 2.602001 -0.2304163 0.02268044 2.780042 -0.221587 -0.4062838 2.822695 -0.1701404 -0.7853137 2.861199 
-0.5106533 0.6154756 2.824145 -0.4435862 0.4091499 2.826983 -0.3810672 0.2028642 2.822134 -0.5927349 0.3624269 2.891658 -0.5927347 0.08046887 2.891658 -0.5927395 -0.2014889 2.891658 -0.2944375 0.4558728 2.762308 -0.1866167 0.480077 2.459162 -0.2084181 0.5604082 2.208291 -0.4062522 -0.030896 2.855316 -0.4748927 -0.4531954 2.801629 -0.4886955 -0.8227848 2.604305 -0.2308442 0.02405304 2.779254 -0.2227257 -0.4044233 2.826707 -0.1734727 -0.7804677 2.860676 
-0.5116478 0.6130115 2.822657 -0.4443795 0.4070365 2.826754 -0.381124 0.2009556 2.822771 -0.5931153 0.3601152 2.892323 -0.5931151 0.0781571 2.892323 -0.5931199 -0.2038007 2.892323 -0.2956437 0.4539579 2.761185 -0.1993243 0.4440409 2.457554 -0.2135486 0.4855863 2.195224 -0.4053152 -0.03271199 2.857337 -0.4752859 -0.4545272 2.801529 -0.4900123 -0.8251398 2.601251 -0.2304217 0.02246132 2.780236 -0.2251544 -0.4054845 2.832553 -0.1715836 -0.7840065 2.861213 
-0.5134219 0.6107548 2.822895 -0.4460553 0.4046041 2.828368 -0.3819515 0.1987698 2.825305 -0.5894465 0.3588111 2.904699 -0.5894463 0.076853 2.904699 -0.5894511 -0.2051048 2.904699 -0.3026641 0.450397 2.752037 -0.2106428 0.4025621 2.459745 -0.2209992 0.4206835 2.189888 -0.4023751 -0.03405887 2.867238 -0.4747573 -0.4555715 2.81219 -0.4875052 -0.826004 2.60753 -0.2333202 0.01992999 2.777245 -0.2295704 -0.408004 2.830034 -0.1729137 -0.7887385 2.854639 
