-0.4855586 0.6052238 2.538581 -0.4636721 0.3988331 2.552677 -0.4379768 0.1913181 2.566058 -0.602844 0.3759212 2.464599 -0.6870027 0.05545792 2.469241 -0.5981883 -0.2118106 2.348368 -0.3245001 0.4217449 2.640756 -0.1956939 0.4210606 2.898949 -0.0433934 0.6170453 3.031097 -0.4932183 -0.02952158 2.528215 -0.5037736 -0.4477232 2.556348 -0.5451956 -0.8432722 2.514455 -0.3313448 -0.002872315 2.630661 -0.2574358 -0.4147238 2.649907 -0.1291496 -0.8391892 2.528088 
-0.4775153 0.6066808 2.543026 -0.4574645 0.4003173 2.557293 -0.4346466 0.1923495 2.569407 -0.5986901 0.3798507 2.471938 -0.6810154 0.05172568 2.468153 -0.5883108 -0.2085802 2.338368 -0.3162389 0.4207838 2.642648 -0.1778579 0.4670336 2.892002 -0.06039722 0.7017191 3.002401 -0.4939678 -0.02752203 2.531876 -0.5024548 -0.4460051 2.556115 -0.5470358 -0.838959 2.507156 -0.3296896 -0.003714691 2.631164 -0.2595959 -0.4159674 2.65769 -0.1187693 -0.8453766 2.504617 
-0.4728218 0.6073744 2.546195 -0.4502101 0.4025261 2.561207 -0.4256023 0.1947394 2.573543 -0.5937471 0.3807187 2.480208 -0.6690065 0.05386997 2.471051 -0.5803268 -0.2051235 2.336293 -0.306673 0.4243335 2.642205 -0.158924 0.512507 2.877473 -0.06440256 0.7696294 2.972348 -0.4844891 -0.02573259 2.538763 -0.4875987 -0.4438901 2.568419 -0.5356587 -0.8396927 2.510103 -0.3175 -0.0003621674 2.632994 -0.2483122 -0.4128134 2.661063 -0.1010033 -0.8469117 2.49886 
-0.4609903 0.6114047 2.565277 -0.4370809 0.4061559 2.571995 -0.4121872 0.1981944 2.578295 -0.5851943 0.3862368 2.499707 -0.6626828 0.05804117 2.480991 -0.5663379 -0.1935899 2.339804 -0.2889676 0.426075 2.644284 -0.1356369 0.5816048 2.830264 -0.07997066 0.8611679 2.90389 -0.4735584 -0.02136841 2.542491 -0.4837336 -0.4394557 2.571314 -0.5341552 -0.8383726 2.506857 -0.3010288 0.001834381 2.626696 -0.2403256 -0.4108342 2.66631 -0.09061421 -0.8509371 2.48275 
-0.4545552 0.615759 2.58791 -0.4294889 0.4109213 2.58248 -0.4049535 0.2030273 2.578947 -0.5816507 0.3940499 2.518551 -0.649101 0.06118188 2.491438 -0.5585026 -0.1841764 2.343548 -0.277327 0.4277926 2.64641 -0.1160969 0.625078 2.78022 -0.09546016 0.9188541 2.827284 -0.46897 -0.01468503 2.538209 -0.4863387 -0.4321422 2.571797 -0.5423949 -0.8381051 2.496211 -0.2918662 0.004951843 2.612618 -0.2410593 -0.4078468 2.662571 -0.1000853 -0.8469867 2.475024 
-0.4429947 0.6165387 2.594708 -0.4179434 0.4118854 2.586489 -0.3946877 0.2037848 2.580233 -0.5735272 0.3961626 2.531143 -0.6406243 0.06412637 2.503736 -0.5523393 -0.178756 2.348591 -0.2623597 0.4276081 2.641836 -0.1131736 0.6434069 2.736867 -0.09863581 0.9409463 2.755515 -0.4619313 -0.0134613 2.541782 -0.4773401 -0.4295082 2.58905 -0.5416728 -0.8455247 2.503769 -0.280933 0.004829712 2.60617 -0.2194843 -0.407129 2.651166 -0.1275575 -0.8260224 2.5362 
-0.4254542 0.6170935 2.598776 -0.4043324 0.4116356 2.590946 -0.3854164 0.2030584 2.584621 -0.5641344 0.3983723 2.55041 -0.6373013 0.07151227 2.524054 -0.5432407 -0.1672639 2.367001 -0.2445305 0.424899 2.631481 -0.1082854 0.6546521 2.669925 -0.1016251 0.9512928 2.649732 -0.4597126 -0.01325523 2.554652 -0.4790587 -0.4279758 2.611384 -0.5480475 -0.8476323 2.512927 -0.2732882 0.002217728 2.601941 -0.2222917 -0.4085738 2.664386 -0.1185413 -0.8405811 2.518562 
-0.4098528 0.6191242 2.60981 -0.3939162 0.413255 2.597837 -0.3798548 0.2044741 2.587694 -0.5566331 0.4036333 2.570315 -0.6292903 0.08081311 2.540162 -0.5388656 -0.1586422 2.381367 -0.2311992 0.4228767 2.62536 -0.104479 0.6570308 2.613545 -0.1039842 0.9499721 2.560855 -0.4604777 -0.009905609 2.561535 -0.4804689 -0.4253779 2.613088 -0.5516661 -0.8446164 2.505636 -0.2711091 0.001292053 2.593566 -0.2264078 -0.4092349 2.663611 -0.1151559 -0.8468572 2.497895 
-0.3931709 0.6190096 2.624799 -0.3831505 0.4134261 2.605895 -0.3737876 0.2046534 2.591474 -0.5476665 0.407114 2.590464 -0.6267948 0.08448327 2.559187 -0.5370834 -0.1553662 2.394931 -0.2186344 0.4197382 2.621327 -0.0998937 0.6440364 2.540558 -0.1134441 0.9239385 2.445342 -0.4600764 -0.00778923 2.56808 -0.4745787 -0.4231274 2.622766 -0.5518157 -0.8457937 2.505214 -0.268773 -0.0004493866 2.586024 -0.223065 -0.4096836 2.663533 -0.1127765 -0.8482405 2.492907 
-0.3780547 0.6182242 2.632315 -0.3740202 0.4121604 2.609732 -0.3704215 0.203306 2.593894 -0.5393768 0.409607 2.605831 -0.6234422 0.0872468 2.578745 -0.5423813 -0.1528794 2.412256 -0.2086636 0.4147138 2.613632 -0.1002308 0.6252288 2.482455 -0.1189289 0.8945428 2.358293 -0.4629555 -0.007032929 2.575789 -0.4733652 -0.4230978 2.625847 -0.5562835 -0.8466207 2.504838 -0.2706901 -0.004063965 2.580324 -0.2254581 -0.411087 2.668937 -0.1153777 -0.8534032 2.491883 
-0.360992 0.6184407 2.645025 -0.3636647 0.4130366 2.617568 -0.365002 0.2044813 2.597991 -0.5291054 0.4135078 2.62385 -0.6203349 0.09269308 2.601466 -0.5503928 -0.1504312 2.434919 -0.198224 0.4125654 2.611286 -0.0972206 0.5800157 2.414932 -0.120515 0.8315359 2.262121 -0.4624776 -0.003800171 2.582065 -0.464538 -0.4202196 2.629891 -0.5531594 -0.8449318 2.502616 -0.2702012 -0.004347778 2.574764 -0.220229 -0.4075242 2.676864 -0.1117195 -0.8521755 2.49056 
-0.3507306 0.618949 2.652285 -0.3569039 0.4131979 2.622671 -0.3613122 0.2048679 2.600731 -0.5223032 0.4154207 2.634797 -0.6122102 0.09287271 2.624261 -0.5568156 -0.1514004 2.448466 -0.1915047 0.410975 2.610546 -0.09414804 0.5419711 2.373042 -0.1274555 0.7689125 2.192369 -0.4617424 -0.002171646 2.58583 -0.4591378 -0.4182868 2.636518 -0.5544146 -0.8478907 2.498751 -0.2696986 -0.004752579 2.571751 -0.2182727 -0.4041861 2.686934 -0.1100515 -0.8538846 2.491935 
-0.3446514 0.6195951 2.655391 -0.3533109 0.4140548 2.625556 -0.3596355 0.2057397 2.603425 -0.5183842 0.4172068 2.64306 -0.6046097 0.09293695 2.642152 -0.5627405 -0.1531936 2.463414 -0.1882377 0.4109026 2.608051 -0.095575 0.5059795 2.341059 -0.1393324 0.7040984 2.134578 -0.4618662 -0.0007439423 2.591464 -0.4599781 -0.4173454 2.638344 -0.5530276 -0.8458105 2.50305 -0.2700539 -0.004406601 2.571124 -0.2046293 -0.4078731 2.658105 -0.1327928 -0.8329071 2.544778 
-0.3331644 0.6133152 2.643984 -0.3485414 0.4078342 2.622647 -0.3612157 0.1992449 2.606811 -0.5124028 0.4157792 2.649142 -0.6003475 0.09568711 2.66786 -0.5733591 -0.1551049 2.491492 -0.1846801 0.3998893 2.596151 -0.1123394 0.4402797 2.302054 -0.14545 0.5653812 2.065278 -0.4691454 -0.004725968 2.606378 -0.4637041 -0.4225299 2.639461 -0.5530726 -0.846844 2.505402 -0.2786345 -0.01396306 2.575573 -0.2136091 -0.4142993 2.680055 -0.1251585 -0.8504349 2.512948 
-0.3265974 0.6101154 2.63224 -0.3459852 0.404121 2.617929 -0.362345 0.1955365 2.60655 -0.5092333 0.4153303 2.647161 -0.5996364 0.09481366 2.680986 -0.5756795 -0.1559782 2.506034 -0.182737 0.3929117 2.588697 -0.1196384 0.4071624 2.291026 -0.1488612 0.4997911 2.043701 -0.4736235 -0.006530441 2.612168 -0.4654505 -0.4246967 2.640263 -0.5547471 -0.8447278 2.504656 -0.2837864 -0.01956541 2.578175 -0.218572 -0.4190348 2.686668 -0.1226584 -0.8552271 2.505586 
