0.03862192 0.6555746 2.599774 0.05378778 0.4417546 2.621771 0.06720132 0.2270673 2.636109 -0.1130277 0.4296357 2.596368 -0.1740833 0.09573086 2.595589 -0.1595218 -0.1860635 2.504119 0.2206032 0.4538736 2.647174 0.4551143 0.4781416 2.785257 0.5700727 0.7127708 2.862878 -0.0174731 0.005253906 2.63551 0.0475872 -0.4206567 2.652888 0.05529019 -0.8002213 2.51614 0.1787028 0.01950583 2.665384 0.163537 -0.4112658 2.671772 0.1937627 -0.8304666 2.494145 
0.038701 0.654923 2.601527 0.05687364 0.4415863 2.624728 0.07325333 0.2271423 2.639539 -0.1089371 0.4268601 2.594881 -0.1725496 0.09636667 2.594834 -0.1587338 -0.1848973 2.494537 0.2226844 0.4563126 2.654575 0.455048 0.5310739 2.76667 0.5279295 0.7844044 2.821745 -0.007904995 0.004035522 2.636793 0.05048043 -0.4228075 2.654049 0.06728023 -0.8071512 2.526156 0.187171 0.0213609 2.671907 0.1644796 -0.4090136 2.681534 0.2026314 -0.8342339 2.492547 
0.03798189 0.6503475 2.593376 0.06008784 0.4393288 2.623593 0.07945856 0.2257171 2.644371 -0.1051753 0.4213134 2.59245 -0.1667979 0.09569858 2.597388 -0.1583098 -0.1843671 2.489097 0.2253509 0.4573442 2.654736 0.4509885 0.5890198 2.744388 0.4946204 0.8551808 2.7858 0.00165436 0.001512299 2.646837 0.05197943 -0.4264021 2.661469 0.06988794 -0.8089955 2.537432 0.1960042 0.02269842 2.68346 0.1620233 -0.4069121 2.688636 0.2039593 -0.8332055 2.49903 
0.03842321 0.6525253 2.597774 0.06291007 0.4415039 2.626271 0.08395093 0.2279447 2.646516 -0.102788 0.422505 2.598068 -0.1634067 0.09435178 2.598685 -0.156983 -0.1850416 2.486032 0.2286081 0.4605027 2.654473 0.4479897 0.6380029 2.714175 0.4769954 0.9110034 2.75781 0.007561931 0.003214233 2.650179 0.05361493 -0.4253275 2.660127 0.06312989 -0.7995214 2.530505 0.2024217 0.02555673 2.683345 0.1605656 -0.4033176 2.679154 0.198981 -0.8259242 2.494131 
0.03774995 0.6499416 2.601937 0.06448088 0.439705 2.628736 0.0879692 0.2264299 2.649486 -0.1019462 0.4192839 2.60723 -0.1621942 0.09516977 2.605294 -0.1523886 -0.1823677 2.482781 0.230908 0.460126 2.650242 0.4270558 0.6688348 2.669677 0.4560948 0.945998 2.678939 0.01352952 0.001138748 2.657581 0.05298901 -0.4280847 2.666445 0.06108941 -0.8016815 2.533501 0.2093855 0.02517079 2.68289 0.1636369 -0.4034264 2.67776 0.2002473 -0.8317783 2.491178 
0.04058046 0.6457376 2.603552 0.06721342 0.4361601 2.629126 0.09137601 0.2228674 2.649139 -0.09996932 0.4159408 2.61548 -0.1626162 0.094096 2.610129 -0.1442063 -0.1844546 2.487264 0.2343961 0.4563794 2.642771 0.412148 0.6802536 2.62847 0.4352299 0.9595867 2.616649 0.01716979 -0.002322037 2.661123 0.04944566 -0.4321569 2.662179 0.05812774 -0.8002689 2.532131 0.2139074 0.02147163 2.677181 0.1620236 -0.406329 2.682687 0.1972189 -0.8388822 2.479664 
0.04158778 0.6404217 2.611863 0.06835757 0.4314533 2.631865 0.09293898 0.2179576 2.648902 -0.099286 0.411716 2.626408 -0.1533868 0.0975958 2.620548 -0.1426013 -0.1813729 2.496817 0.2360011 0.4511907 2.637322 0.4012835 0.6837615 2.594177 0.4132643 0.9608512 2.552635 0.01889952 -0.007149277 2.662728 0.03949988 -0.4366268 2.642426 0.07044748 -0.8243349 2.549112 0.2161413 0.01607286 2.669149 0.1679972 -0.4120964 2.68116 0.1876269 -0.8444923 2.473172 
0.04051273 0.6376904 2.617523 0.06722714 0.4287846 2.633964 0.09201102 0.2151508 2.648944 -0.1004241 0.4096169 2.637979 -0.1497566 0.09883548 2.63076 -0.1470369 -0.1795966 2.505567 0.2348784 0.4479523 2.62995 0.3890688 0.6814476 2.556062 0.3997632 0.9559969 2.494848 0.01814888 -0.009761277 2.666286 0.03432711 -0.4396797 2.643768 0.06866784 -0.8053247 2.553315 0.2154409 0.0127953 2.661561 0.1749348 -0.415869 2.680808 0.1630813 -0.8463477 2.462526 
0.04429131 0.6328653 2.61894 0.06788008 0.4240194 2.63551 0.09006655 0.2101071 2.650563 -0.09923689 0.4077646 2.65083 -0.1493745 0.09842343 2.639455 -0.1435106 -0.1829464 2.523077 0.2349971 0.4402742 2.620191 0.3759904 0.6657357 2.502624 0.3798629 0.9286568 2.405942 0.01386911 -0.01337456 2.674634 0.02955287 -0.4430019 2.644674 0.07491905 -0.8281693 2.564178 0.2106369 0.005764267 2.656596 0.198171 -0.4187043 2.713883 0.1276869 -0.8515809 2.458599 
0.04634881 0.6361737 2.620209 0.06461673 0.4255227 2.637923 0.08182049 0.2112204 2.653322 -0.101676 0.4139735 2.662975 -0.1510308 0.1107343 2.649239 -0.143525 -0.1711755 2.534881 0.2309095 0.4370719 2.61287 0.368319 0.6474739 2.457901 0.3619331 0.8978967 2.33253 0.001212799 -0.009875152 2.683458 0.0210058 -0.4381608 2.640608 0.07491184 -0.8333103 2.569141 0.1968357 0.00371109 2.653986 0.2002606 -0.4202191 2.722396 0.09102082 -0.8478271 2.449082 
0.05312108 0.6369412 2.620269 0.06380199 0.4252959 2.641385 0.07440065 0.2107911 2.659728 -0.1007245 0.4203867 2.679039 -0.1527193 0.1051714 2.65814 -0.1508851 -0.1775558 2.54269 0.2283285 0.4302051 2.603731 0.3458587 0.587493 2.396294 0.3385439 0.8099583 2.224512 -0.01112247 -0.006581924 2.700069 0.02332455 -0.4314001 2.636755 0.0812099 -0.8355688 2.581327 0.1811211 -0.0008456879 2.656073 0.2202752 -0.4262023 2.715216 0.09184552 -0.7689656 2.520412 
0.05424567 0.6373001 2.62075 0.06278913 0.425138 2.64198 0.0703883 0.21043 2.659537 -0.1014824 0.4225672 2.681639 -0.1543637 0.1025936 2.661083 -0.1522471 -0.1814059 2.55392 0.2270607 0.4277089 2.60232 0.3369293 0.5482404 2.373175 0.3287982 0.7502992 2.178652 -0.01871207 -0.005791382 2.70044 0.005946165 -0.4287767 2.623043 0.1018474 -0.818099 2.557874 0.174687 -0.002764679 2.653749 0.2188195 -0.4296131 2.696316 0.07347812 -0.7794116 2.527655 
0.05755924 0.6417859 2.630012 0.06300207 0.4276207 2.646737 0.06651476 0.2125893 2.660781 -0.1005454 0.4277473 2.689578 -0.1597235 0.1008311 2.668058 -0.1594861 -0.185806 2.56692 0.2265495 0.4274941 2.603895 0.3264372 0.5105883 2.349158 0.3212611 0.6854388 2.14058 -0.02603141 -0.002367752 2.699988 -0.01354517 -0.4276927 2.633622 0.1229869 -0.7990289 2.553371 0.1660863 -0.002516434 2.649663 0.208796 -0.430661 2.678427 0.05431435 -0.7880942 2.535926 
0.06226372 0.6427755 2.637658 0.065792 0.4281521 2.649726 0.06777922 0.2127734 2.658204 -0.09857123 0.4282059 2.689613 -0.1646522 0.1049398 2.680282 -0.1649184 -0.1911178 2.588168 0.2301552 0.4280983 2.609839 0.3276367 0.4609151 2.341555 0.3153483 0.5181935 2.08694 -0.03123097 -0.00257225 2.691192 -0.03777168 -0.4304708 2.641961 0.1593046 -0.7924443 2.551172 0.1707639 -0.002638321 2.642173 0.1384194 -0.4246588 2.635367 0.02064202 -0.8317423 2.459522 
0.06600387 0.6442791 2.641927 0.06700941 0.4298225 2.651014 0.06723817 0.2143365 2.656536 -0.09716552 0.4306944 2.691832 -0.1658334 0.1064778 2.681645 -0.1658306 -0.1932244 2.599444 0.2311844 0.4289507 2.610196 0.3273132 0.420449 2.339791 0.3121035 0.4312767 2.073306 -0.03122323 -0.0006253357 2.686594 -0.02652142 -0.4299113 2.669488 0.1695707 -0.7828643 2.55515 0.1661571 -0.001673523 2.637521 0.1635107 -0.427727 2.626162 0.04850733 -0.8255764 2.492654 
