-0.3538429 0.6096171 2.683542 -0.3447425 0.3961016 2.699505 -0.3334246 0.1809389 2.706224 -0.5093934 0.3862752 2.662175 -0.5891668 0.08470996 2.665943 -0.585357 -0.2114524 2.581048 -0.1800916 0.405928 2.736835 -0.01030833 0.3622867 2.950509 0.1496732 0.5579737 3.039192 -0.4188713 -0.03999876 2.691003 -0.4188141 -0.4646399 2.764906 -0.4237891 -0.8057803 2.673217 -0.225342 -0.02844893 2.734881 -0.1270797 -0.4477253 2.714509 -0.009259323 -0.8003517 2.554513 
-0.3515601 0.6131495 2.691383 -0.3420324 0.4005036 2.705416 -0.3315846 0.1852287 2.710046 -0.5070659 0.3917179 2.669323 -0.5880887 0.08686353 2.658481 -0.5840401 -0.1987498 2.553949 -0.1769989 0.4092894 2.741508 0.002840576 0.4321347 2.942265 0.1084707 0.6689376 2.997358 -0.4181585 -0.03521132 2.693459 -0.4169315 -0.4603039 2.765288 -0.4229758 -0.8047468 2.672795 -0.2241149 -0.02488121 2.735895 -0.1257958 -0.4439808 2.711701 -0.006170624 -0.8030658 2.54991 
-0.3463168 0.6184865 2.694297 -0.3366756 0.4063583 2.707612 -0.3266635 0.1910289 2.711318 -0.5022334 0.3980787 2.673805 -0.5840507 0.08543722 2.653251 -0.5797904 -0.1857732 2.525028 -0.1711177 0.414638 2.741419 0.01291608 0.4925614 2.921633 0.08551022 0.7477803 2.965506 -0.4140003 -0.02916907 2.695146 -0.4115811 -0.4530105 2.773966 -0.4191832 -0.8062201 2.673846 -0.2193026 -0.0194321 2.734903 -0.1221045 -0.4384851 2.705761 -0.00337886 -0.7998723 2.550946 
-0.3463163 0.6201475 2.698764 -0.3329941 0.4085739 2.711387 -0.3201965 0.1933985 2.715017 -0.4980659 0.3981566 2.675832 -0.5775299 0.08621167 2.651641 -0.5776002 -0.1699912 2.502058 -0.1679224 0.4189912 2.746941 0.02245247 0.5372869 2.897831 0.05385229 0.8057407 2.930324 -0.4044698 -0.02790289 2.697738 -0.4050326 -0.4503123 2.783852 -0.4151406 -0.8093616 2.676168 -0.2103282 -0.01565103 2.739554 -0.1166324 -0.4354995 2.710124 -0.0001102524 -0.7988824 2.559113 
-0.3431553 0.6228924 2.708472 -0.3275208 0.41076 2.717825 -0.3132107 0.1956557 2.71967 -0.4931084 0.3994631 2.685058 -0.5717842 0.08861664 2.652818 -0.5684133 -0.1576213 2.488523 -0.1619331 0.4220569 2.750592 0.02671123 0.5971296 2.843398 0.01508902 0.8711759 2.870651 -0.3962768 -0.02609184 2.702247 -0.4031012 -0.4505886 2.776182 -0.4166408 -0.8075066 2.67578 -0.2015243 -0.01280522 2.740785 -0.1123951 -0.4325216 2.699814 -0.00123024 -0.7994816 2.555947 
-0.338762 0.6236346 2.715773 -0.3191653 0.4103556 2.720975 -0.3007708 0.1956007 2.719994 -0.4853805 0.3962455 2.693252 -0.5594438 0.08384485 2.657872 -0.5540127 -0.1551934 2.484993 -0.1529499 0.4244657 2.748698 0.02881807 0.6420205 2.796115 -0.009856346 0.9189377 2.822706 -0.3801636 -0.02745544 2.702702 -0.3950737 -0.4522991 2.773742 -0.4097895 -0.8085139 2.674106 -0.1845889 -0.010853 2.735322 -0.101831 -0.4308796 2.685506 0.005438439 -0.7977171 2.552902 
-0.3349481 0.6212941 2.717414 -0.3138593 0.4091409 2.721595 -0.2932367 0.1945699 2.719922 -0.481054 0.393204 2.704621 -0.5487478 0.08144534 2.667367 -0.5423083 -0.1510168 2.48622 -0.1466647 0.4250777 2.738568 0.02338647 0.6649832 2.743985 -0.0265212 0.9448108 2.768413 -0.3711048 -0.02938914 2.708251 -0.3960477 -0.4549063 2.771599 -0.4158947 -0.8104848 2.678941 -0.1741233 -0.01061305 2.728249 -0.1062965 -0.4338215 2.684951 -0.001191422 -0.7976109 2.553662 
-0.3290685 0.6202374 2.71781 -0.3087693 0.4084742 2.722228 -0.2882685 0.1938652 2.720894 -0.4765165 0.39248 2.717411 -0.5378596 0.07971402 2.683174 -0.5328335 -0.149427 2.493751 -0.1410222 0.4244684 2.727044 0.01264793 0.6699983 2.701133 -0.03008441 0.9534273 2.701903 -0.366548 -0.03016217 2.716725 -0.3946208 -0.4564063 2.774289 -0.4200458 -0.8070461 2.681227 -0.1689875 -0.01132538 2.722396 -0.1109576 -0.436334 2.681596 -0.003518394 -0.8006359 2.553599 
-0.3222249 0.6271323 2.728361 -0.3063676 0.415143 2.727507 -0.2909231 0.2002751 2.721763 -0.4722901 0.4027419 2.745273 -0.5322281 0.07956515 2.700369 -0.521513 -0.155522 2.517834 -0.1404451 0.4275441 2.709741 0.002721008 0.6594121 2.637105 -0.03402502 0.9405599 2.600537 -0.3737769 -0.02193973 2.726544 -0.4030729 -0.4494677 2.772269 -0.4305913 -0.7984256 2.683189 -0.1771805 -0.007246002 2.705493 -0.1224943 -0.4332752 2.669668 -0.0159836 -0.7933729 2.543321 
-0.3175843 0.6264548 2.733504 -0.3055783 0.4151843 2.729786 -0.2940716 0.2000635 2.723433 -0.4681227 0.4053866 2.76715 -0.5226688 0.08181985 2.717805 -0.5183849 -0.1603046 2.540874 -0.1430338 0.4249822 2.692422 -0.00842691 0.6489024 2.579623 -0.04226169 0.9274132 2.519174 -0.378299 -0.02082805 2.739085 -0.3987385 -0.4496419 2.776433 -0.4271053 -0.8030929 2.686402 -0.1868308 -0.009286819 2.695073 -0.1242359 -0.4350139 2.677902 -0.01109952 -0.80483 2.544798 
-0.3140433 0.6330259 2.74544 -0.3050429 0.422013 2.736201 -0.2966821 0.2069205 2.725818 -0.4654271 0.4134392 2.784668 -0.5185009 0.082513 2.729435 -0.5180569 -0.1642968 2.558227 -0.1446587 0.4305868 2.687734 -0.01832469 0.6346221 2.531314 -0.04436916 0.9026901 2.435001 -0.3822454 -0.01319301 2.743817 -0.3955819 -0.4431481 2.766859 -0.4250196 -0.7979176 2.679854 -0.1943973 -0.003151047 2.687051 -0.1222393 -0.4277221 2.678799 -0.007963967 -0.7967964 2.543924 
-0.3046255 0.6260356 2.732452 -0.3006335 0.4134469 2.731254 -0.2966546 0.1980904 2.726918 -0.458168 0.4093576 2.7898 -0.519559 0.08463931 2.75585 -0.5195401 -0.1812885 2.609563 -0.1430991 0.4175363 2.672709 -0.02497417 0.5899429 2.471286 -0.05314627 0.8306609 2.330787 -0.3851249 -0.01966605 2.756939 -0.3940091 -0.4501848 2.773644 -0.4213393 -0.8101426 2.688393 -0.2002262 -0.01486636 2.688224 -0.1177794 -0.4376873 2.687931 -0.005840767 -0.8162621 2.552717 
-0.2979693 0.6255984 2.724895 -0.2968185 0.4132479 2.728465 -0.2962109 0.1977798 2.727798 -0.4521584 0.4126081 2.793712 -0.520705 0.08827527 2.779491 -0.5255487 -0.1897739 2.651313 -0.1414785 0.4138876 2.663218 -0.03790677 0.5460192 2.432715 -0.05835477 0.7629408 2.260143 -0.386748 -0.01806368 2.765415 -0.3888655 -0.4486659 2.763191 -0.4195475 -0.8058185 2.683971 -0.2044586 -0.01731297 2.688849 -0.111303 -0.4378759 2.681766 -0.004423439 -0.8076485 2.550777 
-0.2923112 0.6209888 2.721071 -0.2935915 0.4080299 2.726532 -0.2952618 0.1925091 2.726925 -0.4476554 0.4093499 2.795498 -0.5168417 0.09063409 2.791267 -0.5266728 -0.1989727 2.693726 -0.1395275 0.40671 2.657567 -0.04193709 0.5070125 2.408887 -0.06007444 0.6884809 2.208735 -0.3873626 -0.02223691 2.767798 -0.3859008 -0.4531 2.770745 -0.4200467 -0.808414 2.67451 -0.2065019 -0.02378641 2.686838 -0.1067447 -0.4427731 2.673103 -0.00282354 -0.8110474 2.552048 
-0.2871507 0.6177322 2.718649 -0.2896932 0.4045758 2.724851 -0.2926079 0.1890056 2.725667 -0.4430664 0.4069194 2.796045 -0.5099463 0.09117987 2.815784 -0.5326613 -0.2083429 2.75327 -0.1363201 0.4022322 2.653657 -0.05570363 0.4487305 2.376226 -0.0663447 0.5417619 2.132592 -0.3856524 -0.02518746 2.768322 -0.3855138 -0.4561609 2.759011 -0.4144994 -0.8097667 2.67445 -0.2053927 -0.02794188 2.684647 -0.1011095 -0.446105 2.673001 0.00169622 -0.8027669 2.54829 
-0.2854497 0.6236319 2.718425 -0.2883513 0.4107343 2.725597 -0.2918775 0.1951666 2.727039 -0.4408618 0.4137179 2.798702 -0.5074645 0.08909015 2.826399 -0.5373507 -0.2128777 2.786991 -0.1358407 0.4077507 2.652493 -0.06484894 0.4208645 2.369109 -0.0703306 0.4748759 2.111873 -0.3850647 -0.01864696 2.771458 -0.3834875 -0.4497434 2.766978 -0.4149606 -0.7979776 2.67863 -0.2057427 -0.02215507 2.685502 -0.1041674 -0.4411081 2.67942 0.00199517 -0.7995456 2.54665 
-0.2829174 0.6252069 2.720839 -0.289077 0.4126745 2.727916 -0.2957784 0.1971972 2.72898 -0.4402068 0.4177491 2.803715 -0.5057343 0.08805881 2.832723 -0.5419345 -0.2153984 2.80933 -0.1379472 0.4075999 2.652117 -0.07492235 0.3949181 2.367088 -0.0734732 0.4206508 2.099306 -0.3913545 -0.01529584 2.774619 -0.3919961 -0.4463366 2.765258 -0.4230753 -0.8044074 2.675913 -0.213605 -0.02126428 2.685468 -0.1132379 -0.4405692 2.680493 -0.004689896 -0.8067755 2.543357 
-0.2757823 0.6259145 2.720531 -0.2855121 0.4135081 2.726206 -0.2957936 0.1981869 2.727352 -0.4357886 0.4210949 2.803502 -0.5058638 0.08803854 2.843873 -0.5461802 -0.2176706 2.832379 -0.1352357 0.4059212 2.648911 -0.08445302 0.3649491 2.366568 -0.07993745 0.3639126 2.094229 -0.3944406 -0.01267308 2.773948 -0.3936972 -0.443634 2.760664 -0.4189939 -0.8022476 2.672679 -0.2177094 -0.0215955 2.683046 -0.1131719 -0.4397558 2.672818 -3.295899E-06 -0.8086726 2.54174 
