-0.339113 0.6191268 2.710125 -0.3261329 0.4071241 2.708765 -0.3107374 0.1922192 2.701695 -0.4895488 0.3968061 2.666551 -0.5863878 0.08823376 2.662071 -0.5827906 -0.1988576 2.553454 -0.1627171 0.4174421 2.750979 0.04130834 0.4322141 2.935699 0.1684791 0.6568912 3.041994 -0.3914167 -0.02875176 2.669807 -0.4124948 -0.4466284 2.773489 -0.4195687 -0.8130271 2.668238 -0.1992671 -0.01661949 2.719444 -0.1127665 -0.4376935 2.68649 -0.01319765 -0.7910486 2.560209 
-0.3405016 0.6195077 2.713681 -0.3252168 0.4079793 2.711255 -0.3081067 0.1932204 2.703344 -0.4875975 0.3967327 2.665365 -0.5831853 0.08660501 2.655056 -0.5799285 -0.1906425 2.527665 -0.1628361 0.4192259 2.757144 0.04966089 0.4711183 2.925869 0.1314436 0.7282305 2.989812 -0.3864746 -0.0281514 2.668451 -0.4085876 -0.4444233 2.778332 -0.4223773 -0.8174524 2.666329 -0.1955185 -0.01492563 2.722416 -0.1123082 -0.4364884 2.686935 -0.009902923 -0.7931254 2.562418 
-0.336394 0.6221498 2.715941 -0.3208398 0.4099499 2.713484 -0.3032257 0.1952186 2.705534 -0.4827471 0.3984325 2.665854 -0.5760924 0.09680026 2.652024 -0.5763113 -0.174127 2.516716 -0.1589324 0.4214672 2.761115 0.05382593 0.5070605 2.895444 0.1030162 0.7786838 2.951042 -0.3807967 -0.02628365 2.669582 -0.4076089 -0.4414634 2.782613 -0.4219894 -0.8161651 2.665454 -0.1904267 -0.01274159 2.725586 -0.1086295 -0.4340727 2.684538 -0.01074166 -0.7897185 2.563872 
-0.3324431 0.619699 2.716555 -0.3146281 0.4073368 2.714578 -0.2957471 0.1926729 2.707769 -0.4770693 0.3944916 2.669109 -0.5655411 0.0968945 2.649503 -0.5734134 -0.1631573 2.502309 -0.1521869 0.420182 2.760048 0.05891768 0.5460374 2.870709 0.07797176 0.8278053 2.9076 -0.3723836 -0.02954417 2.674223 -0.3978088 -0.4444769 2.788655 -0.4203969 -0.8227762 2.665802 -0.1813488 -0.01443791 2.727697 -0.1053122 -0.4365597 2.683906 -0.004858444 -0.7936476 2.562958 
-0.3265451 0.6213661 2.717339 -0.3063074 0.4098283 2.714954 -0.2860346 0.1952715 2.708733 -0.4704135 0.3954171 2.677202 -0.5597575 0.09444501 2.659718 -0.5644668 -0.149876 2.492619 -0.1422012 0.4242394 2.752706 0.0604709 0.5885249 2.813821 0.05840018 0.8746938 2.834776 -0.36236 -0.02776808 2.68029 -0.3900906 -0.4464269 2.778274 -0.4178917 -0.8154866 2.670158 -0.1691637 -0.01080235 2.724734 -0.1016081 -0.4340684 2.678625 0.0002176437 -0.7898366 2.555972 
-0.3197665 0.6205676 2.717282 -0.2993834 0.4093207 2.71432 -0.2796419 0.1947173 2.707816 -0.4653281 0.3948794 2.68713 -0.5513864 0.09022547 2.662371 -0.5497738 -0.1445241 2.491853 -0.1334387 0.4237619 2.74151 0.05722643 0.6187567 2.755934 0.04368909 0.9078221 2.759116 -0.3576192 -0.02839 2.685302 -0.390239 -0.4492922 2.771375 -0.4238271 -0.8177662 2.670567 -0.1621816 -0.01138216 2.717324 -0.1085397 -0.4366326 2.672755 -0.001416458 -0.7948069 2.548613 
-0.3137496 0.6223546 2.717229 -0.2941957 0.4111531 2.713597 -0.2745304 0.1965375 2.707148 -0.4612929 0.3964025 2.694945 -0.5451905 0.09011175 2.669678 -0.5444756 -0.1398098 2.4969 -0.1270984 0.4259036 2.732249 0.05511345 0.6303791 2.709978 0.03394825 0.9193588 2.691212 -0.3531252 -0.02675192 2.68973 -0.3900811 -0.4477296 2.774506 -0.420868 -0.8134377 2.670676 -0.156605 -0.009404084 2.711668 -0.1083956 -0.4360849 2.674804 -0.0005281601 -0.7976292 2.549352 
-0.2973008 0.6231068 2.717939 -0.287131 0.4101641 2.713687 -0.2766468 0.194968 2.707814 -0.4549139 0.4017361 2.722988 -0.5282395 0.07722262 2.690647 -0.5202214 -0.1521317 2.508247 -0.1193481 0.4185921 2.704387 0.04079958 0.6246493 2.622965 0.01884158 0.9103969 2.570822 -0.3648326 -0.02518454 2.707411 -0.3927396 -0.4499865 2.774128 -0.4284654 -0.8138739 2.678999 -0.1674925 -0.01527188 2.696472 -0.1162733 -0.4427015 2.679464 -0.01129749 -0.8022224 2.554949 
-0.2922587 0.6267908 2.717699 -0.2854741 0.413268 2.714188 -0.2786117 0.1979084 2.708571 -0.4521265 0.4073796 2.73636 -0.5236112 0.08010312 2.707425 -0.5150821 -0.1548093 2.525235 -0.1188216 0.4191564 2.692016 0.03213428 0.6143996 2.583156 0.01614281 0.8912141 2.498811 -0.3697667 -0.02091455 2.715995 -0.3939364 -0.4477662 2.769263 -0.4292747 -0.8070138 2.674707 -0.1737321 -0.01398801 2.689915 -0.1145228 -0.4402621 2.668016 -0.01044885 -0.7975088 2.54845 
-0.2867953 0.6159736 2.708503 -0.2835553 0.4036481 2.710173 -0.2788364 0.1881803 2.709125 -0.4491858 0.3998715 2.740873 -0.5176881 0.0849672 2.719761 -0.5163689 -0.1582446 2.544706 -0.1179247 0.4074247 2.679473 0.02718439 0.6027939 2.548132 0.0109956 0.8708519 2.435526 -0.3713616 -0.02950479 2.726101 -0.3905258 -0.4579588 2.766968 -0.4232979 -0.8197318 2.68001 -0.1768734 -0.02507022 2.690053 -0.1083761 -0.4502357 2.674505 -0.006742996 -0.8089718 2.555523 
-0.2808875 0.6172728 2.714028 -0.2829886 0.4054117 2.713526 -0.2832415 0.1899496 2.709896 -0.4459324 0.4048871 2.756023 -0.516946 0.08957297 2.740512 -0.5233355 -0.1625865 2.581193 -0.1200447 0.4059364 2.67103 0.01252067 0.5717961 2.499296 0.0016165 0.8182843 2.349276 -0.379371 -0.02582132 2.73127 -0.395088 -0.4555715 2.753085 -0.426814 -0.8029407 2.673037 -0.187618 -0.02520389 2.68126 -0.1117093 -0.4487703 2.657991 -0.01332697 -0.7985347 2.54388 
-0.2757627 0.6208875 2.715804 -0.2832303 0.4087788 2.715951 -0.2889003 0.1934054 2.711934 -0.4426389 0.4119682 2.76996 -0.5169962 0.09682849 2.755407 -0.5284176 -0.1647317 2.610098 -0.1238218 0.4055895 2.661942 -0.001732376 0.5428492 2.461883 -0.001832952 0.7602581 2.278979 -0.3883424 -0.02009184 2.739688 -0.3914653 -0.4503928 2.758284 -0.4279302 -0.800523 2.676672 -0.2007979 -0.02384413 2.676146 -0.1141416 -0.4456471 2.661402 -0.01424121 -0.799389 2.547542 
-0.2693331 0.6199636 2.717162 -0.2815543 0.4081291 2.716576 -0.2936727 0.1930782 2.711557 -0.4379696 0.4154906 2.778816 -0.5185387 0.09046579 2.773321 -0.5236239 -0.1795343 2.634543 -0.125139 0.4007676 2.654337 -0.01087082 0.5138668 2.432656 -0.002899735 0.7057014 2.225171 -0.3976823 -0.01764798 2.743101 -0.3909663 -0.4482484 2.750776 -0.4273232 -0.8041516 2.672326 -0.2138998 -0.02629752 2.669972 -0.1143716 -0.4453392 2.659595 -0.01261275 -0.8048518 2.544483 
-0.2656747 0.6217861 2.727259 -0.2812048 0.4094566 2.721041 -0.2967561 0.1947403 2.712061 -0.4342508 0.4175995 2.791389 -0.5178784 0.09283429 2.785227 -0.5231346 -0.1932787 2.669342 -0.1281588 0.4013136 2.650692 -0.02202866 0.4758331 2.404942 -0.005738627 0.6090844 2.170951 -0.4022366 -0.01519119 2.744419 -0.3853644 -0.4456204 2.743086 -0.4204286 -0.8033102 2.673539 -0.2223783 -0.02476068 2.661746 -0.1090669 -0.4403193 2.656464 -0.006306175 -0.8031869 2.539506 
-0.2623578 0.6259172 2.732222 -0.2797594 0.4137819 2.724006 -0.2977186 0.1992433 2.713945 -0.43214 0.4231483 2.796287 -0.5169423 0.09742627 2.801125 -0.5328054 -0.1969242 2.699609 -0.1273788 0.4044156 2.651725 -0.02751492 0.4484059 2.389492 -0.00714291 0.5247516 2.135925 -0.4051387 -0.00979657 2.746319 -0.3829064 -0.4401726 2.743415 -0.418717 -0.7974318 2.675892 -0.2262168 -0.02079431 2.661448 -0.1044708 -0.4340442 2.664715 -0.001172234 -0.8019537 2.547506 
-0.2608031 0.6278738 2.725206 -0.2788948 0.4154033 2.721997 -0.2979241 0.2008102 2.715146 -0.4318117 0.4266905 2.79319 -0.5064767 0.09772397 2.809561 -0.5386282 -0.1979539 2.717751 -0.1259779 0.4041162 2.650805 -0.03027381 0.4121967 2.388728 -0.01335126 0.4464265 2.125663 -0.4068029 -0.007150818 2.750125 -0.382645 -0.4375515 2.746868 -0.4154583 -0.7992681 2.67923 -0.2271039 -0.02041486 2.666464 -0.1027401 -0.433091 2.666832 0.0008364029 -0.8055784 2.552958 
-0.261992 0.6278679 2.72369 -0.2791638 0.4151478 2.722301 -0.2978961 0.200454 2.717043 -0.431576 0.4266728 2.794718 -0.501731 0.09635816 2.817278 -0.5384485 -0.2026979 2.740599 -0.1267516 0.4036227 2.649883 -0.03113511 0.3731019 2.389849 -0.01728397 0.3824094 2.119239 -0.4062127 -0.007465515 2.754352 -0.3792088 -0.4375833 2.743917 -0.4132922 -0.8007697 2.679453 -0.2270439 -0.02101382 2.669221 -0.1022272 -0.4336066 2.664338 0.00192897 -0.8065843 2.548233 
