-0.2922478 0.7765546 2.725916 -0.285895 0.5239892 2.786605 -0.2621289 0.27819 2.807027 -0.4387781 0.5049732 2.735646 -0.500796 0.2430328 2.795523 -0.3275385 0.1047037 2.569654 -0.1330118 0.5430052 2.837564 -0.0394266 0.5446501 3.021945 0.1157573 0.8614504 3.131564 -0.3333365 0.02057771 2.795792 -0.3407663 -0.4365401 2.764434 -0.3696759 -0.8734963 2.748696 -0.1433892 0.04420387 2.859106 -0.1281278 -0.3994108 2.896105 -0.1238761 -0.8148634 2.963218 
-0.2977186 0.7773358 2.722832 -0.2844554 0.5384244 2.78646 -0.2618287 0.2895117 2.804708 -0.4409728 0.5203232 2.733624 -0.5043285 0.256339 2.791322 -0.3545888 0.1130432 2.57114 -0.1279379 0.5565256 2.839297 -0.01021934 0.6271119 3.009605 0.09532004 0.9083284 3.061756 -0.3329957 0.02975186 2.791293 -0.3403747 -0.430345 2.767297 -0.3680259 -0.8687708 2.754485 -0.1454085 0.05144626 2.854618 -0.1284057 -0.399476 2.89652 -0.1252547 -0.818145 2.962109 
-0.3078203 0.7789415 2.716485 -0.2831693 0.5562817 2.795174 -0.2613989 0.2982359 2.809432 -0.439965 0.5404865 2.748717 -0.5043156 0.253563 2.786814 -0.3542928 0.1009325 2.57296 -0.1263737 0.572077 2.841631 -0.01040153 0.6366143 3.006455 0.09213435 0.9408485 3.012841 -0.3338905 0.03069427 2.795761 -0.3437003 -0.4280836 2.771126 -0.3679523 -0.867569 2.763398 -0.1453663 0.04968579 2.851619 -0.1261505 -0.4010404 2.894047 -0.1237825 -0.8224207 2.961487 
-0.3166885 0.7816224 2.714268 -0.2844864 0.5626326 2.790093 -0.2646196 0.306606 2.804308 -0.4430719 0.5477208 2.743156 -0.5074596 0.2623073 2.78736 -0.3784683 0.1081597 2.565564 -0.125901 0.5775443 2.83703 0.01624355 0.7106727 2.910563 0.08736574 1.035231 2.9133 -0.336513 0.04195129 2.791365 -0.3465369 -0.4137977 2.773343 -0.3634929 -0.8552849 2.771447 -0.1529926 0.0592077 2.845682 -0.1267058 -0.4056404 2.892901 -0.1237832 -0.8299443 2.961436 
-0.322936 0.7829789 2.715059 -0.285645 0.5698137 2.78086 -0.2661399 0.3122871 2.799101 -0.4459463 0.554568 2.737032 -0.5085447 0.275728 2.790476 -0.3846282 0.1226996 2.563151 -0.1253438 0.5850593 2.824687 0.04021878 0.7098905 2.884307 0.08245511 1.049067 2.857282 -0.3380291 0.0460683 2.792355 -0.3473378 -0.4041347 2.773855 -0.3609799 -0.845728 2.778658 -0.1552404 0.0634527 2.84233 -0.1268686 -0.4068674 2.890638 -0.1235308 -0.8342623 2.961864 
-0.3272325 0.7840484 2.714628 -0.2930796 0.571876 2.768277 -0.2708375 0.315067 2.791628 -0.4486271 0.5553836 2.735059 -0.5096824 0.2758706 2.800954 -0.4007334 0.1160914 2.576378 -0.1375321 0.5883684 2.801495 0.04425468 0.7229165 2.837365 0.06704215 1.014548 2.76387 -0.342164 0.04833716 2.794997 -0.3493865 -0.4018392 2.778613 -0.361192 -0.839926 2.789202 -0.155027 0.06817895 2.834962 -0.1328429 -0.395381 2.874709 -0.1246792 -0.8281788 2.955652 
-0.3320439 0.785355 2.714806 -0.2973771 0.5721924 2.761477 -0.2766715 0.3237473 2.791264 -0.455034 0.5568888 2.743425 -0.5152102 0.278189 2.806595 -0.4177809 0.1113645 2.591461 -0.1397203 0.587496 2.779528 0.03123367 0.740158 2.744611 0.04321407 0.9761738 2.625261 -0.3588567 0.06531468 2.809272 -0.352403 -0.3929777 2.777359 -0.3555732 -0.8187653 2.817244 -0.1530749 0.08528972 2.832833 -0.134084 -0.3709322 2.867805 -0.1285918 -0.8159254 2.952131 
-0.3343168 0.7848921 2.716065 -0.2979945 0.5729966 2.761758 -0.275559 0.3235261 2.788805 -0.4576431 0.5569281 2.745976 -0.5141777 0.2752313 2.800389 -0.4278417 0.1003356 2.58212 -0.1383459 0.5890652 2.777539 0.01234186 0.7493466 2.693971 0.03164948 0.954606 2.578869 -0.3545736 0.06384476 2.805823 -0.3566611 -0.3805009 2.781241 -0.3574105 -0.8017931 2.830607 -0.1516736 0.08426657 2.82588 -0.1322568 -0.3823944 2.870228 -0.1286674 -0.8163991 2.946898 
-0.3358759 0.7843276 2.717965 -0.3023185 0.5648312 2.763222 -0.2774898 0.3189968 2.787803 -0.4746306 0.5470562 2.759503 -0.5172516 0.2721604 2.804356 -0.4433981 0.08808536 2.61557 -0.1300064 0.5826061 2.76694 0.01291959 0.755666 2.652121 0.01353305 0.9216435 2.487072 -0.352837 0.06282867 2.810223 -0.3583252 -0.3787605 2.788062 -0.360048 -0.8032953 2.834353 -0.1524852 0.08349609 2.814546 -0.1350027 -0.3814151 2.860229 -0.1277746 -0.8157483 2.939404 
-0.3359664 0.7831789 2.720811 -0.298009 0.5633284 2.761708 -0.2750872 0.3164838 2.785352 -0.4716259 0.5475382 2.765172 -0.5257314 0.2627378 2.816511 -0.460785 0.09862319 2.623056 -0.1243922 0.5791187 2.758245 -0.002352791 0.7025766 2.622733 -0.005758758 0.8688077 2.380849 -0.3498742 0.06075258 2.810944 -0.3572136 -0.3816575 2.793037 -0.36915 -0.7965691 2.825669 -0.1544565 0.07852559 2.807045 -0.1344628 -0.3807731 2.856354 -0.1256946 -0.8091597 2.934899 
-0.3359382 0.7834324 2.721848 -0.2944084 0.5672282 2.750424 -0.2734718 0.3181649 2.779886 -0.4730921 0.5538982 2.764714 -0.5156065 0.2903861 2.838023 -0.4616555 0.09945804 2.627913 -0.1157246 0.5805584 2.736135 -0.01533701 0.664849 2.588169 -0.0174653 0.839099 2.335812 -0.3492177 0.06188881 2.817079 -0.3575654 -0.383045 2.798531 -0.3764697 -0.8106639 2.822164 -0.1558528 0.07631417 2.801615 -0.1335018 -0.384517 2.853123 -0.1254282 -0.8111627 2.931414 
-0.3353749 0.784224 2.723083 -0.2902437 0.5723974 2.757347 -0.2722664 0.3207352 2.784141 -0.4653337 0.5618088 2.77537 -0.5077882 0.2958633 2.848842 -0.4789241 0.09821138 2.647726 -0.1151537 0.5829859 2.739324 -0.02586888 0.6386568 2.547043 -0.04192613 0.7449204 2.26806 -0.3514287 0.06319841 2.820933 -0.3596365 -0.3831635 2.799718 -0.3759744 -0.8097588 2.825107 -0.1571496 0.07494749 2.800935 -0.1336091 -0.3807516 2.848993 -0.1256709 -0.8062279 2.931206 
-0.3352373 0.7859978 2.725625 -0.2907358 0.572709 2.762386 -0.2732251 0.3209556 2.787161 -0.4647025 0.5627589 2.784235 -0.5039467 0.3000592 2.856761 -0.4838436 0.1065929 2.658148 -0.1167691 0.5826591 2.740536 -0.04766771 0.5464968 2.520992 -0.0591275 0.6884348 2.247699 -0.3526559 0.06365757 2.824111 -0.3624894 -0.3798582 2.80045 -0.3716301 -0.805639 2.830997 -0.1587728 0.07474675 2.79976 -0.1331426 -0.3775228 2.848165 -0.1284249 -0.7885625 2.938473 
-0.334078 0.786252 2.727146 -0.2923629 0.5661358 2.760788 -0.2744476 0.3163195 2.786795 -0.4647822 0.5562606 2.784704 -0.5024259 0.3001787 2.862331 -0.4896997 0.1043712 2.665334 -0.1199436 0.5760109 2.736872 -0.0519671 0.5164577 2.506522 -0.0789969 0.5776199 2.212893 -0.3532482 0.06096384 2.826217 -0.3664113 -0.3781121 2.800562 -0.3718774 -0.8025329 2.832768 -0.1598163 0.07204245 2.799387 -0.1322003 -0.3779607 2.84806 -0.127525 -0.7890223 2.940064 
-0.3339356 0.7834082 2.738249 -0.2933128 0.5616493 2.768234 -0.276388 0.3140724 2.791099 -0.4656599 0.5527135 2.799052 -0.4954929 0.2979786 2.867451 -0.4875301 0.09566075 2.678959 -0.1209657 0.5705851 2.737416 -0.05979266 0.4329841 2.537462 -0.09582933 0.4704632 2.203033 -0.3580039 0.06138644 2.831584 -0.367362 -0.3846456 2.805661 -0.3707021 -0.8031105 2.841609 -0.1609226 0.07160465 2.796343 -0.1326506 -0.3749169 2.844314 -0.1304369 -0.781652 2.944204 
-0.3334851 0.7785628 2.750556 -0.2933542 0.5569431 2.772625 -0.2764613 0.3113444 2.793122 -0.4673552 0.5476639 2.804845 -0.4863879 0.285668 2.898265 -0.4839016 0.09769911 2.694984 -0.1193532 0.5662223 2.740405 -0.06509273 0.408792 2.527286 -0.1051579 0.4190022 2.208003 -0.3576589 0.06051482 2.831783 -0.3677617 -0.3861313 2.808938 -0.3763124 -0.8109737 2.861095 -0.161478 0.07097679 2.795456 -0.1321913 -0.3764611 2.844157 -0.1312602 -0.7813239 2.945131 
-0.3316907 0.7760646 2.760434 -0.2927576 0.5468974 2.773014 -0.2763048 0.3055557 2.793375 -0.4647538 0.5378896 2.805227 -0.4848082 0.2784722 2.891522 -0.4863406 0.08328465 2.696509 -0.1207614 0.5559052 2.740802 -0.06449277 0.4116808 2.531142 -0.1168267 0.3445906 2.221624 -0.358438 0.05905079 2.8322 -0.3689865 -0.3859791 2.811004 -0.3759301 -0.8100672 2.862178 -0.1612658 0.06937709 2.795272 -0.1320895 -0.3759418 2.843303 -0.1329123 -0.7798302 2.949343 
