-0.5039523 0.61738 2.479363 -0.4878421 0.4061055 2.513364 -0.4658162 0.1930861 2.537965 -0.6473368 0.3836458 2.461686 -0.7241997 0.06791425 2.458552 -0.6990361 -0.2155147 2.341341 -0.3283473 0.4285651 2.565041 -0.1458348 0.3479522 2.745321 0.06203873 0.4895228 2.824722 -0.537581 -0.03314069 2.532178 -0.5118283 -0.4593351 2.473618 -0.5067592 -0.8094761 2.417388 -0.3499998 -0.006725983 2.592956 -0.2282778 -0.4145096 2.525465 -0.06053033 -0.7874591 2.452542 
-0.4940775 0.6190036 2.488778 -0.478126 0.4074399 2.517993 -0.457831 0.1938703 2.53892 -0.6374543 0.3870963 2.464894 -0.719578 0.07145105 2.458259 -0.692359 -0.2110505 2.341301 -0.3187976 0.4277836 2.571092 -0.116408 0.3994842 2.741673 0.06225441 0.584978 2.816765 -0.5312214 -0.03166142 2.528625 -0.4994721 -0.45656 2.463655 -0.5035113 -0.8101236 2.413368 -0.3438506 -0.007737259 2.59107 -0.2104279 -0.4123627 2.526818 -0.02874692 -0.7882622 2.462427 
-0.4737149 0.6128793 2.494987 -0.4578715 0.4023445 2.522335 -0.439042 0.1884 2.540788 -0.6168685 0.3836326 2.46763 -0.7102706 0.07272299 2.463118 -0.6817151 -0.2051557 2.33122 -0.2988746 0.4210564 2.577039 -0.0876938 0.4672464 2.722345 0.04808313 0.6929359 2.780855 -0.5137054 -0.03654743 2.527075 -0.4797463 -0.4622167 2.468131 -0.4929233 -0.8186916 2.415405 -0.3267196 -0.0145416 2.591409 -0.1722939 -0.4119141 2.531939 0.02415565 -0.7974276 2.473503 
-0.4553465 0.6079789 2.496577 -0.4383875 0.3974919 2.524796 -0.4199216 0.1836101 2.544552 -0.5975594 0.3787389 2.470551 -0.6986306 0.07235846 2.470049 -0.6738177 -0.2051089 2.333449 -0.2792156 0.4162448 2.57904 -0.06683885 0.516124 2.699651 0.04062579 0.7642602 2.742241 -0.4950462 -0.04129802 2.532414 -0.4678715 -0.4674121 2.47298 -0.4925704 -0.8171561 2.420314 -0.3078653 -0.01924519 2.596204 -0.1451958 -0.4125173 2.530092 0.0623479 -0.7945143 2.481384 
-0.4353804 0.6022114 2.497877 -0.418021 0.3917163 2.526153 -0.3990125 0.1779112 2.546369 -0.578746 0.3727812 2.47702 -0.6768088 0.06517541 2.483519 -0.6601459 -0.2038514 2.328187 -0.2572959 0.4106513 2.575285 -0.04991225 0.5605649 2.668813 0.03852371 0.8248608 2.700663 -0.4745604 -0.04703363 2.537681 -0.4593651 -0.4726996 2.472121 -0.4906278 -0.8189374 2.419776 -0.2854477 -0.02475424 2.595491 -0.1177899 -0.4148712 2.522394 0.09465047 -0.7884132 2.477592 
-0.4029094 0.5985969 2.506515 -0.3842685 0.388515 2.531448 -0.3641922 0.1746427 2.549812 -0.5469661 0.3696654 2.489786 -0.649451 0.06461871 2.495735 -0.6446114 -0.2013434 2.341829 -0.2215709 0.4073645 2.57311 -0.02649525 0.5932394 2.618386 0.03946706 0.8735328 2.643712 -0.4402779 -0.05037053 2.543552 -0.4343089 -0.4754588 2.472893 -0.476828 -0.8154448 2.422622 -0.2479542 -0.02808861 2.5928 -0.07024977 -0.4135239 2.520993 0.1442169 -0.7847565 2.481571 
-0.3723858 0.5966783 2.510988 -0.3573137 0.3847499 2.534813 -0.3408914 0.1704355 2.551185 -0.5225703 0.3697793 2.504606 -0.621791 0.06034421 2.505983 -0.6268335 -0.2042647 2.35462 -0.192057 0.3997204 2.565021 -0.0139272 0.5989127 2.580893 0.04710596 0.8859414 2.581429 -0.4220601 -0.05271954 2.549718 -0.4408696 -0.4762554 2.475693 -0.4897627 -0.8124291 2.423445 -0.2268783 -0.03503809 2.585396 -0.05971602 -0.4262871 2.51879 0.1494486 -0.7841223 2.483369 
-0.3450487 0.5997358 2.521269 -0.3334004 0.3864284 2.540174 -0.3220601 0.1715913 2.552563 -0.50051 0.3765054 2.521063 -0.5945243 0.0612511 2.514115 -0.6051306 -0.2093777 2.374731 -0.1662908 0.3963513 2.559285 0.0002557983 0.5998054 2.547176 0.05421037 0.8902137 2.52792 -0.4091996 -0.04909357 2.55369 -0.4368531 -0.4720648 2.477307 -0.4902301 -0.8034111 2.420956 -0.2122401 -0.03739816 2.576215 -0.03897865 -0.4273369 2.516659 0.1580579 -0.7774602 2.487097 
-0.2952182 0.5975235 2.527725 -0.2935861 0.3809657 2.545187 -0.2930552 0.1659369 2.555489 -0.4614792 0.3803422 2.540823 -0.5623357 0.06267846 2.531489 -0.5719842 -0.2135074 2.406876 -0.1256931 0.3815892 2.54955 0.02526628 0.5816941 2.503716 0.06910193 0.8702657 2.453224 -0.3916297 -0.04945999 2.563215 -0.4029766 -0.4745511 2.495761 -0.4813479 -0.8038375 2.431321 -0.1934187 -0.04872394 2.568367 -0.01428716 -0.4373271 2.517628 0.1696652 -0.7854298 2.494131 
-0.2505403 0.5980017 2.529692 -0.2562146 0.3808653 2.547904 -0.2626241 0.1659042 2.558872 -0.4241219 0.3862103 2.554534 -0.5261202 0.07504926 2.547368 -0.5405874 -0.2061024 2.436882 -0.0883074 0.3755203 2.541273 0.05333444 0.5720067 2.466643 0.08359417 0.8554673 2.385998 -0.3677005 -0.04591602 2.573737 -0.3729668 -0.4730726 2.519231 -0.4687237 -0.8026989 2.436894 -0.1703668 -0.05219775 2.565944 0.01307152 -0.4398616 2.523581 0.1768181 -0.774573 2.503109 
-0.1785745 0.6008579 2.543702 -0.1920641 0.3854 2.557328 -0.2070694 0.1705877 2.564779 -0.3585889 0.3978401 2.580612 -0.4554372 0.09171234 2.574409 -0.4791564 -0.1973159 2.490028 -0.02553932 0.37296 2.534043 0.1048125 0.5474237 2.395637 0.1093672 0.8121148 2.262151 -0.3197454 -0.03692819 2.585886 -0.3219978 -0.4665399 2.553282 -0.4371542 -0.7769409 2.450143 -0.1244041 -0.05152094 2.558573 0.05269394 -0.4425367 2.518494 0.1816891 -0.7695531 2.509792 
-0.1465103 0.6037538 2.555449 -0.1611119 0.3896966 2.563326 -0.1763489 0.1747638 2.566755 -0.3268779 0.4019179 2.592763 -0.4235489 0.1022828 2.58905 -0.4481738 -0.1890531 2.512795 0.004654111 0.3774753 2.533889 0.1313307 0.5236564 2.358331 0.1175038 0.7776333 2.208163 -0.288955 -0.0329903 2.587476 -0.2892364 -0.4630944 2.559522 -0.4080624 -0.7649763 2.452626 -0.09421694 -0.04734759 2.552893 0.07441893 -0.4416069 2.5089 0.1931652 -0.7678517 2.502017 
-0.1126708 0.6085934 2.552345 -0.1311931 0.3950674 2.56525 -0.1497446 0.1805092 2.572857 -0.2963973 0.4104834 2.59717 -0.3894093 0.1092964 2.597561 -0.4229497 -0.1829669 2.528788 0.03401102 0.3796514 2.533329 0.1456955 0.4958506 2.331665 0.1207273 0.7247933 2.1538 -0.2653542 -0.02499191 2.599218 -0.2748699 -0.4548257 2.568788 -0.3947676 -0.7644258 2.46575 -0.07123791 -0.04310593 2.561711 0.08303256 -0.4434785 2.522721 0.1880577 -0.767309 2.516167 
-0.07445595 0.6223757 2.577317 -0.0969881 0.4104024 2.579795 -0.1199245 0.1962429 2.580121 -0.2609241 0.4280163 2.616874 -0.3587591 0.1118211 2.613222 -0.3890234 -0.1811983 2.545341 0.06694795 0.3927884 2.542717 0.1652337 0.447838 2.306446 0.1274673 0.6285138 2.095826 -0.2392468 -0.007560471 2.602246 -0.2409205 -0.4361378 2.55823 -0.3440724 -0.7632982 2.462014 -0.04647495 -0.0282726 2.558646 0.1010909 -0.4313515 2.520073 0.1937311 -0.7574244 2.506079 
-0.04507617 0.6286108 2.580731 -0.06948365 0.4166206 2.583499 -0.0940263 0.2025349 2.584833 -0.2330625 0.4356126 2.62192 -0.3269075 0.1251752 2.61829 -0.357293 -0.1703939 2.563647 0.09409519 0.3976284 2.545079 0.1756241 0.410916 2.292219 0.1325188 0.5390673 2.057332 -0.2147046 -0.0003890076 2.608747 -0.2114029 -0.4250006 2.539443 -0.2964619 -0.7836441 2.476403 -0.02243336 -0.0227124 2.563588 0.1090892 -0.4318179 2.535802 0.194166 -0.7696394 2.514465 
-0.0228515 0.6274548 2.584048 -0.04759687 0.4161207 2.585503 -0.07244171 0.202024 2.588127 -0.2115074 0.4355952 2.622486 -0.2974879 0.1317974 2.621536 -0.3372229 -0.162681 2.566672 0.1163137 0.3966463 2.548519 0.183808 0.3864524 2.288608 0.1452797 0.4547953 2.034952 -0.1936438 -0.0006244354 2.612492 -0.1901169 -0.4207499 2.520419 -0.2459003 -0.785647 2.481186 -0.0009293442 -0.0235211 2.56901 0.1128451 -0.4379312 2.5431 0.1910063 -0.7779036 2.515188 
0.01050779 0.6303791 2.571872 -0.01684188 0.4196068 2.584829 -0.04476103 0.2061772 2.595862 -0.1803388 0.4428919 2.621539 -0.2636002 0.14004 2.633324 -0.2996905 -0.149519 2.555258 0.1466551 0.3963217 2.54812 0.1909464 0.3113571 2.299635 0.1622633 0.3102525 2.028675 -0.1688241 0.006440323 2.628482 -0.160809 -0.4092737 2.51606 -0.1494104 -0.7782302 2.509923 0.02346374 -0.02094517 2.585309 0.1089619 -0.4416976 2.551474 0.1824915 -0.7730933 2.517521 
