-0.1742593 0.6117132 2.868405 -0.1331449 0.4042497 2.889595 -0.08950578 0.1939461 2.907445 -0.2854275 0.3672826 2.826357 -0.3198218 0.04308777 2.869673 -0.2792735 -0.2448444 2.756063 0.01913765 0.4412167 2.952832 0.07216087 0.3353316 3.121945 0.2646568 0.2998343 3.299956 -0.1354096 -0.03809422 2.888112 -0.07588632 -0.4623891 2.935481 -0.08655661 -0.7792774 2.868237 0.04367631 0.00537941 2.96248 0.05184644 -0.4255351 2.951825 0.06998166 -0.7913316 2.891413 
-0.1794932 0.6108283 2.866787 -0.1376168 0.4024353 2.887542 -0.09281311 0.1923224 2.90526 -0.2913674 0.3646538 2.828289 -0.325914 0.04404749 2.864823 -0.2783762 -0.2417398 2.750264 0.01613374 0.4402168 2.946796 0.1000378 0.3547618 3.163344 0.2580285 0.3248045 3.3785 -0.1383885 -0.03999962 2.888145 -0.08546358 -0.464523 2.94098 -0.09117077 -0.7852516 2.870485 0.04236972 0.004418533 2.957808 0.04922913 -0.4254577 2.929971 0.06926066 -0.799059 2.888269 
-0.1852017 0.6106565 2.866001 -0.1422297 0.4020973 2.88625 -0.09605284 0.1922145 2.903391 -0.295596 0.3634602 2.826315 -0.3304621 0.0410155 2.860416 -0.2752289 -0.2472026 2.75557 0.01113663 0.4407346 2.946184 0.1148576 0.3628302 3.19653 0.2624371 0.3320595 3.434803 -0.1400191 -0.04037791 2.885304 -0.08714119 -0.4654337 2.93432 -0.08969396 -0.7840387 2.867911 0.04026714 0.005041214 2.955759 0.05107549 -0.4250008 2.928969 0.06715271 -0.7929354 2.894425 
-0.191124 0.610922 2.846102 -0.1468963 0.4035335 2.879069 -0.1000144 0.1949033 2.905106 -0.2993873 0.3617652 2.81896 -0.3337245 0.04001303 2.864151 -0.2802257 -0.2490045 2.758154 0.005594608 0.4453018 2.939177 0.0844847 0.3894656 3.138592 0.2484702 0.412352 3.335296 -0.142798 -0.03828691 2.895799 -0.08754314 -0.4624603 2.949728 -0.09027367 -0.7792348 2.882374 0.03653322 0.01083315 2.966488 0.04917679 -0.4191216 2.937571 0.06737242 -0.7859887 2.908449 
-0.1946298 0.6043974 2.834151 -0.148988 0.3994351 2.874747 -0.1003649 0.1920504 2.90687 -0.3009295 0.3546216 2.81542 -0.3353403 0.04100061 2.86654 -0.283858 -0.2502597 2.766824 0.002953507 0.4442485 2.934073 0.06245143 0.4054441 3.113509 0.250843 0.4700738 3.287529 -0.1410873 -0.04168576 2.904107 -0.08041107 -0.4660701 2.949164 -0.0850255 -0.7860582 2.876709 0.03760377 0.01101721 2.973879 0.05454029 -0.4183123 2.938677 0.07114035 -0.7862047 2.905291 
-0.1980964 0.6045231 2.849721 -0.1494529 0.4004556 2.881987 -0.09860834 0.1927669 2.908206 -0.2984379 0.3556406 2.81591 -0.3360176 0.03993277 2.867327 -0.2858193 -0.2508025 2.770216 -0.0004678803 0.4452705 2.948063 0.07051191 0.4222898 3.109048 0.2573759 0.5373189 3.262736 -0.1354415 -0.0412953 2.89554 -0.0818846 -0.4675104 2.930105 -0.08271935 -0.7824444 2.860116 0.03991396 0.01145192 2.973311 0.05676584 -0.417113 2.929899 0.07182856 -0.7822571 2.895904 
-0.2004674 0.610854 2.857246 -0.1614328 0.3800342 2.879036 -0.1068979 0.1729539 2.902982 -0.3161334 0.3339798 2.833082 -0.3366972 0.04106406 2.871929 -0.2877113 -0.2513379 2.776745 -0.006732082 0.4260887 2.924989 0.1066575 0.4859225 3.109317 0.2680924 0.655929 3.236722 -0.1434942 -0.06125615 2.899856 -0.09781051 -0.4869999 2.947442 -0.09391157 -0.8049958 2.875089 0.03876832 -0.006996567 2.953998 0.05043389 -0.4335203 2.904434 0.06773546 -0.8028922 2.877307 
-0.1983933 0.6158226 2.862143 -0.1540508 0.3969465 2.887958 -0.1020594 0.189213 2.91238 -0.3060631 0.352273 2.831579 -0.3383809 0.03804422 2.876425 -0.2886736 -0.2518638 2.780682 -0.002038494 0.4416202 2.944338 0.1228404 0.5349249 3.102531 0.2592472 0.7498638 3.193815 -0.1404315 -0.04507666 2.903288 -0.08617546 -0.4732465 2.941755 -0.08266272 -0.7688371 2.875831 0.04029535 0.008035645 2.970317 0.05238397 -0.4276593 2.943941 0.07383112 -0.7811881 2.90435 
-0.1949208 0.6145594 2.864162 -0.1471975 0.4027121 2.896137 -0.09583818 0.1951507 2.923392 -0.2978173 0.3574523 2.835286 -0.3392401 0.03854153 2.884208 -0.2957738 -0.2546571 2.789223 0.003422386 0.4479719 2.956987 0.1483946 0.5849196 3.087252 0.2365386 0.8304895 3.129625 -0.1334522 -0.03914621 2.914701 -0.07322125 -0.4641162 2.964291 -0.07977835 -0.7808134 2.884386 0.04449435 0.01432495 2.986592 0.05736145 -0.418622 2.960157 0.07476663 -0.7930611 2.902685 
-0.1943763 0.6148581 2.865177 -0.144675 0.4062446 2.900741 -0.09329762 0.1988431 2.929359 -0.2961594 0.3605572 2.841591 -0.3391112 0.04076608 2.888602 -0.3005905 -0.2562469 2.798649 0.006809273 0.451932 2.959891 0.1622033 0.6229662 3.065621 0.2152507 0.8833856 3.065059 -0.1311913 -0.03548233 2.923119 -0.08077122 -0.4622719 2.960206 -0.08450183 -0.7886555 2.877935 0.04735094 0.01836572 2.992835 0.05672599 -0.4104677 2.94241 0.0705996 -0.8006636 2.896436 
-0.1887513 0.6123313 2.876196 -0.1386334 0.4067697 2.908469 -0.08757501 0.1989579 2.934601 -0.2917828 0.3621154 2.852593 -0.339084 0.04539548 2.891799 -0.3105312 -0.2522447 2.800852 0.01451599 0.451424 2.964345 0.169077 0.6549597 3.039325 0.1893518 0.9250415 3.014145 -0.1266855 -0.0351447 2.927836 -0.08230145 -0.4631567 2.954226 -0.08237176 -0.7933233 2.874986 0.05365234 0.01743706 2.993631 0.05876717 -0.4085095 2.926648 0.0736542 -0.8022813 2.894388 
-0.1864921 0.6129221 2.882205 -0.1360473 0.4077946 2.913066 -0.08518756 0.199763 2.937907 -0.2919934 0.3639547 2.865211 -0.3400775 0.04621274 2.903899 -0.3159593 -0.2491488 2.80272 0.01989874 0.4516346 2.96092 0.1745102 0.679451 3.002676 0.171938 0.9552626 2.963279 -0.1261769 -0.03408951 2.934562 -0.08965277 -0.4630677 2.956206 -0.08591822 -0.7862622 2.883348 0.0575213 0.01755225 2.990933 0.05335372 -0.4073774 2.918466 0.07408649 -0.7920632 2.8926 
-0.1784003 0.6148475 2.888983 -0.1296293 0.4108246 2.920051 -0.0801305 0.2025916 2.946034 -0.2908235 0.3691601 2.893226 -0.3432329 0.04928583 2.921742 -0.3218886 -0.2455791 2.818964 0.03156487 0.452489 2.946876 0.1673941 0.7016507 2.920968 0.1472019 0.9840347 2.861819 -0.1254565 -0.03015112 2.956238 -0.09754927 -0.4601035 2.971302 -0.08414626 -0.7808309 2.885956 0.0641931 0.01886829 2.987798 0.05298597 -0.4079222 2.928046 0.07617281 -0.7917294 2.894736 
-0.1755902 0.6140155 2.888103 -0.1269782 0.4099706 2.921549 -0.07805403 0.2018954 2.949728 -0.2895927 0.3691446 2.902417 -0.3405556 0.05211493 2.933876 -0.3233226 -0.2450359 2.829777 0.03563621 0.4507967 2.940682 0.1587365 0.69938 2.8805 0.1450285 0.981444 2.813747 -0.1246996 -0.03017368 2.966662 -0.09682535 -0.4603112 2.97546 -0.08007961 -0.7860885 2.886456 0.06643999 0.01781393 2.989151 0.05352445 -0.4101435 2.939289 0.07727016 -0.7963174 2.896116 
-0.1777775 0.6221325 2.899223 -0.1300575 0.4160974 2.927757 -0.08246292 0.2072129 2.95156 -0.2940128 0.3781906 2.922934 -0.3344933 0.05215848 2.94446 -0.325124 -0.2450542 2.840507 0.0338978 0.4540043 2.932579 0.1517145 0.6970201 2.848371 0.1324339 0.9695413 2.753547 -0.1315146 -0.0240164 2.972521 -0.1036611 -0.4542435 2.97518 -0.0867036 -0.7808948 2.884871 0.06177797 0.02067329 2.978206 0.04556043 -0.4069766 2.926087 0.07171967 -0.7922798 2.883921 
-0.1675407 0.626148 2.905607 -0.1272919 0.4183494 2.933418 -0.08657352 0.2081847 2.957951 -0.291507 0.3881678 2.947418 -0.3311874 0.05659616 2.959593 -0.3317514 -0.2373985 2.846577 0.03692326 0.4485309 2.919419 0.143408 0.6746144 2.794126 0.1194611 0.9380686 2.677386 -0.1428834 -0.01981316 2.990755 -0.1074169 -0.4494585 2.993501 -0.08990621 -0.7837693 2.897629 0.05117308 0.01585307 2.974211 0.03752914 -0.4134222 2.9418 0.07304837 -0.8033745 2.889905 
-0.1609705 0.6174307 2.898476 -0.1232866 0.411043 2.931293 -0.08502564 0.2010086 2.960534 -0.2874202 0.3845309 2.955624 -0.3299291 0.06271655 2.969357 -0.3363872 -0.2325797 2.864892 0.04084708 0.437555 2.906962 0.1373357 0.6529727 2.744146 0.1067414 0.8963581 2.599858 -0.1430085 -0.02457167 3.004041 -0.1021216 -0.4536326 2.99795 -0.0742911 -0.794389 2.892602 0.0494791 0.006520279 2.975507 0.04838651 -0.4236561 2.95931 0.08191991 -0.8065869 2.898324 
-0.1597131 0.6180245 2.915365 -0.123609 0.4108492 2.937904 -0.08638897 0.199788 2.959499 -0.2866181 0.3855484 2.971577 -0.3297138 0.06548324 2.98017 -0.3392108 -0.2286011 2.878711 0.03940001 0.43615 2.90423 0.1334921 0.6262826 2.708159 0.09746356 0.8501217 2.538088 -0.144839 -0.02612218 3.000856 -0.1096594 -0.4547448 2.976902 -0.07454561 -0.7898936 2.877334 0.04650117 0.003575943 2.96133 0.0480005 -0.4271082 2.955246 0.07966492 -0.8011278 2.881833 
-0.1597678 0.626363 2.923356 -0.1259972 0.4184743 2.943525 -0.09232424 0.2065978 2.963609 -0.2881153 0.3965787 2.984347 -0.325404 0.06527426 2.988633 -0.3424535 -0.2273016 2.896631 0.03612088 0.4403698 2.902704 0.1302244 0.5906143 2.676194 0.09532234 0.791762 2.487326 -0.153848 -0.01813573 3.007663 -0.1173878 -0.4472323 2.994682 -0.07662525 -0.7805421 2.888982 0.03654549 0.007578629 2.959722 0.04188475 -0.4222213 2.978509 0.07254937 -0.7961532 2.895404 
-0.1495801 0.6252941 2.929477 -0.1214505 0.4159422 2.948782 -0.09268546 0.2033209 2.968781 -0.2826257 0.3985439 2.995633 -0.3192119 0.06715915 3.00439 -0.3451223 -0.2277607 2.916467 0.03972482 0.4333405 2.901932 0.1241183 0.541805 2.636717 0.09139402 0.6984809 2.42306 -0.1586222 -0.01952306 3.016307 -0.116937 -0.4480108 2.996793 -0.06951173 -0.7976328 2.890115 0.03078129 0.0009224091 2.961251 0.0450743 -0.4288032 2.984951 0.07598659 -0.8092585 2.894988 
-0.1424226 0.6322463 2.930829 -0.1175279 0.4209875 2.952653 -0.09307011 0.2078257 2.972845 -0.2781269 0.4073445 3.003153 -0.3171071 0.07359097 3.018235 -0.3423313 -0.2257652 2.941937 0.04307113 0.4346304 2.902152 0.1205664 0.5084028 2.623423 0.08911909 0.6024895 2.377326 -0.1629653 -0.01335141 3.022706 -0.1170737 -0.4412958 2.999006 -0.06520522 -0.7919548 2.889019 0.0257406 0.00267926 2.963367 0.04533981 -0.4271355 2.986636 0.08033179 -0.8040605 2.894768 
-0.134303 0.6217467 2.927678 -0.1159305 0.4101613 2.953638 -0.09858114 0.1965915 2.976586 -0.2747037 0.4034479 3.011194 -0.3170446 0.0781821 3.047125 -0.3421341 -0.2239436 2.974671 0.04284276 0.4168747 2.896082 0.1103797 0.4150803 2.599933 0.08892433 0.4209007 2.330831 -0.1745888 -0.02092566 3.033377 -0.1177623 -0.4463795 2.995103 -0.06702934 -0.7983779 2.882817 0.01212511 -0.01303085 2.965693 0.04025893 -0.4422457 2.994125 0.08106446 -0.8173126 2.875266 
-0.1299342 0.6138895 2.930442 -0.1143376 0.4028867 2.954143 -0.0992851 0.1889328 2.975441 -0.2733065 0.3974207 3.011584 -0.3175192 0.07709289 3.05506 -0.3423086 -0.2248954 2.983832 0.0446313 0.4083527 2.896703 0.1116974 0.3630389 2.596476 0.09230775 0.3505582 2.323222 -0.1776602 -0.02823347 3.030498 -0.11524 -0.4527564 2.989548 -0.05991653 -0.8061908 2.878483 0.009194992 -0.02180864 2.962981 0.04340447 -0.4496431 3.002064 0.09113199 -0.8330297 2.870167 
-0.1272155 0.6228418 2.942959 -0.1160723 0.4101774 2.960386 -0.1058717 0.1956215 2.977512 -0.2713685 0.4080858 3.026676 -0.3183979 0.07267822 3.063634 -0.3319926 -0.2321606 3.001848 0.03922403 0.412269 2.894095 0.1132489 0.3198987 2.602424 0.09123923 0.2799126 2.330326 -0.1871296 -0.02016629 3.033679 -0.1221922 -0.4446847 2.995904 -0.06634872 -0.7873721 2.884836 -0.004212633 -0.01770267 2.955598 0.03566387 -0.4454261 2.991207 0.08156963 -0.8200229 2.860074 
