-0.4185609 0.6087897 2.584609 -0.4037078 0.3955773 2.616086 -0.3830679 0.1822191 2.637887 -0.5592464 0.3741257 2.553403 -0.6471027 0.07101199 2.565361 -0.6340039 -0.2160612 2.440083 -0.2481692 0.4170289 2.678768 -0.09910823 0.3003825 2.892289 0.1072655 0.4419076 3.006534 -0.4538151 -0.04374315 2.622859 -0.4385067 -0.469048 2.553879 -0.4519428 -0.8125806 2.497916 -0.2710411 -0.01853526 2.696518 -0.1595005 -0.4329667 2.657646 -0.05570593 -0.7873789 2.63683 
-0.422756 0.6066726 2.585418 -0.4069405 0.3943093 2.615952 -0.3851534 0.1809294 2.637143 -0.5618358 0.3721183 2.551756 -0.6500497 0.06750037 2.558186 -0.6373014 -0.2175326 2.435847 -0.2520454 0.4165002 2.680148 -0.09955744 0.3436978 2.902155 0.07426492 0.5247707 3.022695 -0.4544142 -0.04549434 2.620598 -0.4379145 -0.4720413 2.560404 -0.4511577 -0.8160471 2.498513 -0.2723181 -0.01940645 2.696068 -0.1576673 -0.433243 2.658445 -0.05597819 -0.7891855 2.639923 
-0.4214866 0.6031376 2.586004 -0.404866 0.3917385 2.617189 -0.3828403 0.1783831 2.638942 -0.5596135 0.3691763 2.552587 -0.6400109 0.06237152 2.551034 -0.6319988 -0.2160031 2.420418 -0.2501185 0.4143007 2.681791 -0.09564261 0.4251764 2.896533 0.01617948 0.660657 2.998022 -0.4518026 -0.0482384 2.622711 -0.4364421 -0.4760219 2.571259 -0.4500462 -0.822082 2.504309 -0.2698267 -0.02170633 2.698681 -0.1549464 -0.4358871 2.664469 -0.05362755 -0.7929569 2.643221 
-0.4188903 0.6116863 2.594624 -0.4029203 0.3986052 2.622529 -0.3825636 0.1847941 2.640997 -0.5588914 0.3783714 2.5602 -0.6380275 0.05820126 2.552523 -0.6259453 -0.2166391 2.414488 -0.2469493 0.4188389 2.684857 -0.08734837 0.4670712 2.892294 -0.004507797 0.7216449 2.984024 -0.4539396 -0.04091728 2.622808 -0.4405033 -0.4681791 2.566587 -0.4520765 -0.8097173 2.502199 -0.270474 -0.01711674 2.696124 -0.1544579 -0.4308652 2.660279 -0.05736337 -0.7823219 2.639873 
-0.415311 0.6103667 2.598928 -0.3989027 0.3976101 2.626007 -0.3792399 0.1836262 2.643414 -0.5547569 0.37817 2.563081 -0.6370022 0.05860996 2.552764 -0.6189366 -0.2187345 2.416349 -0.2430484 0.4170502 2.688934 -0.07366757 0.5130299 2.878164 -0.02388701 0.7792562 2.968652 -0.4512171 -0.04178806 2.623821 -0.4356131 -0.4692156 2.569217 -0.4467404 -0.8168823 2.503034 -0.2679372 -0.01892712 2.69782 -0.153371 -0.4337054 2.671718 -0.05477894 -0.7852724 2.642409 
-0.4076003 0.6097667 2.601562 -0.389708 0.398443 2.630704 -0.3691857 0.1846867 2.649875 -0.5452932 0.3778334 2.567461 -0.627005 0.05779843 2.561369 -0.6065536 -0.2188362 2.426476 -0.2341227 0.4190526 2.693947 -0.05884392 0.573019 2.841079 -0.05133834 0.8513117 2.912431 -0.4401517 -0.04118863 2.631858 -0.4220299 -0.4684721 2.576784 -0.4386559 -0.8184015 2.51154 -0.2571753 -0.01695068 2.706235 -0.1432209 -0.4322399 2.685718 -0.04892426 -0.782263 2.648758 
-0.4010595 0.6163535 2.61137 -0.3797902 0.4049 2.638755 -0.3573646 0.1912078 2.656419 -0.5364453 0.3834842 2.578557 -0.6180226 0.05441107 2.569674 -0.5980276 -0.2171734 2.426389 -0.223135 0.4263159 2.698953 -0.05143378 0.6179917 2.808517 -0.06968 0.904189 2.863267 -0.427074 -0.03507991 2.638678 -0.4139754 -0.4623449 2.582182 -0.435775 -0.8088936 2.510577 -0.2428041 -0.009888871 2.709487 -0.1392467 -0.4272756 2.681109 -0.04646581 -0.7800535 2.645936 
-0.3930653 0.6188562 2.615774 -0.3713 0.407774 2.642172 -0.3482319 0.1940333 2.658453 -0.5309997 0.3866664 2.591343 -0.6125554 0.05973453 2.581818 -0.5955379 -0.2049183 2.431628 -0.2116004 0.4288816 2.693002 -0.04375397 0.6494558 2.766244 -0.07953266 0.9397028 2.813867 -0.4192244 -0.03213945 2.644797 -0.4181101 -0.4599049 2.591904 -0.4415783 -0.8115512 2.510511 -0.231103 -0.007275376 2.704672 -0.1400145 -0.4275094 2.676515 -0.05018377 -0.7824479 2.640545 
-0.3853782 0.6197212 2.628044 -0.364155 0.4090407 2.647617 -0.3426289 0.1948951 2.659601 -0.5266895 0.3903834 2.606178 -0.6059031 0.06694043 2.59893 -0.5903157 -0.1963643 2.445373 -0.2016206 0.427698 2.689056 -0.04483798 0.6627262 2.727826 -0.07672271 0.9581061 2.752143 -0.4167668 -0.03023173 2.647196 -0.4225396 -0.4578993 2.593441 -0.4473597 -0.812831 2.507067 -0.2254388 -0.008269181 2.695976 -0.141352 -0.4305009 2.678489 -0.05509371 -0.7860206 2.638048 
-0.3691185 0.6171245 2.633707 -0.3501193 0.4063592 2.651895 -0.3300501 0.1920281 2.663512 -0.5155949 0.3895531 2.627697 -0.5954646 0.06897406 2.624019 -0.5812103 -0.1947659 2.471293 -0.1846436 0.4231653 2.676094 -0.04599819 0.665687 2.669903 -0.07791077 0.9593026 2.647078 -0.4076897 -0.03222659 2.66084 -0.415702 -0.4606092 2.613169 -0.4402186 -0.8143067 2.520912 -0.2122722 -0.01237952 2.689417 -0.1298788 -0.4351651 2.688264 -0.04707715 -0.7891631 2.642277 
-0.3550272 0.6206297 2.646186 -0.3398785 0.40935 2.65718 -0.3235009 0.194564 2.663257 -0.5068711 0.3964518 2.651352 -0.5805405 0.06918073 2.638623 -0.5646464 -0.1921697 2.489046 -0.1728859 0.4222482 2.663009 -0.04595529 0.6660612 2.62444 -0.08593807 0.9548259 2.567816 -0.4056096 -0.02782895 2.665897 -0.4218853 -0.4554742 2.614192 -0.4479078 -0.8082971 2.513553 -0.2086371 -0.01261517 2.672772 -0.1322511 -0.4364751 2.682647 -0.05661514 -0.7847298 2.635257 
-0.3462058 0.6229267 2.652844 -0.3334282 0.4114303 2.660713 -0.3202735 0.196345 2.664427 -0.5006936 0.4013457 2.66913 -0.5773772 0.07265387 2.65287 -0.559689 -0.192976 2.518196 -0.1661628 0.4215149 2.652295 -0.04720103 0.6631455 2.579443 -0.09117889 0.9496859 2.506534 -0.4053697 -0.02466385 2.673086 -0.4214336 -0.4530182 2.627156 -0.4480531 -0.8095446 2.519172 -0.2088681 -0.01281659 2.663198 -0.1277345 -0.4350554 2.688534 -0.05996845 -0.7850542 2.6417 
-0.3248304 0.6182252 2.657316 -0.3190914 0.4073412 2.66498 -0.3112563 0.1920034 2.670103 -0.4829953 0.4022413 2.701291 -0.5577805 0.07337311 2.692588 -0.5560564 -0.1964709 2.565309 -0.1551875 0.4124411 2.62867 -0.05667414 0.6430734 2.499451 -0.1025325 0.9147066 2.381813 -0.3997643 -0.02633215 2.696568 -0.4152021 -0.454204 2.645638 -0.4493437 -0.8131461 2.527393 -0.2070781 -0.02033673 2.653881 -0.1256491 -0.4419321 2.691526 -0.06122977 -0.790443 2.652698 
-0.3201767 0.6224976 2.668895 -0.3166825 0.4112065 2.671083 -0.3117397 0.1957429 2.672526 -0.4772387 0.4078547 2.720545 -0.5525608 0.07981177 2.706855 -0.5536008 -0.1964722 2.586934 -0.1561262 0.4145583 2.621622 -0.06125493 0.626733 2.463938 -0.1093783 0.8860165 2.322087 -0.401168 -0.02169089 2.703042 -0.4149689 -0.4483307 2.642793 -0.4469338 -0.8123477 2.520809 -0.212426 -0.01775067 2.644897 -0.1235795 -0.4382711 2.677484 -0.06206335 -0.786764 2.64401 
-0.3106771 0.6265146 2.673198 -0.3106571 0.4149747 2.674846 -0.3099368 0.1994513 2.674859 -0.4683517 0.4144512 2.733706 -0.5498393 0.08345914 2.723005 -0.5485634 -0.1970817 2.602776 -0.1529626 0.4154982 2.615987 -0.06270916 0.6057451 2.427866 -0.1145911 0.8556291 2.270101 -0.4017922 -0.01637952 2.709425 -0.4089206 -0.4425219 2.644713 -0.4447358 -0.8076019 2.521383 -0.2166407 -0.01576486 2.640317 -0.1218374 -0.4339494 2.683428 -0.05893697 -0.7867613 2.646341 
-0.3040917 0.6278121 2.675284 -0.3060767 0.4160593 2.677539 -0.3085336 0.2005288 2.678392 -0.4616741 0.4180901 2.742516 -0.5344098 0.08673084 2.745547 -0.5444591 -0.202334 2.628186 -0.1504793 0.4140284 2.612562 -0.06232944 0.5743742 2.396508 -0.1143417 0.8134237 2.230546 -0.4023225 -0.01380968 2.717384 -0.4050986 -0.4403684 2.654824 -0.4439242 -0.8083565 2.524254 -0.2196583 -0.01619377 2.641104 -0.117296 -0.4324 2.686595 -0.05646321 -0.7923341 2.650202 
-0.2930534 0.6240983 2.676301 -0.298368 0.413037 2.680088 -0.3048972 0.1976025 2.681887 -0.4522788 0.4182796 2.749298 -0.528695 0.08787011 2.771818 -0.5456122 -0.2072425 2.665244 -0.1444573 0.4077944 2.610879 -0.06264535 0.5266842 2.362319 -0.1171961 0.7377372 2.170916 -0.4018247 -0.01475279 2.724335 -0.4014468 -0.4408059 2.658212 -0.4421319 -0.8119103 2.523988 -0.2210282 -0.02091118 2.643036 -0.1133688 -0.4360151 2.687011 -0.05519485 -0.7961688 2.650629 
-0.2840328 0.6222236 2.667272 -0.2903428 0.4105145 2.677564 -0.2994061 0.1952873 2.684018 -0.4431084 0.419098 2.749271 -0.5232993 0.09091391 2.785449 -0.5462003 -0.2083165 2.683307 -0.1375772 0.401931 2.605857 -0.06579259 0.4893646 2.342657 -0.1176084 0.656803 2.1257 -0.3982304 -0.0148963 2.732605 -0.3967398 -0.4401857 2.661694 -0.439712 -0.8076284 2.525714 -0.2187085 -0.02498318 2.648339 -0.1095145 -0.4398947 2.690981 -0.05013063 -0.7962981 2.652117 
-0.2767849 0.6204332 2.662252 -0.2847152 0.4088763 2.677007 -0.2953955 0.1938172 2.686579 -0.4364163 0.4196973 2.750859 -0.5101216 0.09744568 2.799245 -0.5439511 -0.2051064 2.707553 -0.1330142 0.3980553 2.603155 -0.07137739 0.4671934 2.330827 -0.1183058 0.5733435 2.092336 -0.3952355 -0.01488206 2.739556 -0.3938483 -0.4399229 2.666989 -0.4406731 -0.806744 2.525657 -0.216916 -0.02760179 2.652746 -0.106664 -0.4429955 2.686482 -0.05099598 -0.7947173 2.649794 
-0.2731488 0.6198558 2.660245 -0.2829767 0.4069746 2.677789 -0.2941673 0.1919942 2.689104 -0.4308163 0.4189284 2.758693 -0.498577 0.1105485 2.809832 -0.5373922 -0.1922283 2.739153 -0.1351371 0.3950207 2.596886 -0.08864652 0.4011202 2.320923 -0.1118623 0.4515154 2.062208 -0.3923563 -0.01595174 2.748027 -0.3920723 -0.4412822 2.67708 -0.4389635 -0.8069568 2.526815 -0.2183595 -0.03002055 2.65281 -0.1089828 -0.4462793 2.67665 -0.05387613 -0.79546 2.644248 
-0.2689616 0.6195174 2.668748 -0.2805488 0.405824 2.681342 -0.292458 0.1907578 2.690154 -0.4263225 0.4173701 2.766126 -0.4993351 0.1159995 2.813227 -0.5279039 -0.1898554 2.767639 -0.1347751 0.3942779 2.596559 -0.09435793 0.3430362 2.324972 -0.1055754 0.3585767 2.056834 -0.3900504 -0.01752179 2.7488 -0.3914972 -0.4413585 2.669807 -0.4382423 -0.8095202 2.518479 -0.2186841 -0.03109497 2.649131 -0.1076567 -0.4467964 2.676204 -0.05249753 -0.7945859 2.639857 
