-0.4944797 0.6129842 2.528622 -0.4687863 0.4069885 2.524688 -0.4407067 0.1992863 2.523445 -0.6108426 0.3882892 2.440233 -0.6737546 0.0627374 2.422501 -0.5954201 -0.1958376 2.272538 -0.3267299 0.4256878 2.609142 -0.222325 0.3322236 2.880073 -0.0495293 0.4562281 3.074816 -0.4952419 -0.01929077 2.473086 -0.4988691 -0.4353141 2.524496 -0.5378615 -0.8373304 2.48765 -0.3300125 0.002458893 2.571317 -0.2760005 -0.4097734 2.625214 -0.1110718 -0.8463031 2.489406 
-0.4945714 0.6081648 2.521048 -0.4668629 0.4022044 2.523935 -0.4362028 0.1949626 2.528096 -0.6070419 0.3797281 2.437366 -0.6709049 0.05838461 2.421242 -0.5852429 -0.1976101 2.270611 -0.326684 0.4246807 2.610505 -0.199217 0.3785851 2.881582 -0.05117381 0.539862 3.073089 -0.487088 -0.02535428 2.481897 -0.4957732 -0.4406596 2.53821 -0.5361753 -0.8421324 2.494671 -0.3239974 0.0007957153 2.582615 -0.2707416 -0.4111015 2.639892 -0.1068006 -0.8520545 2.494746 
-0.4963716 0.6063629 2.515322 -0.4658597 0.4010159 2.523445 -0.4331993 0.1941361 2.531761 -0.609561 0.3751355 2.443984 -0.6684438 0.05533551 2.429543 -0.5720677 -0.1945538 2.283641 -0.3221584 0.4268964 2.602906 -0.1710317 0.4459143 2.861888 -0.06115386 0.6704397 2.999683 -0.4841454 -0.02780109 2.493847 -0.5009666 -0.4444548 2.536522 -0.5439429 -0.8410857 2.490204 -0.3169325 0.002313782 2.586308 -0.2704605 -0.41092 2.639534 -0.1088576 -0.85163 2.480466 
-0.496256 0.6046055 2.523407 -0.4623245 0.4021926 2.528253 -0.4278394 0.1955296 2.534427 -0.6075745 0.3756713 2.4518 -0.6657497 0.05768533 2.437756 -0.5724133 -0.1911443 2.290416 -0.3170744 0.4287138 2.604705 -0.1610328 0.4919309 2.847424 -0.06794157 0.7293609 2.971567 -0.477812 -0.02655457 2.496147 -0.4943991 -0.4424868 2.545554 -0.5382519 -0.8381504 2.486767 -0.3088968 0.004287689 2.585055 -0.2631128 -0.4091184 2.637833 -0.1000564 -0.8496914 2.476835 
-0.4930158 0.6087149 2.527909 -0.4563645 0.405491 2.532234 -0.4203215 0.1990547 2.537464 -0.6029477 0.3780343 2.458666 -0.6608886 0.06435174 2.452866 -0.5704255 -0.1818312 2.302692 -0.3097813 0.4329476 2.605802 -0.1465224 0.5229518 2.824694 -0.08186606 0.7766309 2.925174 -0.4695191 -0.02334813 2.499914 -0.48739 -0.4388708 2.552604 -0.5359466 -0.8349687 2.488537 -0.2990379 0.008584915 2.585476 -0.2569467 -0.4054425 2.636415 -0.1016956 -0.8455499 2.483463 
-0.4857372 0.6139264 2.538109 -0.4466227 0.4100212 2.540813 -0.4089453 0.2038376 2.544082 -0.5975751 0.3814436 2.478171 -0.6600276 0.06473053 2.474376 -0.5645901 -0.1799929 2.318974 -0.2956704 0.4385987 2.603456 -0.1288187 0.5868936 2.770291 -0.08849715 0.8522212 2.84967 -0.4592598 -0.0190042 2.510836 -0.4821212 -0.4333281 2.570238 -0.5343513 -0.8332345 2.501324 -0.2832758 0.01431224 2.583865 -0.2464609 -0.3996989 2.638628 -0.09500448 -0.8462009 2.479424 
-0.4766299 0.6123148 2.534745 -0.4366825 0.4091697 2.543209 -0.3987871 0.2032069 2.551392 -0.5914772 0.378684 2.492745 -0.6577921 0.06176407 2.493644 -0.5653609 -0.1780198 2.326518 -0.2818878 0.4396553 2.593672 -0.1197574 0.6341135 2.724156 -0.1001014 0.9082863 2.779074 -0.4510662 -0.02051511 2.530178 -0.4838368 -0.4341356 2.589446 -0.5377539 -0.8412853 2.510514 -0.2707172 0.0150033 2.588972 -0.243464 -0.3993672 2.645956 -0.1010417 -0.8487602 2.491765 
-0.4633054 0.6135339 2.546541 -0.4237979 0.4096141 2.551636 -0.3865137 0.2034392 2.55851 -0.5838262 0.3796428 2.520672 -0.6432108 0.06369653 2.530648 -0.5733988 -0.1782501 2.359946 -0.2637696 0.4395852 2.582601 -0.1170831 0.6705961 2.623674 -0.1133551 0.9517014 2.620837 -0.4422892 -0.02016454 2.547377 -0.4858627 -0.4335425 2.601431 -0.5458018 -0.8438715 2.497977 -0.2561699 0.01469316 2.583389 -0.2418277 -0.4004684 2.639634 -0.1054017 -0.8521045 2.480276 
-0.4548989 0.6184309 2.565043 -0.4167013 0.4151286 2.559546 -0.3807621 0.2087432 2.558628 -0.5787216 0.3870052 2.53929 -0.6428828 0.06549317 2.546821 -0.5779452 -0.1780571 2.376651 -0.2546811 0.4432521 2.579802 -0.118897 0.6799489 2.579456 -0.1247556 0.960041 2.551093 -0.4390765 -0.01400288 2.545927 -0.4797282 -0.428787 2.590137 -0.5446432 -0.8370736 2.489798 -0.2505691 0.01871822 2.569495 -0.2341894 -0.3961119 2.62791 -0.1124228 -0.843154 2.472309 
-0.4342965 0.6177443 2.575569 -0.4058705 0.4143812 2.564694 -0.3795295 0.2065545 2.561181 -0.5701428 0.3935175 2.567242 -0.634043 0.07189911 2.589127 -0.5847374 -0.162787 2.401083 -0.2415981 0.4352448 2.562146 -0.1296564 0.6770144 2.492367 -0.1443921 0.9462277 2.410454 -0.4486056 -0.01339066 2.559147 -0.4811689 -0.4276854 2.612624 -0.5503953 -0.8412179 2.492219 -0.2577715 0.01084653 2.556187 -0.2275022 -0.4006281 2.629213 -0.1248191 -0.8487464 2.482189 
-0.4257194 0.6198593 2.58006 -0.4016502 0.4156456 2.567319 -0.377704 0.2075051 2.562523 -0.5660339 0.3964984 2.577529 -0.6290552 0.07746588 2.611097 -0.5891802 -0.1593571 2.422544 -0.2372666 0.4347928 2.557109 -0.1331439 0.6698568 2.452597 -0.1535266 0.9323986 2.350647 -0.4492473 -0.01175781 2.563658 -0.4777571 -0.4276138 2.606078 -0.5480068 -0.8396875 2.496382 -0.2582683 0.01048721 2.551796 -0.224251 -0.3987785 2.634939 -0.1256091 -0.8467994 2.486811 
-0.4162896 0.6207268 2.582805 -0.396262 0.4156789 2.569552 -0.3753237 0.2071984 2.56453 -0.5605683 0.3987859 2.585796 -0.626533 0.08023489 2.626091 -0.5935061 -0.158068 2.438954 -0.2319558 0.4325719 2.553308 -0.1363823 0.6575805 2.414761 -0.1652216 0.9117365 2.294443 -0.4498522 -0.01109743 2.568945 -0.4761031 -0.4276602 2.60696 -0.5482088 -0.8399773 2.497648 -0.2589185 0.00853331 2.550069 -0.223933 -0.3991809 2.640523 -0.1257281 -0.847687 2.486837 
-0.4006931 0.6245659 2.588372 -0.3867343 0.4187404 2.574775 -0.3721696 0.2097468 2.569669 -0.5497937 0.4066675 2.603813 -0.6151089 0.08179767 2.656117 -0.6015788 -0.1587096 2.466907 -0.2236749 0.4308133 2.545737 -0.1504839 0.6137574 2.340501 -0.1810133 0.850365 2.187704 -0.452414 -0.006266495 2.581447 -0.4736561 -0.4237714 2.612726 -0.550969 -0.8438788 2.499628 -0.262796 0.007772751 2.547679 -0.2280527 -0.398064 2.645823 -0.1300664 -0.8505513 2.493837 
-0.3936003 0.6244335 2.594974 -0.3844047 0.4182776 2.579726 -0.3730821 0.2091465 2.572292 -0.5462433 0.4082412 2.615572 -0.6091087 0.08343945 2.670108 -0.6038763 -0.1663441 2.490453 -0.2225662 0.428314 2.54388 -0.1530549 0.5817983 2.30771 -0.1930308 0.802048 2.135117 -0.4558829 -0.00582167 2.585705 -0.4697585 -0.4241083 2.607632 -0.5526823 -0.8432647 2.494693 -0.2676361 0.005852432 2.54401 -0.2247865 -0.4020396 2.629018 -0.1317581 -0.8476307 2.486799 
-0.3875488 0.6197725 2.598748 -0.3820285 0.4146048 2.582203 -0.3739708 0.2053796 2.573081 -0.5431178 0.4066598 2.622139 -0.606079 0.08173914 2.678081 -0.6062334 -0.1714205 2.505997 -0.2209392 0.4225498 2.542267 -0.1560429 0.544374 2.27391 -0.1995739 0.7540344 2.08879 -0.4595494 -0.008463883 2.587172 -0.4676075 -0.4268657 2.610956 -0.5542426 -0.846465 2.492108 -0.2722769 0.0007724762 2.540745 -0.2233194 -0.4066362 2.625672 -0.1320365 -0.8504554 2.486411 
-0.383327 0.6165304 2.601119 -0.3801623 0.4103109 2.585182 -0.3746368 0.2010546 2.574614 -0.5406501 0.4039091 2.628031 -0.604054 0.08488192 2.692555 -0.6120597 -0.1665581 2.52083 -0.2196744 0.4167127 2.542333 -0.1635305 0.4866712 2.240985 -0.2156004 0.6468772 2.026225 -0.4624061 -0.01192317 2.588954 -0.4660918 -0.4303766 2.613809 -0.554076 -0.8478523 2.49154 -0.2758166 -0.004480179 2.539136 -0.2223453 -0.4086969 2.635534 -0.1332663 -0.849453 2.491709 
-0.3795881 0.6156999 2.602282 -0.377453 0.4092887 2.587106 -0.3730777 0.1999758 2.576608 -0.5379872 0.4037729 2.630175 -0.6040195 0.08894663 2.701779 -0.6148781 -0.1595228 2.528521 -0.2169188 0.4148045 2.544037 -0.1757578 0.4348301 2.219492 -0.2194433 0.5474803 1.983187 -0.4620282 -0.01254364 2.591147 -0.4623022 -0.4311364 2.614441 -0.550704 -0.8448066 2.492041 -0.2753766 -0.006130432 2.541072 -0.2173923 -0.4093884 2.639442 -0.1294274 -0.8447573 2.496082 
