-0.4296941 0.6148572 2.65889 -0.4082218 0.4027796 2.683069 -0.3835734 0.1891711 2.697909 -0.5728106 0.3815539 2.650919 -0.6701698 0.06640711 2.669572 -0.6866941 -0.2191249 2.53894 -0.2436328 0.4240052 2.715219 -0.01914764 0.4010839 2.860324 0.1335044 0.6216595 2.855796 -0.4557772 -0.03692752 2.693831 -0.4733777 -0.4654711 2.654732 -0.4846492 -0.8279218 2.611049 -0.2620729 -0.01194711 2.731668 -0.2000419 -0.4295833 2.644539 -0.05345339 -0.7922032 2.573303 
-0.4448924 0.6100178 2.649091 -0.4199685 0.3990605 2.682587 -0.3924908 0.1864765 2.70428 -0.5831267 0.3742432 2.646053 -0.6876808 0.06076154 2.671774 -0.7144694 -0.2175908 2.522947 -0.2568104 0.4238777 2.719122 -0.02767354 0.4579689 2.858254 0.08850859 0.7026379 2.849229 -0.4609633 -0.040702 2.704487 -0.4722264 -0.4694187 2.662641 -0.4789661 -0.8273802 2.614987 -0.2690628 -0.01151285 2.747458 -0.2086633 -0.4270735 2.650191 -0.07117439 -0.7985911 2.588874 
-0.4559928 0.6080552 2.64468 -0.4295933 0.3984996 2.684503 -0.4002791 0.186735 2.711334 -0.591151 0.3708987 2.643173 -0.6959215 0.05542761 2.672387 -0.7295446 -0.2156501 2.516523 -0.2680357 0.4261004 2.725833 -0.03491588 0.506424 2.849186 0.03971912 0.7666896 2.836019 -0.4659707 -0.04126053 2.713861 -0.4781801 -0.4702873 2.673858 -0.4792701 -0.8238118 2.614475 -0.2759591 -0.008798554 2.76247 -0.219917 -0.4211445 2.65079 -0.09092009 -0.8018329 2.60254 
-0.4702396 0.6164541 2.659953 -0.4402778 0.4070107 2.692701 -0.4083301 0.1950295 2.71425 -0.6015933 0.3784302 2.650711 -0.7039505 0.05670535 2.671713 -0.737206 -0.2136466 2.513072 -0.2789623 0.4355912 2.73469 -0.04494444 0.5482222 2.831586 -0.005519501 0.8169236 2.8161 -0.4711923 -0.03374941 2.71112 -0.4805779 -0.4631399 2.673601 -0.4812722 -0.817077 2.602263 -0.2815724 -0.0001542206 2.760477 -0.2305786 -0.4111905 2.641446 -0.1090458 -0.7971542 2.598758 
-0.4734195 0.615499 2.669583 -0.4424349 0.406522 2.69694 -0.4101748 0.1942327 2.715315 -0.6045828 0.3784919 2.657782 -0.7050055 0.06386975 2.675852 -0.7523021 -0.2030133 2.516934 -0.2802871 0.4345521 2.736098 -0.06549739 0.593585 2.794296 -0.06233554 0.865896 2.780465 -0.4732529 -0.03453743 2.710666 -0.4805093 -0.4648049 2.68846 -0.4795457 -0.824579 2.605563 -0.2825762 -0.001575638 2.756714 -0.2423481 -0.4167052 2.648868 -0.1227842 -0.8063254 2.615084 
-0.4755362 0.616828 2.683926 -0.4443018 0.4068619 2.702337 -0.4129852 0.1940333 2.714742 -0.6082495 0.380887 2.670583 -0.7071468 0.06451523 2.681922 -0.7532155 -0.1965109 2.516455 -0.2803541 0.4328369 2.73409 -0.0803734 0.6276757 2.751703 -0.1110027 0.9036173 2.738889 -0.4781622 -0.03408325 2.708458 -0.4848767 -0.4646085 2.688037 -0.4826382 -0.8234264 2.604295 -0.2851751 -0.003507477 2.745836 -0.2508315 -0.4227458 2.65342 -0.1344474 -0.8058898 2.620552 
-0.4792471 0.6157334 2.681056 -0.4469892 0.4057819 2.702955 -0.4152321 0.1931107 2.717688 -0.6121931 0.3794973 2.679636 -0.7080085 0.06372204 2.693444 -0.7546414 -0.1964805 2.526329 -0.2817854 0.4320665 2.726274 -0.09613579 0.6553893 2.712843 -0.1430512 0.9351283 2.701372 -0.4806837 -0.03502689 2.7187 -0.4849323 -0.4658937 2.706516 -0.4783471 -0.8253222 2.619935 -0.2862663 -0.004094299 2.746142 -0.2558133 -0.4276978 2.677041 -0.1352854 -0.8055912 2.637532 
-0.4767483 0.6184538 2.703291 -0.4504997 0.4087376 2.711417 -0.4247015 0.1948868 2.71744 -0.6179463 0.38836 2.705117 -0.699932 0.07053345 2.705914 -0.7433197 -0.1965836 2.554253 -0.283053 0.4291153 2.717718 -0.1362768 0.6669672 2.641956 -0.1821035 0.9470322 2.593118 -0.4973361 -0.03094287 2.719758 -0.4895592 -0.4615224 2.701674 -0.4823324 -0.8152568 2.606034 -0.3004705 -0.006985077 2.727166 -0.2666191 -0.4348136 2.704686 -0.1392016 -0.8096474 2.633146 
-0.4721819 0.6165642 2.700993 -0.4525011 0.4067306 2.71152 -0.4323729 0.1923535 2.719528 -0.6199763 0.3912928 2.719194 -0.6913692 0.07021759 2.716698 -0.7347702 -0.1994479 2.566333 -0.2850258 0.4221684 2.703845 -0.1559558 0.6654752 2.604819 -0.1969253 0.9442844 2.54119 -0.5109869 -0.03112564 2.732061 -0.4981776 -0.4615665 2.712053 -0.4881871 -0.8202701 2.622018 -0.3135027 -0.01292166 2.723011 -0.2743691 -0.441167 2.719438 -0.1484431 -0.8189922 2.643176 
-0.4672 0.6173766 2.700244 -0.4522747 0.4063842 2.711831 -0.4369067 0.1916238 2.720607 -0.6195227 0.3951098 2.728804 -0.6861619 0.06909732 2.730464 -0.7193006 -0.1992908 2.577082 -0.2850268 0.4176586 2.694857 -0.1703964 0.6554887 2.568431 -0.2186978 0.9289392 2.487827 -0.5198174 -0.02976163 2.739357 -0.4945269 -0.4585418 2.706432 -0.4819598 -0.8162667 2.618933 -0.32326 -0.01651141 2.719409 -0.2694814 -0.4434603 2.722557 -0.1432821 -0.8160712 2.645813 
-0.4569569 0.6297095 2.714111 -0.4485163 0.416435 2.720656 -0.4392251 0.201141 2.724659 -0.6131054 0.4100037 2.756784 -0.6761394 0.07509769 2.747447 -0.6927918 -0.2028214 2.61104 -0.2839273 0.4228663 2.684529 -0.1962736 0.629611 2.502184 -0.2443351 0.8845404 2.376208 -0.5266327 -0.01793149 2.749887 -0.4884598 -0.4452206 2.708241 -0.4754861 -0.8118744 2.618362 -0.333235 -0.01037448 2.707436 -0.2669471 -0.4356309 2.726202 -0.1384239 -0.8065419 2.64379 
-0.4509514 0.6276286 2.706767 -0.4461094 0.4145702 2.719051 -0.4400176 0.1993092 2.727391 -0.6077806 0.4118302 2.766413 -0.6729119 0.08046191 2.755339 -0.6851054 -0.2032187 2.621716 -0.2844382 0.4173101 2.671688 -0.206513 0.6095836 2.467233 -0.2582986 0.8550774 2.324113 -0.5290779 -0.01756433 2.763608 -0.4855433 -0.4436927 2.715532 -0.4735198 -0.8154125 2.627212 -0.338774 -0.01433914 2.707857 -0.2643396 -0.4385901 2.718095 -0.1338883 -0.8181974 2.646488 
-0.4467127 0.630845 2.712054 -0.4447162 0.4171736 2.722184 -0.4420044 0.2017652 2.728786 -0.6050033 0.416773 2.774949 -0.6699928 0.07576077 2.766203 -0.6657506 -0.2174371 2.647796 -0.2844292 0.4175742 2.669418 -0.2177766 0.5807615 2.433197 -0.2681774 0.8157447 2.278825 -0.5334046 -0.01387843 2.766369 -0.4876261 -0.4374768 2.702474 -0.4726407 -0.811776 2.61794 -0.3451805 -0.01340807 2.704406 -0.2597726 -0.4356922 2.70862 -0.136113 -0.8116357 2.642438 
-0.4372945 0.6256654 2.716442 -0.4383919 0.4130785 2.723015 -0.4393821 0.1975448 2.726805 -0.5983153 0.4147787 2.777907 -0.652 0.08094607 2.794548 -0.6581304 -0.2125655 2.684097 -0.2784685 0.4113782 2.668122 -0.2254409 0.5184338 2.394563 -0.2808264 0.7031217 2.200949 -0.5343499 -0.01698981 2.762853 -0.4800319 -0.439829 2.698828 -0.4712493 -0.8109032 2.612989 -0.3463949 -0.01898804 2.698339 -0.2527767 -0.4397944 2.698984 -0.1293076 -0.8158278 2.642691 
-0.4349614 0.6261995 2.716817 -0.4367917 0.4134967 2.723789 -0.4381715 0.1979484 2.727895 -0.5968218 0.4155646 2.778565 -0.6484789 0.08649472 2.804247 -0.6612504 -0.2117552 2.706697 -0.2767616 0.4114287 2.669014 -0.232695 0.4906946 2.385271 -0.2827292 0.6355333 2.165217 -0.5336208 -0.01638423 2.7642 -0.4751733 -0.4402385 2.712634 -0.468855 -0.8080693 2.61544 -0.3454819 -0.01881544 2.699803 -0.2480197 -0.4387924 2.701824 -0.1303678 -0.8090304 2.647339 
-0.4325716 0.6254018 2.718036 -0.4330462 0.4130862 2.723152 -0.4334801 0.1975069 2.7259 -0.5931798 0.4141046 2.77775 -0.6467438 0.08774118 2.812134 -0.658439 -0.2143736 2.725109 -0.2729127 0.4120678 2.668554 -0.2473529 0.4663541 2.379643 -0.281104 0.5661519 2.141211 -0.5280644 -0.01747366 2.76075 -0.4714592 -0.4413766 2.706571 -0.4622561 -0.8139137 2.612109 -0.3397634 -0.01867123 2.696548 -0.2431615 -0.4388715 2.700592 -0.1259479 -0.8069697 2.643708 
-0.4280425 0.6213658 2.702914 -0.4277161 0.4096006 2.71619 -0.4282729 0.1942527 2.725995 -0.5869278 0.4126169 2.773396 -0.6454589 0.09504984 2.819542 -0.6572106 -0.2120122 2.759816 -0.2685044 0.4065844 2.658985 -0.2680711 0.3958498 2.380141 -0.2840187 0.4144041 2.116938 -0.5224462 -0.01932156 2.769436 -0.4722406 -0.4436478 2.711994 -0.4694537 -0.8175732 2.613497 -0.3352132 -0.02286868 2.702162 -0.245959 -0.4446851 2.7062 -0.1303472 -0.8151421 2.648082 
-0.4302075 0.6235191 2.710058 -0.4279076 0.4106146 2.717673 -0.4275973 0.1951396 2.723618 -0.5855744 0.4120775 2.778922 -0.6462731 0.0920575 2.824774 -0.6583174 -0.2156372 2.763148 -0.2702408 0.4091516 2.656424 -0.2740903 0.3578921 2.385048 -0.2878708 0.3466092 2.118185 -0.5200325 -0.01947484 2.765592 -0.469123 -0.4438021 2.708408 -0.470326 -0.8135141 2.607238 -0.3345417 -0.021196 2.693534 -0.2462201 -0.4432425 2.694447 -0.1299389 -0.8084587 2.635494 
