-0.3312271 0.6294938 2.806383 -0.2981059 0.4176085 2.803214 -0.2637079 0.2049968 2.795132 -0.4609232 0.3927329 2.764651 -0.5146778 0.08311923 2.73659 -0.4957706 -0.1906979 2.587494 -0.1352886 0.4424843 2.841777 0.0702592 0.3547907 2.99293 0.2335865 0.5519275 3.063356 -0.3250268 -0.02223877 2.764379 -0.3377999 -0.4513431 2.803076 -0.3112598 -0.7976768 2.743479 -0.1335932 0.007009003 2.80972 -0.07383522 -0.4199019 2.810608 0.006535767 -0.7976641 2.719368 
-0.3282714 0.629972 2.81428 -0.2965191 0.4190484 2.807761 -0.2631 0.2063787 2.796933 -0.4587219 0.3956942 2.765841 -0.5098045 0.08454657 2.731777 -0.484905 -0.1854786 2.574493 -0.1343163 0.4424027 2.84968 0.07965299 0.4059178 2.974967 0.1970846 0.6334792 3.038714 -0.3250704 -0.0200253 2.761453 -0.3384077 -0.4497742 2.792285 -0.3119306 -0.7919769 2.733536 -0.1342916 0.00744339 2.810757 -0.0756887 -0.4194208 2.800181 0.004991226 -0.790215 2.716706 
-0.3237401 0.6293868 2.821726 -0.2932688 0.4194828 2.811445 -0.2620225 0.2066596 2.797585 -0.4554803 0.398479 2.76827 -0.5043821 0.08077246 2.73287 -0.4782756 -0.1827208 2.561613 -0.1310572 0.4404866 2.85462 0.08933797 0.4684644 2.969994 0.1602619 0.7221228 3.015344 -0.3261568 -0.01851385 2.758339 -0.3388032 -0.4472127 2.800833 -0.313575 -0.7961019 2.734615 -0.1353957 0.006186706 2.809113 -0.07562607 -0.4205935 2.797187 0.004727997 -0.7905726 2.717709 
-0.3165593 0.6271284 2.821461 -0.2880883 0.4171981 2.812452 -0.258897 0.2040257 2.799164 -0.4506858 0.3975789 2.77 -0.5016816 0.0813927 2.733443 -0.4705237 -0.1800319 2.56338 -0.1254908 0.4368173 2.854905 0.09218311 0.5222282 2.958991 0.1248053 0.7893656 2.98171 -0.3253101 -0.0206825 2.760914 -0.3348468 -0.4480924 2.815095 -0.3113994 -0.7984779 2.737438 -0.1341011 0.002388977 2.810836 -0.07256537 -0.4242333 2.800393 0.009680664 -0.8009577 2.71541 
-0.305936 0.6223544 2.821365 -0.2797269 0.4131041 2.81335 -0.2539545 0.1994006 2.801872 -0.4435432 0.3953996 2.775157 -0.4998161 0.07667151 2.735278 -0.4592319 -0.1858208 2.572254 -0.1159106 0.4308085 2.851543 0.0846171 0.5826398 2.922023 0.08330002 0.8554314 2.940133 -0.3245443 -0.02471715 2.767926 -0.3327707 -0.4523837 2.821443 -0.3118628 -0.8046867 2.73795 -0.1318201 -0.003888474 2.81286 -0.0698323 -0.4305313 2.805461 0.01545626 -0.8148627 2.70186 
-0.299221 0.6160457 2.810283 -0.2736093 0.4066078 2.809655 -0.2481975 0.1926786 2.803679 -0.4378723 0.3880997 2.773713 -0.4888648 0.07581134 2.740631 -0.4557393 -0.192876 2.591032 -0.1093463 0.4251159 2.845597 0.0803412 0.617854 2.889019 0.05090861 0.8923796 2.893372 -0.3193668 -0.03213286 2.776571 -0.3255254 -0.4607454 2.822184 -0.306697 -0.8122607 2.735571 -0.1262044 -0.01036851 2.818836 -0.06509454 -0.4371872 2.813807 0.02221328 -0.8212544 2.698853 
-0.2926866 0.6175994 2.815778 -0.269818 0.4068395 2.812556 -0.2472174 0.1926117 2.805207 -0.4352794 0.3904402 2.78176 -0.4829523 0.0744119 2.748857 -0.4559934 -0.1979323 2.611613 -0.1043566 0.4232388 2.843352 0.07415207 0.6449125 2.858555 0.03086873 0.921573 2.850443 -0.3219547 -0.03126361 2.779742 -0.3303929 -0.4608442 2.813413 -0.3130308 -0.8010721 2.732137 -0.1272787 -0.01196878 2.815974 -0.06587517 -0.4383343 2.799753 0.01215417 -0.8114783 2.695075 
-0.2857227 0.6203983 2.807565 -0.2650606 0.408657 2.809263 -0.245592 0.1940508 2.804512 -0.4318385 0.3940312 2.786507 -0.4819089 0.07015243 2.760015 -0.4568204 -0.2006322 2.623739 -0.09828273 0.4232829 2.832018 0.07063644 0.6610184 2.817839 0.0134635 0.9370801 2.813076 -0.3242809 -0.02916356 2.786368 -0.3285991 -0.4587145 2.822379 -0.3140736 -0.799365 2.733055 -0.1279657 -0.0119474 2.813153 -0.06377245 -0.4381108 2.802323 0.01349154 -0.8134151 2.692614 
-0.280167 0.6294676 2.806464 -0.260996 0.4164525 2.810756 -0.2432498 0.201643 2.807586 -0.4285785 0.4026965 2.804764 -0.4833658 0.07051419 2.780081 -0.4614254 -0.2067081 2.658325 -0.09341349 0.4302085 2.816748 0.0623941 0.6660824 2.767509 -0.0003848534 0.9401573 2.738771 -0.3244643 -0.02128975 2.800877 -0.320365 -0.4514526 2.826558 -0.3126829 -0.7944024 2.73815 -0.1265429 -0.005043381 2.807955 -0.0596441 -0.4309127 2.802613 0.01551032 -0.8072791 2.682945 
-0.2716132 0.6311992 2.815491 -0.2565037 0.4180745 2.815024 -0.2421826 0.2031418 2.807957 -0.423901 0.4066195 2.824189 -0.4793633 0.07487079 2.797639 -0.4661863 -0.2089216 2.686347 -0.08910641 0.4295295 2.805859 0.05054282 0.6603903 2.726479 -0.007271252 0.9314095 2.675508 -0.3264259 -0.01853571 2.806287 -0.3206499 -0.4491737 2.822495 -0.3131612 -0.7959596 2.731634 -0.1292969 -0.005046173 2.795495 -0.06181326 -0.4305555 2.804804 0.01157498 -0.81603 2.674044 
-0.2680786 0.6272045 2.830387 -0.2549149 0.41621 2.819704 -0.2420903 0.2015526 2.80618 -0.4214886 0.4049529 2.840423 -0.4794205 0.07809201 2.815339 -0.4703728 -0.2114038 2.709994 -0.08834121 0.4274671 2.798984 0.04357028 0.6524989 2.688835 -0.0134646 0.916291 2.612486 -0.3271067 -0.0197168 2.804826 -0.3153393 -0.4504378 2.816523 -0.31154 -0.8004331 2.721967 -0.1314248 -0.006492554 2.780486 -0.05894997 -0.4313267 2.788584 0.006130661 -0.8085275 2.685604 
-0.2616007 0.6317857 2.847849 -0.2524271 0.4208483 2.827623 -0.2429444 0.2067042 2.8066 -0.4157443 0.4099531 2.864938 -0.4791136 0.08432513 2.833307 -0.4723442 -0.2120883 2.751962 -0.08910988 0.4317435 2.790308 0.03495136 0.6299011 2.637144 -0.01932558 0.8861907 2.532742 -0.3297044 -0.01386035 2.807566 -0.3164008 -0.4444981 2.822926 -0.3126419 -0.7951341 2.728857 -0.1372189 -0.001019287 2.763587 -0.05578083 -0.4238343 2.78103 0.0008895836 -0.8021631 2.687391 
-0.2567679 0.6344369 2.857246 -0.2535384 0.4233251 2.833149 -0.2504115 0.2094799 2.807792 -0.4142295 0.4151954 2.881896 -0.4747299 0.08578915 2.852295 -0.4736284 -0.2114197 2.773607 -0.0928473 0.4314547 2.784401 0.02986318 0.6027778 2.597866 -0.0184829 0.849189 2.463562 -0.3416455 -0.009139114 2.811062 -0.325098 -0.4397754 2.824245 -0.319375 -0.7970723 2.7299 -0.1529235 0.0004086762 2.753811 -0.0661521 -0.4186504 2.797885 -0.002213825 -0.8180228 2.68016 
-0.2497826 0.6348913 2.861299 -0.2506551 0.4235658 2.836322 -0.2522194 0.2097196 2.8102 -0.4096994 0.4179607 2.891732 -0.4668906 0.08641455 2.870707 -0.4754121 -0.2119994 2.792041 -0.09161071 0.4291709 2.780912 0.02392874 0.572854 2.564055 -0.02038286 0.8006762 2.401183 -0.3470919 -0.007414932 2.816586 -0.3174883 -0.4372883 2.824124 -0.3103023 -0.797048 2.7324 -0.1604755 -0.00083815 2.751569 -0.05597739 -0.4160098 2.795203 0.0006180191 -0.8140508 2.695617 
-0.2395471 0.6273115 2.864493 -0.2456945 0.4171095 2.839345 -0.2526648 0.2033631 2.812417 -0.402532 0.4143077 2.902182 -0.4549769 0.09186551 2.89846 -0.480949 -0.2118006 2.824229 -0.08885711 0.4199114 2.776509 0.005483467 0.5141932 2.51906 -0.01290289 0.6675586 2.295581 -0.3517459 -0.01202879 2.822392 -0.3119751 -0.4409025 2.808422 -0.3047734 -0.7959456 2.731381 -0.1675242 -0.008737777 2.748584 -0.04784495 -0.4200778 2.794208 0.007688095 -0.8173991 2.694368 
-0.2365765 0.6273798 2.864844 -0.2420838 0.4167549 2.839385 -0.249012 0.2030053 2.812211 -0.4004715 0.4143823 2.898431 -0.4504854 0.08993051 2.904729 -0.4756144 -0.2167462 2.838612 -0.08369604 0.4191276 2.780339 0.00274443 0.491598 2.506532 -0.008703143 0.5882915 2.262731 -0.3490415 -0.01213905 2.819743 -0.3064524 -0.4409367 2.807876 -0.3006742 -0.7965609 2.727098 -0.1628392 -0.009349747 2.750328 -0.0442218 -0.4211719 2.796299 0.01773793 -0.8223461 2.690215 
-0.2301963 0.6242787 2.854019 -0.2376095 0.4135585 2.8346 -0.2463672 0.1993542 2.812354 -0.3953731 0.4136843 2.895498 -0.4472084 0.08794745 2.912892 -0.4742113 -0.220447 2.855652 -0.07984594 0.4134326 2.773702 -0.002611313 0.4638149 2.496748 -0.005686988 0.51827 2.239776 -0.3478677 -0.01477609 2.825908 -0.3052119 -0.4437074 2.82303 -0.3030377 -0.8008635 2.734545 -0.1623821 -0.01492407 2.754309 -0.04919792 -0.4284318 2.79945 0.01649998 -0.8284395 2.688207 
