-0.4639634 0.6198816 2.605828 -0.4415604 0.4125908 2.603587 -0.4170671 0.204453 2.598522 -0.5909635 0.3967408 2.532444 -0.673354 0.0661882 2.54712 -0.660854 -0.2212438 2.434305 -0.2921572 0.4284407 2.674731 -0.1270738 0.3821868 2.898611 0.04236528 0.5679638 3.032257 -0.4794499 -0.01290138 2.552087 -0.5148006 -0.4244296 2.623919 -0.5485709 -0.8319431 2.539144 -0.3056977 0.005531753 2.634825 -0.2701665 -0.4087744 2.674109 -0.1562206 -0.829446 2.583707 
-0.4636053 0.6191007 2.604114 -0.440089 0.4115691 2.603309 -0.4150488 0.2034722 2.599001 -0.589877 0.3950011 2.532985 -0.6736765 0.06359173 2.544558 -0.6556421 -0.2174749 2.417137 -0.2903011 0.4281372 2.673632 -0.1135358 0.4450959 2.886301 0.009908363 0.6759623 2.990273 -0.4770882 -0.01425659 2.55381 -0.5170055 -0.4246312 2.629658 -0.5499403 -0.8314442 2.544894 -0.3029288 0.005007172 2.635576 -0.2764286 -0.4094997 2.68493 -0.1423385 -0.8437576 2.559883 
-0.4598921 0.6198046 2.604773 -0.4370941 0.4133529 2.604574 -0.4125257 0.2051956 2.600226 -0.5886044 0.39686 2.53806 -0.6728386 0.06429397 2.546785 -0.6441026 -0.2091824 2.406991 -0.2855839 0.4298458 2.671088 -0.1047682 0.4960491 2.871156 -0.02341831 0.7538294 2.956234 -0.4760818 -0.01255469 2.55719 -0.5159224 -0.4232306 2.631637 -0.5521177 -0.8323409 2.545983 -0.2998327 0.006631195 2.634564 -0.2797625 -0.4075055 2.692522 -0.127486 -0.8509943 2.536044 
-0.4573407 0.6210064 2.60251 -0.4331121 0.4149101 2.606911 -0.4086269 0.206707 2.604913 -0.5889348 0.3971111 2.552092 -0.6711742 0.05880322 2.544695 -0.6234099 -0.2085086 2.396848 -0.2772894 0.4327091 2.661729 -0.09841443 0.5797894 2.818794 -0.07383509 0.8642343 2.851875 -0.4748333 -0.01185544 2.57101 -0.518342 -0.4220627 2.64612 -0.5531273 -0.836248 2.54688 -0.2934503 0.00886322 2.634821 -0.2709848 -0.4052878 2.689138 -0.1401165 -0.843066 2.554698 
-0.4551632 0.6240692 2.621029 -0.4318278 0.4177316 2.614615 -0.4097059 0.2096438 2.604791 -0.5907105 0.4029923 2.569042 -0.6693074 0.06102951 2.548865 -0.6185513 -0.2049148 2.401819 -0.2729451 0.4324709 2.660187 -0.09692964 0.6082121 2.779526 -0.09375597 0.8983137 2.797584 -0.480097 -0.00702626 2.568432 -0.5208569 -0.4196943 2.628582 -0.5592545 -0.8272015 2.539342 -0.295071 0.01013832 2.621504 -0.2816266 -0.4031009 2.686693 -0.1315295 -0.8529613 2.523769 
-0.4508772 0.6217621 2.621248 -0.4277118 0.4153577 2.615267 -0.4065839 0.2070553 2.606164 -0.588661 0.4006823 2.577527 -0.6591334 0.05749732 2.556448 -0.6140039 -0.2039577 2.399017 -0.2667627 0.4300332 2.653007 -0.09294951 0.6301259 2.740797 -0.1078645 0.9201382 2.735432 -0.4790512 -0.00978125 2.575114 -0.5100449 -0.4230525 2.637111 -0.5528029 -0.8351591 2.548516 -0.2918607 0.007286896 2.619007 -0.2798533 -0.4015117 2.706833 -0.1169483 -0.8625264 2.524025 
-0.4450016 0.6239673 2.645127 -0.4293145 0.4181647 2.626826 -0.4159396 0.2098292 2.609494 -0.5940405 0.4087607 2.612748 -0.650525 0.06075629 2.58026 -0.6178338 -0.1953604 2.410995 -0.2645884 0.4275686 2.640903 -0.1042532 0.6438667 2.652928 -0.1310463 0.9289139 2.601244 -0.4984353 -0.003979294 2.583969 -0.5146322 -0.4200625 2.630131 -0.5641598 -0.8232157 2.548742 -0.3066941 0.006966904 2.600355 -0.2689773 -0.404166 2.665071 -0.1600577 -0.8330712 2.56247 
-0.4291319 0.6242361 2.649784 -0.4212784 0.4175478 2.628604 -0.4148905 0.2089069 2.610097 -0.5866683 0.4118843 2.635367 -0.6496975 0.0664697 2.607437 -0.6079581 -0.1922008 2.446162 -0.2558885 0.4232112 2.621842 -0.1105229 0.6409858 2.564491 -0.1509818 0.9128973 2.46885 -0.5047464 -0.003029724 2.595526 -0.5063828 -0.4195918 2.641301 -0.5560957 -0.8249018 2.551436 -0.3122588 0.003561646 2.587655 -0.2572428 -0.4040796 2.660604 -0.1677777 -0.8280451 2.588921 
-0.4236998 0.6249154 2.654192 -0.4189279 0.4190135 2.631415 -0.4158699 0.210425 2.611353 -0.5840781 0.4152111 2.645777 -0.6438861 0.06175528 2.619269 -0.6032579 -0.2011111 2.460129 -0.2537776 0.4228159 2.617054 -0.115436 0.6319239 2.518557 -0.1596452 0.894128 2.40017 -0.5087501 -0.0003724213 2.599633 -0.5062141 -0.4175964 2.639441 -0.5585591 -0.832222 2.547076 -0.3168736 0.004045334 2.582947 -0.2631872 -0.399226 2.678488 -0.1573889 -0.8402591 2.566388 
-0.4179957 0.6261528 2.659856 -0.415693 0.4205281 2.634884 -0.4145464 0.2120606 2.613176 -0.5804409 0.4175289 2.654983 -0.6359736 0.07239761 2.638654 -0.6114587 -0.1957468 2.484895 -0.2509452 0.4235272 2.614785 -0.1254488 0.6148071 2.472677 -0.1660966 0.8703296 2.338191 -0.5091118 0.001850662 2.603144 -0.5013703 -0.4154291 2.6423 -0.5549691 -0.8336891 2.544395 -0.3176877 0.005335465 2.57979 -0.2470258 -0.3996315 2.653848 -0.1714758 -0.8204519 2.59979 
-0.4086727 0.6253401 2.663852 -0.4108859 0.4213645 2.63906 -0.4144475 0.2129464 2.617411 -0.5742708 0.4210194 2.669262 -0.6319845 0.07959158 2.670475 -0.6210804 -0.1981361 2.53323 -0.2475008 0.4217096 2.608857 -0.134369 0.5639881 2.397581 -0.182644 0.7949554 2.22877 -0.5129857 0.004327606 2.61332 -0.4967023 -0.4135891 2.641696 -0.5578141 -0.8349573 2.550484 -0.3230325 0.00472879 2.578206 -0.2650175 -0.3920179 2.696094 -0.143527 -0.8526787 2.545158 
-0.4037507 0.6255243 2.661218 -0.4090014 0.4211958 2.639018 -0.4154799 0.2126318 2.619434 -0.570829 0.4227137 2.676386 -0.6284468 0.07576264 2.677301 -0.6236681 -0.207621 2.560062 -0.2471738 0.4196779 2.601649 -0.1466396 0.5295135 2.36585 -0.1880536 0.7430177 2.179214 -0.5161099 0.004950958 2.621591 -0.4931562 -0.4129178 2.645359 -0.5570422 -0.8336077 2.550946 -0.3278069 0.003184723 2.578109 -0.2491632 -0.3964417 2.668488 -0.1701913 -0.8273407 2.584149 
-0.3977675 0.6254593 2.668395 -0.4074422 0.4205537 2.642978 -0.4164788 0.2123723 2.620547 -0.5673301 0.4226679 2.687769 -0.6242899 0.07193866 2.6872 -0.626609 -0.2152323 2.582048 -0.2475542 0.4184394 2.598187 -0.1528821 0.4971899 2.340495 -0.1917792 0.6791866 2.132527 -0.5185249 0.005420777 2.624172 -0.4904443 -0.4122851 2.645729 -0.5569765 -0.8336539 2.544371 -0.3325062 0.002961029 2.572061 -0.2559912 -0.3923927 2.683093 -0.1538955 -0.8406001 2.555001 
-0.3867624 0.6231409 2.654552 -0.40154 0.4172778 2.637562 -0.4160363 0.2089701 2.621023 -0.5602291 0.4244698 2.686068 -0.6205731 0.0709202 2.7077 -0.6336821 -0.2233228 2.621567 -0.2428509 0.4100858 2.589055 -0.1723944 0.4656311 2.316257 -0.2016566 0.5881316 2.08512 -0.5228044 0.004844253 2.632689 -0.4851483 -0.4120818 2.653596 -0.5585002 -0.8325974 2.553348 -0.3382607 -0.003519516 2.576279 -0.2579954 -0.3942658 2.701897 -0.141784 -0.8572002 2.543188 
-0.3818538 0.6290636 2.656665 -0.3992526 0.4225953 2.640098 -0.4169841 0.2144376 2.62396 -0.5556772 0.4316516 2.695158 -0.6147804 0.07196286 2.727407 -0.6379954 -0.2271397 2.645948 -0.242828 0.413539 2.585038 -0.1891877 0.4343006 2.304202 -0.2045263 0.4998596 2.058141 -0.5256981 0.0115473 2.639848 -0.4802524 -0.4048519 2.653267 -0.5580259 -0.8288268 2.548038 -0.3437332 0.00101239 2.575798 -0.2459756 -0.3942384 2.664742 -0.1612334 -0.8255277 2.584893 
