-0.5044932 0.6301512 2.739321 -0.4514142 0.423017 2.777525 -0.4019828 0.2148515 2.803954 -0.6122524 0.3808581 2.746288 -0.6190776 0.07191993 2.786473 -0.5548145 -0.2027248 2.697819 -0.290576 0.4651758 2.808761 -0.02955982 0.4809236 2.911578 0.02327258 0.7422342 2.890172 -0.4471792 -0.01811781 2.812005 -0.4922284 -0.4458139 2.781233 -0.4932902 -0.8006626 2.617596 -0.2579235 0.03148979 2.848761 -0.2380455 -0.3988085 2.855203 -0.1830006 -0.770031 2.861335 
-0.5079642 0.6349396 2.748766 -0.4531009 0.4273232 2.782849 -0.4024837 0.2192743 2.808003 -0.6140389 0.3845471 2.752902 -0.6210233 0.07943582 2.791365 -0.5555293 -0.1931573 2.697223 -0.292163 0.4700993 2.812795 -0.02879157 0.5324594 2.896283 -0.01132423 0.8060507 2.879743 -0.4465268 -0.01393474 2.815544 -0.4885647 -0.4414675 2.778995 -0.4937698 -0.8090866 2.613039 -0.2572061 0.0363853 2.850772 -0.2369346 -0.394131 2.854151 -0.1834564 -0.7864273 2.858673 
-0.5107931 0.6306879 2.743464 -0.4534603 0.4245379 2.782616 -0.4011247 0.2173433 2.810937 -0.6144793 0.3801818 2.755664 -0.6196643 0.08444785 2.795563 -0.5552792 -0.1865524 2.696083 -0.2924414 0.4688939 2.809567 -0.0323793 0.5722536 2.870626 -0.03762692 0.8502201 2.843146 -0.4435028 -0.01594226 2.823406 -0.486228 -0.4426193 2.778907 -0.4906715 -0.813139 2.620613 -0.2540753 0.0362395 2.855113 -0.2377892 -0.394521 2.860078 -0.179445 -0.785805 2.862158 
-0.5117928 0.6165491 2.739215 -0.4496652 0.4133891 2.78128 -0.3937906 0.2074245 2.81182 -0.6115801 0.3672194 2.766139 -0.6036707 0.07597846 2.800055 -0.5456503 -0.19346 2.692655 -0.2877504 0.4595589 2.79642 -0.05182034 0.6228343 2.811353 -0.09031498 0.9038465 2.777254 -0.4331666 -0.02570068 2.833453 -0.478893 -0.4495182 2.769556 -0.4883098 -0.8154707 2.620173 -0.2426652 0.02862045 2.851267 -0.2357344 -0.4024629 2.849689 -0.1773734 -0.7896592 2.857936 
-0.5079655 0.6082194 2.738681 -0.4452926 0.4051669 2.779866 -0.3880217 0.1994513 2.809555 -0.6075811 0.3587632 2.771394 -0.6028117 0.06924524 2.803353 -0.5327421 -0.1949175 2.690905 -0.2830042 0.4515705 2.788339 -0.06892277 0.6443945 2.77365 -0.1075986 0.925313 2.735114 -0.4262118 -0.03355971 2.83426 -0.4763251 -0.4562081 2.765759 -0.4864472 -0.8184011 2.614706 -0.2352898 0.0210312 2.844228 -0.2323834 -0.4101177 2.845186 -0.1737052 -0.7928979 2.853375 
-0.5075706 0.6028901 2.748872 -0.4423178 0.4007737 2.78276 -0.3815069 0.1954185 2.80664 -0.6042717 0.3526888 2.781675 -0.6003759 0.05896588 2.807293 -0.5247039 -0.2029626 2.692923 -0.2803639 0.4488586 2.783845 -0.08882461 0.6501712 2.740127 -0.1236339 0.9277126 2.681822 -0.4159687 -0.03822359 2.829881 -0.4754227 -0.4599822 2.76363 -0.4824522 -0.8114206 2.612597 -0.2254235 0.01835017 2.831157 -0.2259452 -0.4127347 2.838053 -0.1701471 -0.7913332 2.851163 
-0.5041496 0.6006187 2.754061 -0.4399181 0.3974949 2.783803 -0.3794405 0.1916706 2.804632 -0.6013486 0.3514442 2.797464 -0.5981848 0.05323337 2.817616 -0.5256256 -0.209411 2.702574 -0.2784875 0.4435457 2.770142 -0.1151937 0.6506358 2.688591 -0.1480815 0.9193329 2.600837 -0.4141865 -0.04131789 2.83352 -0.4850389 -0.4617974 2.770962 -0.4889857 -0.8123791 2.620211 -0.2237395 0.01301036 2.817403 -0.2310618 -0.4174145 2.837145 -0.178666 -0.7891746 2.847419 
-0.499346 0.5971045 2.758281 -0.4390728 0.3940675 2.785686 -0.3821771 0.1870802 2.805078 -0.5999051 0.3523501 2.812278 -0.5949725 0.05429428 2.826989 -0.5316288 -0.210287 2.711139 -0.2782405 0.435785 2.759093 -0.1343541 0.6466455 2.644748 -0.1644475 0.9037597 2.52809 -0.4199479 -0.04446211 2.840122 -0.4923081 -0.4653381 2.781311 -0.4963081 -0.812771 2.621874 -0.2306149 0.004647965 2.808817 -0.2383648 -0.4246526 2.843974 -0.1851276 -0.7922257 2.851964 
-0.4952837 0.5922908 2.758782 -0.4374031 0.3885258 2.78505 -0.3826371 0.1809093 2.804146 -0.5980735 0.3491488 2.817726 -0.5949416 0.05491043 2.83882 -0.5382685 -0.2098861 2.719986 -0.2767327 0.4279028 2.752374 -0.1528488 0.633918 2.606985 -0.18127 0.8772645 2.463808 -0.422157 -0.04981474 2.842416 -0.4914753 -0.4711136 2.782524 -0.4923804 -0.8191215 2.614754 -0.2335851 -0.003599655 2.804066 -0.2300088 -0.4329599 2.839918 -0.1800906 -0.7932259 2.857398 
-0.495644 0.5965569 2.779443 -0.442485 0.3908105 2.79505 -0.3920551 0.1816939 2.807143 -0.5989273 0.3561116 2.847412 -0.5974945 0.05213306 2.856102 -0.545575 -0.212244 2.733902 -0.2860428 0.4255096 2.742687 -0.1713846 0.6112483 2.525124 -0.2144493 0.8298166 2.345951 -0.433638 -0.04783121 2.850034 -0.5024117 -0.4691247 2.789395 -0.4939477 -0.8138242 2.610054 -0.2496122 -0.00701416 2.788439 -0.2352194 -0.4353212 2.83424 -0.1873187 -0.777024 2.847734 
-0.495896 0.597706 2.779377 -0.4449922 0.3905358 2.796183 -0.3972927 0.1807456 2.808825 -0.6000034 0.3588273 2.854864 -0.5991672 0.05623291 2.866572 -0.5467651 -0.205275 2.738613 -0.2899811 0.4222443 2.737502 -0.1866778 0.5866297 2.50013 -0.2225048 0.7812499 2.301136 -0.4406569 -0.04767224 2.85594 -0.5023 -0.4708793 2.801849 -0.4936016 -0.8186572 2.614837 -0.2585295 -0.01041696 2.786994 -0.2349503 -0.4372503 2.841338 -0.1859237 -0.7869599 2.859352 
-0.507861 0.6102967 2.779773 -0.4531678 0.4017622 2.799359 -0.4033645 0.1924603 2.812608 -0.6072291 0.3689742 2.860509 -0.602055 0.05640347 2.875825 -0.5493976 -0.2043066 2.746239 -0.2991064 0.43455 2.738208 -0.1948405 0.5593223 2.474549 -0.2304561 0.7280332 2.261214 -0.4440437 -0.0360983 2.861772 -0.50018 -0.4586296 2.797869 -0.4900916 -0.8043199 2.617197 -0.2630788 0.002415344 2.789942 -0.2317148 -0.4234749 2.848124 -0.1801609 -0.7659754 2.865835 
-0.5113133 0.6172585 2.780979 -0.4543715 0.4082716 2.801444 -0.4030986 0.199287 2.814503 -0.6075473 0.3746401 2.864641 -0.6009234 0.06156311 2.882538 -0.5571942 -0.202507 2.756833 -0.3011956 0.4419032 2.738247 -0.2079312 0.5306633 2.453259 -0.235391 0.6705171 2.226061 -0.4418413 -0.02946167 2.8647 -0.4929448 -0.4523351 2.798378 -0.4835804 -0.806799 2.6146 -0.26181 0.01006635 2.790424 -0.2283682 -0.416285 2.844658 -0.1746061 -0.7722607 2.863471 
-0.5169645 0.62221 2.791068 -0.4592512 0.4133349 2.807294 -0.4059902 0.2046701 2.816536 -0.6103185 0.3777468 2.874386 -0.6021742 0.06861228 2.89597 -0.5655687 -0.1984317 2.774398 -0.3081839 0.448923 2.740203 -0.2230126 0.4902919 2.439593 -0.2389947 0.5747356 2.191478 -0.4415632 -0.02492204 2.86523 -0.4933244 -0.4461255 2.789634 -0.4866006 -0.8126773 2.610875 -0.263895 0.01693269 2.786324 -0.2346923 -0.4094021 2.843395 -0.1780209 -0.7685851 2.858402 
-0.5158476 0.612136 2.794647 -0.4590684 0.4038057 2.807391 -0.4043888 0.195404 2.814301 -0.6107033 0.3661675 2.872149 -0.599205 0.07299429 2.900455 -0.5748819 -0.2001088 2.790949 -0.3074335 0.4414439 2.742633 -0.2369957 0.4486618 2.43631 -0.236795 0.4789732 2.173988 -0.4388569 -0.03512552 2.859283 -0.4926544 -0.45683 2.78763 -0.4832147 -0.8247893 2.603268 -0.2605613 0.00913028 2.78314 -0.2298748 -0.4169491 2.841667 -0.1735606 -0.7890245 2.860066 
-0.5101345 0.6072349 2.800653 -0.4573764 0.398257 2.809455 -0.4072548 0.1886806 2.8146 -0.6070051 0.3642139 2.880386 -0.593214 0.06684216 2.91091 -0.5956123 -0.2203122 2.848276 -0.3077476 0.4323 2.738523 -0.2432407 0.3546402 2.437933 -0.2313032 0.3311339 2.168095 -0.4451863 -0.04092935 2.861488 -0.5019528 -0.4637717 2.800867 -0.4938562 -0.8158395 2.614837 -0.2690803 -0.0008623047 2.778005 -0.2459725 -0.428021 2.831943 -0.1842107 -0.7919214 2.859514 
