-0.5340481 0.6031181 2.538364 -0.5014454 0.3986594 2.542111 -0.4659471 0.1921821 2.548296 -0.6392705 0.3722883 2.452789 -0.69274 0.02827701 2.442207 -0.5861213 -0.2372191 2.324503 -0.3636203 0.4250305 2.631433 -0.2889014 0.319132 2.877531 -0.09259506 0.4178172 3.063869 -0.5105965 -0.02963042 2.50254 -0.50339 -0.4482449 2.523191 -0.5434136 -0.8359981 2.50585 -0.3503011 0.001040054 2.606424 -0.2666462 -0.4090731 2.628465 -0.1058934 -0.8477443 2.485107 
-0.5270897 0.6066135 2.542918 -0.4943241 0.4020714 2.543199 -0.4597806 0.1953601 2.546318 -0.6335468 0.3774836 2.455562 -0.6838856 0.02964682 2.443603 -0.5788854 -0.2350422 2.323719 -0.3551014 0.4266592 2.630835 -0.2559714 0.3730515 2.879781 -0.08826218 0.5354829 3.04145 -0.5062103 -0.02565173 2.498467 -0.4995899 -0.4443466 2.518915 -0.5399715 -0.8341748 2.497267 -0.3442638 0.00294931 2.600408 -0.2581459 -0.4066552 2.623807 -0.1022709 -0.8478655 2.479945 
-0.5165495 0.6014023 2.536682 -0.4823912 0.397417 2.541755 -0.4464852 0.1911069 2.54978 -0.6210781 0.369873 2.45416 -0.676931 0.02982422 2.44278 -0.5705962 -0.2342756 2.327024 -0.3437043 0.4249611 2.62935 -0.2279996 0.4175243 2.87491 -0.0907953 0.6241297 3.016324 -0.4912411 -0.03122324 2.506859 -0.4866543 -0.4489937 2.539731 -0.5311978 -0.8461399 2.508045 -0.3299175 0.0008166199 2.608752 -0.2492599 -0.409021 2.642846 -0.09178331 -0.8540221 2.489327 
-0.50076 0.6074462 2.534061 -0.4672638 0.4022067 2.543968 -0.4316717 0.19592 2.554413 -0.6087992 0.3736153 2.46158 -0.6664158 0.03688828 2.454392 -0.5617496 -0.2252819 2.34284 -0.3257285 0.4307982 2.626355 -0.1894638 0.483301 2.852462 -0.09451734 0.7262427 2.970377 -0.4784369 -0.02700366 2.516917 -0.4894642 -0.4444084 2.550585 -0.5342723 -0.8380641 2.509872 -0.3137222 0.006270233 2.612797 -0.2377492 -0.4049305 2.641334 -0.09237438 -0.8449911 2.488551 
-0.4866968 0.6085114 2.533255 -0.4544543 0.40391 2.546024 -0.4209296 0.1973275 2.557695 -0.5994777 0.3760725 2.469857 -0.6596777 0.04491559 2.469245 -0.557383 -0.218279 2.352922 -0.309431 0.4317476 2.622192 -0.1597093 0.530692 2.822771 -0.088505 0.7942945 2.919513 -0.4717936 -0.02545354 2.525044 -0.4890585 -0.4425661 2.561418 -0.5409743 -0.8421256 2.507504 -0.3030163 0.006943619 2.613687 -0.2402459 -0.4057984 2.648759 -0.09658534 -0.85203 2.484662 
-0.4711379 0.6065311 2.534394 -0.441781 0.4028274 2.548145 -0.4106754 0.1958323 2.559307 -0.5902982 0.3767545 2.478505 -0.6503474 0.05094681 2.480676 -0.5532289 -0.2123604 2.359885 -0.2932637 0.4289003 2.617786 -0.1383669 0.5718587 2.793941 -0.09208394 0.8523554 2.860993 -0.465979 -0.02633228 2.52995 -0.487382 -0.4434712 2.565017 -0.5415421 -0.8452478 2.504543 -0.2931608 0.004006836 2.610986 -0.233962 -0.4097724 2.641287 -0.09979504 -0.8522701 2.48115 
-0.4523168 0.6103871 2.541013 -0.4240321 0.4057435 2.553089 -0.3959981 0.1982209 2.562068 -0.5771939 0.3824953 2.493971 -0.6427433 0.0514873 2.492933 -0.5498921 -0.2113468 2.374402 -0.2708704 0.4289917 2.612207 -0.1157575 0.6219043 2.734096 -0.09260242 0.9151044 2.772436 -0.4571919 -0.0228455 2.536606 -0.4826491 -0.4396473 2.573539 -0.5398905 -0.8432071 2.506915 -0.2787361 0.00424205 2.605487 -0.2209961 -0.4096603 2.638205 -0.09538048 -0.849924 2.480376 
-0.4383514 0.61259 2.55479 -0.4109389 0.4075863 2.559801 -0.3851657 0.1996608 2.564173 -0.5676457 0.3871087 2.509706 -0.6360009 0.05430564 2.505996 -0.5417928 -0.2065043 2.384233 -0.2542321 0.4280639 2.609896 -0.1036413 0.6409228 2.686859 -0.08740956 0.9373852 2.689994 -0.4505447 -0.02017595 2.539405 -0.4783541 -0.4365692 2.579469 -0.5417527 -0.8431804 2.50426 -0.2682402 0.003646591 2.597683 -0.2077722 -0.4105472 2.611441 -0.1242443 -0.8311942 2.534272 
-0.4234199 0.6178925 2.56927 -0.399092 0.4119683 2.566366 -0.3768896 0.2036324 2.565709 -0.5592862 0.3950174 2.528004 -0.6271788 0.05574023 2.526081 -0.5427583 -0.2047565 2.394271 -0.2388977 0.4289192 2.604728 -0.09754296 0.6515152 2.618707 -0.09229255 0.9440164 2.576509 -0.4479643 -0.0145735 2.542715 -0.4776524 -0.4301983 2.588807 -0.5449248 -0.8402512 2.505471 -0.2614101 0.005166641 2.587389 -0.2122477 -0.4093488 2.618226 -0.1194721 -0.8378183 2.513173 
-0.4106823 0.622344 2.577817 -0.3952491 0.4154935 2.57012 -0.3814614 0.2066115 2.565638 -0.5584931 0.4051665 2.549232 -0.6172669 0.06293253 2.54842 -0.5434736 -0.1977663 2.409332 -0.232005 0.4258206 2.591008 -0.09860682 0.6530626 2.558201 -0.09711376 0.9394237 2.481377 -0.4630147 -0.00830188 2.548957 -0.4916729 -0.423205 2.601624 -0.5637267 -0.8390839 2.50713 -0.2723327 0.003760925 2.573356 -0.2330547 -0.4088681 2.628288 -0.1292917 -0.8471066 2.490619 
-0.4032846 0.6221397 2.582279 -0.3922256 0.4154862 2.572257 -0.3828058 0.2063225 2.566062 -0.5570081 0.408351 2.562605 -0.6146891 0.0679812 2.5643 -0.5484983 -0.1978074 2.422696 -0.2274431 0.4226213 2.581909 -0.1010477 0.6483351 2.5026 -0.1080482 0.9267474 2.397933 -0.4690359 -0.006982849 2.554264 -0.4824175 -0.4228869 2.602989 -0.5555215 -0.8443139 2.505711 -0.2777361 0.001300537 2.565469 -0.2294553 -0.4061046 2.644868 -0.1190638 -0.8528203 2.488065 
-0.3929318 0.6230562 2.597957 -0.3878698 0.4174104 2.57923 -0.3820585 0.2082823 2.567012 -0.5535251 0.4124655 2.585079 -0.6170227 0.07780826 2.591841 -0.5586832 -0.1866727 2.439379 -0.2222145 0.4223554 2.573381 -0.1076211 0.61528 2.412348 -0.1270706 0.8664407 2.252887 -0.4724323 -0.003716919 2.55819 -0.4757165 -0.4195645 2.610789 -0.5488286 -0.8479802 2.503064 -0.2800622 0.002025482 2.551398 -0.2234716 -0.4014793 2.647941 -0.118907 -0.8494931 2.490433 
-0.3894028 0.6216373 2.599715 -0.3864967 0.4159873 2.580469 -0.3819374 0.2068788 2.566854 -0.5522187 0.4117426 2.590166 -0.6175283 0.07941498 2.602428 -0.565554 -0.1842213 2.450844 -0.2207748 0.420232 2.570773 -0.118412 0.5876021 2.369875 -0.1337488 0.8245994 2.188694 -0.4736281 -0.004694946 2.558869 -0.478985 -0.4205777 2.611513 -0.5498205 -0.8461198 2.501104 -0.2811279 0.0002356873 2.547606 -0.2231374 -0.4031427 2.64507 -0.1194948 -0.8493773 2.492265 
-0.3834164 0.6215003 2.601068 -0.3874329 0.4143516 2.582959 -0.390016 0.2052141 2.569289 -0.5526381 0.4152175 2.600929 -0.6186289 0.1072786 2.627236 -0.581607 -0.1588428 2.484299 -0.2222278 0.4134858 2.564991 -0.1273469 0.5108988 2.324531 -0.1441797 0.7019161 2.103706 -0.4886596 -0.003420074 2.566067 -0.4854483 -0.4187369 2.622877 -0.5548492 -0.846386 2.506503 -0.2965384 -0.004427033 2.545171 -0.229442 -0.4048392 2.649225 -0.1245064 -0.8527759 2.494711 
-0.3804323 0.6220974 2.602772 -0.3861692 0.4152022 2.584914 -0.3900361 0.2060715 2.571092 -0.5509336 0.4167971 2.606879 -0.6199483 0.1184199 2.641624 -0.5931389 -0.1470007 2.498396 -0.2214048 0.4136074 2.56295 -0.1386744 0.4779455 2.301782 -0.1490703 0.6331009 2.060895 -0.4897006 -0.002131989 2.57004 -0.4804419 -0.4185068 2.616711 -0.550495 -0.8419757 2.506586 -0.2981055 -0.003986572 2.544499 -0.2234275 -0.4026524 2.650163 -0.1196225 -0.8496297 2.493407 
-0.3805899 0.6221545 2.602785 -0.3893751 0.4146682 2.586559 -0.3958143 0.205532 2.573543 -0.5536649 0.4181276 2.612251 -0.6230944 0.1184357 2.654269 -0.6058553 -0.1501945 2.51426 -0.2250852 0.4112088 2.560868 -0.1322365 0.3276544 2.316813 -0.1315613 0.436072 2.064998 -0.4977751 -0.00159285 2.575465 -0.4824916 -0.4183017 2.618349 -0.5515365 -0.8428374 2.50594 -0.3067321 -0.005615616 2.545589 -0.2313909 -0.4005529 2.664121 -0.1216126 -0.8507515 2.493649 
