-0.3570274 0.6280847 2.715704 -0.3406011 0.4144068 2.709415 -0.3218481 0.1999402 2.698099 -0.5064667 0.4015202 2.678778 -0.5933068 0.09367203 2.675664 -0.6150157 -0.197595 2.564888 -0.1747354 0.4272934 2.740052 0.001344376 0.3584581 2.917707 0.1632842 0.5547487 3.006757 -0.4006215 -0.02210347 2.668769 -0.4098516 -0.4404091 2.771839 -0.4221332 -0.8105563 2.664607 -0.2055689 -0.006949204 2.704797 -0.1203762 -0.4295619 2.698969 -0.006383675 -0.796288 2.556018 
-0.3548238 0.6282315 2.716458 -0.3375252 0.4154271 2.709436 -0.3177583 0.2010639 2.697644 -0.5029002 0.4019948 2.676404 -0.5926511 0.09733032 2.672835 -0.61272 -0.1884211 2.548668 -0.1721501 0.4288594 2.742469 0.01617097 0.3922335 2.904368 0.1384348 0.6190553 2.983887 -0.3952341 -0.02119772 2.666429 -0.4073041 -0.4383061 2.774432 -0.4217142 -0.8119246 2.664735 -0.2007489 -0.005401001 2.705275 -0.1208187 -0.4289776 2.696253 -0.005139061 -0.7987132 2.55484 
-0.3457424 0.6229319 2.698328 -0.3291842 0.4112614 2.702886 -0.3110641 0.1966156 2.699468 -0.4946328 0.3978167 2.670101 -0.5888181 0.09766098 2.665916 -0.6097559 -0.1722688 2.519734 -0.1637356 0.4247061 2.73567 0.03159172 0.4446226 2.880182 0.112998 0.6927842 2.937818 -0.390223 -0.02593527 2.676774 -0.4042077 -0.4423002 2.787707 -0.4240379 -0.821155 2.676371 -0.1956651 -0.01012503 2.715326 -0.1171944 -0.4336153 2.697053 -0.005398514 -0.8033513 2.564726 
-0.3438204 0.621347 2.698759 -0.3260643 0.4101601 2.703684 -0.3073387 0.1954764 2.700352 -0.4918309 0.396181 2.672777 -0.5874127 0.09932764 2.665964 -0.6054506 -0.1595887 2.508429 -0.1602979 0.4241392 2.734591 0.04229487 0.5023135 2.859578 0.08694939 0.7658223 2.898139 -0.3860926 -0.02742784 2.678845 -0.4055074 -0.4459899 2.779875 -0.4253901 -0.8177043 2.667089 -0.1911336 -0.01098698 2.715196 -0.11396 -0.4334039 2.680215 -0.006227516 -0.7971743 2.557207 
-0.3395 0.6233482 2.697976 -0.3206257 0.4110993 2.704342 -0.3014489 0.1963987 2.703151 -0.4859777 0.3965122 2.671553 -0.5792183 0.09767001 2.662971 -0.5977189 -0.1558106 2.502201 -0.1552737 0.4256863 2.737131 0.04763322 0.554648 2.828294 0.06983493 0.8302819 2.856766 -0.3795084 -0.02687993 2.682678 -0.3982959 -0.4475988 2.774441 -0.4216809 -0.8155596 2.668849 -0.1850356 -0.009723862 2.721242 -0.1105496 -0.4323598 2.681403 -0.00677185 -0.7908907 2.565714 
-0.332106 0.6270341 2.708531 -0.3099802 0.415548 2.709426 -0.2880262 0.2011388 2.706023 -0.4761025 0.3989649 2.682554 -0.5701557 0.09536737 2.669952 -0.5814362 -0.151933 2.500073 -0.143858 0.4321311 2.736299 0.04928149 0.6037844 2.776085 0.05502083 0.8869856 2.782472 -0.3638221 -0.0230283 2.686807 -0.3829715 -0.4465287 2.763762 -0.4104329 -0.8111965 2.672135 -0.1683224 -0.003512619 2.718432 -0.09843854 -0.4265355 2.673907 0.002790985 -0.7818686 2.559532 
-0.3236438 0.6323591 2.713437 -0.3034666 0.4206118 2.711376 -0.2844075 0.2059313 2.707198 -0.4708291 0.406087 2.694248 -0.5550969 0.09468909 2.683057 -0.5691863 -0.1517826 2.508254 -0.136104 0.4351365 2.728503 0.04812065 0.6278806 2.732131 0.04730384 0.9165101 2.722193 -0.3639038 -0.0173024 2.692934 -0.3936859 -0.4402074 2.770078 -0.4251643 -0.8062794 2.674176 -0.1667932 -0.0001958923 2.713105 -0.1146009 -0.4263823 2.680503 -0.009327248 -0.7852347 2.557394 
-0.3075214 0.6303733 2.717365 -0.2931519 0.4188946 2.710632 -0.2804456 0.2039388 2.701039 -0.4616115 0.4088746 2.712027 -0.5326186 0.09697885 2.708343 -0.5393836 -0.1547345 2.534253 -0.1246924 0.4289146 2.709237 0.03309162 0.6381858 2.656339 0.03283463 0.9238566 2.59558 -0.3667335 -0.01690524 2.692266 -0.3849749 -0.4406655 2.768975 -0.4200953 -0.8158712 2.667594 -0.168745 -0.005128845 2.690626 -0.108175 -0.431365 2.673941 -0.002386612 -0.8019485 2.549627 
-0.3006167 0.630348 2.718368 -0.28962 0.4179501 2.710045 -0.2797533 0.202925 2.698636 -0.4575615 0.4095784 2.72259 -0.5213703 0.09952994 2.719745 -0.5307283 -0.1581673 2.556508 -0.1216785 0.4263218 2.6975 0.02718691 0.6333362 2.61686 0.02944782 0.9158893 2.538764 -0.3687311 -0.01702731 2.69461 -0.3860334 -0.4427187 2.759565 -0.4262123 -0.8099405 2.667947 -0.1710421 -0.007172699 2.679842 -0.1116719 -0.4338402 2.665137 -0.008383538 -0.797022 2.545818 
-0.2903713 0.6256304 2.708389 -0.2841769 0.4136779 2.705669 -0.2784547 0.198365 2.698749 -0.4513342 0.4085379 2.727378 -0.5170565 0.105176 2.726997 -0.5212464 -0.1580729 2.57871 -0.1170195 0.4188178 2.683959 0.02671268 0.6267912 2.581543 0.02307322 0.8999794 2.476313 -0.3710177 -0.01997 2.704594 -0.3834692 -0.4463331 2.766832 -0.4269603 -0.8128223 2.675184 -0.1744475 -0.01392566 2.679065 -0.1107293 -0.4401542 2.674423 -0.007269386 -0.8032564 2.552433 
-0.2830892 0.6252548 2.703478 -0.2815756 0.4131725 2.704224 -0.2812673 0.1977411 2.700023 -0.4467049 0.4122861 2.73757 -0.5144286 0.1010286 2.731682 -0.5043969 -0.1711245 2.606689 -0.1164462 0.4140589 2.670878 0.02064808 0.6122595 2.550246 0.0168986 0.8740922 2.419432 -0.3781651 -0.0182121 2.715452 -0.3878143 -0.4467151 2.757285 -0.4285495 -0.8052355 2.677355 -0.1837529 -0.01716852 2.676192 -0.112375 -0.4421557 2.667712 -0.01241969 -0.8014458 2.548621 
-0.2746341 0.6247176 2.700454 -0.2761086 0.4128048 2.702738 -0.2793562 0.1973363 2.700191 -0.4385449 0.4147271 2.747234 -0.5133156 0.1099575 2.754213 -0.4931032 -0.1662882 2.6407 -0.1136723 0.4108824 2.658243 0.009889297 0.5886543 2.49626 0.005787393 0.8294303 2.336519 -0.3781446 -0.0170014 2.723815 -0.3794023 -0.4464286 2.758016 -0.4203881 -0.8028166 2.675946 -0.1870629 -0.01926276 2.671472 -0.1044113 -0.4420687 2.65995 -0.00335981 -0.8021587 2.545321 
-0.2653124 0.6326092 2.698945 -0.2709859 0.4200153 2.703513 -0.2781052 0.2046143 2.702183 -0.4303535 0.4249467 2.757951 -0.5020303 0.1226628 2.775013 -0.4933322 -0.1547469 2.662775 -0.1116183 0.4150839 2.649076 0.003993721 0.5633318 2.452269 0.003001675 0.7799628 2.270659 -0.3789142 -0.007887573 2.732856 -0.3778196 -0.4381351 2.755613 -0.4205055 -0.7969127 2.676699 -0.1915349 -0.0136857 2.66885 -0.1031891 -0.4355001 2.660639 -0.004584083 -0.7964374 2.548295 
-0.2590774 0.6358851 2.708089 -0.2670719 0.422694 2.707417 -0.2752776 0.2073913 2.702056 -0.4245605 0.4271922 2.767827 -0.4949217 0.1343572 2.791495 -0.4972415 -0.1461928 2.687245 -0.1095834 0.4181958 2.647007 -0.005576347 0.5301041 2.422163 0.002012101 0.7212566 2.220202 -0.3759548 -0.005270172 2.732166 -0.373939 -0.435996 2.745379 -0.415917 -0.8033985 2.666496 -0.1910116 -0.01055249 2.661225 -0.09910181 -0.4317236 2.657411 0.001894615 -0.7993661 2.54174 
-0.2538415 0.6332667 2.70215 -0.26302 0.4193483 2.704529 -0.2722795 0.2040136 2.701331 -0.4193066 0.4251201 2.768411 -0.4909359 0.1291637 2.80076 -0.5051139 -0.155689 2.710246 -0.1067335 0.4135765 2.640646 -0.01526497 0.4850658 2.389587 0.002945246 0.6127591 2.160759 -0.3733357 -0.007931061 2.735654 -0.3737308 -0.4389042 2.741943 -0.4146185 -0.8076359 2.671507 -0.1897423 -0.01471137 2.660611 -0.09749576 -0.4358023 2.664569 0.001403328 -0.8069407 2.5471 
-0.2510394 0.6297022 2.700156 -0.261857 0.4162653 2.7031 -0.2732178 0.2010086 2.700217 -0.4191772 0.4237458 2.764524 -0.4884684 0.1150802 2.806859 -0.5058196 -0.1728632 2.720681 -0.1045369 0.4087848 2.641676 -0.02563054 0.4415345 2.38078 -0.002810667 0.5101067 2.133894 -0.3770291 -0.009852173 2.73343 -0.3785139 -0.4409463 2.735345 -0.4202974 -0.8059184 2.66776 -0.1921282 -0.0186441 2.661238 -0.1002804 -0.4398994 2.662567 -0.00138192 -0.8108125 2.54749 
-0.2485244 0.6304046 2.69967 -0.261538 0.4166665 2.702971 -0.2755899 0.2015583 2.700863 -0.4188461 0.4263416 2.76432 -0.4901276 0.1071475 2.807861 -0.5075541 -0.1853845 2.736342 -0.1042299 0.4069915 2.641622 -0.02880643 0.3952599 2.377888 -0.01310323 0.4181998 2.115369 -0.382108 -0.007862839 2.734816 -0.3806997 -0.439011 2.734615 -0.421374 -0.8015113 2.67189 -0.1971754 -0.01923686 2.662694 -0.1012678 -0.4396046 2.662603 -0.003053604 -0.8055308 2.549409 
