-0.4993677 0.6342185 2.754857 -0.446311 0.4254071 2.788486 -0.3971721 0.2167241 2.811127 -0.6089067 0.384663 2.765836 -0.6089065 0.1027049 2.765836 -0.6089113 -0.1792529 2.765836 -0.2837153 0.4661512 2.811136 -0.0268768 0.5164358 2.896346 0.04627643 0.7978501 2.897835 -0.4436603 -0.01592163 2.820448 -0.4876898 -0.4431938 2.844215 -0.5053701 -0.8608602 2.554452 -0.2524062 0.03200385 2.84709 -0.2451256 -0.3986584 2.865051 -0.1767254 -0.7845209 2.863321 
-0.5011963 0.6265281 2.746518 -0.4457492 0.4191906 2.785383 -0.3946626 0.2116154 2.812894 -0.6080084 0.3764134 2.763929 -0.6080082 0.09445532 2.763929 -0.608013 -0.1875024 2.763929 -0.28349 0.4619678 2.806837 -0.02593368 0.549233 2.875181 0.01820909 0.8388688 2.866205 -0.4389808 -0.0211118 2.82779 -0.4865085 -0.4484432 2.852835 -0.5079603 -0.8656361 2.542647 -0.2481714 0.02919228 2.853019 -0.2407123 -0.401718 2.862932 -0.1760112 -0.7867611 2.864135 
-0.5043572 0.6213309 2.741843 -0.4467715 0.4151492 2.783527 -0.3942303 0.2083267 2.813937 -0.6090938 0.3712102 2.765147 -0.6090936 0.08925214 2.765147 -0.6090984 -0.1927056 2.765147 -0.2844491 0.4590881 2.801908 -0.0274501 0.5721396 2.844075 -0.01099277 0.8660787 2.827819 -0.4371459 -0.02433487 2.833538 -0.4880614 -0.4514724 2.859565 -0.5114738 -0.8674504 2.529404 -0.2462324 0.02734341 2.855156 -0.2399808 -0.4035713 2.852326 -0.178218 -0.7863214 2.860262 
-0.5043204 0.6138909 2.740011 -0.4454625 0.4086293 2.78301 -0.3922689 0.2021401 2.814723 -0.6082407 0.3646863 2.769924 -0.6082405 0.08272821 2.769924 -0.6082454 -0.1992296 2.769924 -0.2826842 0.4525723 2.796096 -0.03320923 0.5980876 2.809522 -0.03785054 0.8942775 2.793443 -0.4348283 -0.03019829 2.838737 -0.4848494 -0.457974 2.853106 -0.5108643 -0.8684943 2.536543 -0.2433222 0.02149998 2.854133 -0.2385681 -0.4095164 2.848083 -0.177686 -0.7870685 2.85956 
-0.5026068 0.6061181 2.748616 -0.4442227 0.4016947 2.785927 -0.3912714 0.1945989 2.813735 -0.6076408 0.3589765 2.778967 -0.6076406 0.07701843 2.778967 -0.6076455 -0.2049393 2.778967 -0.2808046 0.4444128 2.792886 -0.04116167 0.6094729 2.775781 -0.06038625 0.9040941 2.741292 -0.4344532 -0.03762651 2.837449 -0.4882147 -0.4649583 2.854875 -0.5107624 -0.8717632 2.522895 -0.2421869 0.01263271 2.845637 -0.2376468 -0.4184788 2.842009 -0.1781555 -0.7894663 2.850808 
-0.5019775 0.5987883 2.764397 -0.4441836 0.3947667 2.790986 -0.3905911 0.1872173 2.813304 -0.6075419 0.3531981 2.796689 -0.6075417 0.07124008 2.796689 -0.6075465 -0.2107177 2.796689 -0.2808254 0.4363354 2.785284 -0.06274155 0.6130261 2.719397 -0.0882787 0.8989389 2.646981 -0.4332857 -0.04483363 2.838983 -0.486437 -0.4724786 2.851248 -0.5098575 -0.8673309 2.53061 -0.2407113 0.004169388 2.832261 -0.233308 -0.426926 2.832916 -0.1785724 -0.7932733 2.846273 
-0.5002835 0.5918716 2.762295 -0.4433623 0.3880188 2.789176 -0.389614 0.1804293 2.81122 -0.6065939 0.3471457 2.802269 -0.6065937 0.06518763 2.802269 -0.6065986 -0.2167701 2.802269 -0.2801307 0.4288919 2.776083 -0.08087521 0.6055074 2.670705 -0.1104878 0.8833016 2.571151 -0.4317873 -0.05117891 2.840959 -0.4826721 -0.4791896 2.851815 -0.511043 -0.8683139 2.526523 -0.2399439 -0.003141403 2.825571 -0.232911 -0.4341024 2.834608 -0.1778251 -0.7912025 2.855647 
-0.4952897 0.5855098 2.761095 -0.4445103 0.3809523 2.787948 -0.3951522 0.1722117 2.809287 -0.6068367 0.3455889 2.817489 -0.6068366 0.06363086 2.817489 -0.6068414 -0.2183269 2.817489 -0.2821839 0.4163156 2.758406 -0.1084784 0.5823627 2.603323 -0.1362975 0.8370169 2.455577 -0.4412963 -0.05733426 2.848006 -0.4926412 -0.4853973 2.848456 -0.5241944 -0.8636057 2.529766 -0.250292 -0.01572336 2.813245 -0.2388143 -0.4463684 2.830873 -0.1874368 -0.7846109 2.857526 
-0.492531 0.5853252 2.760212 -0.4442258 0.3792005 2.788369 -0.3975341 0.1699225 2.810543 -0.6056429 0.3471497 2.825769 -0.6056427 0.06519165 2.825769 -0.6056476 -0.2167661 2.825769 -0.2828086 0.4112513 2.750968 -0.1207189 0.563702 2.574734 -0.1536564 0.7974811 2.399863 -0.4457509 -0.05820042 2.854707 -0.4875762 -0.4871476 2.848598 -0.5188998 -0.8621091 2.528514 -0.255934 -0.0205106 2.810726 -0.2333398 -0.4500926 2.836819 -0.1814236 -0.779918 2.858786 
-0.4907361 0.5828058 2.759221 -0.444722 0.3760079 2.788336 -0.3993292 0.1665096 2.811294 -0.6056064 0.345715 2.830006 -0.6056062 0.06375696 2.830006 -0.605611 -0.2182008 2.830006 -0.2838376 0.4063009 2.746665 -0.1383493 0.5413604 2.536383 -0.1663327 0.7571665 2.344114 -0.4484523 -0.06078517 2.858732 -0.4862699 -0.4902091 2.855058 -0.514908 -0.8667156 2.520855 -0.2594206 -0.0251924 2.809772 -0.2314817 -0.4544383 2.837718 -0.1789346 -0.7787618 2.861144 
-0.4934295 0.5802307 2.758214 -0.4475085 0.3733356 2.789046 -0.4023249 0.1638669 2.812797 -0.6069734 0.3443499 2.836774 -0.6069732 0.06239178 2.836774 -0.6069779 -0.219566 2.836774 -0.2880436 0.4023215 2.741318 -0.151662 0.5231941 2.513194 -0.1812337 0.7118083 2.302189 -0.4509005 -0.06264435 2.86461 -0.4880427 -0.4917264 2.848531 -0.5164757 -0.8664157 2.528253 -0.2633823 -0.0285593 2.808485 -0.2306468 -0.4570759 2.842134 -0.1797839 -0.7794244 2.859769 
-0.4955252 0.5826777 2.770723 -0.4496156 0.3749806 2.794108 -0.4052874 0.1648251 2.812001 -0.6075912 0.3461459 2.84681 -0.607591 0.0641878 2.84681 -0.6075958 -0.21777 2.84681 -0.29164 0.4038152 2.741406 -0.1659059 0.4880095 2.491115 -0.198709 0.6316028 2.256156 -0.4538284 -0.06228146 2.860877 -0.4848257 -0.4918049 2.841977 -0.5184864 -0.865431 2.51496 -0.2680898 -0.0283793 2.798913 -0.2296603 -0.4566115 2.83051 -0.1791032 -0.7748401 2.849444 
