-0.1224635 0.7280545 2.774777 -0.1077312 0.5106978 2.742878 -0.09479217 0.2906089 2.720231 -0.2746087 0.5025383 2.726831 -0.3397265 0.3326835 2.486763 -0.1809735 0.4311503 2.282213 0.05914641 0.5188574 2.758924 0.1454594 0.3488132 2.522524 0.00372525 0.4243878 2.293507 -0.183567 0.06554666 2.687804 -0.2186299 -0.3737325 2.73516 -0.3156207 -0.8193958 2.687493 0.01986067 0.07549338 2.707365 0.07450418 -0.3641796 2.715302 0.1837881 -0.7610046 2.67711 
-0.1200057 0.7263904 2.788613 -0.1054155 0.5130419 2.755159 -0.09175015 0.293235 2.730242 -0.2722065 0.5045788 2.738342 -0.2994293 0.4059166 2.421937 -0.1673009 0.4453244 2.181154 0.06137547 0.5215049 2.771976 0.1051157 0.4222083 2.446882 0.008846802 0.4517834 2.187438 -0.1797491 0.06826974 2.695074 -0.2178747 -0.3720348 2.728416 -0.3126607 -0.8158861 2.684931 0.02357952 0.07858676 2.715575 0.07984276 -0.3610356 2.714803 0.1846365 -0.7581959 2.670085 
-0.1197009 0.7268941 2.784241 -0.1051121 0.514239 2.756644 -0.091028 0.2941772 2.734298 -0.2719519 0.5051845 2.740657 -0.2767083 0.4464532 2.40396 -0.1747253 0.4522514 2.148195 0.06172759 0.5232936 2.77263 0.09706295 0.4566117 2.421434 0.02914408 0.461475 2.151939 -0.1786398 0.06859631 2.702208 -0.2155696 -0.3720889 2.732543 -0.311931 -0.8172317 2.691907 0.02475204 0.07963458 2.721697 0.07237801 -0.3609826 2.718985 0.184309 -0.7592241 2.6767 
-0.1187288 0.7289012 2.79574 -0.1023228 0.5182367 2.762151 -0.08754675 0.29879 2.734715 -0.2692612 0.5088368 2.747428 -0.2809357 0.4726158 2.385006 -0.2190045 0.4549179 2.112803 0.06461564 0.5276366 2.776874 0.1365079 0.487147 2.417865 0.1066308 0.4715053 2.134157 -0.1745252 0.0736138 2.698306 -0.2145078 -0.3674847 2.716156 -0.3114763 -0.8181705 2.684788 0.02898376 0.08507285 2.716254 0.06826982 -0.356195 2.703692 0.1851226 -0.7637019 2.66904 
-0.1178278 0.7270326 2.798324 -0.1020789 0.5171214 2.763443 -0.08709916 0.2978452 2.734701 -0.2689247 0.5077891 2.747684 -0.3109641 0.4713044 2.395005 -0.2530476 0.4549503 2.116521 0.06476688 0.5264537 2.779203 0.1527888 0.4719306 2.508439 0.1160451 0.4780764 2.220957 -0.173819 0.07288048 2.696353 -0.2151158 -0.3681959 2.712667 -0.3144168 -0.8187999 2.681137 0.0295802 0.08425737 2.715565 0.06359322 -0.3572109 2.696385 0.184245 -0.7637246 2.670871 
-0.1152215 0.7300383 2.788596 -0.1007275 0.5181954 2.760403 -0.08671051 0.2983655 2.73601 -0.2674856 0.5094427 2.743459 -0.3464983 0.465665 2.421499 -0.2853124 0.451949 2.14109 0.06603067 0.5269481 2.777348 0.2028777 0.4531157 2.532695 0.1396113 0.4713549 2.250386 -0.1743404 0.07320049 2.701288 -0.2142595 -0.3679706 2.718956 -0.3170864 -0.8187141 2.687468 0.02895328 0.0838709 2.721946 0.06048479 -0.3574918 2.696454 0.1831954 -0.7633386 2.677656 
-0.1133985 0.7284111 2.784232 -0.0997223 0.5164732 2.757446 -0.08680227 0.2964467 2.734037 -0.2662812 0.5087271 2.738324 -0.3952537 0.4363407 2.463238 -0.326178 0.4490368 2.18727 0.06683655 0.5242192 2.776568 0.2580944 0.4287874 2.580744 0.1714287 0.4598773 2.30587 -0.175414 0.07169832 2.698972 -0.2133458 -0.3697116 2.715179 -0.3153425 -0.820012 2.68246 0.02764953 0.08114205 2.722284 0.06096166 -0.3594935 2.688255 0.1806245 -0.7642127 2.669482 
-0.1115224 0.7272229 2.771542 -0.09893902 0.5140302 2.749493 -0.08757939 0.2936832 2.728425 -0.2653534 0.5074331 2.728761 -0.4396369 0.4071823 2.54061 -0.3732179 0.4449466 2.266486 0.06747539 0.5206272 2.770224 0.3002271 0.4155449 2.624032 0.2359586 0.4449075 2.34933 -0.1776561 0.06931503 2.694721 -0.212335 -0.3723182 2.712015 -0.3133792 -0.8196349 2.681145 0.02521659 0.07735739 2.719994 0.06083699 -0.362862 2.682381 0.1805431 -0.7705315 2.668793 
-0.1084718 0.7268059 2.755711 -0.09732547 0.5126957 2.739702 -0.08694191 0.2919326 2.723422 -0.2636428 0.5064709 2.718032 -0.4573321 0.3826017 2.611801 -0.3939875 0.4501576 2.346644 0.0689918 0.5189204 2.761372 0.3126011 0.4062616 2.688506 0.2670158 0.4415901 2.407466 -0.1779299 0.0673755 2.693934 -0.2105099 -0.3741594 2.716434 -0.3098301 -0.8185591 2.685926 0.02481321 0.07496352 2.72035 0.06376892 -0.3652291 2.685509 0.1825911 -0.766775 2.670907 
-0.1072075 0.7274731 2.736835 -0.09686795 0.511197 2.728047 -0.08701308 0.2901058 2.717294 -0.2633103 0.5047829 2.707386 -0.4601481 0.3622887 2.687898 -0.4082747 0.4436643 2.421142 0.06957442 0.5176111 2.748708 0.3023169 0.3916444 2.748753 0.2862992 0.4282302 2.46467 -0.1786085 0.06510515 2.693948 -0.2096448 -0.3761545 2.722703 -0.3119389 -0.8200733 2.683379 0.02429207 0.07292424 2.719135 0.06462246 -0.3671416 2.683846 0.1829843 -0.7647365 2.669064 
-0.1074772 0.7266048 2.728369 -0.09722468 0.5097814 2.72116 -0.08766425 0.2885475 2.712341 -0.2638245 0.503353 2.701814 -0.4430657 0.3461392 2.742449 -0.3909068 0.4430114 2.481983 0.06937511 0.5162097 2.740506 0.2786671 0.3738287 2.794867 0.2687225 0.4201331 2.520984 -0.1796524 0.06339532 2.691731 -0.2102954 -0.3779769 2.719699 -0.3116908 -0.8181199 2.683466 0.02344479 0.07123193 2.715315 0.06508971 -0.3690557 2.68474 0.1823878 -0.7620339 2.666822 
-0.1077649 0.7229186 2.713637 -0.09687273 0.5065122 2.713326 -0.08710331 0.2851813 2.71057 -0.2634659 0.4993978 2.694133 -0.4140285 0.3275672 2.772712 -0.3653402 0.4434341 2.521026 0.06972047 0.5136265 2.73252 0.2603351 0.3574171 2.819439 0.233804 0.4165742 2.550219 -0.1788763 0.05951408 2.696116 -0.2096503 -0.38157 2.728176 -0.308557 -0.8205906 2.688734 0.02420845 0.06818681 2.719513 0.06667051 -0.3722333 2.691946 0.184374 -0.7622129 2.673522 
-0.1056168 0.7194791 2.705778 -0.09670888 0.5024669 2.708679 -0.08743685 0.2810798 2.709886 -0.2625225 0.4953887 2.684177 -0.4145789 0.3108293 2.766845 -0.3372314 0.4425236 2.53807 0.06910469 0.509545 2.733181 0.252106 0.3316576 2.808712 0.185258 0.4150122 2.555152 -0.1792839 0.05537628 2.696151 -0.2117306 -0.3859471 2.72244 -0.3100742 -0.820494 2.683208 0.02295424 0.06400934 2.726036 0.06614104 -0.3761878 2.695993 0.1820449 -0.7652601 2.676192 
-0.1059193 0.7215301 2.71184 -0.09582082 0.5028675 2.711867 -0.08667456 0.2814311 2.711526 -0.2613109 0.4960734 2.68502 -0.412277 0.2944078 2.72242 -0.2975841 0.4512382 2.528145 0.06966922 0.5096616 2.738714 0.2460627 0.311837 2.770363 0.1310409 0.413175 2.545278 -0.1783838 0.0558541 2.694824 -0.2115476 -0.3852386 2.724215 -0.3099218 -0.8176705 2.683259 0.02332724 0.06413528 2.727547 0.06875324 -0.3754135 2.69217 0.1826374 -0.76394 2.673363 
-0.1061973 0.7225589 2.714849 -0.09670393 0.5045273 2.714457 -0.08883598 0.2830195 2.714448 -0.262121 0.4986528 2.686791 -0.4001298 0.2802116 2.6702 -0.2617008 0.4550315 2.508431 0.06871311 0.5104019 2.742123 0.2335387 0.2944117 2.709681 0.08794722 0.4181829 2.513634 -0.1817799 0.0579314 2.697579 -0.2174962 -0.3821487 2.736348 -0.3152758 -0.8160002 2.68805 0.01984381 0.0650918 2.7313 0.06460016 -0.374857 2.700269 0.1790954 -0.7595742 2.674175 
-0.1053369 0.7200984 2.716864 -0.09737799 0.5035002 2.717545 -0.09092931 0.2819518 2.719401 -0.2630706 0.4984579 2.691349 -0.3785542 0.2846012 2.609109 -0.23091 0.4641221 2.451354 0.06831469 0.5085425 2.74374 0.2112816 0.2957113 2.643835 0.05065881 0.427106 2.457 -0.1854709 0.05732999 2.705291 -0.2188762 -0.3825885 2.74818 -0.316131 -0.818636 2.692863 0.0165096 0.06347659 2.737223 0.06451796 -0.3761422 2.706212 0.1794392 -0.7628857 2.677141 
