-0.2501698 0.757489 2.586799 -0.2459387 0.5430715 2.557684 -0.2412684 0.3217829 2.530018 -0.4042841 0.5426626 2.534224 -0.5338555 0.3762864 2.446555 -0.3477636 0.4707445 2.244412 -0.08759327 0.5434805 2.581143 0.07113165 0.3708884 2.508039 -0.08756232 0.4557075 2.269107 -0.3385133 0.100231 2.487253 -0.3489326 -0.3278197 2.611771 -0.4971127 -0.811372 2.474115 -0.134683 0.1007575 2.517452 -0.1491219 -0.3390989 2.589729 0.03999782 -0.7978544 2.461056 
-0.2524194 0.7577223 2.604434 -0.2475431 0.5443884 2.568372 -0.2422434 0.3238092 2.535454 -0.4059139 0.5440626 2.545059 -0.5104302 0.3946442 2.387781 -0.3193662 0.4687615 2.187374 -0.08917229 0.5447142 2.591686 0.05756267 0.3869415 2.453025 -0.1125868 0.4597045 2.217098 -0.3388727 0.1030203 2.487531 -0.3620005 -0.3317203 2.57805 -0.475272 -0.7836415 2.528694 -0.1350149 0.1034397 2.51754 -0.1454334 -0.3374766 2.585126 0.03370529 -0.7929057 2.465067 
-0.2528009 0.7607787 2.624248 -0.2482043 0.5477429 2.577503 -0.2430453 0.3282034 2.538309 -0.4064676 0.5483109 2.55349 -0.481196 0.4148128 2.33738 -0.2931222 0.4685059 2.133781 -0.0899409 0.5471749 2.601516 0.03579597 0.4094795 2.401528 -0.1292524 0.4677905 2.160367 -0.3397498 0.1090295 2.483659 -0.3597268 -0.3260986 2.577351 -0.480828 -0.7912041 2.505832 -0.136023 0.1082984 2.51457 -0.1451611 -0.3333005 2.578634 0.03451059 -0.7919357 2.461015 
-0.2572779 0.7631275 2.644158 -0.2513361 0.5513279 2.587828 -0.2454544 0.3330873 2.542118 -0.4095366 0.5521809 2.563399 -0.4400876 0.4458998 2.304689 -0.2832921 0.4695458 2.076433 -0.09313552 0.5504749 2.612257 0.000906456 0.4362451 2.354772 -0.1380982 0.478829 2.102796 -0.3413929 0.1153957 2.480685 -0.3507266 -0.3103005 2.60825 -0.4891364 -0.798246 2.487366 -0.1377524 0.1142977 2.512131 -0.1467565 -0.3260107 2.58455 0.03251421 -0.7873918 2.46256 
-0.2591811 0.7617366 2.652126 -0.2530372 0.5526013 2.594953 -0.2471085 0.3346122 2.547656 -0.4113326 0.5534624 2.571142 -0.414048 0.4729486 2.275867 -0.2826235 0.4753485 2.031597 -0.09474173 0.5517401 2.618764 -0.02554947 0.4701168 2.314895 -0.137847 0.4921452 2.049325 -0.3430621 0.1171773 2.485034 -0.34734 -0.3094066 2.61325 -0.4969226 -0.8080277 2.485012 -0.1392976 0.1160689 2.515684 -0.1517051 -0.3223025 2.598301 0.03706452 -0.7964198 2.462051 
-0.2619276 0.7651855 2.665596 -0.2542824 0.5582007 2.602143 -0.247818 0.3414706 2.54952 -0.4127429 0.5589789 2.579472 -0.3980438 0.4944869 2.253938 -0.291515 0.4853581 1.994429 -0.09582193 0.5574225 2.624815 -0.0377946 0.4975429 2.284948 -0.111582 0.5011238 2.009441 -0.3433441 0.1252415 2.482306 -0.3443616 -0.303903 2.603347 -0.499906 -0.8053357 2.469593 -0.139363 0.1242397 2.51149 -0.1472335 -0.3159952 2.583934 0.03824364 -0.7899227 2.454535 
-0.2639131 0.7608088 2.672334 -0.2551011 0.557229 2.60611 -0.2481645 0.3413013 2.550214 -0.4136882 0.5577715 2.584334 -0.4055331 0.5082476 2.239979 -0.320298 0.4942214 1.969925 -0.09651387 0.5566866 2.627886 -0.01990783 0.5162631 2.272476 -0.05829297 0.5079525 1.99053 -0.3432984 0.1257226 2.480303 -0.3387608 -0.2989995 2.615968 -0.5002484 -0.8147083 2.466657 -0.1391577 0.1250244 2.508333 -0.1564193 -0.3119201 2.595969 0.04388152 -0.7997696 2.448205 
-0.2639295 0.7603788 2.666192 -0.2549331 0.5560274 2.603549 -0.2484495 0.3393074 2.550666 -0.4137036 0.5562487 2.583177 -0.4287514 0.5136148 2.228486 -0.3630041 0.4966103 1.951953 -0.09616259 0.555806 2.623922 0.01056107 0.5251441 2.275231 -0.003290995 0.5148932 1.990472 -0.3441568 0.12273 2.484669 -0.3432517 -0.3055038 2.609352 -0.5024939 -0.8190812 2.467693 -0.1397751 0.1224451 2.510894 -0.1531207 -0.3162755 2.590814 0.04523073 -0.8058583 2.454232 
-0.2636825 0.7587352 2.664109 -0.2552651 0.5544063 2.601488 -0.2489072 0.3375498 2.549017 -0.4141117 0.5545402 2.581688 -0.4738724 0.5148076 2.238749 -0.4130009 0.4999322 1.958704 -0.09641837 0.5542725 2.621289 0.05178932 0.5285807 2.288074 0.04765831 0.5196771 2.001847 -0.3447845 0.1207794 2.483802 -0.3476154 -0.3104963 2.59778 -0.496963 -0.8135036 2.470302 -0.1403144 0.1206072 2.50929 -0.1530378 -0.3187568 2.586622 0.04637218 -0.8054723 2.447736 
-0.2631783 0.7590432 2.652579 -0.2546267 0.5524427 2.596136 -0.2477921 0.3346541 2.547862 -0.4133991 0.5519791 2.575748 -0.5194418 0.5054094 2.250861 -0.4616166 0.4957127 1.966828 -0.09585427 0.5529063 2.616524 0.1023869 0.5172869 2.317537 0.1142309 0.5173292 2.030571 -0.3431466 0.116567 2.486467 -0.3425301 -0.3125492 2.608707 -0.4980339 -0.8184959 2.473282 -0.1387682 0.1171638 2.51271 -0.1530241 -0.3213882 2.594603 0.05449399 -0.8102621 2.451093 
-0.2606514 0.7549757 2.637318 -0.2532525 0.5469012 2.586616 -0.2480397 0.3284813 2.541039 -0.4121684 0.5471179 2.567401 -0.5667086 0.4956994 2.285937 -0.5057337 0.4886434 2.00292 -0.09433671 0.5466846 2.60583 0.146707 0.4951499 2.361259 0.176169 0.5091327 2.075715 -0.345111 0.1102009 2.483096 -0.3568373 -0.326655 2.560763 -0.4786361 -0.7860259 2.532231 -0.1405429 0.1099219 2.507831 -0.151484 -0.3300349 2.582248 0.04520603 -0.8116553 2.443967 
-0.2591062 0.7551872 2.629685 -0.2529043 0.5459857 2.580224 -0.2479782 0.327327 2.535657 -0.411985 0.546025 2.562447 -0.6088485 0.4708463 2.333472 -0.5509279 0.4778646 2.052086 -0.09382363 0.5459464 2.598001 0.1753607 0.4770806 2.416115 0.2188774 0.4984278 2.134844 -0.3454416 0.1086936 2.479649 -0.3551479 -0.3279432 2.56544 -0.4776822 -0.7908416 2.51786 -0.1406623 0.108643 2.502532 -0.1519752 -0.3298234 2.585171 0.04936069 -0.8074825 2.439123 
-0.2564934 0.757185 2.616865 -0.2516712 0.5467916 2.571035 -0.2472453 0.3276505 2.528846 -0.4108598 0.546812 2.55423 -0.641915 0.4579195 2.403231 -0.597845 0.4667082 2.11903 -0.09248255 0.5467712 2.587841 0.1911899 0.4570475 2.466544 0.2470309 0.4828099 2.188276 -0.3452755 0.1085225 2.475841 -0.3451769 -0.3185356 2.597718 -0.4910171 -0.8028421 2.490857 -0.1403635 0.1084962 2.497473 -0.1348309 -0.3335062 2.547937 0.01022717 -0.7799078 2.506827 
-0.2534406 0.7590452 2.591968 -0.2498416 0.5466404 2.558587 -0.246386 0.3261145 2.525407 -0.4090113 0.5467073 2.541566 -0.6529633 0.4419644 2.455113 -0.6221741 0.4603193 2.17008 -0.09067189 0.5465735 2.575609 0.1905888 0.4475194 2.530768 0.2519949 0.4662504 2.250134 -0.3453731 0.1056317 2.481272 -0.3421755 -0.3178478 2.618012 -0.4976964 -0.8132316 2.482276 -0.1404876 0.1055456 2.503182 -0.1392353 -0.3350219 2.568704 0.01582843 -0.7898295 2.504658 
-0.2540426 0.755227 2.582501 -0.2492996 0.5437539 2.55029 -0.2451719 0.322897 2.518802 -0.408431 0.5432572 2.532913 -0.6549883 0.4389799 2.504036 -0.6256003 0.450568 2.219266 -0.09016826 0.5442505 2.567667 0.176286 0.4467658 2.595374 0.2350452 0.4541461 2.313076 -0.3434644 0.1017204 2.47613 -0.3457962 -0.3306849 2.57806 -0.4963828 -0.8140789 2.471785 -0.1386241 0.1023597 2.498499 -0.1390796 -0.3388693 2.56315 0.0288438 -0.7961283 2.478794 
-0.254685 0.7534714 2.55776 -0.2496482 0.5400258 2.537552 -0.2448911 0.3181869 2.515555 -0.408802 0.5383046 2.520491 -0.6309773 0.4359823 2.56999 -0.6023026 0.4372113 2.283024 -0.09049439 0.541747 2.554613 0.1441536 0.4423906 2.64571 0.195153 0.441278 2.36325 -0.3425711 0.09524013 2.482577 -0.3549057 -0.3436545 2.544428 -0.4764768 -0.787759 2.54574 -0.1376968 0.09745583 2.504539 -0.1447653 -0.3412954 2.583817 0.03142519 -0.7998744 2.483298 
-0.2571783 0.7521698 2.545409 -0.2506743 0.5378093 2.531066 -0.2439358 0.3155168 2.514087 -0.4096678 0.5343773 2.512898 -0.5900023 0.4135002 2.613979 -0.5672778 0.4296598 2.325402 -0.09168071 0.5412412 2.549235 0.08855824 0.4166845 2.676878 0.1302121 0.4351481 2.393157 -0.3395356 0.09101532 2.485414 -0.3530978 -0.3482851 2.554351 -0.4756636 -0.7958693 2.528469 -0.1348591 0.09543341 2.508803 -0.1422892 -0.3449697 2.579532 0.04207326 -0.8025027 2.472911 
-0.2583748 0.7514292 2.538731 -0.2506234 0.5363559 2.528033 -0.2428095 0.3137968 2.514428 -0.409418 0.5319808 2.5084 -0.5525163 0.3877582 2.628979 -0.5218778 0.436894 2.339078 -0.09182871 0.5407308 2.547667 0.0612613 0.3938329 2.674948 0.0811371 0.425974 2.389053 -0.3372005 0.088422 2.488186 -0.3545244 -0.3494194 2.568659 -0.4815019 -0.8024085 2.507071 -0.1327907 0.09405371 2.51346 -0.1443142 -0.3467044 2.582422 0.04120596 -0.8001253 2.471491 
-0.2601049 0.7529941 2.552926 -0.2505779 0.5390515 2.534117 -0.2414871 0.3168475 2.516017 -0.408895 0.5344433 2.511173 -0.5432108 0.3578447 2.615505 -0.4731082 0.4412116 2.345201 -0.0922607 0.5436597 2.55706 0.0521748 0.3689517 2.66149 0.02919706 0.4260443 2.387895 -0.3343098 0.09167717 2.483148 -0.3643145 -0.346031 2.562262 -0.4685138 -0.7832682 2.529147 -0.130483 0.09761003 2.512686 -0.1451902 -0.3432927 2.580697 0.04488983 -0.7968215 2.45965 
-0.2619743 0.7550912 2.560511 -0.2512641 0.540695 2.539373 -0.2418022 0.3185604 2.520012 -0.4094806 0.5360258 2.515622 -0.5386047 0.3404178 2.566759 -0.4229813 0.4503351 2.327457 -0.09304757 0.5453643 2.563124 0.05458447 0.3549774 2.61727 -0.02466643 0.4308158 2.362098 -0.3341593 0.09342102 2.485366 -0.357306 -0.3405466 2.58404 -0.4801127 -0.7965412 2.511792 -0.1305211 0.09943072 2.515936 -0.1456991 -0.341598 2.583398 0.03772252 -0.7948458 2.469448 
-0.2619821 0.751959 2.574296 -0.2519958 0.538605 2.547977 -0.2422604 0.3168962 2.524436 -0.4100826 0.5342881 2.523257 -0.5252884 0.3456998 2.502383 -0.3668414 0.4625795 2.288479 -0.09390897 0.5429221 2.572697 0.05930369 0.3469967 2.564648 -0.06132348 0.434005 2.328877 -0.3342679 0.09240904 2.484986 -0.3524362 -0.3380302 2.599348 -0.4897167 -0.8071542 2.488389 -0.1307822 0.09796581 2.516806 -0.1472366 -0.3433371 2.582297 0.04109807 -0.8012954 2.464457 
-0.2635738 0.7523077 2.580694 -0.2527719 0.5384296 2.553918 -0.243305 0.3167707 2.529501 -0.4107558 0.5344874 2.528452 -0.5086352 0.3593537 2.438192 -0.3206436 0.4658279 2.238506 -0.09478797 0.5423719 2.579384 0.04865627 0.3534918 2.498851 -0.09181098 0.4411341 2.268277 -0.3355166 0.09257454 2.488694 -0.3454108 -0.3312005 2.625492 -0.4985656 -0.8109105 2.478581 -0.1321594 0.09764906 2.521474 -0.144301 -0.3432773 2.590255 0.03328964 -0.7972258 2.468957 
