-0.1171338 0.7276439 2.771675 -0.1080786 0.5109359 2.741323 -0.1013342 0.2901847 2.723571 -0.2746657 0.5074712 2.721117 -0.2739064 0.3784882 2.446799 -0.1324209 0.4296954 2.206798 0.05850857 0.5144007 2.761528 0.116058 0.3743615 2.467727 -0.01580678 0.4371615 2.224555 -0.1961259 0.06732169 2.693504 -0.220892 -0.3730234 2.7364 -0.3227243 -0.8236671 2.674472 0.006946291 0.07154526 2.718136 0.07489574 -0.3663946 2.719117 0.1825782 -0.7631868 2.66983 
-0.115502 0.7293854 2.785784 -0.1074471 0.5142326 2.750766 -0.1014299 0.293915 2.728071 -0.2738049 0.5119645 2.728677 -0.2449208 0.4097256 2.414384 -0.1263012 0.4346195 2.164096 0.05891072 0.5165007 2.772855 0.09555645 0.4132014 2.437876 -0.01181776 0.4458566 2.180931 -0.1968202 0.07221478 2.691911 -0.2207494 -0.3689024 2.727175 -0.3219815 -0.8199763 2.675621 0.005994862 0.07497992 2.718841 0.07406113 -0.3630203 2.717281 0.182879 -0.7625367 2.671763 
-0.1147659 0.7317356 2.792844 -0.1060693 0.5180978 2.758394 -0.0996943 0.2980465 2.732991 -0.2725014 0.5157679 2.736809 -0.2279656 0.445365 2.3917 -0.1364196 0.4398116 2.129936 0.06036286 0.5204276 2.779978 0.08577324 0.4450971 2.409943 0.006829872 0.4542005 2.142714 -0.1947603 0.07657523 2.694432 -0.2172131 -0.3645591 2.73148 -0.318621 -0.8205873 2.680119 0.008121638 0.07941525 2.720744 0.074749 -0.3585882 2.709199 0.1845194 -0.7585394 2.674443 
-0.1163167 0.735954 2.815622 -0.1060116 0.5252507 2.772322 -0.09780531 0.3065629 2.737542 -0.2729622 0.5216235 2.755738 -0.2385451 0.4808783 2.38043 -0.1860293 0.4465463 2.10478 0.06093892 0.528878 2.788907 0.1128932 0.4719861 2.393215 0.07734689 0.4503713 2.112632 -0.1913772 0.0856638 2.692651 -0.2138322 -0.3551004 2.734405 -0.3189361 -0.8208318 2.675358 0.01217917 0.09008641 2.712872 0.0646998 -0.3495778 2.693718 0.1842415 -0.7645942 2.671635 
-0.1171102 0.7345967 2.819243 -0.1056211 0.5244485 2.774779 -0.09633514 0.3061515 2.737702 -0.2728699 0.5194046 2.762587 -0.270306 0.4849634 2.388211 -0.2152342 0.4517874 2.111373 0.06162762 0.5294923 2.78697 0.1524155 0.4694708 2.410584 0.1240833 0.4495325 2.126651 -0.1890195 0.08477933 2.693192 -0.2080932 -0.3561865 2.73461 -0.3199404 -0.8241041 2.673253 0.01492117 0.09092972 2.708058 0.06789574 -0.3488462 2.705677 0.1863603 -0.7668008 2.665503 
-0.1175188 0.7303978 2.80956 -0.1057416 0.5191283 2.769148 -0.09600727 0.3003885 2.734829 -0.2731433 0.5132104 2.759386 -0.3176315 0.4704677 2.412596 -0.2521802 0.4544271 2.137108 0.06166019 0.5250462 2.778911 0.1967273 0.4717533 2.439289 0.1676512 0.447652 2.156682 -0.1882968 0.07804219 2.69456 -0.2076084 -0.3636546 2.725738 -0.3239131 -0.8313344 2.673742 0.0157509 0.08525557 2.70646 0.06960225 -0.3546083 2.703674 0.1836902 -0.7730107 2.670569 
-0.114264 0.7320763 2.792047 -0.1030708 0.519391 2.756171 -0.09383759 0.3004501 2.722845 -0.2703946 0.5141484 2.744254 -0.4064122 0.4056239 2.501388 -0.3067676 0.4610878 2.24322 0.06425309 0.5246335 2.768087 0.2696764 0.435183 2.536323 0.2270958 0.4465151 2.255312 -0.1865878 0.07831396 2.682256 -0.2093381 -0.3633877 2.71181 -0.3257886 -0.8267176 2.666305 0.01737901 0.08470465 2.696782 0.0617995 -0.3559834 2.681081 0.1787574 -0.7671458 2.669453 
-0.1143397 0.7349264 2.776462 -0.1029091 0.5209686 2.745779 -0.09387197 0.3014653 2.71653 -0.2702536 0.5156447 2.734029 -0.4307034 0.3818112 2.564188 -0.3195453 0.4631731 2.317604 0.06443541 0.5262926 2.757529 0.2798403 0.407594 2.619656 0.2340193 0.4338752 2.341735 -0.1868304 0.07871699 2.680118 -0.2099059 -0.3628057 2.712439 -0.3244371 -0.8246712 2.671038 0.01716074 0.08520687 2.694442 0.0624501 -0.3553133 2.675167 0.1803787 -0.7582927 2.67169 
-0.1122488 0.7309708 2.747684 -0.1011095 0.5165422 2.727697 -0.09235273 0.2961959 2.707066 -0.2684827 0.5109463 2.716421 -0.4348378 0.3653967 2.645088 -0.3485942 0.4715557 2.398087 0.06626378 0.5221381 2.738973 0.2674324 0.3898071 2.705332 0.2338722 0.4325973 2.427871 -0.185613 0.0724389 2.679563 -0.2082492 -0.3690009 2.713571 -0.3218784 -0.831317 2.672538 0.01842106 0.07926044 2.693309 0.06202982 -0.3613653 2.671831 0.1810525 -0.7633439 2.671888 
-0.1108566 0.7307225 2.724303 -0.09989735 0.5137645 2.713241 -0.09106603 0.292883 2.699924 -0.2672833 0.5077285 2.702353 -0.4189087 0.3471921 2.724537 -0.3637013 0.4749214 2.47456 0.06748862 0.5198005 2.724129 0.2372245 0.3674106 2.781172 0.2204804 0.4250328 2.500921 -0.1842611 0.06832231 2.67997 -0.210114 -0.3729565 2.713803 -0.321209 -0.8286424 2.671952 0.01979166 0.07568059 2.693243 0.06280888 -0.3651225 2.673855 0.1812536 -0.7612734 2.673949 
-0.1089522 0.7256197 2.701609 -0.09921424 0.5078393 2.699738 -0.09103201 0.2866387 2.694883 -0.2666038 0.501887 2.688826 -0.3904551 0.3360966 2.774271 -0.360408 0.4744183 2.523342 0.0681753 0.5137916 2.710649 0.1991113 0.3537048 2.820086 0.2006563 0.418272 2.546102 -0.1848784 0.06181011 2.683377 -0.2097563 -0.3790616 2.722556 -0.3234065 -0.8312796 2.676175 0.01917885 0.06906627 2.696679 0.05833977 -0.3722448 2.681685 0.180319 -0.7629574 2.675948 
-0.1069835 0.7194845 2.67558 -0.09965219 0.5014566 2.686352 -0.09180261 0.2801893 2.692597 -0.2663677 0.4950368 2.66844 -0.3559543 0.2978384 2.781806 -0.3182886 0.4645054 2.551166 0.06706333 0.5078763 2.704265 0.1711901 0.3123558 2.810274 0.1328614 0.4138332 2.550232 -0.1855804 0.05500871 2.687922 -0.2118556 -0.3862889 2.720118 -0.3238465 -0.8278195 2.675786 0.01767435 0.06283556 2.70976 0.06105914 -0.3776972 2.686018 0.1804265 -0.7612455 2.678577 
-0.1105096 0.7197242 2.686774 -0.1008573 0.5022538 2.691033 -0.09173618 0.2809048 2.69365 -0.2672039 0.4951527 2.670187 -0.3534451 0.2833951 2.74142 -0.2840802 0.4579166 2.526022 0.06548915 0.5093551 2.711879 0.1696255 0.2892048 2.765647 0.09384326 0.4204341 2.527856 -0.1840092 0.05522728 2.683561 -0.2155099 -0.3862988 2.703744 -0.3210723 -0.8235834 2.669859 0.01877917 0.06388414 2.708974 0.06478447 -0.3759172 2.678288 0.1838199 -0.758157 2.673287 
-0.1122808 0.7213706 2.693841 -0.1027124 0.5033739 2.695612 -0.09469719 0.2819145 2.696951 -0.2691362 0.4972253 2.674883 -0.3582134 0.2812067 2.67622 -0.2484143 0.4518418 2.474159 0.06371137 0.5095224 2.716342 0.1683217 0.2850942 2.699336 0.0583664 0.4198604 2.47511 -0.1881084 0.05670781 2.685655 -0.2281709 -0.3837439 2.712674 -0.3234476 -0.8189372 2.681193 0.01474441 0.06420226 2.710923 0.0599093 -0.3759691 2.684163 0.1772868 -0.7582706 2.67597 
-0.1162643 0.7240538 2.718369 -0.1068131 0.5071072 2.708427 -0.09882438 0.285701 2.703866 -0.2738597 0.5013874 2.693501 -0.3433432 0.3013281 2.543802 -0.1894689 0.4383027 2.350079 0.06023363 0.5128269 2.723355 0.1497918 0.3017447 2.569831 0.006870407 0.4288665 2.355235 -0.192641 0.06080905 2.690207 -0.2299805 -0.3800715 2.717274 -0.318213 -0.821196 2.687055 0.01096955 0.06778079 2.708402 0.05947736 -0.3725469 2.694998 0.1808816 -0.7618861 2.676778 
-0.115769 0.7284608 2.738635 -0.1068437 0.5095322 2.714611 -0.0988031 0.288462 2.702952 -0.2737232 0.5043566 2.69766 -0.329626 0.3266335 2.488893 -0.1713286 0.4383014 2.281415 0.06003568 0.5147079 2.731563 0.134437 0.3219061 2.506427 -0.01242171 0.4371988 2.289368 -0.1924765 0.06423726 2.680961 -0.2295405 -0.3767378 2.707408 -0.3157018 -0.8153541 2.669018 0.0109516 0.07054646 2.701625 0.06789684 -0.3688512 2.69784 0.1825439 -0.7560754 2.665851 
