-0.1109101 0.7229409 2.700068 -0.1046076 0.5039653 2.697861 -0.09933984 0.2824925 2.701563 -0.2719975 0.4997906 2.686298 -0.3543538 0.2777316 2.564913 -0.2079053 0.4074882 2.362068 0.06278224 0.50814 2.709423 0.1606167 0.2913955 2.586211 0.01049715 0.3890471 2.364259 -0.1961042 0.05847511 2.698217 -0.2313732 -0.3820642 2.72817 -0.3229145 -0.823167 2.671096 0.007960075 0.06356447 2.712312 0.06733037 -0.3753431 2.695852 0.180046 -0.7642722 2.671502 
-0.1133715 0.7225162 2.710488 -0.1064381 0.5045418 2.702868 -0.101012 0.2830021 2.704461 -0.2739122 0.5003658 2.692578 -0.3321856 0.3068717 2.484968 -0.17982 0.413141 2.276808 0.06103598 0.5087177 2.713157 0.1398001 0.3236916 2.507108 -0.01012888 0.4044664 2.283415 -0.1976666 0.05891713 2.699784 -0.2330672 -0.3813846 2.735032 -0.322807 -0.8235633 2.673659 0.006494929 0.06400789 2.712327 0.06480157 -0.3752657 2.704977 0.1811982 -0.7597705 2.67272 
-0.1117328 0.7223507 2.718199 -0.1050594 0.5048416 2.708405 -0.0995788 0.2832676 2.709214 -0.2724782 0.5006596 2.697211 -0.3075904 0.3549345 2.428483 -0.1622855 0.4246826 2.197487 0.06235946 0.5090234 2.719601 0.1194004 0.3708476 2.444074 -0.01468301 0.4215267 2.202368 -0.1961442 0.05914473 2.703198 -0.2315186 -0.3814547 2.736014 -0.3170899 -0.8217714 2.680957 0.007947797 0.06424269 2.716846 0.07225328 -0.3742605 2.714766 0.1837914 -0.7603759 2.678362 
-0.1110164 0.7219776 2.718534 -0.105144 0.5055344 2.713377 -0.1001265 0.2839741 2.716838 -0.2725134 0.5015565 2.701371 -0.2807999 0.4029727 2.38923 -0.1663283 0.4383608 2.137392 0.06222549 0.5095122 2.725382 0.09869504 0.4184183 2.393529 0.002642799 0.4298656 2.133203 -0.1971256 0.05998918 2.712982 -0.234496 -0.3806098 2.744275 -0.3197868 -0.8201562 2.688038 0.006907673 0.06483836 2.727617 0.07506398 -0.3731379 2.72458 0.1821257 -0.7647089 2.68819 
-0.1115394 0.7246785 2.724301 -0.1056617 0.5075101 2.721545 -0.100961 0.2859482 2.724401 -0.2732036 0.5038399 2.712579 -0.2824188 0.4577215 2.352564 -0.2141634 0.449816 2.078793 0.06188011 0.5111802 2.730511 0.1182036 0.4611282 2.360633 0.07694139 0.4398331 2.07672 -0.1983999 0.06214895 2.721792 -0.2310185 -0.3794514 2.74078 -0.3200108 -0.8215353 2.689449 0.005879395 0.06662393 2.732724 0.07212436 -0.3712792 2.71542 0.1834757 -0.7662475 2.680423 
-0.1128905 0.7277765 2.741601 -0.1062924 0.5110971 2.72634 -0.1016521 0.289738 2.720527 -0.2739178 0.5077835 2.718714 -0.308744 0.4693865 2.356778 -0.2504194 0.4497978 2.07992 0.0613329 0.5144106 2.733967 0.1525672 0.471037 2.373324 0.1220507 0.444465 2.085571 -0.1991796 0.06635924 2.710066 -0.2265878 -0.3758391 2.720176 -0.3198012 -0.8161791 2.665681 0.005155932 0.07039855 2.719362 0.07788444 -0.3660607 2.69451 0.1829097 -0.7668761 2.662939 
-0.1134377 0.7252082 2.741251 -0.1062388 0.5097765 2.727523 -0.100704 0.2883779 2.720596 -0.2737742 0.5058764 2.718316 -0.3483694 0.4641867 2.378892 -0.2816545 0.4519644 2.104786 0.0612966 0.5136766 2.736731 0.2012849 0.4665248 2.406175 0.1681332 0.4500915 2.117841 -0.1972867 0.06460213 2.708056 -0.2164415 -0.3774582 2.730058 -0.319069 -0.8239348 2.673688 0.006948376 0.06935664 2.719281 0.07640787 -0.3678439 2.696997 0.1841293 -0.7653829 2.67607 
-0.1113587 0.7260912 2.740081 -0.1046238 0.5100804 2.726476 -0.09893212 0.2886851 2.718208 -0.272121 0.5061476 2.716481 -0.4021824 0.4345904 2.430952 -0.340222 0.4407146 2.156399 0.06287342 0.5140131 2.736471 0.2481433 0.4537647 2.462108 0.2125442 0.4497385 2.177441 -0.1953314 0.06489287 2.703847 -0.2147329 -0.3775963 2.715143 -0.3205288 -0.8223019 2.671129 0.008850485 0.06968699 2.716031 0.07035127 -0.368167 2.686134 0.1845698 -0.7608361 2.671821 
-0.1095321 0.7225375 2.719458 -0.1026799 0.5068135 2.715796 -0.09651948 0.2853409 2.713455 -0.2701649 0.5022606 2.705784 -0.4360908 0.4142953 2.548464 -0.3705529 0.4383228 2.276272 0.06480516 0.5113663 2.725808 0.2860706 0.452383 2.575059 0.2500606 0.4456664 2.290642 -0.1924445 0.06109338 2.705012 -0.209502 -0.380901 2.729531 -0.3198523 -0.827597 2.678317 0.01172633 0.06664349 2.717216 0.07080246 -0.3714144 2.684378 0.1862036 -0.7676249 2.676212 
-0.1084275 0.718505 2.709727 -0.1006534 0.5025084 2.707632 -0.09312509 0.2810282 2.705364 -0.2680097 0.4969371 2.696183 -0.4405509 0.3696428 2.640231 -0.4036021 0.4233263 2.362333 0.06670289 0.5080797 2.719081 0.283528 0.4086962 2.667541 0.26071 0.441547 2.387464 -0.18761 0.05615183 2.696117 -0.2100095 -0.3858266 2.71913 -0.3170339 -0.8293408 2.66568 0.01641642 0.06294394 2.710075 0.0698694 -0.3755188 2.67322 0.1868535 -0.7609904 2.664381 
-0.107978 0.7205863 2.69382 -0.09946894 0.5042303 2.699266 -0.09158768 0.282805 2.702266 -0.2665897 0.4980912 2.685193 -0.4238169 0.3523508 2.709607 -0.4114096 0.4212596 2.438158 0.06765182 0.5103693 2.713338 0.2512226 0.3698162 2.753779 0.2587159 0.4238664 2.473506 -0.1855819 0.05763736 2.696687 -0.210598 -0.383789 2.727095 -0.318904 -0.8227171 2.673347 0.01816904 0.06512198 2.713844 0.06772069 -0.3743511 2.684772 0.1848451 -0.7574642 2.675029 
-0.1061251 0.722661 2.686866 -0.09851079 0.5054902 2.695332 -0.09063262 0.2840929 2.701147 -0.2654722 0.4991337 2.679516 -0.3894227 0.3271855 2.763793 -0.3945453 0.4157053 2.500849 0.06845061 0.5118468 2.711147 0.2140963 0.3498971 2.801889 0.2408161 0.4146413 2.52313 -0.1845206 0.05882106 2.697322 -0.2108423 -0.382777 2.725167 -0.3198709 -0.8223979 2.673018 0.01901169 0.06656996 2.716603 0.06743054 -0.3729367 2.685251 0.1824379 -0.7588903 2.671394 
-0.1070857 0.7240684 2.683397 -0.09777896 0.506947 2.69353 -0.08839776 0.2856521 2.701342 -0.2645441 0.4992688 2.676289 -0.3677227 0.309095 2.78189 -0.3671323 0.4123244 2.521752 0.06898613 0.5146252 2.710771 0.1855349 0.3204454 2.812956 0.2115633 0.408487 2.540729 -0.1806657 0.05967702 2.698645 -0.2065717 -0.3818826 2.728157 -0.3175888 -0.8229277 2.677017 0.02263252 0.06903731 2.719663 0.06891261 -0.3704287 2.684494 0.1854253 -0.759208 2.672885 
-0.1078166 0.7257695 2.69116 -0.09965327 0.5074178 2.696269 -0.09234156 0.2859674 2.701227 -0.2665898 0.5015421 2.680019 -0.3738658 0.2890571 2.745948 -0.3156705 0.4205116 2.510323 0.06728322 0.5132934 2.712518 0.1772614 0.2877139 2.774498 0.151325 0.4030934 2.519429 -0.1867844 0.06093558 2.69628 -0.2209634 -0.3800813 2.724668 -0.327329 -0.8226312 2.673475 0.01672472 0.06809848 2.716091 0.05599729 -0.3724062 2.68666 0.1760073 -0.7612776 2.666344 
-0.107691 0.7247668 2.694503 -0.1002345 0.5064088 2.697979 -0.09408481 0.2849092 2.703295 -0.267293 0.5014026 2.682641 -0.3724224 0.2810358 2.685483 -0.2670539 0.4356262 2.487451 0.06682404 0.5114151 2.713317 0.1746427 0.2733507 2.70774 0.09051614 0.410703 2.485455 -0.1897589 0.06035829 2.699262 -0.224572 -0.3802355 2.733178 -0.3230746 -0.8240169 2.681385 0.01388855 0.06646101 2.717959 0.05725157 -0.3740602 2.69554 0.179127 -0.7623128 2.671821 
-0.1080017 0.7273607 2.698195 -0.1012859 0.5092784 2.700679 -0.0965929 0.2877562 2.706813 -0.2684557 0.5053371 2.686241 -0.3737006 0.289023 2.622748 -0.2313814 0.4434717 2.441644 0.06588396 0.5132197 2.715117 0.164333 0.2806711 2.628861 0.04269313 0.4235908 2.423991 -0.1937944 0.06383161 2.704147 -0.2320243 -0.3766323 2.736389 -0.3225925 -0.8192427 2.686093 0.009994517 0.06863623 2.721748 0.05397321 -0.3721139 2.705255 0.178572 -0.7601672 2.675259 
-0.1089644 0.7246795 2.713722 -0.1041198 0.5080868 2.71076 -0.1002058 0.2864862 2.714432 -0.2715752 0.5049495 2.699919 -0.3446822 0.3360134 2.494203 -0.1759862 0.4655032 2.303725 0.06333557 0.511224 2.721601 0.1398271 0.3349103 2.485211 -0.01025432 0.4550823 2.281402 -0.1983585 0.0629734 2.711496 -0.2330157 -0.3780019 2.741137 -0.3213398 -0.8243347 2.682538 0.005774949 0.06679787 2.724712 0.07156046 -0.3711432 2.728319 0.1790394 -0.7629204 2.675138 
-0.1107139 0.7290499 2.725318 -0.1059266 0.5117815 2.717912 -0.1031135 0.2901501 2.718757 -0.2734444 0.5096164 2.707748 -0.3153435 0.3845136 2.437608 -0.1628165 0.4688252 2.220982 0.06159111 0.5139465 2.728076 0.1164103 0.3794484 2.429619 -0.01513705 0.4697371 2.199921 -0.2024057 0.0671992 2.713408 -0.2321384 -0.3741722 2.742271 -0.3258605 -0.8188586 2.678065 0.001805027 0.06983849 2.725798 0.07253851 -0.3674769 2.721744 0.1793397 -0.7612578 2.670882 
