-0.25635 0.7517415 2.579064 -0.2537452 0.5340872 2.553665 -0.2514419 0.312477 2.527248 -0.4124551 0.5348865 2.533122 -0.45814 0.3257283 2.366043 -0.28336 0.4357378 2.161313 -0.09503534 0.5332878 2.574208 -0.01694228 0.3075569 2.41765 -0.1450034 0.4280452 2.192221 -0.3512946 0.09138122 2.487609 -0.3490182 -0.33578 2.616002 -0.5014695 -0.8125963 2.476275 -0.1469827 0.0903523 2.514054 -0.1529705 -0.3491246 2.592142 0.04288736 -0.80246 2.438774 
-0.2562052 0.7515983 2.592079 -0.252231 0.5338879 2.558643 -0.2496174 0.3128006 2.528276 -0.4110596 0.5347264 2.538868 -0.4305798 0.3583704 2.321525 -0.2718798 0.4373898 2.097842 -0.09340248 0.5330495 2.578418 -0.02198106 0.3377707 2.372828 -0.1521786 0.433346 2.136518 -0.349216 0.09225299 2.485183 -0.3415058 -0.3331884 2.619428 -0.4990731 -0.814397 2.465081 -0.1447914 0.09117383 2.510634 -0.1474311 -0.3481546 2.589866 0.04698053 -0.8002818 2.440153 
-0.253559 0.7513497 2.606571 -0.2506183 0.5347346 2.565358 -0.24821 0.3142706 2.530809 -0.4092488 0.5363374 2.544072 -0.4067672 0.3911714 2.282257 -0.2645349 0.4412283 2.041878 -0.09198771 0.5331318 2.586643 -0.04247021 0.3793986 2.324925 -0.1483767 0.4430495 2.071227 -0.3478979 0.09483825 2.482561 -0.3463501 -0.3299604 2.619344 -0.4957311 -0.8085439 2.46963 -0.1437055 0.09277502 2.50996 -0.1484749 -0.3457821 2.593267 0.04397353 -0.797454 2.445106 
-0.2518963 0.7511309 2.618945 -0.2495944 0.5366498 2.57601 -0.247041 0.316715 2.537999 -0.4078183 0.538979 2.551905 -0.3804305 0.4392871 2.248061 -0.2746546 0.4444831 1.987591 -0.0913705 0.5343204 2.600116 -0.06285933 0.4306034 2.281496 -0.1332639 0.4523821 2.005533 -0.3463225 0.09827942 2.484473 -0.35942 -0.3330852 2.589468 -0.475072 -0.7857214 2.525522 -0.1426527 0.09528106 2.515502 -0.147372 -0.3439935 2.594721 0.04628003 -0.8031127 2.448313 
-0.2532386 0.7552776 2.629507 -0.2515975 0.5417402 2.582062 -0.2497408 0.3224685 2.540452 -0.4097619 0.5450335 2.557651 -0.3732076 0.4591418 2.226526 -0.2824493 0.4510411 1.957112 -0.09343306 0.538447 2.606473 -0.06092462 0.4573021 2.26826 -0.1078452 0.4548497 1.987499 -0.3496796 0.1053163 2.48313 -0.3717528 -0.3278722 2.583428 -0.4692677 -0.7649612 2.542756 -0.1460886 0.1010773 2.514553 -0.1511481 -0.3396268 2.585099 0.03640866 -0.7949544 2.449274 
-0.2536673 0.7582014 2.645284 -0.2504839 0.5469896 2.590104 -0.2471637 0.3291081 2.542172 -0.408716 0.5498695 2.566052 -0.3826139 0.4710757 2.21477 -0.307252 0.4589213 1.940102 -0.09225181 0.5441098 2.614156 -0.04997095 0.4726456 2.257623 -0.07652036 0.4610423 1.974005 -0.3456825 0.1130801 2.47876 -0.3521384 -0.3077486 2.618922 -0.4744617 -0.7852353 2.506671 -0.1420043 0.109373 2.50972 -0.1445506 -0.3313338 2.580752 0.0389974 -0.7885781 2.45228 
-0.2551811 0.7585578 2.642663 -0.250631 0.5478536 2.591345 -0.246404 0.3296068 2.544922 -0.4089165 0.5498487 2.567553 -0.4043095 0.477034 2.211374 -0.3412079 0.4664699 1.932639 -0.09234544 0.5458585 2.615137 -0.01398847 0.4803306 2.268303 -0.02708301 0.4638864 1.981787 -0.3440529 0.1126441 2.483185 -0.3589129 -0.3197466 2.57391 -0.4635094 -0.7658222 2.552454 -0.140301 0.1100759 2.513811 -0.1490983 -0.3290176 2.593272 0.0386683 -0.798737 2.455644 
-0.2554193 0.7575172 2.641365 -0.2514218 0.5462236 2.590637 -0.2476052 0.3279225 2.544273 -0.4099549 0.5481331 2.568597 -0.4461538 0.4780158 2.222694 -0.3822477 0.4733947 1.942549 -0.09288865 0.5443143 2.612678 0.02250793 0.4811656 2.264649 0.0150471 0.4705763 1.97585 -0.3458287 0.1108503 2.483722 -0.3600582 -0.3211239 2.585901 -0.4748435 -0.7869925 2.52456 -0.1417487 0.1083924 2.512094 -0.1497784 -0.3316956 2.586224 0.03853844 -0.8019018 2.44557 
-0.2537628 0.7504641 2.631213 -0.2512213 0.5380996 2.584584 -0.2483573 0.3192072 2.541041 -0.4099483 0.5401174 2.564001 -0.4960631 0.4739985 2.25585 -0.4290652 0.4719686 1.975657 -0.09249435 0.5360817 2.605168 0.0652684 0.4805926 2.289321 0.06386156 0.4746732 2.001422 -0.347654 0.1016136 2.48425 -0.3558635 -0.330309 2.591958 -0.4848657 -0.8068362 2.50004 -0.1433326 0.09901602 2.510746 -0.1527774 -0.3405814 2.587833 0.04791246 -0.8149846 2.43879 
-0.2501608 0.7558295 2.623835 -0.2494674 0.5410188 2.579273 -0.2483342 0.3217468 2.537477 -0.4082537 0.544023 2.559206 -0.5580029 0.4455088 2.298702 -0.4829194 0.4756325 2.026436 -0.09068112 0.5380147 2.599339 0.1150807 0.449895 2.364309 0.1251923 0.4658116 2.080881 -0.3493971 0.1044082 2.482767 -0.3462556 -0.3215744 2.613213 -0.4981337 -0.8086893 2.473624 -0.1450049 0.1005412 2.508597 -0.149831 -0.3395583 2.583417 0.04801803 -0.801818 2.448069 
-0.2520338 0.7547067 2.604939 -0.2493112 0.5399713 2.571338 -0.2474821 0.319571 2.536716 -0.4081507 0.5417583 2.55157 -0.5854877 0.4272492 2.347328 -0.5020972 0.4747994 2.079301 -0.09047184 0.5381843 2.591105 0.1345491 0.4429534 2.41317 0.153509 0.4601719 2.130956 -0.3478875 0.1003208 2.489371 -0.3440098 -0.3280348 2.613312 -0.4998843 -0.8206631 2.475188 -0.1434185 0.0980204 2.514818 -0.1561249 -0.3405788 2.596558 0.05625391 -0.8099772 2.449625 
-0.2558005 0.7538365 2.595008 -0.2512459 0.5387673 2.564422 -0.2479387 0.3177862 2.533672 -0.4098884 0.5393561 2.543129 -0.6047592 0.4001355 2.411157 -0.5271523 0.4674842 2.143644 -0.09260333 0.5381784 2.585716 0.1397557 0.4184641 2.477601 0.1676152 0.4524544 2.192871 -0.3467429 0.09718411 2.489217 -0.3576636 -0.3395402 2.563126 -0.4768757 -0.7922071 2.536374 -0.1425201 0.09642611 2.516628 -0.1522417 -0.3441215 2.587043 0.05622235 -0.8098193 2.439029 
-0.2509583 0.7547534 2.581017 -0.2498105 0.5388792 2.555786 -0.2477465 0.3173558 2.528997 -0.4081836 0.5402028 2.532638 -0.6029035 0.3835866 2.472574 -0.5209308 0.4543834 2.206085 -0.09143734 0.5375555 2.578934 0.1233546 0.3962151 2.548785 0.1651645 0.4540748 2.267921 -0.3476184 0.09668445 2.487309 -0.3610138 -0.3415778 2.561893 -0.4758718 -0.7935265 2.522845 -0.1437466 0.09498047 2.517107 -0.1576631 -0.3448386 2.59172 0.05445587 -0.8085648 2.436092 
-0.2516745 0.7495947 2.556538 -0.2501713 0.5324188 2.543462 -0.2486762 0.3101246 2.525715 -0.4085359 0.5332136 2.520167 -0.5954528 0.3692957 2.534276 -0.5495583 0.4359834 2.259033 -0.0918067 0.5316241 2.566757 0.08667295 0.3766047 2.614403 0.1457176 0.4488472 2.340442 -0.3491024 0.08834178 2.492975 -0.3659877 -0.3523974 2.555187 -0.4705894 -0.7859479 2.56327 -0.14526 0.08731883 2.52296 -0.1551178 -0.353344 2.59335 0.0533522 -0.8142337 2.447166 
-0.2473166 0.747851 2.539167 -0.2493738 0.5289582 2.533727 -0.2501286 0.3061049 2.522337 -0.4075951 0.5307328 2.509489 -0.5598679 0.3685803 2.606812 -0.5540853 0.41928 2.322184 -0.09115259 0.5271836 2.557964 0.04041367 0.3598956 2.671838 0.1085791 0.4362172 2.399226 -0.3527166 0.08439381 2.495348 -0.3588477 -0.3553697 2.569799 -0.4905162 -0.8042344 2.498954 -0.1490502 0.08210951 2.526548 -0.149552 -0.3598072 2.589522 0.04861163 -0.8057887 2.445606 
-0.246167 0.7462201 2.52711 -0.2494184 0.5273324 2.528624 -0.2508378 0.3042927 2.522526 -0.4076225 0.5290053 2.504251 -0.5349354 0.3662916 2.629402 -0.5313466 0.418872 2.339276 -0.09121429 0.5256594 2.552996 0.01220466 0.3514463 2.688417 0.07264803 0.429756 2.416755 -0.3540795 0.08232986 2.500743 -0.3548655 -0.3560671 2.583585 -0.4996184 -0.8128858 2.488105 -0.1504348 0.0801763 2.532116 -0.150911 -0.3614326 2.597488 0.04997658 -0.8073844 2.447242 
-0.2472479 0.7446206 2.531592 -0.2501293 0.52645 2.529332 -0.2519482 0.3034272 2.521323 -0.4084985 0.5285752 2.506118 -0.5129734 0.3446517 2.64071 -0.4986844 0.4163783 2.354218 -0.09175995 0.5243247 2.552546 -0.003903313 0.3292167 2.683214 0.02547245 0.4224837 2.40912 -0.3556995 0.08177228 2.498372 -0.3560013 -0.3568451 2.580906 -0.4987451 -0.8089675 2.475487 -0.1518346 0.0790365 2.528255 -0.1516763 -0.3635521 2.58637 0.05228165 -0.8063663 2.43798 
-0.2488799 0.7482502 2.540328 -0.2518036 0.5294305 2.53423 -0.2531627 0.3065228 2.523197 -0.4101735 0.531546 2.510998 -0.5134872 0.3128254 2.61286 -0.4524606 0.416905 2.358112 -0.09343367 0.527315 2.557462 0.002547615 0.3061082 2.663612 -0.01855486 0.4161578 2.403307 -0.3564505 0.08497661 2.497212 -0.3491873 -0.3426872 2.618279 -0.5018108 -0.8084965 2.470262 -0.1525934 0.08225346 2.527117 -0.1546951 -0.3589091 2.59475 0.05009079 -0.7999 2.440774 
-0.2533246 0.7543012 2.553699 -0.2528266 0.5338944 2.543187 -0.2522394 0.3112272 2.528252 -0.4111038 0.5350802 2.519285 -0.5062386 0.297905 2.569945 -0.4039898 0.4229527 2.34504 -0.09454938 0.5327086 2.56709 0.01078105 0.2960607 2.623305 -0.06060921 0.4134587 2.378971 -0.3535247 0.0893233 2.497933 -0.3437886 -0.4160989 2.612936 -0.5011004 -0.8100034 2.465928 -0.1497796 0.08779681 2.528702 -0.1489277 -0.3528714 2.599842 0.05123587 -0.7975148 2.443036 
-0.2573509 0.7531604 2.569389 -0.2541065 0.5341848 2.552642 -0.2514728 0.3119859 2.532442 -0.4120922 0.5346507 2.526919 -0.4970917 0.3014283 2.504493 -0.357474 0.4316344 2.29638 -0.09612079 0.5337189 2.578366 0.009420586 0.2945527 2.556157 -0.09630673 0.4162692 2.326558 -0.3505283 0.09008677 2.495685 -0.3285085 -0.3592136 2.657559 -0.4990261 -0.8109156 2.467354 -0.1471498 0.08948705 2.5288 -0.1481938 -0.3517198 2.596743 0.04733814 -0.7998336 2.447313 
-0.261124 0.7542761 2.586724 -0.2553478 0.535022 2.562465 -0.2503895 0.3134199 2.537047 -0.4132344 0.534511 2.536121 -0.4810396 0.3232052 2.433763 -0.3163663 0.441358 2.231601 -0.09746125 0.5355329 2.588809 -0.002280029 0.3122842 2.484072 -0.1255669 0.4239128 2.253173 -0.3470486 0.09148909 2.494673 -0.3392349 -0.3500311 2.628451 -0.4995663 -0.8114513 2.46628 -0.1438137 0.09214681 2.528584 -0.1481151 -0.3486885 2.598867 0.04916731 -0.8015863 2.444375 
-0.265854 0.7558733 2.604891 -0.258146 0.5368374 2.571235 -0.2513753 0.3159229 2.540769 -0.4162814 0.5354022 2.546498 -0.4560495 0.3526217 2.369884 -0.2854581 0.4498478 2.156662 -0.1000106 0.5382726 2.595972 -0.0181662 0.3461236 2.421016 -0.1427431 0.4338148 2.180094 -0.3463875 0.09408452 2.494381 -0.3400242 -0.3372828 2.635253 -0.504366 -0.8128362 2.463357 -0.1428216 0.09593205 2.526225 -0.1493081 -0.3451335 2.594993 0.04339584 -0.7998319 2.444922 
