-0.1321188 0.7286325 2.723415 -0.115339 0.5106847 2.707841 -0.1011058 0.2896253 2.701963 -0.2826467 0.5001315 2.699598 -0.3593982 0.3166401 2.480012 -0.1988928 0.4252426 2.279556 0.05196873 0.5212379 2.716084 0.1404984 0.3311836 2.500599 -0.01936083 0.4343048 2.288579 -0.1888476 0.06213356 2.69106 -0.226221 -0.3786174 2.720855 -0.3177856 -0.8149971 2.677117 0.01510244 0.074998 2.701109 0.0768045 -0.3637453 2.709355 0.1791639 -0.7626727 2.667962 
-0.1319656 0.7291337 2.741657 -0.1158472 0.5126776 2.717186 -0.1014711 0.2919021 2.705394 -0.2831141 0.5022795 2.70794 -0.3311803 0.3653079 2.439506 -0.1834897 0.4284441 2.22059 0.05141967 0.5230756 2.726433 0.1142657 0.3691061 2.457806 -0.02717601 0.4452023 2.224588 -0.189049 0.06478873 2.687966 -0.2250483 -0.3762941 2.714233 -0.3167476 -0.8130755 2.67851 0.01485915 0.07746451 2.699237 0.07714143 -0.3612845 2.708495 0.1821562 -0.7633039 2.669641 
-0.1326288 0.7324604 2.764342 -0.1156006 0.5196053 2.735294 -0.1009087 0.2992546 2.717081 -0.282703 0.5094578 2.723268 -0.2690192 0.4400602 2.39188 -0.1809088 0.4336936 2.133262 0.05150183 0.5297529 2.74732 0.06458864 0.4452955 2.394215 -0.01338908 0.4527248 2.128733 -0.1880728 0.07271841 2.691538 -0.2211039 -0.3683419 2.721611 -0.3152229 -0.8093496 2.677387 0.01563903 0.08508914 2.706198 0.06877816 -0.3546904 2.695922 0.1838996 -0.7551729 2.675387 
-0.1295382 0.7345031 2.771624 -0.1134266 0.5220767 2.742792 -0.0985381 0.301923 2.722147 -0.2804962 0.5119556 2.730235 -0.2645059 0.4600269 2.380446 -0.2008499 0.4333358 2.111352 0.0536431 0.5321978 2.755348 0.07229695 0.4626501 2.379618 0.01276456 0.4541992 2.10549 -0.1854818 0.07560039 2.69385 -0.2153721 -0.3654204 2.727479 -0.3142561 -0.8125988 2.682625 0.0181825 0.0879384 2.709157 0.06864981 -0.3522576 2.69812 0.1858153 -0.7579854 2.674892 
-0.1281518 0.7339616 2.775768 -0.1126479 0.5228656 2.747263 -0.0981783 0.302765 2.725512 -0.2797817 0.5130606 2.735298 -0.2807505 0.4685175 2.377242 -0.2293907 0.4351486 2.102338 0.05448591 0.5326707 2.759228 0.09065188 0.4758191 2.377816 0.04585367 0.4493592 2.100289 -0.1855817 0.07668784 2.696467 -0.220696 -0.364105 2.727757 -0.3155229 -0.8141538 2.682264 0.0181642 0.08864078 2.711053 0.06953487 -0.3515744 2.707979 0.1831108 -0.757713 2.672356 
-0.1271047 0.7317508 2.777838 -0.1130005 0.5198897 2.74839 -0.09945248 0.299846 2.725399 -0.2803169 0.5105419 2.739262 -0.3183846 0.4692655 2.386633 -0.2582438 0.4375793 2.110888 0.05431589 0.5292376 2.757518 0.1368174 0.4779 2.403415 0.09396295 0.4526316 2.121401 -0.1879035 0.07410365 2.696842 -0.221511 -0.3673306 2.717527 -0.3185368 -0.8192009 2.68119 0.01609451 0.08550093 2.707971 0.06218667 -0.3549426 2.693156 0.1829925 -0.7658495 2.668131 
-0.1277299 0.7305196 2.758846 -0.1123841 0.5171277 2.740122 -0.09837019 0.2966312 2.723313 -0.2797781 0.5069266 2.734378 -0.3641255 0.4760902 2.441299 -0.2973823 0.4427666 2.168124 0.05500993 0.5273288 2.745866 0.1939685 0.4800024 2.45221 0.1397108 0.457647 2.172381 -0.1864029 0.06991602 2.703003 -0.2198291 -0.3718305 2.716565 -0.3156124 -0.8209904 2.68956 0.01769026 0.08235358 2.710006 0.06592653 -0.3578425 2.691759 0.1846502 -0.770005 2.674632 
-0.1247854 0.7287862 2.748851 -0.1119463 0.5151885 2.732808 -0.1004875 0.2943735 2.718052 -0.2794396 0.5069182 2.726499 -0.4185631 0.4605519 2.497149 -0.3247887 0.4410749 2.234601 0.05554697 0.5234588 2.739116 0.2439852 0.4729954 2.519588 0.1822491 0.4536369 2.242189 -0.1911139 0.06851779 2.699452 -0.2247857 -0.3733586 2.702957 -0.3238357 -0.8183339 2.677149 0.0130566 0.07859909 2.707142 0.05974361 -0.3614946 2.682745 0.1788352 -0.7691589 2.670447 
-0.121099 0.7274863 2.724978 -0.1118981 0.5126888 2.718529 -0.1027825 0.291495 2.711469 -0.2794793 0.5059777 2.712413 -0.4572791 0.4462734 2.583601 -0.3566903 0.4465238 2.322654 0.05568315 0.5193998 2.724644 0.2744965 0.4545003 2.597266 0.1915356 0.4443698 2.325566 -0.1958069 0.06621089 2.700682 -0.2243422 -0.3760261 2.707974 -0.3247411 -0.8197705 2.682094 0.008473231 0.07439156 2.708136 0.06115303 -0.3648196 2.680219 0.1771363 -0.7684149 2.673654 
-0.119505 0.7249105 2.70244 -0.1108062 0.5098152 2.703604 -0.1019915 0.2885114 2.703399 -0.2782202 0.5031556 2.694231 -0.4652081 0.4181846 2.663296 -0.3733404 0.4556397 2.402436 0.05660776 0.5164747 2.712978 0.2811837 0.4466971 2.68713 0.2170754 0.4301984 2.410781 -0.1952329 0.0631479 2.697479 -0.2178031 -0.379349 2.709087 -0.319951 -0.8207963 2.678248 0.008879397 0.07126729 2.708908 0.06327198 -0.3678245 2.681551 0.1867606 -0.7632264 2.669585 
-0.1147811 0.721643 2.681155 -0.1075264 0.5059765 2.6904 -0.1001594 0.284672 2.695998 -0.2749305 0.5001418 2.680043 -0.4356214 0.4126055 2.743152 -0.3727688 0.4559474 2.472563 0.05987759 0.5118111 2.700757 0.2510762 0.4373345 2.771049 0.2156397 0.4196012 2.490375 -0.1948208 0.05981149 2.695284 -0.2197287 -0.3824103 2.712308 -0.3172997 -0.8201703 2.680032 0.009235923 0.06692368 2.707908 0.06383951 -0.3722304 2.681508 0.1861162 -0.7649224 2.668912 
-0.1127596 0.7161797 2.66103 -0.1057683 0.5002372 2.679612 -0.09910643 0.2793993 2.694048 -0.2730819 0.4944162 2.667776 -0.3988506 0.3913312 2.786074 -0.3596347 0.4382662 2.520824 0.06154525 0.5060581 2.691447 0.2129999 0.4291364 2.828024 0.1888704 0.4058852 2.546572 -0.1944239 0.05501349 2.701271 -0.2223182 -0.3869516 2.720995 -0.316927 -0.8227056 2.686113 0.009534785 0.06210937 2.715699 0.06426053 -0.3772935 2.694422 0.1856795 -0.7686122 2.678744 
-0.1089781 0.7160674 2.651459 -0.1040989 0.499592 2.675551 -0.0993915 0.2790194 2.694998 -0.2713373 0.494851 2.662261 -0.3715184 0.3338792 2.795966 -0.3319955 0.4258318 2.537161 0.06313959 0.5043329 2.688843 0.1839809 0.3780495 2.841992 0.1555322 0.391903 2.56081 -0.1966219 0.05555696 2.706344 -0.2297298 -0.38621 2.721481 -0.3183223 -0.817391 2.685137 0.007253666 0.0613365 2.722546 0.06631046 -0.3775705 2.702681 0.1809497 -0.7616885 2.679327 
-0.1100667 0.7165397 2.655688 -0.1036164 0.4993716 2.676887 -0.09796776 0.278622 2.695108 -0.2709817 0.4941524 2.665539 -0.3552688 0.3039437 2.763488 -0.3037988 0.4215627 2.525568 0.06374893 0.5045909 2.688235 0.1779816 0.33502 2.807987 0.1152672 0.3924795 2.542947 -0.1943355 0.05469101 2.706412 -0.2274634 -0.3869871 2.724738 -0.3127584 -0.8188215 2.681616 0.009697238 0.06105374 2.720246 0.07043927 -0.3771665 2.692777 0.1865819 -0.7632506 2.671942 
-0.1128037 0.7191281 2.667815 -0.1053397 0.5019315 2.683433 -0.09905238 0.2809165 2.698201 -0.2726178 0.496338 2.670938 -0.3651228 0.2924632 2.702752 -0.270413 0.4266477 2.478177 0.06193852 0.507525 2.695929 0.1770017 0.3115206 2.742999 0.07324424 0.4010993 2.497459 -0.1947231 0.05649222 2.705353 -0.2289145 -0.3852209 2.721197 -0.3184022 -0.8176737 2.680721 0.009192892 0.06331082 2.720584 0.06833307 -0.3754257 2.698057 0.1845755 -0.7587291 2.674458 
-0.1130155 0.7263947 2.693328 -0.1051681 0.5089363 2.696995 -0.09893032 0.2876403 2.703136 -0.2723941 0.5038499 2.683562 -0.3645363 0.3177145 2.613367 -0.2231598 0.4299512 2.396517 0.06205779 0.5140228 2.710427 0.1780228 0.3257789 2.646511 0.03633832 0.4151171 2.418622 -0.1946202 0.063244 2.701089 -0.2227221 -0.3786293 2.722096 -0.3164107 -0.8119923 2.680622 0.009235175 0.06944463 2.717464 0.07073417 -0.3692548 2.702312 0.1855661 -0.7558546 2.670432 
-0.1142496 0.7289997 2.716111 -0.1061255 0.5123453 2.708204 -0.09981157 0.290977 2.707273 -0.2735129 0.5076185 2.696936 -0.3513145 0.3618909 2.530678 -0.185726 0.4367311 2.319876 0.06126191 0.5170721 2.719472 0.1544661 0.3648535 2.55026 0.003250717 0.4362739 2.328431 -0.1955317 0.06672738 2.699473 -0.2242104 -0.3742164 2.732858 -0.3176904 -0.8144004 2.681818 0.008536379 0.07249002 2.713209 0.06614806 -0.366816 2.699442 0.1830381 -0.7539387 2.670526 
