-0.108683 0.7270163 2.776061 -0.101046 0.5111832 2.748986 -0.09637593 0.2899789 2.735661 -0.267286 0.5090485 2.726162 -0.2363676 0.3610218 2.439825 -0.1301758 0.4390215 2.201601 0.06519394 0.513318 2.771811 0.08708925 0.3636035 2.455812 0.001986603 0.4403332 2.200541 -0.1930434 0.06747319 2.708423 -0.2118694 -0.3733363 2.751412 -0.3155492 -0.826671 2.690383 0.009631781 0.07007585 2.73625 0.07298236 -0.3686266 2.731772 0.1828813 -0.7630172 2.679943 
-0.1064156 0.7219506 2.778432 -0.0983085 0.5082973 2.757632 -0.09225482 0.2871088 2.744382 -0.2641696 0.5052832 2.732169 -0.2188549 0.4192443 2.40895 -0.1544423 0.4462699 2.142464 0.06755258 0.5113114 2.783096 0.09350659 0.4179117 2.401958 0.05209588 0.4505913 2.127987 -0.1872903 0.06408322 2.715613 -0.2092243 -0.3771541 2.752475 -0.311164 -0.8225941 2.687723 0.01488807 0.06775723 2.746652 0.07425864 -0.370724 2.722174 0.1862321 -0.7666968 2.676341 
-0.1098223 0.7262069 2.789142 -0.09804675 0.5123225 2.761492 -0.08930084 0.2916715 2.743035 -0.2642445 0.507637 2.738754 -0.2374771 0.4436558 2.404976 -0.1899162 0.4467985 2.130619 0.06815098 0.5170082 2.784229 0.1192113 0.4319222 2.407436 0.09705184 0.4507602 2.127779 -0.1818706 0.06816392 2.710717 -0.2064557 -0.3733038 2.742601 -0.3084346 -0.814945 2.680588 0.0207607 0.07387669 2.738439 0.07549724 -0.3647439 2.706564 0.1887345 -0.7620452 2.664395 
-0.1088686 0.724799 2.785014 -0.09708282 0.5103843 2.760669 -0.08828513 0.2896313 2.742992 -0.2639185 0.5050269 2.744543 -0.2697221 0.420817 2.410486 -0.2285084 0.4495632 2.134585 0.0697529 0.5157418 2.776796 0.1656204 0.4364736 2.427217 0.1522973 0.4562244 2.146083 -0.1812479 0.06561049 2.715478 -0.2092619 -0.375455 2.750062 -0.3112778 -0.8200462 2.689034 0.02227309 0.07214601 2.735151 0.06896108 -0.3677384 2.70851 0.1840081 -0.7638331 2.667526 
-0.1063568 0.7231512 2.782457 -0.09584197 0.5077239 2.759073 -0.08764429 0.287038 2.740103 -0.2630052 0.5026332 2.746057 -0.3098724 0.4104166 2.435251 -0.2723027 0.4645902 2.162468 0.07132124 0.5128145 2.772088 0.205799 0.4122271 2.461114 0.1933375 0.4556159 2.177042 -0.1813098 0.06325001 2.713201 -0.2078376 -0.3785994 2.732181 -0.3125892 -0.8196167 2.681355 0.02241654 0.06945412 2.729064 0.06649875 -0.370185 2.694675 0.1829373 -0.7657347 2.665827 
-0.1085544 0.7311953 2.791678 -0.09650106 0.5126329 2.760563 -0.08753778 0.2928559 2.734174 -0.263653 0.5074695 2.74679 -0.3564194 0.3601958 2.47563 -0.294588 0.4541174 2.221739 0.07065092 0.5177963 2.774336 0.2439153 0.3631266 2.53506 0.257089 0.4587131 2.268744 -0.1804284 0.0699326 2.699393 -0.2043003 -0.3723977 2.71167 -0.3108081 -0.8094374 2.671507 0.02327939 0.07622515 2.716178 0.06751208 -0.3631546 2.67797 0.1832082 -0.751757 2.659058 
-0.1083485 0.731748 2.785784 -0.09700699 0.5148064 2.757096 -0.08771315 0.2951038 2.729657 -0.2639813 0.5097352 2.741145 -0.3952028 0.3270927 2.533315 -0.3453504 0.4581274 2.298869 0.06996731 0.5198776 2.773047 0.266463 0.3385682 2.594038 0.2941113 0.4694445 2.346359 -0.1801881 0.07231031 2.692496 -0.1999957 -0.3671044 2.736659 -0.3121037 -0.8161897 2.673259 0.02334949 0.07849194 2.71194 0.06487871 -0.3615955 2.679096 0.1827093 -0.7544901 2.666228 
-0.1016009 0.7249995 2.741627 -0.09309856 0.5071177 2.735157 -0.08574553 0.2861138 2.722935 -0.2600431 0.5024754 2.718663 -0.4163315 0.2970453 2.63483 -0.4192617 0.4855888 2.425299 0.07384604 0.5117601 2.751651 0.2693366 0.3108689 2.701001 0.3107486 0.4794286 2.478361 -0.1801519 0.06228012 2.70066 -0.1979641 -0.3785914 2.740366 -0.313181 -0.8245309 2.684852 0.02336687 0.06793942 2.720768 0.06661215 -0.3710264 2.677069 0.1815825 -0.7581488 2.675225 
-0.09999317 0.7221451 2.730262 -0.09322807 0.5036603 2.728536 -0.08632582 0.2823893 2.720176 -0.2601081 0.499108 2.711244 -0.4076746 0.2905298 2.68591 -0.4288407 0.4863643 2.486069 0.07365198 0.5082126 2.745827 0.2536594 0.2984273 2.739996 0.3010038 0.4797167 2.529219 -0.1811347 0.05834378 2.701278 -0.1999939 -0.382203 2.745479 -0.3146273 -0.8221189 2.684017 0.02228758 0.06389298 2.722357 0.06754281 -0.3740234 2.671028 0.181284 -0.7604035 2.674773 
-0.1028395 0.7203922 2.726581 -0.09433025 0.5021644 2.726308 -0.08610608 0.2808121 2.720073 -0.2611088 0.4964736 2.708352 -0.3823438 0.2827643 2.710945 -0.4013972 0.4850783 2.521824 0.07244827 0.5078551 2.744264 0.2268213 0.2912139 2.766002 0.263346 0.4776401 2.554043 -0.1795373 0.05599124 2.702893 -0.1985876 -0.3851456 2.741348 -0.3112073 -0.8189393 2.688819 0.02377345 0.0629285 2.724782 0.07021187 -0.3749471 2.673644 0.1841678 -0.7591476 2.675521 
-0.109813 0.7211704 2.716826 -0.1003169 0.5004809 2.718949 -0.0909825 0.2791189 2.715435 -0.2662017 0.4938699 2.694763 -0.3582827 0.2365979 2.758752 -0.3167645 0.4459469 2.571736 0.06556792 0.507092 2.743135 0.1788692 0.2359264 2.793864 0.1558612 0.4414168 2.597182 -0.1828007 0.05372559 2.697173 -0.2079626 -0.3883676 2.713649 -0.3138674 -0.8153675 2.675694 0.01950454 0.06178809 2.726668 0.06531861 -0.375739 2.67191 0.1789898 -0.7573217 2.664475 
-0.1083292 0.7172716 2.719108 -0.1048772 0.4949436 2.719212 -0.1008673 0.2734321 2.71631 -0.2716995 0.4920456 2.709907 -0.3423274 0.2170419 2.743103 -0.2744962 0.4298615 2.56535 0.06194499 0.4978416 2.728518 0.1682823 0.1983375 2.816357 0.1160296 0.3930105 2.613626 -0.1989445 0.05014711 2.707713 -0.225151 -0.3883573 2.756783 -0.3248195 -0.821048 2.69855 0.005229825 0.05369398 2.719102 0.05614925 -0.3842042 2.673392 0.1654375 -0.7707243 2.662836 
-0.1118933 0.7196894 2.719032 -0.1089232 0.499414 2.722056 -0.1057747 0.2778272 2.721395 -0.2760916 0.4970371 2.722628 -0.3280961 0.2244713 2.695057 -0.2300044 0.4326317 2.532414 0.05824521 0.5017909 2.721484 0.1600153 0.1962912 2.771907 0.0717691 0.3819343 2.573839 -0.2044729 0.05479233 2.721081 -0.2175175 -0.3861309 2.747239 -0.3157865 -0.811117 2.698123 -0.000779535 0.05768863 2.720384 0.06438646 -0.3790675 2.686384 0.1761933 -0.7552877 2.671764 
-0.1152308 0.7195859 2.72998 -0.1106672 0.4995681 2.729024 -0.1072563 0.2779922 2.725709 -0.2781411 0.4969555 2.73134 -0.3125623 0.2392451 2.634033 -0.192484 0.4404438 2.475952 0.05680676 0.5021808 2.726707 0.1399935 0.2146343 2.696455 0.0315741 0.3971528 2.507806 -0.2057293 0.05482693 2.723804 -0.2113067 -0.3873041 2.738452 -0.3157019 -0.8203759 2.686076 -0.001961484 0.05800583 2.720986 0.06717307 -0.378715 2.692534 0.1811021 -0.7587987 2.671318 
-0.1168072 0.7209518 2.762159 -0.1113032 0.4991203 2.740957 -0.1069183 0.2781891 2.72535 -0.2790195 0.4958884 2.739586 -0.3031856 0.254145 2.549822 -0.1545445 0.4152854 2.367636 0.05641319 0.5023522 2.742327 0.1118607 0.2475473 2.564455 -0.01756355 0.4177111 2.372179 -0.2047089 0.0552889 2.708909 -0.2125372 -0.3873595 2.727461 -0.3134507 -0.8144855 2.671759 -0.0003581109 0.0592267 2.710578 0.0679995 -0.3783689 2.693944 0.1832422 -0.7570589 2.665744 
