-0.2506171 0.7423003 2.572715 -0.2499883 0.5251881 2.549791 -0.2477618 0.3033889 2.526299 -0.4082946 0.5261061 2.526121 -0.4822129 0.3590143 2.355594 -0.2964033 0.437427 2.131414 -0.09168195 0.5242702 2.573461 0.004255218 0.3625552 2.398001 -0.1240254 0.4154805 2.151897 -0.3474294 0.0821804 2.487571 -0.3637647 -0.3451088 2.608612 -0.481983 -0.7991044 2.512211 -0.1436411 0.08099876 2.518042 -0.1419468 -0.3594669 2.589384 0.02898082 -0.7891873 2.458601 
-0.2514399 0.742355 2.587906 -0.2510498 0.5262122 2.557265 -0.2501768 0.3049596 2.528758 -0.4095741 0.5284235 2.535248 -0.4486273 0.396525 2.311293 -0.276846 0.442594 2.074561 -0.09252563 0.5240009 2.579283 -0.02039795 0.3957576 2.345021 -0.122324 0.4212919 2.080747 -0.3513385 0.08513031 2.48608 -0.3600081 -0.3418315 2.612406 -0.4938838 -0.8045756 2.48917 -0.1472691 0.08228369 2.514423 -0.1444707 -0.3584623 2.584808 0.02921187 -0.7953124 2.457871 
-0.2526076 0.7417709 2.599789 -0.2521636 0.5270864 2.568334 -0.2503275 0.3059669 2.538048 -0.4104352 0.5290384 2.544487 -0.3996607 0.4388732 2.253073 -0.2695219 0.4454515 1.992506 -0.09389211 0.5251345 2.592181 -0.05135663 0.4416945 2.284024 -0.1004586 0.4287099 2.003587 -0.3503572 0.08610361 2.492414 -0.3471037 -0.3385038 2.629037 -0.496684 -0.8142616 2.475864 -0.1466254 0.08359104 2.523111 -0.1374875 -0.3576811 2.589928 0.03410512 -0.795455 2.465775 
-0.2548432 0.7443304 2.610932 -0.2528736 0.5290967 2.574149 -0.2494991 0.3085445 2.540182 -0.4111166 0.5303885 2.55004 -0.3863312 0.4554322 2.226048 -0.2815435 0.444784 1.959602 -0.09463063 0.5278049 2.598258 -0.04667792 0.4503494 2.259513 -0.0669516 0.4265516 1.97624 -0.3479707 0.08882381 2.490699 -0.3473957 -0.337831 2.621359 -0.4988457 -0.81422 2.469348 -0.1442784 0.08716097 2.521732 -0.1333025 -0.355533 2.577144 0.0290849 -0.7890018 2.463053 
-0.2554998 0.7469664 2.617496 -0.2519619 0.5322639 2.578121 -0.2478699 0.3121043 2.541681 -0.4105751 0.5328602 2.556706 -0.4021887 0.4612311 2.212527 -0.3202663 0.4436788 1.938926 -0.09334859 0.5316676 2.599535 -0.01286079 0.4616598 2.253746 -0.01690223 0.4282673 1.969061 -0.3458785 0.09232849 2.491457 -0.3457839 -0.333894 2.623949 -0.5000219 -0.8134663 2.468289 -0.1416774 0.09156079 2.519027 -0.1380464 -0.3503962 2.580831 0.03146848 -0.7898828 2.460001 
-0.2547827 0.7441922 2.621288 -0.2511069 0.5319561 2.580928 -0.2466321 0.3120658 2.542847 -0.4098845 0.5322306 2.560686 -0.4246028 0.4601175 2.203775 -0.3544128 0.441764 1.924973 -0.09232938 0.5316817 2.60117 0.01806229 0.4613256 2.263372 0.02073712 0.4278439 1.976841 -0.3443441 0.0923521 2.491739 -0.3432526 -0.3326619 2.628206 -0.5010154 -0.8169523 2.464052 -0.1399703 0.09199888 2.517794 -0.1380339 -0.3501007 2.579362 0.02767845 -0.7902129 2.461622 
-0.2517778 0.7475847 2.612681 -0.250228 0.5333471 2.57778 -0.2479717 0.3128712 2.543192 -0.4090075 0.534892 2.557575 -0.4898015 0.4555612 2.219392 -0.4289878 0.4378275 1.938423 -0.09144854 0.5318022 2.597985 0.07553329 0.4556623 2.282669 0.09518364 0.4349634 1.993357 -0.3479069 0.09338947 2.495601 -0.349674 -0.3352855 2.61952 -0.5073174 -0.8164474 2.466248 -0.1435241 0.09140094 2.521608 -0.1458312 -0.350028 2.58785 0.02992738 -0.7959243 2.462231 
-0.2501522 0.7455065 2.597188 -0.2500788 0.5298482 2.569853 -0.248699 0.3086368 2.540395 -0.4087674 0.5316458 2.54892 -0.5704568 0.4468887 2.254597 -0.5150701 0.4323359 1.969574 -0.09139029 0.5280505 2.590786 0.146878 0.4424189 2.350404 0.1813994 0.4321451 2.061595 -0.3494534 0.08858255 2.497465 -0.3515074 -0.339581 2.623702 -0.5031943 -0.816563 2.47283 -0.1451849 0.08626852 2.524411 -0.1530604 -0.3545872 2.594199 0.04861125 -0.8075464 2.451305 
-0.2496404 0.7446756 2.5916 -0.2498353 0.5289262 2.565732 -0.2498217 0.3075348 2.537409 -0.4085367 0.5315723 2.544972 -0.6102166 0.4414524 2.293793 -0.5624406 0.4298902 2.010282 -0.09113391 0.5262802 2.586491 0.1789513 0.4312035 2.397688 0.2178167 0.4255438 2.10775 -0.3519508 0.08784639 2.495726 -0.34951 -0.3403629 2.62187 -0.504211 -0.8164242 2.461698 -0.1476654 0.08444032 2.522449 -0.1507816 -0.3567312 2.590606 0.04671013 -0.8053688 2.443218 
-0.2462681 0.7429769 2.579321 -0.2484835 0.5277681 2.557424 -0.2496282 0.3060165 2.532128 -0.4071633 0.5309672 2.53656 -0.6496073 0.4352291 2.357392 -0.5978459 0.4230701 2.075136 -0.08980376 0.524569 2.578288 0.2029771 0.4171003 2.436332 0.2611599 0.410966 2.151212 -0.3529015 0.08632393 2.493404 -0.34907 -0.3428021 2.616426 -0.5043191 -0.8188631 2.463909 -0.1486443 0.08220588 2.520262 -0.1515673 -0.3585334 2.591293 0.05360387 -0.8090104 2.44041 
-0.2443341 0.7458207 2.561606 -0.246714 0.5291275 2.545756 -0.2488111 0.3069182 2.524853 -0.405098 0.5327785 2.522834 -0.6681601 0.4168185 2.45108 -0.6346896 0.417657 2.164824 -0.08833 0.5254766 2.568677 0.2094837 0.4067661 2.535074 0.2680033 0.404761 2.254132 -0.3528479 0.08705861 2.489197 -0.3482891 -0.3458632 2.597066 -0.5006983 -0.8172908 2.46435 -0.1489683 0.08235896 2.518703 -0.1492615 -0.3579699 2.592425 0.05310525 -0.8068576 2.442213 
-0.2393664 0.7480525 2.538823 -0.2437926 0.5300359 2.53489 -0.2475543 0.3073637 2.522438 -0.4019606 0.534066 2.510604 -0.6581169 0.417437 2.517037 -0.6365114 0.4162906 2.230909 -0.08562466 0.5260057 2.559176 0.1972052 0.408357 2.596521 0.253208 0.4007019 2.316754 -0.3531188 0.08728541 2.494354 -0.3495562 -0.348602 2.589341 -0.5043074 -0.8175603 2.473449 -0.1495133 0.08209749 2.525616 -0.1458511 -0.359502 2.59053 0.04691162 -0.8047416 2.455006 
-0.2360911 0.7428793 2.526929 -0.2425384 0.5254995 2.527797 -0.2470795 0.3025931 2.519652 -0.4001226 0.5297189 2.500181 -0.6251026 0.4242529 2.579508 -0.605551 0.420579 2.291433 -0.08495425 0.5212801 2.555413 0.1700562 0.4196463 2.660751 0.221852 0.4039673 2.379868 -0.3530651 0.08240292 2.493729 -0.3479433 -0.3547486 2.583314 -0.50393 -0.8227595 2.465034 -0.1501761 0.07697043 2.529285 -0.1472998 -0.3655605 2.587609 0.04810434 -0.8108852 2.45272 
-0.2343443 0.7421224 2.520991 -0.241426 0.5245241 2.524914 -0.2457404 0.301479 2.519522 -0.3985793 0.52829 2.494878 -0.5780711 0.4046407 2.622247 -0.5683451 0.4235649 2.334026 -0.08427277 0.5207582 2.55495 0.1120053 0.4193093 2.69888 0.1561372 0.4057817 2.41533 -0.3512018 0.08085759 2.494799 -0.3498754 -0.3576101 2.578074 -0.4976011 -0.814463 2.471406 -0.1489078 0.07601 2.533462 -0.14177 -0.3671327 2.58656 0.05021499 -0.8058624 2.449217 
-0.2342063 0.7450225 2.517014 -0.2413053 0.5266412 2.523697 -0.2453995 0.3035179 2.520495 -0.3984207 0.5299603 2.493311 -0.543038 0.3768199 2.63761 -0.526819 0.4233589 2.356647 -0.08418994 0.5233222 2.554082 0.06049843 0.3881553 2.706434 0.09908534 0.4048789 2.421778 -0.3506049 0.0825306 2.497738 -0.3479417 -0.3462614 2.616293 -0.4991027 -0.8112772 2.474107 -0.1483824 0.07825869 2.536847 -0.1438626 -0.3648823 2.590616 0.04950862 -0.8027112 2.449408 
-0.2336905 0.7442414 2.517513 -0.2407678 0.5267032 2.524385 -0.2450616 0.303547 2.522226 -0.3978228 0.5300228 2.493637 -0.5205145 0.3479108 2.625776 -0.4872906 0.4200126 2.355904 -0.08371274 0.5233838 2.555133 0.03075048 0.3555769 2.682703 0.03915188 0.4080785 2.399241 -0.3504334 0.0825271 2.500277 -0.3541084 -0.3524232 2.593697 -0.5001627 -0.8144794 2.471633 -0.1482774 0.07825433 2.539855 -0.1497848 -0.3650186 2.5926 0.05558784 -0.8074838 2.44803 
-0.2365047 0.7442503 2.523923 -0.2421047 0.5268495 2.528294 -0.2463187 0.3037191 2.524575 -0.3994656 0.5303073 2.499143 -0.5083818 0.3099803 2.569447 -0.4174241 0.4262673 2.32318 -0.08474373 0.5233916 2.557446 0.0201838 0.3076415 2.638428 -0.04518827 0.4052821 2.389011 -0.3518122 0.0828143 2.502094 -0.3566733 -0.354435 2.58418 -0.4882663 -0.8036851 2.505054 -0.1492533 0.07836325 2.539618 -0.15091 -0.3650584 2.591007 0.05135245 -0.8068489 2.442284 
-0.2377474 0.7484057 2.537494 -0.2421368 0.5300276 2.536288 -0.2461266 0.3070399 2.528087 -0.3993559 0.5339386 2.506433 -0.49968 0.3099832 2.517224 -0.3732208 0.4324119 2.286887 -0.08491768 0.5261167 2.566143 0.01710075 0.2943269 2.585725 -0.08683436 0.4042757 2.35517 -0.3513059 0.08656929 2.500671 -0.3486155 -0.3414581 2.61891 -0.492671 -0.8049902 2.486714 -0.148927 0.08153493 2.539103 -0.1473179 -0.3618244 2.591273 0.05188878 -0.80239 2.445116 
-0.2401351 0.7494271 2.55378 -0.2445048 0.5310342 2.54514 -0.2472348 0.3083651 2.531127 -0.4015109 0.5349072 2.514186 -0.4868205 0.3134759 2.468119 -0.3370601 0.4353341 2.244289 -0.08749867 0.5271612 2.576094 0.002569984 0.2966775 2.518371 -0.1189497 0.4083471 2.291534 -0.3510184 0.08818875 2.497191 -0.3490439 -0.3427652 2.608955 -0.4978109 -0.8112569 2.473578 -0.1489112 0.08320322 2.537037 -0.14868 -0.3596833 2.593157 0.04728688 -0.8026079 2.449748 
