-0.2444827 0.7489758 2.570718 -0.2452367 0.5310463 2.555279 -0.2457111 0.3086071 2.537389 -0.4033866 0.5333642 2.530653 -0.5380366 0.3374456 2.501909 -0.3611644 0.4356747 2.298123 -0.08708676 0.5287285 2.579904 0.08074258 0.3493378 2.565104 -0.07829785 0.4047658 2.335213 -0.3479707 0.08765959 2.50365 -0.3610727 -0.3450436 2.610041 -0.5002416 -0.8108933 2.471956 -0.1444004 0.08467607 2.535347 -0.1359616 -0.3594484 2.567451 0.01273422 -0.7918924 2.49761 
-0.2463964 0.7498835 2.587184 -0.2468476 0.5321897 2.564512 -0.2474528 0.3102899 2.541128 -0.4051483 0.5351052 2.540942 -0.5185341 0.3452357 2.442455 -0.3235967 0.4264926 2.252681 -0.08854675 0.5292742 2.588082 0.06285281 0.3451543 2.501064 -0.1084866 0.4025938 2.27457 -0.3499441 0.09026654 2.502575 -0.357419 -0.336846 2.62935 -0.500248 -0.8108485 2.470316 -0.1461719 0.08651355 2.532915 -0.1373398 -0.3576354 2.571129 0.0189471 -0.7896637 2.480235 
-0.2491747 0.752181 2.604743 -0.2483863 0.5358579 2.573904 -0.2482843 0.314656 2.544805 -0.407069 0.5385098 2.553189 -0.4873195 0.363155 2.383231 -0.2959252 0.4244567 2.186256 -0.08970357 0.533206 2.594618 0.03987408 0.3540401 2.443523 -0.1289804 0.410464 2.210415 -0.3503279 0.095161 2.502372 -0.3542501 -0.3327092 2.628245 -0.5005051 -0.8103235 2.468482 -0.1460368 0.09174693 2.52904 -0.1435614 -0.3498473 2.588671 0.03201259 -0.7910252 2.464957 
-0.2522054 0.7599524 2.6219 -0.2498938 0.5438333 2.580072 -0.2491569 0.3232874 2.546278 -0.4087396 0.5462965 2.560534 -0.4461783 0.3920892 2.341622 -0.2787502 0.4286409 2.117265 -0.09104794 0.5413702 2.59961 0.007418594 0.385007 2.390761 -0.1386476 0.4232555 2.14252 -0.35065 0.1043266 2.499909 -0.3496581 -0.3236694 2.626124 -0.497844 -0.8029193 2.470385 -0.1461901 0.1011561 2.525058 -0.1462413 -0.3392268 2.595064 0.03485147 -0.7887443 2.456934 
-0.2545583 0.7610335 2.630996 -0.2524311 0.5459954 2.586352 -0.2510589 0.3256721 2.550836 -0.4111853 0.5482871 2.566001 -0.4075891 0.4260373 2.300321 -0.2676757 0.4376638 2.05621 -0.09367691 0.5437036 2.606703 -0.03179249 0.4220054 2.334902 -0.1381292 0.4386808 2.072718 -0.3518596 0.1068238 2.502223 -0.3478152 -0.3229261 2.622545 -0.5014383 -0.8105367 2.475239 -0.1475137 0.1038739 2.528419 -0.1487114 -0.3362194 2.601851 0.03768356 -0.797866 2.464811 
-0.2549894 0.7595229 2.646036 -0.2516149 0.546474 2.59534 -0.2499049 0.327145 2.554341 -0.4103338 0.5490924 2.574713 -0.3847883 0.4540142 2.270662 -0.275198 0.4432705 2.009203 -0.09289601 0.5438556 2.615967 -0.0508917 0.4510044 2.299461 -0.1243769 0.447671 2.025648 -0.3503467 0.1095013 2.500067 -0.3451855 -0.3219356 2.61432 -0.5010985 -0.8113399 2.466788 -0.1460433 0.1061309 2.526618 -0.1436283 -0.3353597 2.591414 0.03697285 -0.7950293 2.463914 
-0.2553148 0.757015 2.652565 -0.2516703 0.5470459 2.601238 -0.2499291 0.3280972 2.558048 -0.4104327 0.549787 2.580943 -0.3748964 0.4700063 2.237849 -0.2910648 0.4516237 1.96693 -0.0929078 0.5443049 2.621534 -0.05394822 0.4734963 2.267744 -0.09810239 0.4573243 1.988899 -0.3503693 0.1109126 2.501795 -0.3579919 -0.3270938 2.576779 -0.4793355 -0.7803586 2.529364 -0.1460065 0.1073843 2.52792 -0.1440344 -0.3342006 2.59294 0.03328105 -0.7958863 2.467156 
-0.2553814 0.7553943 2.647288 -0.2508566 0.5466599 2.599756 -0.2471546 0.327399 2.55822 -0.4100174 0.5471068 2.583212 -0.3944277 0.4824941 2.225894 -0.3329897 0.4532011 1.949075 -0.09169576 0.5462132 2.616301 -0.02895488 0.4827678 2.25685 -0.05074613 0.4643251 1.972633 -0.34593 0.1084258 2.506032 -0.3529545 -0.3272693 2.597089 -0.4782147 -0.7973669 2.51554 -0.1409753 0.1078504 2.527336 -0.1378648 -0.3336751 2.593122 0.03915547 -0.798102 2.462326 
-0.2562364 0.7535035 2.644171 -0.2515644 0.5456953 2.595691 -0.2469083 0.3264027 2.554305 -0.4108899 0.5451633 2.580584 -0.4297196 0.4832418 2.23395 -0.3725701 0.4557542 1.953907 -0.09223904 0.5462273 2.610797 0.01451784 0.4863911 2.261911 0.004117573 0.4704728 1.973797 -0.3447836 0.1067678 2.503198 -0.3517465 -0.3281487 2.600727 -0.4902387 -0.8056126 2.490337 -0.1397205 0.1074525 2.522641 -0.14466 -0.3339292 2.589002 0.04083534 -0.8016784 2.452793 
-0.2549642 0.7655385 2.643129 -0.2505531 0.5554416 2.594019 -0.2462525 0.3363425 2.551533 -0.4098122 0.5554129 2.578046 -0.4783505 0.4736229 2.239476 -0.4129626 0.4581088 1.959115 -0.09129397 0.5554703 2.609992 0.06326523 0.4836887 2.29248 0.05165895 0.4760218 2.006424 -0.3444437 0.1172249 2.498768 -0.3492911 -0.3158706 2.60527 -0.4968148 -0.799525 2.47817 -0.1394601 0.1172618 2.519327 -0.1491531 -0.3234161 2.58977 0.04652339 -0.7948278 2.450426 
-0.2517713 0.7586757 2.623593 -0.2496255 0.5463596 2.581799 -0.2483304 0.3263189 2.544753 -0.4088939 0.5480837 2.56599 -0.529177 0.4633122 2.280754 -0.4579217 0.4560512 2.00073 -0.09035726 0.5446354 2.597608 0.1116349 0.4753456 2.336711 0.107765 0.4706102 2.049539 -0.3495428 0.1073879 2.497532 -0.3453278 -0.3221094 2.617442 -0.5061792 -0.8233229 2.472044 -0.1445279 0.1051685 2.517882 -0.1584156 -0.335169 2.589898 0.04205083 -0.8154122 2.453919 
-0.2503127 0.7562986 2.604825 -0.2485135 0.5428413 2.569379 -0.2481472 0.3222604 2.535525 -0.4078211 0.5449497 2.553917 -0.576083 0.453656 2.331872 -0.5206808 0.4469918 2.051062 -0.08920586 0.5407328 2.584841 0.1503232 0.4591754 2.404343 0.1447923 0.4625679 2.115257 -0.3503087 0.1030365 2.49172 -0.3494346 -0.3303425 2.596776 -0.4988117 -0.8150955 2.468848 -0.145253 0.1003226 2.511622 -0.1442005 -0.3415678 2.572338 0.04133937 -0.8050062 2.452914 
-0.2469032 0.7563078 2.586941 -0.2463714 0.5416241 2.557699 -0.2469942 0.3203801 2.528632 -0.4055834 0.5442231 2.541327 -0.6125548 0.4428398 2.425431 -0.5622945 0.4370952 2.143853 -0.08715946 0.5390251 2.57407 0.1681482 0.4470779 2.513158 0.1652938 0.4367473 2.22343 -0.3500879 0.1008089 2.489029 -0.3444256 -0.3254889 2.618186 -0.4993021 -0.8146018 2.470151 -0.1451461 0.09746336 2.510103 -0.1426339 -0.3434891 2.578248 0.03512816 -0.7989397 2.463574 
-0.2422378 0.7624221 2.568461 -0.244747 0.5460297 2.546925 -0.246705 0.3241634 2.523408 -0.4038018 0.5493094 2.529225 -0.6253009 0.4364388 2.495212 -0.5879046 0.4396501 2.210704 -0.08569228 0.54275 2.564624 0.1635509 0.4360223 2.585562 0.1646948 0.4242385 2.296935 -0.3510358 0.1044081 2.488499 -0.3469407 -0.3269513 2.600168 -0.5026976 -0.810082 2.468903 -0.14629 0.1001862 2.511283 -0.1459619 -0.3400716 2.584472 0.03588155 -0.7948253 2.459733 
-0.2394884 0.7556295 2.542259 -0.2431449 0.5396519 2.531968 -0.2456927 0.3171646 2.516763 -0.402094 0.5427485 2.513289 -0.6301745 0.4367378 2.564598 -0.6026316 0.4319648 2.279794 -0.08419587 0.5365552 2.550647 0.1407494 0.4284931 2.644281 0.156961 0.4137393 2.357909 -0.350542 0.09667041 2.489536 -0.3456019 -0.3384799 2.586104 -0.5033601 -0.8230678 2.469268 -0.1459388 0.09268426 2.51358 -0.1435823 -0.3484631 2.581495 0.03338975 -0.8027886 2.46258 
-0.2387617 0.749534 2.52865 -0.2432455 0.5328314 2.523137 -0.2459792 0.3100435 2.511733 -0.4020439 0.5358003 2.503204 -0.6091007 0.4413797 2.610288 -0.5876731 0.4299924 2.326001 -0.08444709 0.5298625 2.543071 0.09985921 0.4222365 2.685137 0.1265012 0.4042251 2.397603 -0.3509197 0.08916637 2.487499 -0.3511503 -0.3471267 2.580393 -0.5052764 -0.8241575 2.467579 -0.1465061 0.08534465 2.513159 -0.1412637 -0.3572398 2.570131 0.03847371 -0.8064948 2.460726 
-0.238558 0.7426063 2.51335 -0.2428931 0.5260036 2.51634 -0.245621 0.3030055 2.511801 -0.401549 0.528374 2.495232 -0.5630734 0.4157074 2.641631 -0.5497641 0.42696 2.353021 -0.08423714 0.5236332 2.537447 0.06090284 0.4036008 2.692075 0.07832968 0.3975775 2.405928 -0.350464 0.08153302 2.493677 -0.3651812 -0.3591166 2.550806 -0.4791873 -0.8032886 2.543549 -0.1462337 0.07848175 2.520848 -0.1455693 -0.362754 2.587492 0.04380811 -0.8089475 2.469274 
-0.2358969 0.7505152 2.510128 -0.2410243 0.5320274 2.51632 -0.2445038 0.3088851 2.514342 -0.3994216 0.5347007 2.493384 -0.5260082 0.3816822 2.655141 -0.4949817 0.4228303 2.367981 -0.08262715 0.5293542 2.539257 0.04348054 0.3696444 2.686282 0.001768387 0.3996293 2.403065 -0.3499337 0.08746335 2.4976 -0.3621957 -0.3512444 2.575891 -0.4904861 -0.7991121 2.498366 -0.1460328 0.08402213 2.527126 -0.1464709 -0.358421 2.585715 0.0395573 -0.7948684 2.459108 
-0.2377527 0.7529773 2.521102 -0.2408659 0.5352888 2.522067 -0.2435293 0.3122047 2.516307 -0.3991788 0.5377871 2.498512 -0.5324985 0.3598349 2.625581 -0.4549922 0.4232769 2.365176 -0.08255299 0.5327905 2.545623 0.04724539 0.3498276 2.646652 -0.03676543 0.406704 2.383713 -0.3480843 0.09072851 2.495386 -0.3554062 -0.3460515 2.585122 -0.4943574 -0.80656 2.481323 -0.1443011 0.08751263 2.525707 -0.1433236 -0.3553737 2.581425 0.03917255 -0.7942762 2.458668 
-0.240592 0.756578 2.535584 -0.2425787 0.538052 2.530588 -0.2449262 0.3151889 2.519625 -0.4006665 0.5409448 2.505632 -0.5367253 0.3444008 2.565291 -0.410313 0.4280973 2.333712 -0.08449081 0.5351591 2.555544 0.04314451 0.343929 2.578839 -0.08390217 0.4168029 2.336182 -0.3490252 0.09418767 2.492601 -0.3589506 -0.3439729 2.576154 -0.4995461 -0.8079568 2.473974 -0.1455224 0.09046379 2.524726 -0.1481118 -0.3521317 2.582869 0.03899013 -0.7969281 2.455051 
-0.2439985 0.7535348 2.551329 -0.2446599 0.5359898 2.539975 -0.2457374 0.3134699 2.523625 -0.4025433 0.538682 2.513738 -0.5243424 0.3491832 2.490657 -0.3634267 0.4351432 2.275076 -0.08677647 0.5332975 2.566211 0.02859271 0.3479798 2.502929 -0.1155133 0.4274074 2.268817 -0.3484327 0.09268288 2.490389 -0.3495438 -0.3391154 2.599776 -0.4997357 -0.8147222 2.471156 -0.1451972 0.08921724 2.524162 -0.1445629 -0.3538054 2.579104 0.03641091 -0.7976752 2.46045 
