-0.1151267 0.7250683 2.73876 -0.1064817 0.5083546 2.719446 -0.09850046 0.2870954 2.710502 -0.2730719 0.5031357 2.699893 -0.2968338 0.3618322 2.44094 -0.1589131 0.4327846 2.209915 0.06010851 0.5135734 2.738998 0.1111973 0.3619366 2.453214 -0.01626756 0.4448815 2.219287 -0.1920638 0.06265505 2.68964 -0.2282463 -0.3769874 2.731153 -0.3155653 -0.8184947 2.689802 0.01102541 0.06901735 2.713476 0.07308632 -0.3693506 2.725596 0.1828129 -0.7644315 2.685168 
-0.1164123 0.7291637 2.749334 -0.1066539 0.5128075 2.727846 -0.09796094 0.2916797 2.716076 -0.2730909 0.5073755 2.706976 -0.2709067 0.3984071 2.401477 -0.1584749 0.4348768 2.151151 0.05978313 0.5182396 2.748716 0.0926075 0.4109774 2.411116 -0.005082931 0.4483429 2.154803 -0.1907092 0.06724115 2.691586 -0.2266426 -0.3732523 2.723573 -0.3161176 -0.8163601 2.681008 0.01217322 0.07386273 2.717026 0.07707731 -0.3643508 2.718689 0.1840426 -0.7576149 2.677214 
-0.118311 0.7326831 2.76461 -0.1074476 0.5179929 2.737125 -0.09756468 0.2974856 2.718318 -0.2740295 0.512202 2.717486 -0.2699815 0.4382223 2.378743 -0.1920669 0.4359492 2.112939 0.05913426 0.5237838 2.756765 0.1112781 0.4479679 2.388549 0.04475639 0.4545704 2.118967 -0.1892151 0.07344865 2.68754 -0.2189718 -0.3673325 2.722671 -0.314742 -0.8122709 2.676477 0.01385152 0.08050786 2.711481 0.07426155 -0.3582815 2.702381 0.1861066 -0.7575799 2.666778 
-0.1177172 0.7318869 2.772757 -0.1051599 0.518925 2.742001 -0.09457855 0.2987678 2.719382 -0.2717581 0.5129221 2.722493 -0.3024935 0.4601114 2.371879 -0.2389161 0.4381328 2.098822 0.06143835 0.5249279 2.761509 0.1521364 0.4589826 2.390778 0.1092122 0.457843 2.112187 -0.1855398 0.07495183 2.684873 -0.2103421 -0.3664228 2.716871 -0.3114164 -0.817223 2.681101 0.01754535 0.08226945 2.708654 0.07476982 -0.3566668 2.689538 0.1884354 -0.7658619 2.670833 
-0.1164831 0.7307442 2.776331 -0.1032959 0.5174478 2.744399 -0.09130611 0.2976255 2.719066 -0.2698446 0.5106321 2.724715 -0.34325 0.4570512 2.393451 -0.276654 0.4374534 2.116418 0.06325274 0.5242636 2.764082 0.2045654 0.4599938 2.419392 0.1739137 0.463158 2.138019 -0.1808323 0.07364889 2.681735 -0.2060146 -0.3673075 2.719157 -0.3108327 -0.8211648 2.678742 0.02219973 0.08195768 2.70573 0.07118529 -0.3576562 2.680002 0.188025 -0.7626236 2.670399 
-0.1127205 0.7313964 2.773748 -0.09924902 0.5176644 2.741355 -0.08699147 0.2981432 2.713675 -0.2662553 0.5102011 2.726588 -0.4323378 0.3995289 2.489121 -0.3700218 0.4384651 2.216348 0.06775723 0.5251278 2.756121 0.2893686 0.4362305 2.524836 0.2645892 0.4658337 2.24433 -0.1765331 0.0740728 2.676995 -0.2073551 -0.3667725 2.712126 -0.3130209 -0.8173251 2.671053 0.02706525 0.08317138 2.694997 0.06605476 -0.3565674 2.656347 0.1869432 -0.7586991 2.661374 
-0.1161269 0.7383323 2.755848 -0.09918098 0.5121363 2.731977 -0.08946083 0.2920988 2.707584 -0.2664755 0.5060205 2.72048 -0.4561362 0.375239 2.549594 -0.3829895 0.4472626 2.287708 0.06811356 0.518252 2.743473 0.3037162 0.4166394 2.589426 0.2969778 0.4588169 2.31038 -0.1817269 0.06833293 2.676183 -0.2134934 -0.3718844 2.717487 -0.3212408 -0.8227116 2.680555 0.02224552 0.07578953 2.6902 0.05904965 -0.3644574 2.654297 0.1775056 -0.7624293 2.665112 
-0.1100315 0.7319642 2.717648 -0.09898844 0.5125934 2.708575 -0.09050583 0.2915444 2.697175 -0.2661813 0.5068561 2.695417 -0.4375842 0.3485953 2.7089 -0.4166692 0.4234958 2.439907 0.0682044 0.5183307 2.721734 0.2783805 0.3726211 2.741113 0.2811821 0.4331464 2.470875 -0.18394 0.06699818 2.677754 -0.2080797 -0.373072 2.725343 -0.3163469 -0.822095 2.682003 0.01989353 0.07399281 2.693796 0.0668092 -0.3651877 2.656196 0.1814698 -0.7550356 2.676055 
-0.1091556 0.7291813 2.698278 -0.09903776 0.5099367 2.696998 -0.09080272 0.2886534 2.692638 -0.2661387 0.5040018 2.682594 -0.4058183 0.3278167 2.761445 -0.4071822 0.4118221 2.499235 0.06806319 0.5158716 2.711401 0.2446645 0.3572902 2.776559 0.2554242 0.4229296 2.504201 -0.184411 0.06375305 2.679501 -0.2093848 -0.3770868 2.718108 -0.3169425 -0.8223461 2.681658 0.01927566 0.07098737 2.697058 0.06564053 -0.3680893 2.657242 0.1819708 -0.7554031 2.673366 
-0.1053976 0.7196437 2.669592 -0.09844758 0.5023773 2.683383 -0.09235717 0.2815888 2.693408 -0.2655013 0.497075 2.668095 -0.36395 0.3144374 2.790241 -0.3787058 0.4092591 2.530592 0.06860612 0.5076797 2.69867 0.2072963 0.3281147 2.796258 0.2057742 0.4140842 2.529731 -0.188086 0.05756853 2.694117 -0.2169828 -0.3835453 2.72629 -0.3188707 -0.8247218 2.695072 0.01555247 0.06403209 2.712752 0.06186038 -0.3756001 2.680014 0.1790832 -0.758166 2.685249 
-0.1072477 0.7154189 2.664755 -0.1002244 0.4978644 2.677849 -0.09437695 0.276884 2.689796 -0.2671171 0.4925319 2.660899 -0.3369834 0.2902254 2.79411 -0.3401932 0.4072654 2.536702 0.06666836 0.5031969 2.694798 0.1821388 0.3060499 2.79063 0.1540158 0.4016593 2.530569 -0.1902564 0.05265331 2.691412 -0.2240414 -0.3887348 2.708169 -0.3177308 -0.8226651 2.679036 0.01319735 0.05915404 2.712074 0.06396352 -0.379673 2.675395 0.1795872 -0.7610009 2.672088 
-0.1101011 0.7198285 2.675586 -0.1003486 0.5011389 2.681499 -0.09338138 0.2798906 2.691737 -0.2666637 0.4949054 2.659971 -0.3454973 0.2530287 2.697009 -0.266728 0.404444 2.481268 0.06596658 0.5073723 2.703027 0.162529 0.2665391 2.709653 0.06208366 0.3913517 2.471859 -0.1877704 0.0548436 2.688854 -0.2270951 -0.384608 2.727832 -0.3133353 -0.8170122 2.686662 0.01494201 0.06244119 2.715094 0.06796913 -0.3771629 2.698261 0.1839758 -0.7600154 2.676961 
-0.1122418 0.7201858 2.687239 -0.1019845 0.5020466 2.688425 -0.0947088 0.2806671 2.695563 -0.2686766 0.4959779 2.670116 -0.3437797 0.2580365 2.624506 -0.2324015 0.4044335 2.420811 0.06470747 0.5081154 2.706734 0.1567351 0.2642458 2.646824 0.03185572 0.3915543 2.418766 -0.1890464 0.05558806 2.691539 -0.2322197 -0.3834134 2.733525 -0.3173208 -0.8168634 2.687788 0.01418032 0.06298693 2.713861 0.06914926 -0.3766088 2.700775 0.1793424 -0.7669544 2.672879 
-0.1141945 0.7248993 2.703069 -0.1039349 0.5062392 2.695958 -0.09622052 0.2847974 2.69791 -0.2707661 0.5002754 2.678725 -0.3434071 0.2770306 2.552255 -0.2098307 0.4031861 2.346747 0.06289635 0.512203 2.713191 0.1473507 0.2816097 2.572915 0.004299896 0.3947276 2.348823 -0.1901833 0.05972089 2.68936 -0.2338949 -0.3796517 2.72789 -0.3166476 -0.812157 2.682371 0.01317098 0.06699035 2.710365 0.07287559 -0.3721278 2.704909 0.1805914 -0.7582591 2.671061 
