-0.2576391 0.750897 2.591716 -0.2532663 0.5364946 2.565249 -0.2500615 0.3148834 2.539378 -0.4121333 0.5364874 2.54563 -0.4926072 0.3762602 2.409509 -0.3083587 0.4568724 2.202317 -0.09439929 0.5365018 2.584867 0.01352877 0.3634826 2.444278 -0.1319151 0.4330306 2.209912 -0.3491039 0.09326761 2.500881 -0.3596571 -0.3380684 2.614191 -0.5010416 -0.8138595 2.46456 -0.1446096 0.09327683 2.526134 -0.142836 -0.348607 2.588834 0.03223266 -0.7990008 2.460547 
-0.2626163 0.751227 2.615884 -0.2562153 0.5372007 2.575683 -0.2510003 0.3167527 2.542151 -0.4151547 0.5363318 2.556676 -0.4563236 0.4111398 2.346269 -0.2670153 0.4657834 2.138477 -0.09727588 0.5380696 2.59469 -0.002752274 0.3927307 2.388121 -0.1290251 0.4509071 2.145496 -0.3480821 0.09574548 2.496387 -0.3516184 -0.3319461 2.622883 -0.501427 -0.8128747 2.462748 -0.1434884 0.09686396 2.520853 -0.1477888 -0.343039 2.595379 0.03976922 -0.7976452 2.453717 
-0.2676563 0.7565134 2.638978 -0.2586058 0.5442105 2.58728 -0.2518997 0.3250372 2.546598 -0.4174231 0.5430617 2.567288 -0.4206413 0.4475525 2.307144 -0.2581551 0.4803621 2.077232 -0.09978857 0.5453593 2.607271 -0.02335526 0.4348814 2.343563 -0.1226544 0.4698076 2.082772 -0.3474118 0.1051245 2.49305 -0.3561395 -0.3240112 2.614923 -0.4980383 -0.8037904 2.466796 -0.1429753 0.1066032 2.518784 -0.1464834 -0.3330404 2.59565 0.03835782 -0.789883 2.459421 
-0.2695554 0.7623078 2.650529 -0.2592827 0.5513687 2.596978 -0.2515877 0.3327078 2.553341 -0.4181276 0.5497213 2.577221 -0.394327 0.479774 2.273585 -0.2654572 0.4912999 2.020723 -0.1004379 0.5530159 2.616734 -0.03268353 0.4724389 2.316285 -0.09390125 0.4801135 2.04257 -0.3461274 0.1129868 2.496988 -0.353404 -0.3160021 2.619973 -0.4990906 -0.8072324 2.4745 -0.1416581 0.1151072 2.522419 -0.1490887 -0.3240205 2.602175 0.04221881 -0.7922956 2.463871 
-0.2707179 0.7607415 2.655302 -0.2602173 0.5529346 2.601768 -0.2517655 0.3346267 2.556255 -0.4191972 0.5506446 2.58323 -0.3876758 0.5118872 2.249308 -0.2861072 0.49841 1.98535 -0.1012375 0.5552247 2.620307 -0.01685246 0.4982156 2.29664 -0.05063161 0.485263 2.016884 -0.3456391 0.1148448 2.49881 -0.3488862 -0.3137341 2.623569 -0.5011918 -0.8146875 2.468098 -0.1409881 0.1177927 2.522675 -0.1492974 -0.3228432 2.593228 0.04512567 -0.8017122 2.454863 
-0.2710386 0.7636518 2.666682 -0.2594371 0.5575035 2.606106 -0.2505604 0.3403748 2.555448 -0.4186665 0.5547299 2.590092 -0.3873816 0.532971 2.236162 -0.308514 0.5005234 1.964952 -0.1002077 0.5602772 2.622119 -0.0009680481 0.5080761 2.282312 -0.006003676 0.4874002 1.998893 -0.3441782 0.1214606 2.494482 -0.3510941 -0.3112603 2.602628 -0.4958713 -0.8071538 2.467309 -0.1391891 0.1250314 2.515097 -0.1475119 -0.3155766 2.586289 0.04554196 -0.7954597 2.448214 
-0.2688223 0.7531551 2.647951 -0.2576698 0.5454266 2.59498 -0.2490326 0.3268593 2.550673 -0.4168837 0.5424408 2.578671 -0.4553451 0.5262465 2.231023 -0.3942302 0.4920102 1.951705 -0.09845588 0.5484125 2.611288 0.07350749 0.5140224 2.294561 0.08759029 0.4925438 2.004826 -0.3428651 0.1063703 2.49587 -0.3532805 -0.3279523 2.598229 -0.5018419 -0.8204009 2.471622 -0.1379258 0.1102136 2.516862 -0.1465196 -0.330501 2.585949 0.04645212 -0.8067558 2.455126 
-0.264178 0.7512155 2.634989 -0.25506 0.5416418 2.588381 -0.2484055 0.3221569 2.548651 -0.414066 0.5401279 2.570111 -0.5147042 0.5116484 2.250007 -0.4571383 0.4799488 1.967947 -0.09605405 0.5431556 2.606651 0.115225 0.5009903 2.317749 0.1379911 0.4863145 2.023968 -0.3441008 0.1016976 2.49716 -0.3545192 -0.333073 2.597878 -0.5026368 -0.8207669 2.468638 -0.139401 0.1036465 2.52068 -0.1454615 -0.3372068 2.590058 0.03924893 -0.8074123 2.463058 
-0.2601641 0.7569175 2.628015 -0.2524894 0.546267 2.584389 -0.2471948 0.326375 2.546581 -0.4113704 0.5457789 2.564978 -0.575355 0.4903353 2.271991 -0.5163009 0.4628482 1.988958 -0.09360842 0.5467551 2.6038 0.1307632 0.4901294 2.425835 0.1384004 0.4875761 2.134021 -0.3441573 0.1061689 2.49628 -0.3554706 -0.3294458 2.593261 -0.4982398 -0.8085634 2.469819 -0.1396431 0.1067971 2.521266 -0.1285023 -0.3364161 2.556454 0.007598129 -0.7796854 2.521734 
-0.2504797 0.757091 2.601549 -0.2485124 0.5460541 2.570578 -0.2483983 0.3249462 2.540468 -0.407449 0.5485355 2.551753 -0.6478319 0.4593323 2.35176 -0.6030547 0.4285019 2.068598 -0.08957569 0.5435726 2.589402 0.1881934 0.4602752 2.555838 0.1791334 0.473373 2.264347 -0.3505758 0.1054353 2.498243 -0.3506215 -0.3262316 2.610746 -0.5040148 -0.8188523 2.46953 -0.1459927 0.1022412 2.522475 -0.1425202 -0.339456 2.58254 0.02430246 -0.7991714 2.486194 
-0.2470619 0.7583897 2.585311 -0.246904 0.5458706 2.559879 -0.247645 0.3242312 2.533957 -0.4059164 0.5485311 2.541677 -0.6694067 0.447161 2.407377 -0.6348332 0.4112045 2.124796 -0.08789168 0.54321 2.578082 0.1771137 0.457436 2.61771 0.2076815 0.4349656 2.326027 -0.3507262 0.1043042 2.496319 -0.3523704 -0.3314224 2.591032 -0.4976774 -0.8147617 2.469311 -0.1460458 0.1008796 2.519749 -0.1438196 -0.3397352 2.588993 0.03954009 -0.8009673 2.460665 
-0.2435624 0.7580287 2.568142 -0.2450357 0.5445501 2.548939 -0.2467937 0.3224663 2.527197 -0.4038423 0.5477456 2.529136 -0.6757235 0.4425977 2.475181 -0.642407 0.4093179 2.190205 -0.0862291 0.5413544 2.568741 0.1672954 0.4484131 2.679682 0.2206237 0.4170215 2.39439 -0.3507662 0.1024393 2.49271 -0.3634181 -0.3362105 2.570861 -0.4769723 -0.7883335 2.52057 -0.1463371 0.09832561 2.518202 -0.1464861 -0.3416722 2.59244 0.04349408 -0.8053535 2.456152 
-0.2416376 0.759145 2.550096 -0.2435435 0.5442351 2.538615 -0.2455381 0.3216811 2.523 -0.4018327 0.5472934 2.515243 -0.6699286 0.4458488 2.53258 -0.6359889 0.4130108 2.248395 -0.08525442 0.5411766 2.561986 0.1454288 0.4500666 2.703281 0.1795743 0.4015267 2.407993 -0.3494327 0.101096 2.492339 -0.3633853 -0.3402802 2.553093 -0.4663844 -0.7744469 2.553066 -0.1456324 0.09715828 2.522431 -0.1432131 -0.3427517 2.597862 0.04112241 -0.8025787 2.459588 
-0.2406473 0.7580912 2.533078 -0.2421298 0.5418767 2.530542 -0.2433128 0.3189826 2.522243 -0.4002168 0.5436428 2.505643 -0.6324945 0.4459477 2.57577 -0.5966856 0.417191 2.290862 -0.0840429 0.5401105 2.555442 0.1136768 0.4460093 2.712663 0.1213179 0.3922625 2.414975 -0.3462372 0.09722529 2.497918 -0.3546247 -0.3386176 2.587805 -0.4731138 -0.7928913 2.529798 -0.1427544 0.09495192 2.529969 -0.1458305 -0.3440206 2.610671 0.04667445 -0.8049449 2.456729 
-0.2418069 0.7541882 2.525056 -0.2415594 0.537893 2.526538 -0.2411799 0.3148337 2.521719 -0.3997597 0.5381489 2.502239 -0.5882419 0.4259658 2.603866 -0.5468822 0.4177068 2.321473 -0.0833591 0.5376371 2.550838 0.09434105 0.4300123 2.703331 0.05880281 0.3872306 2.407226 -0.3426155 0.09193917 2.501261 -0.3530706 -0.3441481 2.593102 -0.4834788 -0.8057811 2.504439 -0.1389854 0.09160982 2.532538 -0.140614 -0.3492879 2.601383 0.05018091 -0.8072259 2.448174 
-0.2449778 0.7552835 2.529057 -0.2423341 0.5384361 2.528682 -0.2406598 0.3153527 2.522768 -0.4007213 0.5378593 2.505595 -0.5631344 0.3964808 2.589945 -0.4844066 0.4278141 2.320174 -0.08394698 0.5390128 2.551769 0.08965968 0.4075077 2.677157 0.003728218 0.4028881 2.396609 -0.340923 0.09189817 2.501995 -0.3545331 -0.3420427 2.604068 -0.4908582 -0.8067933 2.487787 -0.1370477 0.09264059 2.531713 -0.1428459 -0.3483959 2.600065 0.04863593 -0.803406 2.442994 
-0.2482451 0.7520527 2.539557 -0.2436039 0.5370877 2.534712 -0.2402823 0.3141148 2.525784 -0.402092 0.535623 2.512326 -0.55108 0.3682421 2.556486 -0.4327433 0.434141 2.315356 -0.08511586 0.5385524 2.557097 0.080819 0.382251 2.637575 -0.04312306 0.4163294 2.372953 -0.3389637 0.09019923 2.502449 -0.3541695 -0.3404637 2.617516 -0.4943037 -0.812076 2.478985 -0.1349578 0.09208461 2.531263 -0.1444723 -0.3489555 2.599517 0.04795123 -0.8042728 2.443951 
-0.2526008 0.7500729 2.556297 -0.247183 0.535688 2.542759 -0.2428031 0.3131122 2.527784 -0.4057664 0.5340291 2.521034 -0.541554 0.3621294 2.50775 -0.3860728 0.4432566 2.291212 -0.08859951 0.5373468 2.564485 0.07139614 0.3611159 2.582287 -0.07555099 0.4243793 2.332414 -0.3404877 0.08946872 2.498826 -0.3602459 -0.3445369 2.599589 -0.5021427 -0.814417 2.469643 -0.1363586 0.0916041 2.526791 -0.1459997 -0.3499189 2.592042 0.04004063 -0.80084 2.446216 
-0.2564645 0.7521371 2.570715 -0.2506278 0.5370331 2.5505 -0.2454704 0.3149031 2.530209 -0.4092973 0.5352767 2.529398 -0.5217884 0.3670713 2.448881 -0.3444711 0.4543622 2.244483 -0.09195831 0.5387895 2.571602 0.0616869 0.3595497 2.518645 -0.1032009 0.434276 2.284214 -0.3424346 0.09164263 2.496336 -0.3610455 -0.3420094 2.599838 -0.5052412 -0.814163 2.467643 -0.1381915 0.09390349 2.523499 -0.1341954 -0.3498427 2.562041 0.01018781 -0.782837 2.508279 
