-0.2470549 0.7534465 2.580049 -0.2474894 0.5377277 2.553849 -0.2479332 0.3160709 2.527694 -0.4061961 0.5404832 2.533188 -0.4850379 0.3425754 2.398339 -0.2998755 0.4326485 2.199212 -0.08878268 0.5349723 2.574508 -0.005127495 0.3194667 2.430638 -0.1275886 0.4287414 2.201361 -0.3505203 0.09618756 2.488244 -0.3642121 -0.3408622 2.568195 -0.4778666 -0.7911185 2.530363 -0.1462335 0.09264075 2.514838 -0.1498497 -0.3467917 2.592801 0.04259444 -0.8033426 2.45223 
-0.2538934 0.7542567 2.60103 -0.2510107 0.538341 2.560601 -0.2494378 0.3177972 2.527081 -0.4099352 0.5400928 2.541619 -0.4550634 0.3783168 2.340178 -0.2765756 0.4383568 2.127445 -0.09208626 0.5365894 2.579584 -0.01660469 0.3557057 2.377292 -0.1383707 0.4316536 2.133043 -0.3501561 0.09838074 2.481343 -0.3612597 -0.3320928 2.59128 -0.4787991 -0.7945448 2.506575 -0.1455736 0.0961258 2.505779 -0.1422756 -0.344693 2.575133 0.03864525 -0.7931384 2.449431 
-0.2557183 0.755145 2.61205 -0.2518869 0.5405284 2.566088 -0.2494454 0.3205422 2.528863 -0.4107993 0.5420101 2.546908 -0.4200312 0.4141553 2.296597 -0.2629697 0.4450445 2.061324 -0.09297452 0.5390466 2.585268 -0.03430156 0.3913541 2.324649 -0.1412309 0.440784 2.065589 -0.3492779 0.1015096 2.479295 -0.3529282 -0.3226933 2.612777 -0.4856677 -0.8007224 2.493711 -0.1447297 0.09960234 2.503983 -0.1456756 -0.3381028 2.589755 0.03788608 -0.7938541 2.454448 
-0.2576374 0.7549847 2.62606 -0.2532176 0.5427362 2.574312 -0.2500004 0.3236237 2.532296 -0.4121185 0.5441078 2.554991 -0.3885143 0.4465751 2.255803 -0.2573486 0.4551515 2.004249 -0.09431673 0.5413646 2.593632 -0.04964957 0.4241778 2.283828 -0.1306442 0.4447636 2.013034 -0.3490525 0.1053941 2.477846 -0.3623043 -0.328367 2.568491 -0.4697566 -0.7753933 2.542403 -0.1445137 0.1036285 2.502716 -0.1448408 -0.3350137 2.584685 0.0357291 -0.7911368 2.458347 
-0.2560028 0.7586302 2.633072 -0.2515939 0.5476563 2.580767 -0.2477765 0.3288809 2.536847 -0.4104193 0.54889 2.560817 -0.381756 0.4657819 2.227909 -0.2737068 0.4619228 1.96533 -0.09276854 0.5464225 2.600717 -0.05232443 0.4525903 2.259926 -0.105831 0.4480803 1.981836 -0.3461821 0.1108996 2.480086 -0.356862 -0.3187002 2.593003 -0.4731216 -0.7871336 2.521163 -0.1417361 0.1093115 2.505766 -0.1400701 -0.3305998 2.580978 0.03253284 -0.7848966 2.466853 
-0.2579532 0.7636408 2.646568 -0.2519592 0.5543179 2.586721 -0.2469856 0.3370428 2.536307 -0.4107934 0.5553009 2.566814 -0.3818807 0.4813907 2.20796 -0.2977054 0.4643156 1.936671 -0.09312504 0.5533348 2.606628 -0.03516436 0.4707938 2.252462 -0.06582993 0.4527045 1.969881 -0.3442402 0.1204004 2.473081 -0.3474264 -0.3072776 2.59672 -0.4840554 -0.7928188 2.492445 -0.1397835 0.119135 2.498705 -0.1447448 -0.3212481 2.57114 0.03632979 -0.7844618 2.455832 
-0.2573618 0.7581463 2.644313 -0.2510514 0.5513507 2.584961 -0.2459059 0.3339435 2.534838 -0.4101738 0.5515664 2.567691 -0.4189381 0.4836928 2.204982 -0.3430374 0.4676577 1.927593 -0.09192902 0.5511349 2.602232 -0.0005795364 0.4774003 2.240725 -0.01182785 0.4603856 1.955222 -0.3431898 0.1166752 2.473598 -0.3528606 -0.3186394 2.562217 -0.4683895 -0.7674715 2.547292 -0.1383309 0.1163975 2.495833 -0.1485041 -0.3226868 2.575197 0.03414317 -0.7963796 2.464569 
-0.2553493 0.7596328 2.633182 -0.2507769 0.5508096 2.579084 -0.2470418 0.3324808 2.533052 -0.4099088 0.5517263 2.561823 -0.46647 0.4848481 2.208993 -0.3930837 0.4714335 1.93044 -0.09164503 0.5498928 2.596344 0.04871036 0.4802004 2.262351 0.03859502 0.4656957 1.974703 -0.3457208 0.114742 2.475913 -0.3610372 -0.318646 2.576661 -0.4727685 -0.7843086 2.529705 -0.1408926 0.113562 2.49813 -0.1524991 -0.3253781 2.578518 0.03829637 -0.803155 2.463519 
-0.252772 0.759201 2.619116 -0.2498228 0.5492367 2.571253 -0.247341 0.3300942 2.52918 -0.4089116 0.550824 2.553601 -0.5177404 0.4779298 2.236495 -0.4443153 0.4699798 1.95705 -0.09073399 0.5476494 2.588905 0.1018507 0.4730967 2.300163 0.1046007 0.4608626 2.013093 -0.3472493 0.1119732 2.475747 -0.3636328 -0.3263666 2.551259 -0.4631178 -0.767549 2.555392 -0.1424692 0.1099301 2.498468 -0.1352955 -0.3322755 2.546109 0.005692108 -0.7789543 2.517245 
-0.2489657 0.7557982 2.603084 -0.2482345 0.5443847 2.561359 -0.2480188 0.3244327 2.523776 -0.4072965 0.5472572 2.543634 -0.5683739 0.4604681 2.279755 -0.4881629 0.4622649 2.000929 -0.08917243 0.5415122 2.579083 0.1404242 0.4615471 2.347062 0.1429346 0.4614922 2.060406 -0.3501797 0.1063296 2.474785 -0.3585141 -0.3303058 2.562977 -0.4762206 -0.791032 2.523328 -0.1454266 0.1026319 2.497601 -0.1371477 -0.3397814 2.550309 0.008182389 -0.7894635 2.504589 
-0.244739 0.7556361 2.585065 -0.2460906 0.5426794 2.551043 -0.2480734 0.3219341 2.518669 -0.405026 0.5468296 2.532479 -0.6052042 0.4482469 2.341883 -0.5332887 0.4518957 2.059732 -0.0871552 0.5385292 2.569607 0.1691974 0.4547635 2.406506 0.1775073 0.4579962 2.120678 -0.3523523 0.10386 2.474346 -0.3552606 -0.3318021 2.569381 -0.4863182 -0.8006632 2.50122 -0.14776 0.09851756 2.498243 -0.1495239 -0.3402739 2.574166 0.03224194 -0.7991995 2.468368 
-0.2389572 0.7618041 2.567329 -0.2432149 0.5463326 2.539335 -0.2470868 0.3249319 2.511707 -0.4017199 0.5518007 2.517729 -0.6273041 0.4200657 2.445469 -0.5654582 0.4403844 2.162407 -0.08470998 0.5408644 2.560941 0.1772956 0.434437 2.509125 0.2014663 0.4560471 2.223562 -0.352979 0.1070509 2.470172 -0.3563369 -0.3320267 2.54598 -0.4746359 -0.7876399 2.517511 -0.1489383 0.1000118 2.497985 -0.1521235 -0.3388923 2.578074 0.04795381 -0.8009111 2.442747 
-0.2374465 0.7558099 2.549685 -0.2421314 0.5407963 2.529276 -0.2462407 0.3187273 2.508319 -0.4001435 0.5460646 2.504435 -0.6202172 0.4065831 2.495226 -0.5763617 0.4400772 2.211757 -0.08411935 0.5355279 2.554117 0.1625778 0.4236714 2.551063 0.2078979 0.4477134 2.267782 -0.352066 0.1000497 2.471371 -0.3508677 -0.332778 2.575112 -0.4817175 -0.8067916 2.503968 -0.1486342 0.09326703 2.503352 -0.1513473 -0.3457856 2.583513 0.0481362 -0.8093854 2.456085 
-0.2372875 0.7522436 2.533355 -0.2427665 0.5362395 2.51937 -0.2474955 0.3137956 2.502603 -0.4005846 0.5415643 2.493239 -0.6001245 0.3933048 2.541107 -0.5724755 0.4436655 2.259263 -0.08494833 0.5309147 2.5455 0.1377715 0.4148241 2.600027 0.2029633 0.4384137 2.321886 -0.35379 0.09477849 2.46902 -0.3542201 -0.3412027 2.56119 -0.4919843 -0.8126361 2.480032 -0.1506592 0.08792485 2.502653 -0.1483009 -0.3527688 2.572835 0.04947127 -0.8106958 2.449668 
-0.2371463 0.7553518 2.5242 -0.2427233 0.5376731 2.514376 -0.2476357 0.3149883 2.500675 -0.4006177 0.5427434 2.48858 -0.5585582 0.3801497 2.593545 -0.5520273 0.43516 2.310765 -0.08482882 0.5326028 2.540171 0.09788947 0.3884153 2.639507 0.1754977 0.428299 2.36623 -0.3541647 0.09556657 2.470373 -0.3626551 -0.3440386 2.54202 -0.4758805 -0.7864662 2.538582 -0.1509317 0.08904039 2.503575 -0.150937 -0.3505929 2.580463 0.05647391 -0.8050694 2.44561 
-0.2389116 0.7584975 2.520639 -0.242538 0.5404496 2.513561 -0.2442866 0.3175693 2.50253 -0.4002329 0.5430344 2.486333 -0.5242911 0.359578 2.61927 -0.5256305 0.4289461 2.340631 -0.08484298 0.5378648 2.540789 0.05292794 0.3662032 2.658777 0.1330134 0.4135779 2.387096 -0.3475434 0.09635277 2.473973 -0.3528205 -0.3416637 2.556877 -0.4736323 -0.7953433 2.518722 -0.1445272 0.09302507 2.509026 -0.1459593 -0.3463622 2.58774 0.06327069 -0.802606 2.450302 
-0.2398646 0.7591195 2.518345 -0.2425937 0.5414349 2.513699 -0.2431831 0.3184344 2.504582 -0.4001046 0.543012 2.485302 -0.5026544 0.3382901 2.610125 -0.4850897 0.4221255 2.340829 -0.08508275 0.5398577 2.542096 0.02195187 0.3326005 2.657394 0.07183584 0.4093424 2.388538 -0.3451447 0.09644908 2.47719 -0.3552237 -0.3403376 2.567141 -0.4832281 -0.802965 2.501258 -0.1424003 0.09441899 2.513742 -0.1340993 -0.3483222 2.551241 0.01933943 -0.7831898 2.513306 
-0.2414027 0.7581367 2.517864 -0.244461 0.5408202 2.514628 -0.24605 0.3177356 2.507038 -0.4016582 0.5429646 2.484512 -0.4954043 0.3035812 2.552259 -0.4085466 0.4291772 2.313118 -0.08726383 0.5386759 2.544744 0.004492859 0.3021421 2.616845 0.005907337 0.4044293 2.347821 -0.3488122 0.09603113 2.480065 -0.3589435 -0.3408344 2.57101 -0.4990754 -0.8100711 2.480221 -0.1464658 0.09327088 2.51883 -0.1420349 -0.3501466 2.565758 0.01894569 -0.7900158 2.482259 
-0.2420279 0.753685 2.517494 -0.2453172 0.5354272 2.515831 -0.2477314 0.3122966 2.509645 -0.4030878 0.53788 2.488932 -0.4838432 0.2986455 2.492562 -0.3503427 0.4341418 2.268516 -0.08754659 0.5329742 2.542731 0.003133766 0.2802856 2.57569 -0.04974265 0.4050867 2.316184 -0.3516816 0.0907447 2.486146 -0.3616053 -0.3483275 2.561961 -0.4810129 -0.7985847 2.514105 -0.1486096 0.08758748 2.520769 -0.1425722 -0.3552048 2.576185 0.02390372 -0.7931968 2.469717 
-0.245739 0.7555057 2.542769 -0.2481325 0.5376033 2.529285 -0.2501477 0.3151521 2.513445 -0.4064818 0.5406659 2.50642 -0.4805405 0.3019125 2.452769 -0.3239655 0.4326456 2.238204 -0.08978327 0.5345408 2.55215 0.003441132 0.2820562 2.521353 -0.07394226 0.4097415 2.272672 -0.354109 0.09467247 2.482885 -0.3594705 -0.3429196 2.568609 -0.4907673 -0.8001449 2.488695 -0.1502166 0.09072911 2.512326 -0.1431555 -0.3521868 2.567375 0.03044302 -0.7921281 2.449616 
-0.2450286 0.7547622 2.554919 -0.2489538 0.5376807 2.536899 -0.2518726 0.3155182 2.516806 -0.4076729 0.5415758 2.516887 -0.4738055 0.3159831 2.403888 -0.294849 0.4373604 2.198208 -0.09023459 0.5337855 2.55691 0.007181892 0.2950011 2.475192 -0.09390225 0.4127894 2.230715 -0.3569454 0.09586267 2.483834 -0.3559473 -0.3403118 2.577371 -0.4969152 -0.8082904 2.483417 -0.1526376 0.09084869 2.509593 -0.1456791 -0.3509388 2.572869 0.02925745 -0.7950742 2.456811 
