-0.1049685 0.7302224 2.770245 -0.09488309 0.5098076 2.736701 -0.08609882 0.2893796 2.715835 -0.2622946 0.5041446 2.726048 -0.2895997 0.3305992 2.463805 -0.1358432 0.4429448 2.249121 0.07252844 0.5154707 2.747355 0.1131507 0.3415532 2.453633 -0.01107557 0.4731347 2.234301 -0.1793537 0.06549994 2.688476 -0.2007855 -0.3712488 2.754942 -0.3116537 -0.8181361 2.684808 0.02472459 0.07240332 2.701463 0.06741719 -0.3687941 2.696231 0.1900445 -0.7667743 2.666219 
-0.1076391 0.7298783 2.778075 -0.09653174 0.5114821 2.74515 -0.0871024 0.2912972 2.721824 -0.2636327 0.5058439 2.730823 -0.2677721 0.3767792 2.433909 -0.1367404 0.4590256 2.200676 0.07056925 0.5171204 2.759477 0.1041012 0.3812979 2.434326 -0.0007751541 0.4860747 2.195798 -0.1795495 0.06767471 2.689763 -0.2022045 -0.3717744 2.734137 -0.3145111 -0.8169928 2.681157 0.02420341 0.07454971 2.707232 0.06588655 -0.3667337 2.699577 0.184504 -0.7563851 2.672368 
-0.1064683 0.7262439 2.779412 -0.09460548 0.5126525 2.756673 -0.08347278 0.2923584 2.734783 -0.261568 0.5057691 2.741032 -0.2484502 0.4404412 2.398475 -0.168847 0.4882036 2.141771 0.07235704 0.5195359 2.772313 0.1085174 0.4473284 2.405577 0.06344544 0.5074686 2.136006 -0.1741008 0.0678689 2.703361 -0.2002422 -0.3735581 2.725573 -0.3102823 -0.8189783 2.690214 0.02942062 0.07625958 2.722426 0.06962089 -0.3644223 2.697749 0.1848295 -0.7516056 2.672338 
-0.1064226 0.7246774 2.779677 -0.09457146 0.5123737 2.758505 -0.08416942 0.2920648 2.736325 -0.2617203 0.505855 2.744863 -0.2632259 0.4612217 2.398244 -0.2088235 0.4974606 2.128407 0.07257744 0.5188923 2.772146 0.1372579 0.4666625 2.404291 0.1167875 0.5050672 2.128625 -0.1756527 0.06778264 2.705829 -0.2031415 -0.3740998 2.721073 -0.3134567 -0.8166127 2.686204 0.02811794 0.07572947 2.72246 0.06412718 -0.364811 2.690126 0.1813175 -0.7517167 2.666109 
-0.1063175 0.7271504 2.789773 -0.09476745 0.5144451 2.761783 -0.084804 0.2946076 2.735456 -0.262022 0.5083735 2.749185 -0.302625 0.46412 2.393121 -0.2614141 0.5106629 2.12002 0.07248707 0.5205168 2.77438 0.1761167 0.4598204 2.418152 0.1811114 0.5037045 2.137274 -0.1767841 0.07106941 2.701452 -0.199083 -0.3713717 2.711377 -0.3180894 -0.8184755 2.675487 0.02710295 0.0784709 2.716809 0.06368499 -0.3619221 2.682162 0.1828025 -0.750352 2.660881 
-0.1000002 0.7249629 2.782623 -0.09128195 0.510442 2.757836 -0.08471649 0.2901604 2.734119 -0.2588886 0.5062299 2.750561 -0.3928909 0.4420187 2.433053 -0.3743543 0.5227484 2.15928 0.07632472 0.5146542 2.765111 0.255294 0.4289646 2.471797 0.318338 0.509931 2.192006 -0.1803053 0.06731158 2.705968 -0.2005056 -0.3744652 2.734466 -0.316294 -0.8190154 2.684487 0.02400327 0.07244617 2.714836 0.06382063 -0.3677011 2.679915 0.1812782 -0.7509038 2.666945 
-0.1008992 0.7286677 2.770785 -0.09316877 0.5122129 2.751955 -0.0865249 0.2915707 2.732133 -0.2608409 0.5076632 2.746398 -0.4364244 0.4264952 2.469522 -0.4201621 0.5253146 2.198591 0.07450333 0.5167626 2.757511 0.2936666 0.4029986 2.508899 0.3759127 0.5184632 2.242531 -0.1820781 0.06815546 2.708925 -0.2031085 -0.3741304 2.725272 -0.3126462 -0.8150048 2.690303 0.02231599 0.0737016 2.715698 0.06372754 -0.3664296 2.682331 0.1806443 -0.7511255 2.669034 
-0.09973287 0.7290486 2.754854 -0.09273878 0.5116778 2.742534 -0.08629124 0.290692 2.727258 -0.2604141 0.5071934 2.736636 -0.4732168 0.4092512 2.56526 -0.4594705 0.5031142 2.292085 0.07493649 0.5161622 2.748431 0.3213285 0.3789958 2.575448 0.4222348 0.5269805 2.325764 -0.1820399 0.06697301 2.708388 -0.1981253 -0.3757054 2.722198 -0.3139172 -0.8181172 2.681636 0.02235249 0.07243944 2.715578 0.06458008 -0.3676848 2.683028 0.1831804 -0.7559444 2.668468 
-0.09428377 0.7276651 2.736385 -0.08866435 0.5098005 2.730549 -0.08337751 0.2885091 2.720751 -0.2563958 0.506001 2.725857 -0.4865889 0.3881114 2.629143 -0.4791189 0.5063045 2.371004 0.07906711 0.5136 2.73524 0.3236832 0.3650131 2.657218 0.4343947 0.5235886 2.410876 -0.1803283 0.06490178 2.708093 -0.1975582 -0.3777958 2.722533 -0.3137561 -0.8215364 2.680294 0.02414699 0.06953362 2.713813 0.06671629 -0.3703878 2.679036 0.1858657 -0.7582495 2.66603 
-0.09083266 0.7252966 2.698023 -0.08699319 0.5069106 2.708812 -0.0826472 0.2854972 2.71239 -0.254613 0.5034943 2.701003 -0.4527011 0.3613175 2.733536 -0.4690839 0.5228086 2.506182 0.08062666 0.5103269 2.716621 0.2748683 0.3504621 2.778049 0.3809589 0.5207945 2.538855 -0.1804748 0.06200142 2.711207 -0.2024118 -0.3806365 2.72223 -0.3142689 -0.8189042 2.687118 0.0238724 0.06616621 2.720727 0.06416952 -0.3738025 2.684308 0.1827775 -0.7582532 2.674481 
-0.08794972 0.7202017 2.678964 -0.08603425 0.5024728 2.699119 -0.08272374 0.2813285 2.71026 -0.2536665 0.4995652 2.691215 -0.4073528 0.3501609 2.776278 -0.4241869 0.528931 2.554873 0.08159801 0.5053805 2.707023 0.2414323 0.3507296 2.813518 0.3261867 0.5107981 2.565881 -0.1815867 0.05841197 2.716583 -0.203664 -0.3842883 2.724855 -0.3127516 -0.8207498 2.689079 0.02276026 0.06195641 2.726218 0.06510043 -0.3775714 2.68682 0.1823248 -0.7610245 2.673714 
-0.09029103 0.7189071 2.678934 -0.08830147 0.5017024 2.699622 -0.08517031 0.2805358 2.712395 -0.2558163 0.4987563 2.689674 -0.3751861 0.3320879 2.790136 -0.3794137 0.5212437 2.570963 0.07921336 0.5046486 2.709569 0.2197062 0.3383571 2.824259 0.2628553 0.4980614 2.568443 -0.1841503 0.05757323 2.719105 -0.2087737 -0.3850118 2.719883 -0.3108754 -0.8164179 2.686378 0.020072 0.0611649 2.731233 0.06576024 -0.3776508 2.687958 0.1800263 -0.7582003 2.672619 
-0.08786627 0.7180946 2.688921 -0.08734968 0.5003808 2.704918 -0.08692345 0.2789854 2.713463 -0.2548763 0.4996704 2.69487 -0.3764096 0.2832845 2.790051 -0.3395698 0.4816796 2.583294 0.08017697 0.5010911 2.714966 0.2251775 0.2888505 2.817943 0.2050494 0.4588405 2.572105 -0.1886147 0.05715706 2.715883 -0.2079689 -0.3856857 2.713701 -0.3146175 -0.8167012 2.681706 0.01562032 0.05802302 2.728133 0.0646043 -0.3800316 2.680979 0.1784225 -0.7623508 2.667206 
-0.09290608 0.7222022 2.711952 -0.09032767 0.5030218 2.718061 -0.08831276 0.2814423 2.720062 -0.2556744 0.5012745 2.691065 -0.3612468 0.2454911 2.688053 -0.23999 0.4270795 2.520517 0.07501905 0.5047692 2.745056 0.2208983 0.2532957 2.704266 0.1022332 0.4143574 2.505799 -0.1870584 0.05879796 2.705613 -0.1998576 -0.3841021 2.71716 -0.3100877 -0.8202119 2.684309 0.01446268 0.0609276 2.738514 0.07023215 -0.3775227 2.705944 0.1835297 -0.7604139 2.678003 
-0.09612558 0.7267497 2.745829 -0.09186757 0.5075195 2.73357 -0.08714233 0.2864148 2.724473 -0.2583181 0.504707 2.715471 -0.328929 0.2709726 2.589485 -0.1873584 0.4309162 2.405511 0.0745829 0.510332 2.751669 0.187656 0.2749135 2.608042 0.05543073 0.416303 2.401562 -0.1839291 0.06359483 2.704338 -0.1998519 -0.3791074 2.719983 -0.3105941 -0.8160398 2.682686 0.0190949 0.06702531 2.726414 0.07539782 -0.3711274 2.690033 0.188736 -0.7562556 2.657775 
-0.09513851 0.7170159 2.775866 -0.08993664 0.5001709 2.75132 -0.08415509 0.2795172 2.733057 -0.2559105 0.4977212 2.728376 -0.2612864 0.3535329 2.47262 -0.142488 0.4544596 2.248665 0.07603722 0.5026207 2.774264 0.1198628 0.3691884 2.487993 0.02593678 0.4391252 2.239082 -0.1795779 0.05736972 2.700803 -0.2037187 -0.3846578 2.723287 -0.3136542 -0.8219832 2.686426 0.02283083 0.06035721 2.728784 0.0696518 -0.379686 2.703886 0.182777 -0.7621399 2.681303 
-0.09895118 0.7179707 2.784644 -0.08975983 0.5025749 2.764719 -0.08186607 0.2820596 2.744345 -0.2550844 0.49926 2.736543 -0.2255501 0.4268661 2.431399 -0.1540849 0.4646082 2.173917 0.07556476 0.5058898 2.792894 0.1007335 0.4295651 2.443009 0.05972282 0.4527489 2.169392 -0.1746901 0.05952476 2.706806 -0.202237 -0.382114 2.731697 -0.3109074 -0.8244074 2.690709 0.0267454 0.0635637 2.741136 0.06893846 -0.3759783 2.702621 0.1862505 -0.7588456 2.678451 
-0.09875017 0.7183641 2.783293 -0.08924825 0.5028208 2.766118 -0.08037073 0.2821986 2.746955 -0.2552355 0.4981976 2.74245 -0.2457575 0.4564244 2.430682 -0.1920931 0.464206 2.161139 0.07673901 0.507444 2.789787 0.1303825 0.4587952 2.437994 0.1037704 0.4580578 2.158732 -0.1726751 0.05875826 2.713364 -0.2051062 -0.3829257 2.729191 -0.3109732 -0.8219126 2.690348 0.02968865 0.06439467 2.74222 0.0693338 -0.374241 2.693048 0.1860302 -0.7600917 2.672203 
