-0.1229314 0.7326182 2.764322 -0.1176753 0.5127912 2.732765 -0.1123826 0.2921876 2.712773 -0.2841406 0.5106874 2.711909 -0.3252417 0.3516303 2.443152 -0.1493464 0.4330654 2.234579 0.04879003 0.514895 2.75362 0.119412 0.3741967 2.469523 -0.01839854 0.4386127 2.234885 -0.2085522 0.07030177 2.680069 -0.2291263 -0.3718766 2.702784 -0.3274807 -0.8169783 2.670917 -0.00562756 0.07286635 2.705493 0.07920676 -0.3619038 2.689918 0.1806889 -0.7610462 2.668068 
-0.1250428 0.7323995 2.771615 -0.1180535 0.5150201 2.741453 -0.1121754 0.2945848 2.7194 -0.2842493 0.5128954 2.718392 -0.3086074 0.3843042 2.422079 -0.1606698 0.4403671 2.194029 0.04814221 0.5171448 2.764514 0.1022173 0.4046085 2.443774 -0.004185722 0.4445817 2.18956 -0.2075866 0.07285456 2.683293 -0.2211519 -0.3662464 2.734661 -0.3257471 -0.8219353 2.676269 -0.005008085 0.0754444 2.711402 0.08666951 -0.3576142 2.689506 0.1836963 -0.7628881 2.669606 
-0.1254254 0.7307884 2.775775 -0.1182168 0.5164502 2.747485 -0.1120497 0.2961084 2.724316 -0.2844211 0.5142355 2.724309 -0.2943088 0.4196475 2.405561 -0.1872565 0.4437725 2.154813 0.04798754 0.518665 2.770661 0.09860251 0.4388039 2.421912 0.02806655 0.4483043 2.152613 -0.2071747 0.07441684 2.687021 -0.2166847 -0.3659282 2.732277 -0.3269453 -0.8236876 2.676242 -0.004590488 0.07711642 2.715271 0.09447679 -0.3522751 2.672745 0.1809321 -0.7675543 2.66771 
-0.1232846 0.7324241 2.779355 -0.1173565 0.5184673 2.752253 -0.1118429 0.2982286 2.727752 -0.2837603 0.5167349 2.730377 -0.3160614 0.4584263 2.381926 -0.2675704 0.4365704 2.107749 0.04904727 0.5201996 2.774128 0.1386762 0.4671884 2.404687 0.1225158 0.440084 2.122252 -0.2077538 0.07693404 2.689918 -0.2105003 -0.3647497 2.721634 -0.3286838 -0.8265513 2.676489 -0.004904646 0.07904573 2.716584 0.09315901 -0.3472376 2.647089 0.1771049 -0.7561936 2.653097 
-0.1229393 0.7309623 2.779634 -0.1171934 0.518357 2.751505 -0.111799 0.2982752 2.725597 -0.283694 0.5167665 2.730348 -0.352533 0.4547151 2.386484 -0.3201064 0.4290601 2.10616 0.04930723 0.5199476 2.772661 0.182337 0.4595889 2.414351 0.1770487 0.4325192 2.129212 -0.2078913 0.07722389 2.686795 -0.210563 -0.3652756 2.705288 -0.3258263 -0.8264838 2.673837 -0.004918051 0.07916286 2.712586 0.09337906 -0.3468369 2.640354 0.1756567 -0.7614194 2.650956 
-0.1226434 0.7268847 2.779771 -0.1164781 0.5144345 2.749555 -0.1119954 0.2947535 2.720445 -0.2832441 0.5135319 2.730687 -0.3927858 0.4433728 2.408251 -0.3608865 0.4245542 2.126659 0.05028794 0.5153372 2.768423 0.1868457 0.4503055 2.521125 0.1806976 0.439434 2.231508 -0.2091714 0.07452214 2.679832 -0.213186 -0.3680771 2.700824 -0.3246241 -0.8285847 2.667508 -0.005854168 0.0756226 2.702836 0.0884596 -0.3509411 2.628103 0.1754018 -0.7673091 2.644209 
-0.1218927 0.724122 2.758819 -0.1134109 0.5087903 2.740117 -0.1071903 0.2883948 2.718702 -0.2805465 0.5054315 2.726135 -0.43527 0.4416087 2.455057 -0.3882213 0.4208319 2.175793 0.05372473 0.5121491 2.754098 0.268979 0.4243178 2.632538 0.2501341 0.4048464 2.346983 -0.2028931 0.065951 2.688761 -0.2013676 -0.3758981 2.721306 -0.3173831 -0.8340005 2.683651 0.0009536752 0.07004756 2.705814 0.08753226 -0.359383 2.639013 0.1820057 -0.768968 2.658449 
-0.1215259 0.726642 2.739879 -0.1102821 0.5121641 2.727686 -0.1005716 0.2915185 2.710616 -0.2774486 0.5058401 2.714334 -0.4805674 0.3779005 2.587006 -0.4290458 0.4024073 2.307234 0.05688429 0.5184881 2.741038 0.3048179 0.3694796 2.722093 0.3315427 0.375455 2.433504 -0.1927358 0.06701889 2.685409 -0.1960784 -0.367142 2.766042 -0.3204559 -0.8274571 2.67804 0.01101384 0.07472689 2.701683 0.07466599 -0.3592845 2.640264 0.1772344 -0.7720358 2.66057 
-0.1220369 0.7272073 2.728884 -0.1108552 0.511679 2.718686 -0.1011751 0.2908212 2.703522 -0.2781187 0.5051831 2.706521 -0.4792767 0.3744453 2.6645 -0.4360012 0.4021736 2.384034 0.05640832 0.5181749 2.730851 0.2790894 0.3637506 2.76367 0.3154597 0.3685625 2.486536 -0.1934401 0.06600429 2.680943 -0.1963454 -0.3721862 2.737057 -0.322669 -0.8258344 2.671254 0.01045027 0.07392262 2.695773 0.06841239 -0.3605665 2.631025 0.173786 -0.7713422 2.650666 
-0.1194648 0.73134 2.713886 -0.1097238 0.5131924 2.708992 -0.1010321 0.2920579 2.697585 -0.2769548 0.5072895 2.695998 -0.4556471 0.3737307 2.734246 -0.416905 0.4025387 2.45863 0.05750722 0.5190952 2.721985 0.2461876 0.3229125 2.823066 0.2901563 0.3687759 2.548649 -0.194269 0.06732567 2.678259 -0.1965116 -0.3710586 2.738756 -0.3238197 -0.8245929 2.672685 0.009588271 0.07452129 2.694098 0.06641492 -0.3609713 2.634647 0.1728074 -0.7726676 2.657619 
-0.1208412 0.7293675 2.705904 -0.1084292 0.5108242 2.703121 -0.09700395 0.2896818 2.69455 -0.2754117 0.5027674 2.688408 -0.418839 0.3648716 2.788118 -0.3852053 0.4040096 2.510491 0.05855336 0.518881 2.717835 0.206576 0.3219476 2.834558 0.2444029 0.3709781 2.560411 -0.1873702 0.06362807 2.67701 -0.188355 -0.3752643 2.736797 -0.3200879 -0.8296499 2.670447 0.01621271 0.07345082 2.694948 0.06952558 -0.3627015 2.636595 0.178967 -0.7727085 2.660503 
-0.1212658 0.7234058 2.701906 -0.1088728 0.5061707 2.699961 -0.09674422 0.2849535 2.69445 -0.2756667 0.497435 2.683541 -0.3774355 0.3724453 2.80705 -0.3324051 0.4017751 2.528906 0.05792108 0.5149064 2.716381 0.1742711 0.3089627 2.814285 0.1686776 0.3701898 2.548521 -0.1862797 0.05841168 2.678931 -0.198064 -0.3813369 2.730735 -0.3243974 -0.8296873 2.673248 0.01704845 0.06906085 2.698947 0.06161657 -0.3688098 2.647182 0.173035 -0.7762118 2.666825 
-0.1240293 0.7210171 2.700446 -0.1097862 0.5021862 2.700097 -0.0963359 0.2809868 2.696788 -0.2750457 0.4925253 2.674165 -0.3632829 0.353262 2.773556 -0.2872987 0.3974377 2.519269 0.05547328 0.5118471 2.72603 0.1725728 0.2899332 2.776183 0.1066452 0.377344 2.529402 -0.1837778 0.05388938 2.677647 -0.2049651 -0.3848056 2.735554 -0.3197178 -0.8247504 2.672878 0.01800662 0.06568546 2.709311 0.06235172 -0.3727669 2.661834 0.1730663 -0.7737921 2.672282 
-0.1263476 0.7212664 2.71071 -0.1104154 0.5026422 2.706427 -0.09496331 0.2816445 2.700169 -0.2750334 0.4919794 2.676504 -0.3765362 0.318045 2.720196 -0.2496808 0.4002178 2.495578 0.0542025 0.513305 2.736351 0.1638197 0.2779971 2.717109 0.05655824 0.3903812 2.49044 -0.1797952 0.05415106 2.675682 -0.2129187 -0.3857255 2.704452 -0.316726 -0.8188306 2.673052 0.02077286 0.0671424 2.712141 0.06397341 -0.3712199 2.662366 0.174547 -0.7702641 2.666281 
-0.1296846 0.7219734 2.72628 -0.1117815 0.5032787 2.715041 -0.09490822 0.28261 2.703909 -0.2768856 0.4920341 2.687684 -0.3728102 0.2955491 2.638597 -0.2201013 0.4043806 2.44226 0.05332261 0.5145234 2.742398 0.1523737 0.2759661 2.649539 0.01751161 0.403249 2.440769 -0.1786253 0.05509047 2.67611 -0.2215106 -0.384605 2.702928 -0.3195811 -0.8201174 2.674938 0.02255542 0.06879213 2.709445 0.0600409 -0.3707305 2.666171 0.1755019 -0.7697024 2.661476 
-0.1320479 0.7208654 2.752483 -0.1141423 0.5018814 2.726086 -0.09666001 0.2820037 2.704995 -0.2802491 0.4906646 2.705336 -0.3600174 0.3236806 2.511647 -0.1733819 0.4169223 2.322452 0.0519645 0.5130981 2.746835 0.1297842 0.3159386 2.530633 -0.02454977 0.4313198 2.326396 -0.1803851 0.05529176 2.671262 -0.2242882 -0.3854099 2.684585 -0.3235163 -0.820562 2.671425 0.02202966 0.06896028 2.696547 0.05491304 -0.3720856 2.66749 0.1718852 -0.7758752 2.661758 
-0.1318913 0.7228588 2.765663 -0.1168536 0.5049371 2.733266 -0.1022918 0.2853989 2.707248 -0.2827581 0.4967186 2.709759 -0.335456 0.3633199 2.461267 -0.1609856 0.426284 2.254591 0.04905082 0.5131557 2.756773 0.114932 0.3580028 2.484323 -0.04033011 0.4450478 2.268149 -0.1888609 0.06085078 2.666901 -0.2322761 -0.380043 2.679951 -0.3322164 -0.8185315 2.669587 0.01340095 0.07087038 2.69556 0.04285407 -0.3708641 2.674957 0.1656266 -0.7740397 2.663908 
