-0.105575 0.717618 2.675226 -0.09719209 0.5007033 2.681118 -0.09026171 0.2794137 2.690703 -0.2643117 0.4948462 2.666729 -0.3494581 0.2742724 2.737743 -0.2802111 0.4225486 2.515654 0.06992749 0.5065605 2.695506 0.154906 0.2941042 2.766325 0.09480494 0.3916923 2.508881 -0.1851903 0.05455415 2.691519 -0.2268288 -0.3854379 2.725389 -0.3150555 -0.8224258 2.684992 0.01852768 0.06169399 2.709058 0.07619856 -0.3777298 2.702473 0.1834144 -0.7545201 2.674079 
-0.1104607 0.7151785 2.677046 -0.1008995 0.4986942 2.682884 -0.09253273 0.2774819 2.693676 -0.2681027 0.4917465 2.670099 -0.3577277 0.2731283 2.687864 -0.2460434 0.4183789 2.476914 0.06630377 0.505642 2.695668 0.1564536 0.2785592 2.721149 0.05826966 0.3902346 2.476403 -0.1860854 0.05203449 2.696676 -0.2355669 -0.3868253 2.734052 -0.3163309 -0.8215513 2.687984 0.01775339 0.06050452 2.712261 0.07313849 -0.3792872 2.708138 0.17998 -0.7586909 2.677902 
-0.1111041 0.7130228 2.687976 -0.102328 0.4971113 2.688567 -0.09402614 0.2757603 2.695935 -0.2696359 0.4904514 2.677005 -0.3633764 0.2840741 2.623438 -0.2169213 0.4113755 2.418896 0.06497988 0.5037712 2.700128 0.1532145 0.2757696 2.656081 0.02638473 0.3986214 2.427702 -0.187702 0.05034999 2.696257 -0.238698 -0.3886324 2.730695 -0.3173415 -0.8197047 2.683007 0.01625356 0.0584687 2.710351 0.07174188 -0.3813198 2.704373 0.1798823 -0.7627814 2.671449 
-0.1173006 0.7151518 2.711425 -0.1064293 0.5003322 2.702079 -0.09745126 0.2788802 2.703535 -0.2736665 0.4934698 2.689559 -0.3405896 0.3192645 2.508868 -0.175013 0.4180019 2.299955 0.06080797 0.5071946 2.714599 0.1370565 0.3121973 2.530037 -0.01625008 0.4175209 2.319951 -0.1904105 0.05324528 2.697361 -0.2354061 -0.3857091 2.739565 -0.3213606 -0.8263479 2.680541 0.01346396 0.06161107 2.712624 0.07362965 -0.377588 2.712183 0.1810637 -0.7599251 2.674869 
-0.1206864 0.7173629 2.725664 -0.1083937 0.5021411 2.707152 -0.09838007 0.280791 2.703758 -0.2756256 0.4947648 2.694819 -0.3197988 0.3621335 2.460944 -0.1638983 0.4254273 2.23935 0.05883814 0.5095174 2.719486 0.1265248 0.342597 2.484017 -0.02493743 0.434668 2.263393 -0.1902986 0.05494488 2.692846 -0.2337792 -0.383786 2.739013 -0.3192286 -0.8209295 2.673897 0.01356585 0.06393701 2.70788 0.07437532 -0.3751986 2.706929 0.1830233 -0.7586416 2.669165 
-0.1218246 0.7229845 2.742782 -0.1085938 0.50832 2.71452 -0.09795442 0.2872256 2.705009 -0.2758301 0.5007976 2.702307 -0.2974019 0.4005681 2.423476 -0.1578052 0.4408121 2.186573 0.05864247 0.5158423 2.726734 0.1067599 0.3867967 2.436509 -0.03163948 0.4545989 2.202628 -0.1892503 0.06154623 2.688054 -0.2336154 -0.3772193 2.733328 -0.3161167 -0.8142121 2.674913 0.01462027 0.07071634 2.702942 0.07968703 -0.367724 2.708301 0.1845173 -0.7542051 2.668008 
-0.1206744 0.7255652 2.770621 -0.1066066 0.5152227 2.733679 -0.09557524 0.2948958 2.713162 -0.2737064 0.5081757 2.71951 -0.2605777 0.4658771 2.373119 -0.173364 0.4568486 2.107972 0.06049318 0.5222697 2.747847 0.07720975 0.4592154 2.386389 -0.005569077 0.4622765 2.114699 -0.1863979 0.07027348 2.684009 -0.2307791 -0.3682542 2.731569 -0.317136 -0.8156511 2.67969 0.01731013 0.07886431 2.701282 0.07123753 -0.3609935 2.710005 0.1839303 -0.7611706 2.673483 
-0.1211327 0.7267924 2.78526 -0.1062222 0.5177978 2.740166 -0.09465518 0.2982824 2.712857 -0.2732929 0.5108055 2.725607 -0.2742804 0.4844328 2.36006 -0.2085016 0.455858 2.087818 0.06084847 0.5247902 2.754725 0.09211221 0.4816139 2.378697 0.03655455 0.4618161 2.098722 -0.1849225 0.0745049 2.676674 -0.2225002 -0.365061 2.719714 -0.3164408 -0.8143802 2.670244 0.01874619 0.08302894 2.694422 0.07050797 -0.3571552 2.695119 0.1845982 -0.7625749 2.662505 
-0.1184967 0.7262067 2.783077 -0.105619 0.5186629 2.740098 -0.09562265 0.2990429 2.712381 -0.2727043 0.5129383 2.725198 -0.3061284 0.4937261 2.365527 -0.2537693 0.4575233 2.088921 0.06146632 0.5243875 2.754999 0.1250675 0.5007985 2.382352 0.09053313 0.4620261 2.099978 -0.1874729 0.07593346 2.675581 -0.2226742 -0.3632392 2.724294 -0.3200145 -0.815381 2.677694 0.01622035 0.08291227 2.693746 0.06215026 -0.357948 2.694487 0.1800454 -0.7674831 2.669006 
-0.1168149 0.7278283 2.776442 -0.104593 0.5180777 2.737197 -0.09361081 0.2985086 2.709274 -0.2715396 0.5117828 2.721036 -0.396048 0.4801913 2.423635 -0.3420914 0.4673192 2.146386 0.06235362 0.5243728 2.753357 0.2242511 0.4861877 2.445593 0.1910876 0.4701719 2.161086 -0.184385 0.07510248 2.671501 -0.2151012 -0.364897 2.715724 -0.3156295 -0.8177789 2.673545 0.01912785 0.08277637 2.691201 0.06388313 -0.3580636 2.681001 0.1834361 -0.7675153 2.663386 
-0.110237 0.7235094 2.748277 -0.1008053 0.5107123 2.724783 -0.09320525 0.2900615 2.705915 -0.2680515 0.5060902 2.71147 -0.4504824 0.4605309 2.500174 -0.3878322 0.4719035 2.224262 0.06644101 0.5153345 2.738096 0.2823428 0.4635663 2.531636 0.247223 0.4802138 2.249928 -0.1875435 0.0665933 2.678933 -0.2194024 -0.374206 2.709748 -0.3163057 -0.818976 2.682919 0.01633302 0.07222783 2.695161 0.06199893 -0.3682878 2.678823 0.1815382 -0.7642131 2.668533 
-0.1112697 0.7255847 2.724083 -0.1008962 0.5108228 2.712962 -0.09287086 0.2897493 2.702024 -0.268267 0.5052953 2.701878 -0.4741845 0.4352277 2.581068 -0.410944 0.4734965 2.306405 0.06647449 0.5163503 2.724046 0.2982228 0.4458258 2.599829 0.2628147 0.4880638 2.320975 -0.1868704 0.0653064 2.68433 -0.2140538 -0.3754824 2.720778 -0.3161763 -0.8196971 2.685709 0.01717942 0.07204523 2.697843 0.06376088 -0.3685877 2.686279 0.1858647 -0.7616861 2.668661 
-0.1096436 0.7307874 2.720985 -0.0995554 0.5149789 2.706184 -0.09158028 0.2939443 2.692986 -0.2669925 0.5095497 2.695934 -0.4820977 0.443618 2.696044 -0.4291419 0.4734308 2.422456 0.06788176 0.5204082 2.716434 0.2911061 0.431408 2.708419 0.2702721 0.4745705 2.431106 -0.185658 0.06960054 2.67354 -0.2144319 -0.371443 2.706736 -0.3157734 -0.8144382 2.67186 0.01844771 0.0762187 2.686035 0.06450768 -0.3641663 2.666392 0.1862304 -0.7600559 2.657195 
-0.1066815 0.7260447 2.691467 -0.09813912 0.5102431 2.691607 -0.09142137 0.2890547 2.690454 -0.2656285 0.5052066 2.681935 -0.4745286 0.4557943 2.781536 -0.4309014 0.462093 2.50309 0.06935032 0.5152795 2.70128 0.2730733 0.4302202 2.782702 0.2681686 0.4579279 2.504477 -0.186791 0.06479642 2.683407 -0.2180301 -0.3750776 2.727231 -0.3176112 -0.8231667 2.691187 0.0173838 0.070936 2.695198 0.06078358 -0.3699709 2.68868 0.1829132 -0.7694 2.679655 
-0.1047849 0.7268751 2.684637 -0.09770426 0.5098395 2.685823 -0.09135457 0.2884978 2.688605 -0.2651924 0.5049113 2.676001 -0.4412657 0.4653987 2.820266 -0.4020342 0.4542046 2.539761 0.06978384 0.5147678 2.695646 0.245035 0.4376087 2.823847 0.2358831 0.4426446 2.541988 -0.1870924 0.06415227 2.6854 -0.2203959 -0.3765281 2.717329 -0.3170603 -0.8188356 2.682657 0.01708262 0.07015996 2.697374 0.06180584 -0.3706019 2.685464 0.1831668 -0.764326 2.672412 
-0.100419 0.7233286 2.666063 -0.09832452 0.5050383 2.678761 -0.09617744 0.2839112 2.691811 -0.2654743 0.5025578 2.664231 -0.3546142 0.4648865 2.820551 -0.3136641 0.437529 2.538808 0.06882521 0.5075187 2.693292 0.2027146 0.3616111 2.811663 0.1623352 0.4113113 2.537675 -0.1959431 0.06127176 2.696001 -0.2321282 -0.3796654 2.721743 -0.3221131 -0.8193422 2.686394 0.007882349 0.06429648 2.71372 0.06015331 -0.37563 2.70733 0.1783885 -0.7677368 2.676882 
-0.1025546 0.7218177 2.673088 -0.09925043 0.5037027 2.682904 -0.09759974 0.2824085 2.694292 -0.2663208 0.5016475 2.667184 -0.3237986 0.4469414 2.786774 -0.2660434 0.430227 2.514309 0.0678199 0.5057579 2.698623 0.1888641 0.3148087 2.754343 0.1141859 0.4037419 2.504817 -0.1977709 0.05986177 2.6961 -0.2338659 -0.3806641 2.728755 -0.3164068 -0.8186583 2.682848 0.00587275 0.0623669 2.715261 0.06145984 -0.3771582 2.703944 0.1813757 -0.7673949 2.672221 
-0.1053873 0.7230238 2.686992 -0.100788 0.504809 2.690729 -0.09882474 0.2833333 2.697414 -0.2678777 0.5028542 2.675032 -0.3083996 0.4234714 2.720889 -0.2243845 0.4277698 2.467516 0.06630156 0.5067639 2.706427 0.1799311 0.2914043 2.682176 0.07023533 0.404952 2.45352 -0.1986989 0.06066617 2.69453 -0.23443 -0.3794177 2.73337 -0.3161967 -0.8153215 2.680798 0.004976068 0.0630491 2.713665 0.06194922 -0.3764444 2.705255 0.1837597 -0.7645498 2.669739 
-0.105456 0.7235836 2.704444 -0.1002719 0.5057819 2.699231 -0.09784246 0.2842374 2.700331 -0.267403 0.5038731 2.683893 -0.3292059 0.3687405 2.609447 -0.1942128 0.4283716 2.394372 0.06685923 0.5076907 2.714569 0.1624591 0.2901978 2.602591 0.03315918 0.4167401 2.386595 -0.1972809 0.06152941 2.692082 -0.233271 -0.3784163 2.732822 -0.3142126 -0.8151999 2.679732 0.006454773 0.06385631 2.710779 0.06760959 -0.3751419 2.708092 0.1858045 -0.7638094 2.66828 
