-0.08973373 0.7230997 2.768395 -0.09025327 0.5040956 2.755447 -0.08962771 0.2828525 2.743439 -0.2578843 0.5040709 2.747169 -0.3026137 0.3783293 2.487609 -0.183975 0.4209221 2.233834 0.07737778 0.5041202 2.763726 0.1085694 0.3930273 2.483328 0.006387382 0.4395615 2.22841 -0.1911778 0.06159442 2.726386 -0.2010602 -0.3814288 2.737671 -0.3170876 -0.8196803 2.684127 0.01317347 0.06162439 2.736478 0.06773906 -0.3779661 2.718889 0.193199 -0.7731833 2.658612 
-0.09146164 0.7194435 2.773683 -0.09046236 0.5026705 2.763198 -0.08906996 0.2814633 2.749787 -0.2581041 0.5021125 2.754997 -0.309309 0.4206636 2.460809 -0.2238556 0.4343609 2.1939 0.07717946 0.5032285 2.771399 0.1272824 0.4320147 2.464665 0.06936559 0.45106 2.195087 -0.1898565 0.05991589 2.731378 -0.1982535 -0.3832104 2.733058 -0.3174466 -0.8256133 2.688067 0.01450139 0.06059613 2.741375 0.06577341 -0.3784868 2.710715 0.1947403 -0.7758895 2.656308 
-0.08947714 0.7273766 2.787817 -0.08937266 0.5098888 2.770935 -0.08864284 0.2890168 2.753 -0.2569381 0.5101147 2.761334 -0.3471343 0.4428182 2.448894 -0.2879661 0.4427637 2.172884 0.07819278 0.5096629 2.780535 0.1666603 0.4440217 2.459839 0.1466093 0.4562381 2.182477 -0.1900519 0.06828238 2.729215 -0.2029524 -0.3746541 2.722384 -0.3180731 -0.8141015 2.682873 0.01422589 0.06800705 2.740918 0.06395304 -0.3709427 2.705085 0.1919289 -0.7650191 2.650744 
-0.09313809 0.7239308 2.783849 -0.09063009 0.5073815 2.770633 -0.08806795 0.2864189 2.753648 -0.2582227 0.5061305 2.761628 -0.3950663 0.4379072 2.45394 -0.3614908 0.4490538 2.173468 0.07696255 0.5086325 2.779637 0.190721 0.4490864 2.51974 0.1741247 0.4636374 2.230696 -0.1876604 0.06469376 2.731174 -0.195513 -0.3759656 2.760834 -0.3140707 -0.8258315 2.686974 0.01664877 0.06621891 2.742151 0.0652558 -0.372325 2.700032 0.1940092 -0.780495 2.655841 
-0.09955537 0.7201122 2.765384 -0.09397744 0.5023682 2.76341 -0.08863749 0.2810173 2.75397 -0.2616024 0.4986506 2.755761 -0.4817551 0.4032197 2.512717 -0.4840933 0.4462725 2.228524 0.07364754 0.5060859 2.771058 0.2974796 0.4144389 2.573748 0.32267 0.4350502 2.293016 -0.1854692 0.05740035 2.739869 -0.1973527 -0.3849381 2.752126 -0.31615 -0.8251442 2.686419 0.01887412 0.06193233 2.749193 0.06387508 -0.3761894 2.698932 0.1918935 -0.7754585 2.654466 
-0.1000139 0.7207063 2.751643 -0.09411758 0.5027259 2.75513 -0.08880952 0.281245 2.749788 -0.2616191 0.4989487 2.745296 -0.5074045 0.3851295 2.587857 -0.5223173 0.4274828 2.307049 0.07338387 0.506503 2.764964 0.3302133 0.4076986 2.625874 0.364617 0.4342275 2.346438 -0.1856046 0.05746165 2.738452 -0.1950373 -0.3852565 2.737904 -0.3187011 -0.822475 2.679708 0.0186017 0.06206651 2.750441 0.06286307 -0.3759666 2.698508 0.1921627 -0.7730749 2.654963 
-0.09666047 0.720245 2.737271 -0.09155883 0.5022113 2.743418 -0.08691683 0.2806516 2.741347 -0.2590195 0.4988032 2.732672 -0.5127111 0.3755717 2.640428 -0.5398448 0.4311006 2.362472 0.0759018 0.5056194 2.754164 0.3425981 0.4088424 2.693432 0.3732658 0.4238023 2.41299 -0.1843437 0.05701469 2.732726 -0.1910656 -0.3859924 2.729469 -0.3160012 -0.8222023 2.675336 0.01979398 0.06116917 2.745826 0.06383695 -0.3766509 2.691831 0.1944425 -0.7720135 2.648244 
-0.09821038 0.7186596 2.719586 -0.09285519 0.5010865 2.730727 -0.08838945 0.2795253 2.732538 -0.260321 0.4976232 2.719976 -0.4893555 0.375786 2.730713 -0.514678 0.4179337 2.452945 0.07461057 0.5045497 2.741479 0.3232989 0.4114212 2.748715 0.3423052 0.4217194 2.465427 -0.1859961 0.05585327 2.727796 -0.192696 -0.3872888 2.728596 -0.3182679 -0.8245347 2.676105 0.0181487 0.06007507 2.740902 0.06277542 -0.3774029 2.684617 0.1909817 -0.7741566 2.647507 
-0.09857041 0.719042 2.705319 -0.09389949 0.5002746 2.719561 -0.08989348 0.2786989 2.723946 -0.2613275 0.4970216 2.708143 -0.4085913 0.3331994 2.800172 -0.4121163 0.4306302 2.531454 0.07352855 0.5035276 2.730979 0.2333095 0.3552093 2.801291 0.2210596 0.4125408 2.524672 -0.1879414 0.05514035 2.721372 -0.1972058 -0.3873071 2.743284 -0.3136849 -0.8185509 2.680586 0.0161665 0.05910605 2.735292 0.06632751 -0.3795986 2.697095 0.1918069 -0.7741463 2.654321 
-0.1000778 0.7196298 2.703612 -0.09388109 0.4997815 2.716474 -0.08906366 0.2782127 2.720875 -0.2613238 0.4959221 2.705458 -0.3903013 0.3110954 2.795088 -0.3497271 0.4355682 2.539329 0.07356167 0.5036409 2.727489 0.2337961 0.316684 2.808975 0.1563957 0.3989602 2.556411 -0.1863082 0.05429146 2.718562 -0.1952738 -0.388082 2.744172 -0.3114422 -0.8205189 2.6807 0.01781577 0.05899635 2.731992 0.06826712 -0.379915 2.695837 0.1948562 -0.7734943 2.65151 
-0.1003964 0.7189146 2.711755 -0.09483048 0.4995288 2.718786 -0.09063724 0.2779227 2.720214 -0.2619565 0.4962714 2.704029 -0.3891164 0.2960239 2.765033 -0.2870185 0.4306989 2.535374 0.07229556 0.5027862 2.733544 0.2264304 0.2973674 2.766485 0.0968366 0.39763 2.551358 -0.1883383 0.05433066 2.712645 -0.198192 -0.3882356 2.735596 -0.3140615 -0.8202983 2.67534 0.01545032 0.0583027 2.73064 0.06452291 -0.381295 2.702096 0.189743 -0.7738834 2.651052 
-0.09975917 0.7169679 2.715826 -0.09437519 0.4971934 2.72291 -0.09069595 0.275563 2.72368 -0.2612657 0.4943627 2.705594 -0.3815527 0.2875088 2.708512 -0.2330072 0.4187162 2.500549 0.07251526 0.500024 2.740225 0.2072202 0.2901873 2.70474 0.04557072 0.4062873 2.514074 -0.1887411 0.05220721 2.713895 -0.1964402 -0.389522 2.748535 -0.3139764 -0.8223085 2.684381 0.01470764 0.0556579 2.735003 0.06592113 -0.3838392 2.708015 0.1918029 -0.7792249 2.657077 
-0.0986258 0.7174066 2.727369 -0.09334872 0.4976669 2.729902 -0.0885478 0.2760727 2.728167 -0.2603902 0.4941716 2.714103 -0.3682888 0.2992631 2.630257 -0.1937859 0.405723 2.425895 0.07369272 0.5011621 2.745701 0.1675986 0.311085 2.615861 -0.002366364 0.4262865 2.422958 -0.1855567 0.05234833 2.716802 -0.1961188 -0.3897304 2.746769 -0.3110936 -0.8219534 2.685477 0.01806295 0.05660895 2.736061 0.06841177 -0.3827505 2.705259 0.1966088 -0.7733374 2.651917 
-0.09777512 0.7178543 2.754049 -0.09271394 0.4985934 2.741762 -0.08787372 0.2775145 2.730068 -0.2600985 0.4955026 2.730915 -0.3367929 0.3267402 2.562623 -0.1714541 0.4138281 2.343037 0.07467068 0.5016843 2.752609 0.1311538 0.344428 2.543439 -0.02065779 0.4429746 2.331694 -0.1850964 0.05455102 2.711759 -0.1977062 -0.38729 2.745008 -0.3141598 -0.8198391 2.677249 0.01902939 0.05832031 2.724988 0.06486763 -0.3813974 2.692353 0.1945982 -0.7729383 2.640858 
-0.09635159 0.7181439 2.766451 -0.09394888 0.5007142 2.751168 -0.09104914 0.2796961 2.7364 -0.2613552 0.4992785 2.739785 -0.2988894 0.3688681 2.506796 -0.1624619 0.431161 2.268803 0.0734574 0.5021499 2.76255 0.108581 0.3882183 2.492727 -0.01241646 0.4588589 2.254002 -0.1901684 0.05780296 2.714695 -0.2040346 -0.3839945 2.748552 -0.3212759 -0.8191988 2.683573 0.01386961 0.0595529 2.728568 0.05933469 -0.3806547 2.703373 0.187344 -0.7726565 2.658551 
