-0.08907455 0.696452 2.758838 -0.08538292 0.4770315 2.752856 -0.08257996 0.2556904 2.745422 -0.252696 0.4753444 2.740005 -0.2855712 0.3754324 2.497994 -0.1438577 0.4221884 2.266471 0.08193021 0.4787187 2.765707 0.1032646 0.3753637 2.510244 0.001538155 0.4213635 2.25605 -0.1817409 0.0333211 2.730156 -0.1975191 -0.4086063 2.760717 -0.3172294 -0.8156332 2.673679 0.02218694 0.03537744 2.74582 0.08245701 -0.40283 2.716989 0.2001858 -0.7766056 2.64824 
-0.09258229 0.6990785 2.769364 -0.08685941 0.4812635 2.761766 -0.08234567 0.2600784 2.750174 -0.254208 0.4784981 2.749372 -0.2602923 0.4172207 2.457503 -0.1664145 0.4426637 2.202466 0.08048918 0.484029 2.774161 0.09362755 0.4136776 2.471608 0.02764916 0.4320155 2.201456 -0.1798276 0.03720776 2.731027 -0.1986571 -0.4050533 2.753273 -0.3172501 -0.8182251 2.679519 0.02416374 0.04057873 2.746136 0.07590245 -0.3984765 2.714535 0.198444 -0.7772835 2.651261 
-0.09198761 0.7003803 2.77663 -0.08666477 0.4841585 2.76746 -0.08197848 0.2631325 2.752512 -0.2541044 0.4813659 2.75626 -0.2726582 0.4391195 2.433751 -0.2085478 0.4459374 2.165489 0.08077489 0.4869512 2.778659 0.1178019 0.4333297 2.443802 0.07536051 0.4391032 2.165727 -0.1793483 0.04040423 2.730737 -0.2009349 -0.402066 2.740737 -0.3185976 -0.8203568 2.679544 0.0247639 0.04380853 2.744389 0.07076948 -0.3958496 2.711921 0.1973405 -0.7760154 2.650224 
-0.093156 0.7051725 2.788771 -0.08707952 0.4885359 2.772002 -0.08183808 0.2680582 2.750942 -0.2545527 0.4855822 2.761244 -0.3006253 0.4387193 2.478906 -0.2297466 0.4514179 2.198106 0.0803936 0.4914896 2.782761 0.1778929 0.4421589 2.444896 0.1628841 0.4389572 2.162718 -0.1786731 0.04578015 2.723325 -0.19862 -0.3969154 2.731826 -0.3178516 -0.8188952 2.673506 0.02547981 0.04938074 2.73644 0.07202072 -0.3899139 2.699676 0.1970983 -0.7735559 2.643537 
-0.09522784 0.7032353 2.783835 -0.08853424 0.4869025 2.770161 -0.08293385 0.2662112 2.750879 -0.2560812 0.4834662 2.760828 -0.3566649 0.3959085 2.462491 -0.337208 0.438047 2.185913 0.07901274 0.4903387 2.779495 0.2359541 0.4310856 2.467949 0.254609 0.429857 2.185601 -0.1794609 0.04342543 2.725909 -0.1972825 -0.3963688 2.76704 -0.3200409 -0.8264867 2.683546 0.02479391 0.04761458 2.737287 0.06757826 -0.3925333 2.707097 0.1955114 -0.7808341 2.65209 
-0.09471675 0.7000011 2.771369 -0.0884845 0.483463 2.763952 -0.08283246 0.2624452 2.748952 -0.2560295 0.4798155 2.754565 -0.4223328 0.3954548 2.488244 -0.428945 0.4316261 2.202545 0.07906044 0.4871105 2.773339 0.2909764 0.4070423 2.507477 0.3311889 0.4185449 2.228569 -0.1793018 0.03920425 2.72823 -0.1961315 -0.4021842 2.744375 -0.3204789 -0.8272911 2.684803 0.02494098 0.04365066 2.739672 0.06834365 -0.3954669 2.698574 0.1962414 -0.7819947 2.65451 
-0.09174675 0.7055917 2.755628 -0.08698878 0.4877054 2.756709 -0.08210193 0.2663974 2.747084 -0.2542953 0.484563 2.744017 -0.4737211 0.3887673 2.52812 -0.5050427 0.4220547 2.242946 0.08031769 0.4908477 2.769401 0.3194357 0.3944798 2.557725 0.3941704 0.4019231 2.281894 -0.179213 0.04317361 2.729721 -0.195605 -0.3952093 2.778887 -0.3222256 -0.8210652 2.68023 0.02478288 0.04700509 2.745197 0.07073552 -0.3912857 2.698023 0.1948854 -0.7726613 2.656587 
-0.09823304 0.7035097 2.719083 -0.09132022 0.4850192 2.735625 -0.08581749 0.2635612 2.736871 -0.2586501 0.4807919 2.723257 -0.5216648 0.3704316 2.634019 -0.5491373 0.4033893 2.351906 0.07600965 0.4892465 2.747992 0.3423721 0.3553809 2.674445 0.4240247 0.3954415 2.40533 -0.1823047 0.03952661 2.730579 -0.1947253 -0.4003907 2.778646 -0.3196147 -0.8200201 2.68541 0.0216752 0.04467987 2.745655 0.06889898 -0.3935779 2.698514 0.1965387 -0.7779223 2.65217 
-0.09633971 0.702956 2.709993 -0.08998767 0.4853386 2.727987 -0.08396057 0.2638538 2.731373 -0.2572524 0.4805868 2.714892 -0.5173368 0.3627192 2.687508 -0.5479939 0.3896748 2.405952 0.07727706 0.4900905 2.741081 0.3386812 0.3516872 2.727726 0.412968 0.3883404 2.453562 -0.1798847 0.03947276 2.726778 -0.1867835 -0.3997045 2.783727 -0.3183666 -0.8236836 2.677161 0.02401778 0.04526542 2.742741 0.07434804 -0.3927515 2.696479 0.1980933 -0.7749164 2.646976 
-0.0932169 0.6961432 2.684948 -0.08805522 0.4795855 2.714347 -0.08244 0.2585698 2.726913 -0.2553156 0.4745903 2.701231 -0.4986689 0.3678602 2.753251 -0.5202299 0.3883178 2.468981 0.07920518 0.4845807 2.727463 0.3093393 0.3578435 2.78937 0.3685161 0.3727928 2.51246 -0.1787733 0.03450948 2.731485 -0.1900443 -0.4036617 2.796032 -0.3197763 -0.828776 2.687185 0.02512379 0.04059885 2.747474 0.07350816 -0.3972798 2.697934 0.1959851 -0.7809196 2.654678 
-0.09305251 0.7069584 2.682423 -0.08784787 0.4892916 2.711271 -0.08189077 0.2682044 2.724445 -0.2550943 0.4839984 2.698066 -0.4483353 0.3639294 2.786623 -0.4497672 0.3846723 2.503114 0.0793985 0.4945848 2.724475 0.2656686 0.3474224 2.817184 0.3012586 0.3637399 2.536318 -0.1778751 0.04389079 2.72957 -0.197883 -0.3951213 2.785645 -0.3185431 -0.813525 2.68082 0.02600775 0.05034349 2.745667 0.07324696 -0.3874468 2.69418 0.1958228 -0.7668822 2.650667 
-0.09552036 0.6999428 2.675281 -0.08866128 0.4846471 2.704474 -0.08038161 0.2637563 2.720361 -0.2559472 0.4775374 2.692805 -0.387825 0.3017263 2.809408 -0.310759 0.37661 2.553469 0.07862464 0.4917567 2.716143 0.2221756 0.3011126 2.823543 0.154196 0.3544813 2.569115 -0.1740699 0.03853186 2.729135 -0.1907776 -0.3998896 2.789773 -0.3174885 -0.8236939 2.67361 0.02986604 0.04719916 2.743361 0.07158642 -0.3909515 2.690671 0.1988002 -0.7769033 2.648676 
-0.09645889 0.7031546 2.68709 -0.08859254 0.486587 2.708899 -0.07969992 0.2654515 2.720056 -0.2559311 0.4793117 2.698078 -0.3812954 0.2740701 2.77669 -0.252762 0.3769153 2.555818 0.07874601 0.4938622 2.71972 0.2246961 0.2724244 2.802967 0.09408715 0.3512232 2.58111 -0.1728045 0.0398815 2.724618 -0.1925478 -0.3969571 2.795546 -0.3190496 -0.8206432 2.671827 0.03118994 0.0487504 2.737809 0.0692481 -0.3902453 2.689555 0.1986843 -0.7768984 2.646382 
-0.09725884 0.706611 2.692993 -0.08904225 0.4889652 2.712067 -0.07977153 0.2677148 2.721006 -0.2565143 0.4816222 2.704007 -0.3726664 0.2625482 2.715341 -0.2034972 0.3690323 2.524216 0.07842981 0.4963081 2.720126 0.2193304 0.2596975 2.75698 0.05478745 0.3505083 2.560271 -0.1725927 0.04198815 2.725031 -0.1920647 -0.3931821 2.805966 -0.319432 -0.8218837 2.678089 0.03159114 0.05094072 2.734858 0.06955101 -0.3887014 2.692875 0.1960913 -0.7725397 2.647516 
-0.0971448 0.7121125 2.705944 -0.08952416 0.4932851 2.719826 -0.08104599 0.2718884 2.72395 -0.2569267 0.4866893 2.709879 -0.3548052 0.268755 2.648157 -0.16436 0.3694406 2.462612 0.07787845 0.4998809 2.729771 0.2286523 0.2607723 2.701335 0.04294376 0.3547546 2.51382 -0.1746052 0.0464713 2.722012 -0.1925148 -0.3887101 2.804021 -0.322829 -0.8195032 2.675321 0.02946957 0.05451201 2.734137 0.06648023 -0.3853503 2.693209 0.1927545 -0.7753009 2.652017 
