-0.1054766 0.7395958 2.773566 -0.09647102 0.5196073 2.743017 -0.08923375 0.2988202 2.725191 -0.2634421 0.5154471 2.726753 -0.292012 0.3229347 2.459713 -0.1368523 0.4550791 2.258994 0.07050007 0.5237675 2.75928 0.12811 0.3287799 2.485897 -0.01602562 0.4555602 2.270855 -0.1837486 0.07549784 2.697455 -0.204975 -0.3661491 2.727978 -0.3123711 -0.8150313 2.682413 0.01975567 0.08056821 2.717277 0.06309416 -0.3602676 2.70151 0.1837509 -0.7558402 2.675231 
-0.1065775 0.7449384 2.776261 -0.0985707 0.5261729 2.746425 -0.09149828 0.3053841 2.728228 -0.2655429 0.522184 2.729929 -0.2773251 0.3604473 2.428685 -0.1278422 0.4547993 2.205694 0.06840151 0.5301618 2.762922 0.1255556 0.3578602 2.456996 -0.0134025 0.4573781 2.225863 -0.1861895 0.08216423 2.699977 -0.2064792 -0.3598538 2.726193 -0.3175837 -0.811776 2.680907 0.0173378 0.08702641 2.720085 0.06057093 -0.3538171 2.702806 0.1824833 -0.7522503 2.676758 
-0.1070178 0.7432754 2.776569 -0.0968411 0.5269307 2.752776 -0.08792585 0.3060575 2.736552 -0.2637548 0.5214187 2.736095 -0.2441679 0.40522 2.40733 -0.1286595 0.469626 2.161497 0.07007266 0.5324427 2.769456 0.08177058 0.4134348 2.425999 -0.008016373 0.4679037 2.174055 -0.1807486 0.08182465 2.71016 -0.1981612 -0.3603135 2.737046 -0.3086438 -0.8180494 2.69283 0.02272742 0.088544 2.730495 0.0674726 -0.3519569 2.708782 0.1883234 -0.7578439 2.683364 
-0.1042129 0.7333084 2.784033 -0.0940497 0.5216457 2.760348 -0.0848906 0.3012169 2.739188 -0.2609123 0.5163792 2.742984 -0.2270275 0.4813015 2.393323 -0.1711446 0.4782468 2.120746 0.07281289 0.5269123 2.777712 0.09095778 0.4798673 2.386473 0.05340674 0.482011 2.110158 -0.1774368 0.07757796 2.707446 -0.2041741 -0.3642586 2.72718 -0.3130722 -0.821403 2.685539 0.02597386 0.08399806 2.728613 0.06088345 -0.3566177 2.696018 0.1842355 -0.7588512 2.672926 
-0.1022534 0.7322069 2.791967 -0.09165047 0.5211414 2.761573 -0.08295707 0.3012192 2.735743 -0.2585971 0.5165073 2.74484 -0.2615207 0.4716575 2.394161 -0.2200198 0.4765309 2.119225 0.07529615 0.5257754 2.778306 0.1279708 0.4859259 2.391247 0.1076376 0.4897403 2.111075 -0.1760232 0.07847249 2.699714 -0.2061865 -0.363431 2.714498 -0.3121083 -0.8167012 2.677624 0.02749582 0.08412172 2.720113 0.06036069 -0.3568212 2.688868 0.1856236 -0.7566698 2.66276 
-0.1003968 0.7349316 2.785933 -0.09156173 0.5226623 2.758108 -0.08422227 0.3026177 2.732629 -0.258785 0.518652 2.744573 -0.3152557 0.4718248 2.411096 -0.2793704 0.4829212 2.13177 0.07566153 0.5266726 2.771644 0.1779901 0.4679646 2.408632 0.1714489 0.4964834 2.128715 -0.178829 0.0801283 2.698898 -0.2086746 -0.3613937 2.722767 -0.3160602 -0.8161371 2.683352 0.02506338 0.08501801 2.715401 0.05573575 -0.3565667 2.692931 0.1816267 -0.7565044 2.663917 
-0.102443 0.7329003 2.782402 -0.09278779 0.5202819 2.754941 -0.08456931 0.3002218 2.729703 -0.2601211 0.5153936 2.743074 -0.3671299 0.4489094 2.431048 -0.3422407 0.4979396 2.158006 0.07454554 0.5251703 2.766808 0.2344932 0.4469869 2.434805 0.2402502 0.5102061 2.157689 -0.1783424 0.07718219 2.697232 -0.2031981 -0.3647664 2.720035 -0.3156632 -0.8223435 2.679408 0.0256408 0.08314124 2.711698 0.05925581 -0.3584346 2.69264 0.1836202 -0.7640737 2.666598 
-0.1027825 0.734135 2.760181 -0.09333812 0.5184086 2.743102 -0.08496724 0.2977851 2.724468 -0.2607446 0.5129561 2.732454 -0.4165386 0.4099376 2.474013 -0.394485 0.5202131 2.227492 0.07406831 0.523861 2.75375 0.2917702 0.4380133 2.528906 0.3039855 0.505677 2.251105 -0.1786314 0.07383836 2.699345 -0.2014611 -0.3681918 2.723663 -0.3158491 -0.8225452 2.682659 0.02543874 0.08048491 2.712324 0.06000518 -0.3606862 2.686777 0.1823084 -0.7607536 2.667778 
-0.1001907 0.7231598 2.739546 -0.09099672 0.5067597 2.729506 -0.0828004 0.2857388 2.716641 -0.2581081 0.5013922 2.715253 -0.4488326 0.374514 2.526002 -0.4407367 0.5230083 2.296218 0.07611465 0.5121272 2.743759 0.3068241 0.3994576 2.59495 0.3380836 0.5159258 2.339161 -0.1764823 0.06144557 2.695086 -0.2016261 -0.3808016 2.710174 -0.312652 -0.8300061 2.680514 0.02727413 0.06799006 2.712465 0.0627085 -0.3726446 2.679951 0.1855617 -0.7700338 2.669224 
-0.09977703 0.7238814 2.719221 -0.09113381 0.5052493 2.716735 -0.08311641 0.2839707 2.709785 -0.2580746 0.4997096 2.700531 -0.4569508 0.3457819 2.599995 -0.4574408 0.5181285 2.379386 0.07580697 0.5107889 2.732939 0.3033782 0.3722018 2.653976 0.3519392 0.5186704 2.420706 -0.1768476 0.05931566 2.692959 -0.2059248 -0.3810424 2.728868 -0.3142249 -0.8204065 2.67976 0.02664962 0.0660684 2.712711 0.06564749 -0.3736279 2.672777 0.1823219 -0.7597172 2.669795 
-0.09814252 0.7244817 2.708061 -0.09061261 0.5052331 2.709341 -0.08294037 0.2838161 2.70553 -0.2574632 0.4997488 2.692075 -0.4419847 0.3288985 2.65499 -0.451225 0.52027 2.454073 0.07623798 0.5107174 2.726608 0.2786795 0.3485931 2.701484 0.3255951 0.5224142 2.485546 -0.1769608 0.0590565 2.691196 -0.2050359 -0.3785851 2.749985 -0.3129922 -0.81688 2.679683 0.02642453 0.06574168 2.712244 0.06709624 -0.3735173 2.668797 0.1812658 -0.7557397 2.66981 
-0.09893558 0.7197132 2.681942 -0.09345158 0.5006713 2.695246 -0.08880994 0.2793702 2.701523 -0.2603866 0.4966882 2.67826 -0.3757444 0.3107316 2.728752 -0.392985 0.5071495 2.54052 0.07348349 0.5046545 2.712232 0.2111725 0.3113919 2.775112 0.243513 0.4998573 2.567942 -0.1859164 0.05564137 2.697447 -0.209776 -0.3825579 2.758529 -0.3143659 -0.8179746 2.697498 0.01757981 0.0604969 2.718153 0.06518278 -0.3785605 2.680643 0.1777209 -0.7616796 2.682108 
-0.101041 0.7232993 2.690436 -0.0959975 0.5032345 2.69867 -0.09147717 0.2817674 2.702085 -0.2628696 0.4995559 2.680987 -0.3633654 0.2853625 2.725878 -0.3521256 0.5042053 2.550932 0.07087462 0.5069131 2.716353 0.193635 0.2763459 2.792782 0.1968614 0.468092 2.582745 -0.1886699 0.05805805 2.694721 -0.2127466 -0.3823065 2.731176 -0.3161097 -0.8142809 2.682963 0.01475625 0.06254248 2.716277 0.06488151 -0.3759308 2.674916 0.1778594 -0.7583867 2.670033 
-0.1033831 0.7236544 2.694176 -0.09885156 0.5030422 2.70006 -0.09471219 0.2814892 2.70263 -0.265256 0.499685 2.678666 -0.3541721 0.2646751 2.688931 -0.3059278 0.4974679 2.542591 0.0675529 0.5063993 2.721455 0.1963445 0.2429482 2.779862 0.1458818 0.4339745 2.578707 -0.1920259 0.05788947 2.692156 -0.2126985 -0.3827154 2.732293 -0.3180406 -0.8170201 2.680272 0.01088027 0.06198303 2.718244 0.06398158 -0.3768394 2.685874 0.1774599 -0.7597736 2.673918 
-0.1067653 0.7230965 2.698066 -0.1016052 0.5023677 2.702854 -0.09577696 0.2808248 2.705523 -0.267745 0.4977176 2.67966 -0.3405898 0.2503342 2.648971 -0.2587872 0.4845546 2.511803 0.06453459 0.5070177 2.726048 0.1951669 0.2389779 2.730444 0.0895692 0.4109367 2.549284 -0.1912123 0.05644765 2.694054 -0.2117873 -0.3848526 2.728117 -0.3110622 -0.8178722 2.688814 0.0113148 0.06211611 2.722328 0.06686355 -0.3767395 2.694144 0.1826166 -0.7579699 2.675069 
-0.1091024 0.7179646 2.713665 -0.1009269 0.498625 2.709407 -0.0936827 0.2770866 2.70891 -0.2673266 0.4932315 2.688174 -0.3114063 0.2645856 2.541507 -0.1752018 0.4727751 2.404204 0.06547287 0.5040185 2.730639 0.1557848 0.2512424 2.606106 0.01501736 0.4193413 2.431633 -0.1878633 0.05226065 2.695471 -0.2101536 -0.3890452 2.730778 -0.3128456 -0.8200553 2.688594 0.01498625 0.0588356 2.721354 0.06800978 -0.3806424 2.697694 0.1843934 -0.7604887 2.671013 
-0.1099451 0.720827 2.717764 -0.1011278 0.499783 2.711099 -0.09377567 0.2782379 2.710986 -0.2675916 0.4942693 2.690342 -0.2955987 0.2704894 2.496361 -0.1441697 0.456261 2.341722 0.06533587 0.5052968 2.731856 0.1581834 0.2513175 2.576843 0.01284296 0.4020338 2.384986 -0.1878844 0.05333212 2.698222 -0.210429 -0.3873212 2.740586 -0.3151172 -0.8172314 2.68724 0.01503744 0.06005344 2.723525 0.06789534 -0.3796087 2.702728 0.1839536 -0.7589208 2.673281 
-0.1113003 0.7258859 2.737836 -0.1015821 0.5034432 2.717604 -0.0929859 0.2822319 2.709526 -0.267923 0.4977715 2.695911 -0.277723 0.2915568 2.445698 -0.108378 0.4534756 2.281914 0.06475887 0.509115 2.739297 0.1488027 0.2671854 2.541675 0.01439537 0.3914626 2.324075 -0.1857794 0.05756335 2.688226 -0.2084048 -0.3832721 2.729098 -0.3129366 -0.8134233 2.673275 0.01699987 0.0644776 2.714671 0.06990825 -0.3753824 2.699093 0.1869148 -0.7581424 2.662704 
