-0.09940071 0.6897478 2.740542 -0.09580643 0.4745531 2.734181 -0.09225484 0.2530955 2.729433 -0.2627432 0.4722331 2.71752 -0.3053816 0.2918988 2.498191 -0.1428685 0.446448 2.312969 0.07113032 0.4768731 2.750841 0.1384808 0.2924925 2.510408 -0.02014702 0.4265305 2.310986 -0.1904152 0.03022429 2.714534 -0.2146737 -0.411186 2.741315 -0.3138164 -0.8262199 2.695638 0.01300873 0.03305138 2.734835 0.0713471 -0.4052368 2.711231 0.1921694 -0.7818773 2.658145 
-0.09641642 0.70459 2.759737 -0.09247433 0.4619774 2.737105 -0.09210093 0.2404629 2.731599 -0.2594984 0.4620961 2.721001 -0.2223646 0.3811044 2.502846 -0.133203 0.4316992 2.267988 0.0745497 0.4618585 2.753209 0.1193742 0.3264024 2.462337 -0.03931563 0.4515531 2.255791 -0.193519 0.01902078 2.716279 -0.2186037 -0.421995 2.750551 -0.3168657 -0.8271596 2.687672 0.01006392 0.01887598 2.735908 0.07470693 -0.4187785 2.712463 0.189097 -0.7873849 2.653837 
-0.09567282 0.7149183 2.77089 -0.09492154 0.4859554 2.753261 -0.09601746 0.2647247 2.741609 -0.2620067 0.4868044 2.752859 -0.1811403 0.4259179 2.505241 -0.1444012 0.437497 2.221973 0.0721636 0.4851066 2.753662 0.09640157 0.3729832 2.433759 -0.02698942 0.4805573 2.203488 -0.1992507 0.0440128 2.729711 -0.2257223 -0.4043989 2.76273 -0.3155845 -0.7965365 2.699255 0.005023901 0.04297496 2.730202 0.07857035 -0.4001564 2.702765 0.1874113 -0.761499 2.649552 
-0.09613904 0.7183375 2.785892 -0.09673682 0.4968132 2.765279 -0.09872579 0.276121 2.746566 -0.264017 0.4978644 2.770662 -0.2131918 0.4565507 2.475622 -0.1756513 0.4643548 2.179228 0.07054339 0.495762 2.759896 0.09557872 0.4358983 2.41791 0.01576366 0.4906939 2.162361 -0.2025355 0.05606862 2.73113 -0.2194316 -0.3893698 2.761186 -0.3137269 -0.8055731 2.687243 0.001105959 0.05478889 2.724576 0.07530277 -0.385259 2.713252 0.1898921 -0.7686154 2.649429 
-0.09742384 0.7212598 2.804381 -0.09757282 0.504607 2.773498 -0.09898859 0.2850004 2.745518 -0.265001 0.5047306 2.781 -0.2681567 0.4748204 2.455322 -0.2329873 0.4906321 2.158381 0.06985535 0.5044833 2.765996 0.1417279 0.4539037 2.418931 0.09756278 0.5021492 2.15448 -0.2023529 0.06546916 2.722107 -0.2117005 -0.3782313 2.754662 -0.3101274 -0.8063584 2.67686 0.001544146 0.06531859 2.712971 0.07075949 -0.3734069 2.690611 0.1936759 -0.7657389 2.63992 
-0.09861374 0.7205205 2.803622 -0.09882687 0.5051236 2.774653 -0.1003098 0.285453 2.746042 -0.2664651 0.5057682 2.778393 -0.320071 0.4579049 2.464661 -0.2930271 0.5043396 2.170742 0.06881134 0.5044789 2.770913 0.1973706 0.4569575 2.439964 0.1726178 0.510456 2.164149 -0.2039418 0.06617533 2.71971 -0.2097541 -0.3765652 2.754614 -0.3121489 -0.8136452 2.683059 0.000356217 0.06538968 2.715152 0.06485748 -0.3735242 2.697308 0.1934582 -0.776091 2.653942 
-0.09790259 0.7145306 2.793802 -0.09807441 0.5002628 2.76985 -0.09943637 0.2801983 2.743954 -0.2658008 0.501275 2.770071 -0.3760641 0.4354745 2.468835 -0.3519032 0.5196786 2.187196 0.06965195 0.4992506 2.76963 0.245656 0.4349572 2.46398 0.2519019 0.5135922 2.193375 -0.2030105 0.06075061 2.718192 -0.205697 -0.3822098 2.729446 -0.3103755 -0.820604 2.683713 0.001413876 0.05951697 2.717924 0.06783005 -0.3784175 2.693477 0.1933935 -0.7799504 2.653651 
-0.09709606 0.711925 2.786362 -0.09597471 0.4968064 2.765366 -0.09656589 0.276465 2.741597 -0.2636919 0.497619 2.762005 -0.4225546 0.4062538 2.497424 -0.4060946 0.5311163 2.242104 0.07174251 0.4959938 2.768727 0.291305 0.4069607 2.505499 0.310403 0.512082 2.245196 -0.1993743 0.05661888 2.71578 -0.2003069 -0.3865189 2.724324 -0.3104812 -0.8202084 2.679205 0.005060137 0.0556284 2.719877 0.0716312 -0.3814224 2.686039 0.1948361 -0.7734408 2.65389 
-0.09807735 0.7150447 2.772139 -0.09577106 0.4987608 2.757332 -0.0951389 0.2780359 2.737567 -0.2634826 0.4987432 2.752165 -0.4527979 0.3781426 2.60021 -0.4459516 0.5037399 2.341725 0.07194046 0.4987784 2.7625 0.3096313 0.3684638 2.595762 0.3444977 0.48972 2.343746 -0.1967098 0.05730026 2.714653 -0.1957081 -0.3854032 2.734353 -0.3103703 -0.8153457 2.683174 0.007696277 0.05732169 2.720951 0.07050467 -0.3805198 2.69101 0.1942527 -0.7660928 2.655035 
-0.09517846 0.713992 2.745521 -0.09441855 0.497503 2.743052 -0.09384088 0.2763024 2.732894 -0.2621142 0.4973586 2.736661 -0.4599334 0.3545981 2.665102 -0.4569122 0.5054498 2.42177 0.07327706 0.4976475 2.749442 0.3077806 0.3577057 2.666884 0.3526323 0.4849865 2.416895 -0.1954636 0.05501363 2.718842 -0.1967164 -0.385317 2.763129 -0.3122332 -0.8182898 2.68933 0.008937152 0.05518971 2.726631 0.06919168 -0.3829188 2.695378 0.1930529 -0.7725344 2.65916 
-0.09425709 0.7186957 2.731215 -0.09317683 0.4997257 2.733932 -0.0926684 0.2782868 2.728895 -0.2607886 0.4995322 2.72552 -0.4344973 0.3398226 2.728051 -0.4469333 0.49979 2.491367 0.07443495 0.4999192 2.742343 0.2863591 0.3473296 2.728444 0.3439646 0.4795824 2.479699 -0.1943219 0.05673001 2.718732 -0.2009596 -0.3849534 2.746734 -0.3110586 -0.8127694 2.685459 0.01000201 0.05696591 2.728986 0.06942181 -0.3809483 2.693789 0.1925009 -0.7694414 2.654095 
-0.09732027 0.7122867 2.706739 -0.09469095 0.4948218 2.719751 -0.09276297 0.2732938 2.723645 -0.2620003 0.4931388 2.706844 -0.3734136 0.3064854 2.790759 -0.3827255 0.4763033 2.561896 0.07261842 0.4965048 2.732658 0.230049 0.3185526 2.799629 0.2453424 0.4612438 2.544371 -0.1928232 0.05073982 2.71967 -0.2035294 -0.3919085 2.730548 -0.3106426 -0.8171703 2.688399 0.01115326 0.05279158 2.735407 0.06765156 -0.3855262 2.700387 0.1942814 -0.7742057 2.654147 
-0.09908114 0.7142446 2.702819 -0.09652186 0.4960809 2.717076 -0.09425376 0.2745491 2.722768 -0.2638381 0.4940338 2.704071 -0.3659207 0.2756901 2.786375 -0.3347674 0.4613248 2.574063 0.07079443 0.4981281 2.730081 0.2135228 0.3047769 2.803313 0.1790236 0.4488604 2.553659 -0.1939597 0.05176964 2.720533 -0.2093117 -0.3907022 2.737567 -0.3134974 -0.8156341 2.686419 0.009988373 0.054265 2.736386 0.06579059 -0.3843263 2.703677 0.1910711 -0.7730755 2.652697 
-0.102234 0.7188004 2.710387 -0.09712869 0.4991479 2.719054 -0.09302291 0.2775832 2.721958 -0.2640872 0.4958381 2.702579 -0.3652752 0.255959 2.753321 -0.2775255 0.4478474 2.569807 0.06982977 0.5024577 2.735529 0.21449 0.2693359 2.784881 0.1145184 0.4225287 2.567703 -0.1907033 0.05400079 2.714817 -0.2037926 -0.3887074 2.731173 -0.3094077 -0.8136012 2.678566 0.01286911 0.05803644 2.734905 0.06958574 -0.3802454 2.699698 0.194985 -0.7710029 2.650383 
-0.1053085 0.7227278 2.722532 -0.09980625 0.5015003 2.727009 -0.09355894 0.2799667 2.727216 -0.266714 0.4967777 2.71006 -0.3308062 0.2549801 2.650575 -0.1888648 0.4469409 2.498725 0.06710155 0.506223 2.743958 0.1763831 0.2373447 2.698972 0.02021898 0.3888668 2.523545 -0.1890423 0.05555457 2.717092 -0.2006782 -0.3867935 2.743193 -0.3133827 -0.8160979 2.687411 0.01441901 0.06131152 2.737753 0.06705555 -0.3778476 2.707598 0.1918635 -0.7726452 2.657741 
-0.1050028 0.7248363 2.730216 -0.09838494 0.502721 2.731885 -0.09150514 0.2812095 2.729394 -0.2656039 0.4976728 2.718957 -0.319656 0.2561696 2.602446 -0.1636107 0.4349159 2.443331 0.06883401 0.507769 2.744814 0.1577558 0.2338667 2.65059 -0.006258713 0.3856198 2.474281 -0.1865748 0.05662028 2.719021 -0.1978864 -0.3861613 2.732888 -0.3105045 -0.8144237 2.68446 0.01732414 0.06277574 2.734785 0.06944563 -0.376146 2.700631 0.1950195 -0.7719986 2.650137 
-0.1050097 0.7253625 2.754496 -0.09774663 0.5019737 2.741704 -0.09027232 0.2808967 2.73055 -0.2651066 0.4968831 2.730455 -0.309875 0.2688239 2.55829 -0.1538397 0.4324825 2.381759 0.06961334 0.5070643 2.752954 0.1492996 0.2465298 2.606731 -0.007947098 0.3933747 2.417034 -0.1847972 0.05671724 2.712539 -0.2003642 -0.3860787 2.724188 -0.3142027 -0.8216326 2.671792 0.0192012 0.06292231 2.726251 0.06754964 -0.3766288 2.694884 0.1949936 -0.7735984 2.644527 
