-0.1122146 0.729771 2.752649 -0.1074619 0.5126585 2.727568 -0.1050964 0.2917444 2.712598 -0.2725925 0.5129034 2.697861 -0.3403652 0.3506156 2.48044 -0.1665917 0.4660172 2.30174 0.05766863 0.5124135 2.757275 0.1791667 0.33868 2.528125 0.03723062 0.4656663 2.321079 -0.2033891 0.07097972 2.679519 -0.2250804 -0.3705211 2.713082 -0.3184286 -0.819223 2.666245 -0.002072547 0.07068114 2.715736 0.06930357 -0.3664831 2.698272 0.1850834 -0.7589365 2.666519 
-0.1126222 0.7306967 2.767272 -0.1075334 0.5155624 2.737787 -0.104784 0.2949844 2.717807 -0.2726426 0.5162233 2.707773 -0.3156767 0.3863048 2.435217 -0.1460048 0.4772999 2.235234 0.05757586 0.5149016 2.767802 0.1580874 0.3798431 2.480069 0.02404657 0.4788874 2.25441 -0.2026538 0.07480916 2.679535 -0.2253226 -0.3653735 2.725479 -0.3199492 -0.8191233 2.675903 -0.001415533 0.07400367 2.716117 0.06623253 -0.3639387 2.706808 0.1845946 -0.7593468 2.671297 
-0.1117568 0.7247478 2.774081 -0.1055874 0.5115591 2.744099 -0.1023877 0.2909816 2.723229 -0.2710674 0.5118012 2.716167 -0.2893458 0.4261561 2.400614 -0.1358489 0.4862805 2.179094 0.05989267 0.5113169 2.77203 0.126038 0.4279183 2.439528 0.01803801 0.4898753 2.189749 -0.2000513 0.07055169 2.685336 -0.2254524 -0.3694073 2.732823 -0.3187206 -0.8267359 2.681743 0.001675456 0.07025647 2.719385 0.06945974 -0.3677711 2.713416 0.1855307 -0.77008 2.675722 
-0.1134634 0.7293941 2.788693 -0.1070962 0.5176242 2.753434 -0.1039953 0.2973539 2.729194 -0.2737047 0.5174448 2.733752 -0.2473806 0.4850714 2.362909 -0.1543354 0.4927557 2.102868 0.05951234 0.5178037 2.773116 0.1094656 0.4896957 2.389883 0.04691299 0.507885 2.109644 -0.2024588 0.0769742 2.692955 -0.2284103 -0.3640701 2.728706 -0.3248389 -0.8189004 2.675679 0.0006698623 0.07719301 2.716952 0.06750523 -0.3609975 2.709359 0.1827697 -0.7564178 2.666279 
-0.1146336 0.7259517 2.784288 -0.1084029 0.5149326 2.753091 -0.1051846 0.2943236 2.732141 -0.2755606 0.5137442 2.739926 -0.2536243 0.4964887 2.356443 -0.1841451 0.4884066 2.086728 0.05875474 0.5161209 2.766257 0.1182968 0.5088978 2.384444 0.07946237 0.5079417 2.097751 -0.2039081 0.07298988 2.703163 -0.2299685 -0.3684844 2.73327 -0.3255822 -0.8295227 2.685198 -2.437544E-05 0.07443929 2.719221 0.06987999 -0.3632161 2.721818 0.1816696 -0.7645653 2.672573 
-0.1162075 0.7303053 2.792584 -0.1094471 0.519367 2.756204 -0.1054552 0.2991779 2.731415 -0.2768973 0.5173762 2.746924 -0.2758587 0.5032789 2.358722 -0.2201438 0.480829 2.082628 0.05800305 0.521358 2.765485 0.1486031 0.5129148 2.386208 0.1255367 0.5073906 2.099609 -0.2035062 0.07777536 2.700971 -0.2254341 -0.3643936 2.721459 -0.322777 -0.8185151 2.675299 0.0005795688 0.08020187 2.712282 0.07766321 -0.3561598 2.706898 0.1837683 -0.7651147 2.669724 
-0.1186774 0.7319247 2.800071 -0.110543 0.5211961 2.759818 -0.1051921 0.3016292 2.730042 -0.2781979 0.5179834 2.75338 -0.3527313 0.4888275 2.397194 -0.2871048 0.468293 2.119898 0.05711175 0.5244088 2.766256 0.2019176 0.4841685 2.483613 0.2129469 0.478979 2.197592 -0.2020077 0.08010458 2.696342 -0.2136313 -0.3624709 2.718013 -0.3210941 -0.8220959 2.674019 0.002325296 0.08402011 2.704188 0.06946237 -0.354105 2.699559 0.1834864 -0.7673974 2.671864 
-0.119158 0.7296858 2.789481 -0.109531 0.517424 2.754833 -0.1022065 0.2974612 2.728806 -0.2771246 0.5127159 2.747459 -0.3993756 0.4719195 2.448584 -0.3288716 0.4657889 2.171436 0.05806253 0.5221323 2.762207 0.2554479 0.4815778 2.50832 0.2328803 0.4741414 2.22481 -0.1970285 0.07462857 2.698285 -0.2088472 -0.3678231 2.722947 -0.3163588 -0.8281266 2.678883 0.007264748 0.08036783 2.707273 0.06880174 -0.3585666 2.701105 0.1863313 -0.767147 2.677782 
-0.1165526 0.7252815 2.754184 -0.1058936 0.5110196 2.740232 -0.09827621 0.2902769 2.728462 -0.273504 0.5055967 2.733461 -0.4416579 0.4439408 2.50477 -0.3436982 0.4570588 2.235801 0.06171675 0.5164425 2.747002 0.2932505 0.4833103 2.560182 0.2568538 0.4770845 2.278596 -0.1928155 0.06622905 2.712565 -0.2106906 -0.3758675 2.739513 -0.3164501 -0.8327208 2.689741 0.01149787 0.07283946 2.720818 0.06926118 -0.3665096 2.709737 0.185444 -0.7732791 2.688401 
-0.1129766 0.7293943 2.736548 -0.1034376 0.5145203 2.730164 -0.09599855 0.293374 2.723314 -0.271055 0.509093 2.723347 -0.4853295 0.445471 2.641885 -0.4014926 0.4372067 2.369561 0.06417973 0.5199476 2.736981 0.3121244 0.4736547 2.625092 0.2626793 0.4728601 2.343979 -0.1907228 0.06891982 2.712309 -0.2122368 -0.3734407 2.727645 -0.3197621 -0.8219832 2.672462 0.01360385 0.07553572 2.720619 0.069252 -0.3631411 2.693578 0.1841782 -0.7646683 2.674743 
-0.110586 0.729251 2.728209 -0.1015873 0.5141695 2.721406 -0.09429004 0.2928507 2.715185 -0.2690198 0.5089319 2.711341 -0.4861704 0.4177404 2.702437 -0.4180543 0.4362853 2.431781 0.06584515 0.5194071 2.731472 0.3155558 0.4693224 2.698547 0.268868 0.4614576 2.420634 -0.1890654 0.06833896 2.702828 -0.2092337 -0.3736204 2.728067 -0.3202676 -0.8254175 2.662377 0.01507987 0.07472501 2.7151 0.06685669 -0.3643738 2.685076 0.1820112 -0.7604934 2.669952 
-0.1104211 0.7244705 2.713056 -0.1017776 0.5098218 2.711253 -0.09422061 0.2883989 2.709325 -0.2692432 0.5041897 2.70168 -0.4740786 0.4133654 2.761711 -0.427638 0.4381433 2.48451 0.06568792 0.5154539 2.720825 0.2962835 0.4721667 2.770272 0.256206 0.4525778 2.490078 -0.1887296 0.06354342 2.701562 -0.209709 -0.3784641 2.727171 -0.3211396 -0.8302115 2.675163 0.01540238 0.07040866 2.713231 0.0658921 -0.3692047 2.687858 0.1816152 -0.76616 2.673871 
-0.1105674 0.7226124 2.696993 -0.101963 0.5070814 2.70345 -0.09442088 0.285713 2.707592 -0.2694038 0.5011896 2.693454 -0.4410467 0.3791881 2.79235 -0.3937274 0.4401607 2.520229 0.06547774 0.5129732 2.713447 0.2631339 0.4470775 2.813138 0.2188298 0.4388889 2.534909 -0.1889345 0.06075348 2.705641 -0.2146567 -0.3811867 2.728232 -0.32193 -0.8275009 2.680797 0.015177 0.06793567 2.717827 0.06554665 -0.3718079 2.693425 0.1818959 -0.7638927 2.680472 
-0.1112555 0.7225449 2.697943 -0.1037038 0.50539 2.702779 -0.09741877 0.2839163 2.706986 -0.2709961 0.5004066 2.690351 -0.4155214 0.3390965 2.781662 -0.347755 0.4413549 2.530841 0.06358863 0.5103736 2.715208 0.262568 0.4035363 2.812564 0.1656096 0.4251537 2.549888 -0.1931136 0.05940454 2.703617 -0.221485 -0.3824429 2.725559 -0.3255335 -0.8257008 2.675835 0.010846 0.06548034 2.71877 0.06131527 -0.3744935 2.699053 0.1772369 -0.7636684 2.675385 
-0.1119705 0.7263632 2.707898 -0.1044096 0.5085427 2.708564 -0.09836841 0.2870076 2.709893 -0.2713092 0.5038918 2.691965 -0.3962233 0.3105228 2.735825 -0.2972859 0.4479811 2.519677 0.06248989 0.5131935 2.725163 0.2568185 0.3677961 2.773285 0.1142279 0.4240888 2.544122 -0.1940827 0.06263698 2.701102 -0.2183138 -0.3792908 2.726108 -0.3231594 -0.8214424 2.673919 0.009428365 0.06830812 2.721342 0.0655323 -0.3710384 2.703168 0.1818763 -0.7602799 2.676805 
-0.1142797 0.7259132 2.72539 -0.1068801 0.508522 2.719913 -0.1012319 0.286996 2.716429 -0.2736234 0.5045641 2.701248 -0.378043 0.3111247 2.627953 -0.2183117 0.4596638 2.443613 0.05986319 0.5124798 2.738578 0.2142145 0.3362059 2.657337 0.03288779 0.4319015 2.458691 -0.1972095 0.06305774 2.701569 -0.2211048 -0.3784886 2.733166 -0.3233385 -0.8240047 2.674309 0.00604234 0.0678822 2.72432 0.06743222 -0.3706533 2.70435 0.1806916 -0.759172 2.67292 
-0.1167164 0.7283337 2.742146 -0.1075182 0.5116426 2.731166 -0.1008651 0.2902819 2.723202 -0.2742862 0.507294 2.712719 -0.3655259 0.3315641 2.567984 -0.1937232 0.4589791 2.378761 0.05924979 0.5159913 2.749612 0.1911035 0.342601 2.604168 0.01136501 0.4471596 2.403669 -0.1958571 0.06627061 2.703996 -0.217337 -0.3753343 2.736621 -0.3204293 -0.8216298 2.678845 0.007433014 0.07157158 2.726481 0.07040437 -0.3669429 2.711035 0.1841447 -0.757442 2.675939 
