-0.2632416 0.7501037 2.613481 -0.2570164 0.5339453 2.576017 -0.2502479 0.3135521 2.541774 -0.4152618 0.5328276 2.551932 -0.4265316 0.391816 2.324944 -0.272093 0.4527581 2.089872 -0.09877095 0.5350631 2.600102 -0.04259069 0.3910549 2.363513 -0.1473156 0.4436902 2.104312 -0.3453256 0.09243939 2.49203 -0.3455631 -0.3397122 2.616917 -0.5014291 -0.814849 2.465989 -0.1416332 0.09387817 2.523032 -0.149235 -0.346592 2.595408 0.03942369 -0.8008747 2.447949 
-0.2625966 0.7503947 2.626774 -0.2555076 0.5355904 2.583585 -0.2486316 0.315795 2.545615 -0.4136125 0.5349662 2.558567 -0.403753 0.4219004 2.29497 -0.2704734 0.4542747 2.046821 -0.09740267 0.5362145 2.608603 -0.05928446 0.4285345 2.322765 -0.1349634 0.4536943 2.053414 -0.3435146 0.095598 2.491543 -0.3595285 -0.3411841 2.583499 -0.4778634 -0.7890391 2.52295 -0.1399966 0.09640148 2.523746 -0.1449967 -0.3444038 2.594319 0.04275528 -0.7988901 2.448282 
-0.2598999 0.7509199 2.635417 -0.2535684 0.5375053 2.590202 -0.2479319 0.3181019 2.549714 -0.4115014 0.5382547 2.564155 -0.3973632 0.4444474 2.277975 -0.2794894 0.455691 2.017175 -0.09563536 0.5367557 2.61625 -0.06713194 0.4507709 2.30139 -0.1173995 0.4571831 2.024548 -0.343948 0.09918103 2.49246 -0.354297 -0.3274184 2.618929 -0.4872829 -0.7990203 2.502629 -0.1406429 0.09821625 2.525991 -0.1492759 -0.3427793 2.594983 0.0394017 -0.7983868 2.455528 
-0.2585745 0.7537567 2.638247 -0.2525345 0.5414252 2.594328 -0.2472775 0.3221031 2.553199 -0.4106388 0.5423242 2.569325 -0.4001819 0.467225 2.253001 -0.3078536 0.4624038 1.984659 -0.09443022 0.5405262 2.619331 -0.04906431 0.475382 2.284193 -0.08014654 0.4663819 2.003895 -0.343778 0.1033598 2.495978 -0.3508423 -0.3239376 2.622744 -0.4917693 -0.8041254 2.489869 -0.1402629 0.1022025 2.528162 -0.1454285 -0.3398504 2.589999 0.03789484 -0.7951129 2.455321 
-0.2544785 0.7545229 2.640624 -0.2516462 0.5419365 2.595706 -0.2486299 0.3229486 2.552553 -0.4104282 0.5436987 2.575665 -0.432302 0.4815611 2.233017 -0.3614278 0.4725716 1.957425 -0.09286417 0.5401742 2.615748 -0.001521866 0.4818355 2.287305 -0.01456787 0.4663852 1.999687 -0.347806 0.1050949 2.496502 -0.3616271 -0.3287475 2.592387 -0.4788168 -0.7932201 2.515231 -0.1434213 0.1028265 2.522299 -0.1502422 -0.3392764 2.583993 0.04158771 -0.8030017 2.44796 
-0.2550154 0.7486344 2.63084 -0.2520711 0.5347693 2.589914 -0.2481562 0.3152818 2.549512 -0.4110553 0.5353332 2.571445 -0.4611358 0.4777716 2.230495 -0.4008486 0.4758138 1.948201 -0.09308679 0.5342054 2.608382 0.03375281 0.4744303 2.29665 0.03278125 0.4679651 2.008117 -0.3465655 0.09615721 2.497224 -0.3529452 -0.3350702 2.607677 -0.4847341 -0.8113769 2.495043 -0.1419172 0.09543138 2.520998 -0.1511746 -0.3461947 2.585721 0.05257098 -0.8137848 2.439574 
-0.2560974 0.7509024 2.635453 -0.2518593 0.5368594 2.589477 -0.2472597 0.3180808 2.545545 -0.4109028 0.5371451 2.571402 -0.5025739 0.4668879 2.255754 -0.4434382 0.4738674 1.97314 -0.09281593 0.5365736 2.607551 0.07687077 0.4602114 2.326825 0.08959397 0.4642586 2.040245 -0.3450159 0.09948608 2.489981 -0.3534484 -0.3336253 2.595229 -0.4914516 -0.8043995 2.475422 -0.1403044 0.09911834 2.513245 -0.1478392 -0.3423001 2.579662 0.05413122 -0.8030028 2.431197 
-0.252954 0.7436402 2.612132 -0.2507541 0.5281447 2.578739 -0.2479176 0.3077212 2.54404 -0.4094785 0.529355 2.558074 -0.5501685 0.447243 2.284434 -0.500771 0.4694898 1.999528 -0.09202972 0.5269343 2.599403 0.1296933 0.4365342 2.375192 0.1486433 0.4494049 2.085994 -0.3472371 0.08807673 2.496043 -0.3772158 -0.3477797 2.585778 -0.4636838 -0.7830483 2.545329 -0.1429252 0.08651875 2.522642 -0.15047 -0.3552233 2.584881 0.05273903 -0.8103618 2.444946 
-0.2504387 0.7456107 2.598091 -0.2496092 0.5291272 2.571948 -0.2479632 0.3079819 2.542254 -0.408201 0.5308532 2.550304 -0.5726008 0.438134 2.304716 -0.5179951 0.4620438 2.023516 -0.09101751 0.5274014 2.593593 0.147831 0.4237559 2.421584 0.1698263 0.4443411 2.134944 -0.3483887 0.08794726 2.498629 -0.3805355 -0.3490516 2.582849 -0.4567993 -0.7786593 2.555446 -0.1442456 0.08572571 2.52649 -0.153902 -0.3554804 2.593004 0.05301822 -0.8047684 2.449346 
-0.2481771 0.744176 2.582578 -0.2493494 0.5282213 2.563662 -0.2494929 0.3064406 2.539298 -0.4080727 0.5305869 2.543063 -0.5992846 0.4350538 2.36237 -0.5414333 0.4539968 2.08177 -0.09062619 0.5258557 2.58426 0.1559335 0.4163902 2.470287 0.1748696 0.4388846 2.181851 -0.351794 0.08618248 2.501676 -0.3668574 -0.3417026 2.621191 -0.4762129 -0.7970228 2.521486 -0.1474787 0.08313738 2.528191 -0.1372127 -0.360142 2.556722 0.01201149 -0.7931387 2.508768 
-0.2457795 0.7468496 2.575308 -0.2478618 0.5303502 2.557841 -0.2486114 0.3082977 2.535596 -0.4065481 0.5329782 2.536955 -0.606642 0.4080302 2.424677 -0.5616659 0.4418519 2.145467 -0.08917553 0.5277223 2.578726 0.1604667 0.4181935 2.525635 0.1831733 0.4268752 2.239417 -0.3514923 0.08793649 2.499909 -0.3681226 -0.3487906 2.570586 -0.4668673 -0.7833514 2.55714 -0.1472297 0.08455374 2.526793 -0.1374895 -0.3588243 2.566471 0.02285579 -0.7938501 2.489626 
-0.2438361 0.74777 2.551617 -0.2452379 0.5296205 2.544855 -0.2461916 0.3069927 2.53042 -0.4035197 0.5318395 2.521089 -0.5984335 0.3720251 2.510908 -0.5603752 0.4221956 2.226801 -0.08695617 0.5274015 2.568621 0.1210906 0.3812811 2.610163 0.1519065 0.4141797 2.327039 -0.3490169 0.08579314 2.500689 -0.3572996 -0.3516784 2.584144 -0.4850252 -0.809054 2.50735 -0.1452735 0.08293682 2.531281 -0.152306 -0.357746 2.597802 0.04673196 -0.8087098 2.455691 
-0.2412097 0.7452125 2.533332 -0.2444098 0.5264478 2.536338 -0.2462331 0.3035238 2.529398 -0.402364 0.5285433 2.510526 -0.577264 0.361548 2.552445 -0.5386078 0.4186158 2.273816 -0.08645549 0.5243523 2.562151 0.08399583 0.3651061 2.646079 0.1124297 0.4159927 2.365663 -0.3497247 0.08194853 2.505844 -0.3634489 -0.3597521 2.553027 -0.4760867 -0.7948657 2.547563 -0.1463881 0.07925096 2.539073 -0.1509119 -0.3630407 2.596249 0.05048255 -0.8091061 2.45443 
-0.2431066 0.7469529 2.524689 -0.2463962 0.5274166 2.531809 -0.2490178 0.304349 2.528232 -0.404284 0.5296932 2.505556 -0.5541356 0.3572778 2.597718 -0.5155741 0.4193425 2.322935 -0.0885083 0.52514 2.558062 0.06149403 0.3535495 2.660034 0.08860724 0.4140176 2.379339 -0.3532544 0.08274658 2.50776 -0.3606995 -0.350876 2.598898 -0.4861763 -0.8016905 2.515122 -0.1500247 0.07981622 2.541552 -0.153447 -0.3631901 2.59487 0.04571585 -0.803668 2.446308 
-0.2381284 0.7505122 2.520453 -0.243637 0.5297167 2.530281 -0.2475527 0.3065565 2.528795 -0.4015302 0.5326615 2.504095 -0.5197737 0.3343227 2.606419 -0.4541362 0.4157117 2.335277 -0.08574382 0.526772 2.556467 0.02063382 0.3243839 2.666744 0.01538292 0.4189292 2.393689 -0.3530916 0.08529159 2.510456 -0.3616609 -0.3565575 2.554681 -0.4796792 -0.7887007 2.545507 -0.1498452 0.08150095 2.544164 -0.1489974 -0.3617971 2.596677 0.04809097 -0.802831 2.446356 
-0.2402852 0.749706 2.527261 -0.2440675 0.530292 2.532564 -0.2468891 0.3071366 2.528829 -0.4020327 0.5327214 2.506755 -0.5148935 0.3171617 2.59322 -0.4187143 0.4173619 2.340942 -0.08610227 0.5278627 2.558372 0.02081117 0.3091916 2.642374 -0.02368906 0.4165082 2.38293 -0.3513802 0.08554472 2.508483 -0.3563516 -0.3548357 2.571504 -0.4815835 -0.7983163 2.515604 -0.1480414 0.08241758 2.541705 -0.1455789 -0.3615231 2.588386 0.04983737 -0.8028651 2.447407 
-0.2412604 0.7493367 2.539662 -0.2445402 0.5305344 2.538271 -0.2473984 0.3075324 2.529979 -0.4027383 0.5334634 2.51403 -0.5079681 0.3035973 2.55761 -0.3787651 0.4232081 2.335318 -0.08634206 0.5276054 2.562511 0.02488225 0.2970796 2.614194 -0.06312775 0.4171836 2.373015 -0.352081 0.08641566 2.506084 -0.3531542 -0.3465211 2.605211 -0.488842 -0.8029134 2.496387 -0.1484323 0.08264516 2.537289 -0.1473824 -0.3610756 2.586353 0.04413194 -0.8011635 2.446509 
-0.2418287 0.7535749 2.553862 -0.2447307 0.5340503 2.545782 -0.247768 0.3113306 2.532333 -0.4031878 0.5375611 2.52343 -0.5010129 0.2933209 2.524304 -0.3529576 0.4285229 2.321179 -0.08627368 0.5305397 2.568133 0.02490959 0.2875178 2.582106 -0.08606625 0.4144757 2.355395 -0.3527966 0.09087054 2.504498 -0.3538997 -0.3406008 2.61413 -0.4927679 -0.8044268 2.485799 -0.1488142 0.08635126 2.533271 -0.1332379 -0.3582375 2.557101 0.01115305 -0.7860356 2.510593 
-0.245406 0.7496824 2.562458 -0.2460067 0.5325172 2.551493 -0.2471887 0.30991 2.53568 -0.4045609 0.5349101 2.529659 -0.4905156 0.3026606 2.476161 -0.3283628 0.4324689 2.276385 -0.08745242 0.5301243 2.573327 0.01544762 0.2937581 2.535546 -0.107757 0.4151857 2.305009 -0.3504172 0.08884282 2.505814 -0.3463751 -0.3384732 2.631676 -0.4941181 -0.8139544 2.478002 -0.1463241 0.08576262 2.533919 -0.1369004 -0.3572704 2.579101 0.01728912 -0.7904739 2.501453 
