-0.1103899 0.7251323 2.759676 -0.1014117 0.5101556 2.748864 -0.09427001 0.2889064 2.738387 -0.2688216 0.5052657 2.738013 -0.275534 0.4603086 2.400057 -0.2089588 0.4518604 2.13332 0.06599825 0.5150455 2.759716 0.099972 0.4696038 2.409161 0.04280431 0.474293 2.139945 -0.1891609 0.06467696 2.721296 -0.2111213 -0.3778173 2.733683 -0.308675 -0.8168133 2.692209 0.01490428 0.07063759 2.734524 0.07082858 -0.368033 2.704739 0.1844955 -0.7669851 2.67422 
-0.1111865 0.7284197 2.769278 -0.1020748 0.5144315 2.752605 -0.09428976 0.2935527 2.736808 -0.2695284 0.5092555 2.742454 -0.2937791 0.4771621 2.390034 -0.2432946 0.4521556 2.113665 0.0653789 0.5196075 2.762756 0.1389745 0.4887932 2.396578 0.1032892 0.4756168 2.11959 -0.1885687 0.06951909 2.714824 -0.2139302 -0.3728602 2.715148 -0.3118027 -0.8101672 2.681587 0.01555919 0.07582872 2.727199 0.06893726 -0.3627742 2.6919 0.1832921 -0.7599065 2.664735 
-0.1094448 0.7244023 2.761001 -0.1006482 0.5096318 2.74892 -0.09302589 0.2885051 2.735785 -0.2681507 0.5044056 2.739698 -0.3744413 0.4772888 2.418006 -0.3216859 0.4572628 2.137185 0.06685424 0.5148578 2.758141 0.2264968 0.4772013 2.434134 0.217853 0.4721016 2.149475 -0.1875063 0.06419288 2.717029 -0.2124122 -0.3782908 2.712986 -0.3154543 -0.8193766 2.688418 0.01669915 0.0705641 2.728271 0.06207521 -0.3685839 2.688484 0.1824457 -0.7622747 2.669094 
-0.1088428 0.7164673 2.739952 -0.100255 0.5009471 2.73841 -0.09320734 0.2795946 2.732525 -0.2678431 0.4958121 2.730859 -0.4211836 0.4601182 2.462506 -0.3646653 0.4535528 2.18014 0.06733313 0.5060822 2.745962 0.2782836 0.4631292 2.480065 0.2737313 0.4610911 2.19559 -0.1883111 0.055112 2.722037 -0.2093267 -0.3860331 2.746661 -0.3156097 -0.826708 2.690024 0.01599177 0.06137201 2.731243 0.06159206 -0.3775911 2.689346 0.181877 -0.7703294 2.673483 
-0.1101822 0.7221124 2.739441 -0.1007087 0.5053933 2.735375 -0.09315658 0.2840647 2.727424 -0.2682876 0.4999522 2.727665 -0.4590933 0.4285564 2.517265 -0.3908556 0.450495 2.240281 0.06687018 0.5108343 2.743085 0.3141398 0.4460667 2.536543 0.3135313 0.4553974 2.253805 -0.1877452 0.05941978 2.714773 -0.2100544 -0.3824836 2.723324 -0.3143706 -0.8135237 2.674246 0.01653623 0.06605253 2.724172 0.06520139 -0.3721238 2.67784 0.1822984 -0.7548727 2.662683 
-0.1119954 0.7227929 2.729166 -0.1014183 0.5065047 2.7278 -0.0930487 0.2851197 2.721575 -0.268944 0.5004069 2.71942 -0.4745536 0.4062773 2.581119 -0.4195131 0.4538709 2.303565 0.06610736 0.5126026 2.736179 0.3280618 0.4410345 2.63277 0.3253101 0.4435389 2.347208 -0.1867911 0.06001784 2.710243 -0.2074211 -0.382244 2.723047 -0.3130074 -0.8168186 2.678715 0.01743292 0.06745149 2.720458 0.06458244 -0.3710977 2.675916 0.1827704 -0.756376 2.666152 
-0.1118148 0.7230583 2.721491 -0.1001073 0.5068556 2.718269 -0.08927629 0.2855536 2.711831 -0.2671496 0.49909 2.704181 -0.4543886 0.356815 2.711789 -0.4333036 0.4477227 2.446119 0.06693514 0.5146212 2.732356 0.2957632 0.4080123 2.759713 0.2973898 0.4359769 2.4789 -0.1802605 0.05951828 2.696807 -0.2052662 -0.3827742 2.711277 -0.3110492 -0.8189583 2.680301 0.02336988 0.06898484 2.71398 0.06415373 -0.3707606 2.675536 0.186415 -0.7570273 2.664192 
-0.1108883 0.7213944 2.720209 -0.1001101 0.5054932 2.71562 -0.08906563 0.2842067 2.708757 -0.2669542 0.4976711 2.699334 -0.4241912 0.3324053 2.755892 -0.4079235 0.4519289 2.498951 0.06673392 0.5133154 2.731906 0.272383 0.3795086 2.786865 0.2565027 0.4349899 2.512945 -0.179716 0.05815233 2.691967 -0.2070752 -0.3816072 2.732791 -0.3118193 -0.8190452 2.677923 0.02367374 0.06768785 2.71182 0.063151 -0.3724413 2.676363 0.1837879 -0.7563911 2.66469 
-0.1068942 0.7230901 2.721592 -0.1001931 0.506277 2.714544 -0.09294081 0.2848909 2.706841 -0.267129 0.5013789 2.698148 -0.3995884 0.3112075 2.775442 -0.384329 0.4533842 2.529848 0.0667428 0.5111752 2.73094 0.257198 0.3597501 2.802935 0.216958 0.4416619 2.53817 -0.1874473 0.06051894 2.689145 -0.2155626 -0.3802321 2.721732 -0.3219139 -0.8139745 2.678054 0.0160702 0.06649043 2.709134 0.05648681 -0.3739746 2.679711 0.1756347 -0.7567433 2.66524 
-0.1093099 0.7256104 2.720246 -0.102246 0.5083336 2.714133 -0.09563296 0.286889 2.70706 -0.2691229 0.5039024 2.696844 -0.3907886 0.2906103 2.758205 -0.3537785 0.4560629 2.532979 0.06463099 0.5127649 2.731422 0.2551029 0.3403694 2.778467 0.1766328 0.4455763 2.538444 -0.1907266 0.06274365 2.68945 -0.2109721 -0.3780347 2.728657 -0.3178838 -0.8149436 2.684741 0.01268663 0.06814508 2.710525 0.06197723 -0.3712888 2.680138 0.1792351 -0.7551211 2.668857 
-0.1118094 0.7261835 2.730036 -0.1047045 0.5087246 2.719744 -0.09830114 0.2873918 2.709807 -0.2713656 0.5047717 2.700393 -0.386875 0.2817932 2.693599 -0.3085599 0.4554407 2.485997 0.06195657 0.5126774 2.739094 0.2475683 0.3301978 2.715742 0.1276284 0.4476292 2.496776 -0.1934846 0.06364969 2.688074 -0.2110689 -0.3778999 2.720835 -0.316551 -0.8161744 2.687347 0.009689065 0.06846853 2.711664 0.06033161 -0.3710706 2.68451 0.1807929 -0.7550689 2.669385 
-0.1117095 0.7271504 2.73493 -0.1054854 0.510456 2.724626 -0.09903375 0.2891016 2.714884 -0.2718811 0.506553 2.703114 -0.381438 0.2903977 2.619794 -0.2662744 0.4558016 2.42352 0.06091026 0.5143591 2.746138 0.2352818 0.3275978 2.643376 0.0885439 0.4475982 2.440248 -0.1940071 0.0653681 2.69203 -0.2124044 -0.3754934 2.733114 -0.3129426 -0.8148301 2.69231 0.008842938 0.07012628 2.718254 0.06663908 -0.3687569 2.695998 0.1825367 -0.7560313 2.675714 
-0.1093916 0.7215064 2.737407 -0.1023108 0.5067462 2.727717 -0.09572115 0.2853324 2.719481 -0.2688456 0.5025497 2.707289 -0.3647152 0.3081942 2.549393 -0.2243921 0.4522101 2.351282 0.06422397 0.5109426 2.748146 0.2141454 0.3368047 2.574174 0.0517596 0.44806 2.372242 -0.1906345 0.06136087 2.698794 -0.2110192 -0.3799043 2.735075 -0.309336 -0.8212809 2.695938 0.01237162 0.06647641 2.723696 0.07299086 -0.3723094 2.707815 0.1872213 -0.761495 2.675507 
-0.1100969 0.7208602 2.74766 -0.1015427 0.50525 2.732722 -0.09405925 0.2839839 2.721943 -0.268144 0.5005814 2.71289 -0.336365 0.3415991 2.487206 -0.1935893 0.4478015 2.279889 0.06505853 0.5099185 2.752554 0.1860661 0.3573997 2.517588 0.02687552 0.4482766 2.302267 -0.1881211 0.05987237 2.699077 -0.2155115 -0.3815086 2.727948 -0.3098388 -0.818629 2.688383 0.01496957 0.06556348 2.723252 0.07571628 -0.3731841 2.70542 0.1854341 -0.759333 2.669594 
-0.1130798 0.7252467 2.765275 -0.102182 0.509977 2.741296 -0.09307281 0.289254 2.724219 -0.2688648 0.504564 2.722349 -0.2947025 0.4008114 2.434613 -0.1757114 0.4561203 2.200466 0.06450088 0.51539 2.760243 0.1345161 0.4096869 2.461781 0.02738909 0.4558496 2.214802 -0.1855621 0.06523157 2.695593 -0.2152306 -0.3761523 2.723443 -0.3101092 -0.8127092 2.683563 0.01763488 0.07183038 2.71869 0.07662832 -0.3671997 2.701246 0.1850894 -0.7564442 2.664949 
