-0.1145097 0.720417 2.690338 -0.1074419 0.502421 2.699263 -0.1020869 0.2812222 2.711796 -0.2742791 0.4974027 2.681979 -0.3588862 0.3096224 2.527477 -0.1997427 0.4293438 2.323636 0.05939533 0.5074392 2.716547 0.152459 0.3218262 2.551906 0.009786667 0.4185669 2.326998 -0.1984308 0.05696452 2.713793 -0.2275027 -0.3848647 2.734737 -0.3274169 -0.8251994 2.670442 0.004967074 0.06308244 2.734865 0.06556779 -0.3750991 2.709496 0.1832751 -0.7650794 2.669269 
-0.1134553 0.7226378 2.70362 -0.1069906 0.5040485 2.704695 -0.1015498 0.2826812 2.7138 -0.2740134 0.4993001 2.689055 -0.3334604 0.3388243 2.474743 -0.1815429 0.4272161 2.254034 0.06003211 0.5087969 2.720335 0.1322127 0.3483999 2.499957 -0.005036438 0.4244135 2.266756 -0.197906 0.05841977 2.713373 -0.2316393 -0.3832644 2.729588 -0.3222458 -0.8212998 2.672328 0.00568808 0.06420785 2.732437 0.06861247 -0.3741407 2.718215 0.1841015 -0.7657235 2.6681 
-0.1141563 0.7202908 2.716329 -0.1074878 0.5039891 2.715163 -0.101864 0.2825308 2.722798 -0.2745205 0.4992062 2.699467 -0.2803631 0.4127046 2.39419 -0.1627845 0.4355334 2.1401 0.05954485 0.508772 2.73086 0.09855376 0.4173524 2.414251 -0.0120902 0.4500907 2.154246 -0.1980495 0.05815729 2.720866 -0.234275 -0.3835128 2.733178 -0.3194981 -0.818599 2.681018 0.005569196 0.06398779 2.74 0.0711866 -0.3740608 2.723277 0.1858873 -0.7655604 2.675101 
-0.1153784 0.7227437 2.727613 -0.1074817 0.5080267 2.721376 -0.1012138 0.2865171 2.724219 -0.2745829 0.5031062 2.7064 -0.2576927 0.4498599 2.3656 -0.1659188 0.4464304 2.101563 0.05961955 0.5129472 2.736352 0.08476628 0.4626683 2.374626 0.006250252 0.4699767 2.103812 -0.1967963 0.06200838 2.717933 -0.2330316 -0.3797513 2.726241 -0.319836 -0.8178679 2.673774 0.00690438 0.06800655 2.736189 0.0726645 -0.3700067 2.71789 0.1870065 -0.7632137 2.666623 
-0.1182913 0.7265108 2.743748 -0.1084207 0.5134383 2.727447 -0.1008671 0.2921015 2.722762 -0.2756557 0.5080088 2.714324 -0.2543899 0.4874602 2.342304 -0.1908206 0.4603048 2.069833 0.05881421 0.5188678 2.74057 0.09284277 0.4973013 2.347298 0.04322719 0.4833656 2.069936 -0.195253 0.06745517 2.710077 -0.2314922 -0.3743063 2.719088 -0.3184883 -0.8164076 2.667497 0.008625994 0.07407431 2.726076 0.07224994 -0.3644229 2.712523 0.1875659 -0.761553 2.661599 
-0.1186324 0.7301161 2.75082 -0.1078793 0.5174847 2.730757 -0.09974216 0.2962358 2.722238 -0.2752106 0.5117822 2.719028 -0.2682119 0.5042414 2.328656 -0.2245262 0.4693187 2.048908 0.05945191 0.5231872 2.742487 0.08927887 0.5122045 2.45435 0.0569032 0.4956881 2.166752 -0.1935983 0.0715111 2.706568 -0.2297851 -0.3698981 2.724545 -0.3208258 -0.8198509 2.672678 0.0103883 0.07846277 2.720868 0.07144319 -0.3605239 2.713202 0.1877332 -0.7664397 2.668648 
-0.1180834 0.7324761 2.754858 -0.1072311 0.5193541 2.731328 -0.09872522 0.2982659 2.719114 -0.2746686 0.5134618 2.721384 -0.3256266 0.5241347 2.340334 -0.2864738 0.4836486 2.059543 0.06020647 0.5252465 2.741272 0.1805554 0.5363219 2.508484 0.1422957 0.4964301 2.229476 -0.1922802 0.07358591 2.700838 -0.2262318 -0.367992 2.720034 -0.321903 -0.8238708 2.670865 0.01184151 0.08076926 2.712961 0.06861118 -0.3587507 2.702777 0.1864523 -0.7631143 2.664018 
-0.1180582 0.7364193 2.756879 -0.1076248 0.5228822 2.731126 -0.09858142 0.3020338 2.715259 -0.2750686 0.5167311 2.721308 -0.3848157 0.5105676 2.380175 -0.3423866 0.4940635 2.097252 0.05981909 0.5290334 2.740944 0.2377753 0.52416 2.578245 0.2108916 0.492458 2.298207 -0.1915962 0.07743622 2.693409 -0.222047 -0.364229 2.716152 -0.323409 -0.8216129 2.667369 0.01252006 0.08493457 2.705376 0.06793113 -0.3548228 2.696901 0.1852007 -0.7635532 2.665374 
-0.1150773 0.7337267 2.737877 -0.1049879 0.5188451 2.722028 -0.09609421 0.2976854 2.712155 -0.2723331 0.5126201 2.710727 -0.4384346 0.4838032 2.446582 -0.3826208 0.499807 2.172446 0.06235728 0.5250702 2.73333 0.2783617 0.5020593 2.575621 0.2549949 0.499605 2.295226 -0.1892048 0.07273111 2.695393 -0.2179587 -0.3690397 2.718765 -0.320647 -0.8289358 2.678379 0.01480385 0.08032004 2.70917 0.0678961 -0.3597724 2.706389 0.1860415 -0.768974 2.674766 
-0.1126704 0.72681 2.708128 -0.1030077 0.5096165 2.705733 -0.094808 0.2881765 2.703624 -0.2701147 0.5035663 2.691283 -0.485133 0.4319684 2.589634 -0.4299965 0.5070486 2.321326 0.06409933 0.5156666 2.720183 0.3090664 0.4584962 2.655398 0.2866926 0.5150183 2.38314 -0.188461 0.06304889 2.692707 -0.2193801 -0.3788251 2.710869 -0.3197945 -0.825425 2.676494 0.01524436 0.07042407 2.710322 0.0654534 -0.3692656 2.687055 0.1855627 -0.7638092 2.666945 
-0.1111739 0.7214082 2.684532 -0.1026739 0.5050489 2.692774 -0.09482234 0.2837007 2.697422 -0.2696769 0.4987984 2.677216 -0.4795889 0.3960002 2.664809 -0.4388005 0.494534 2.399655 0.06432896 0.5112996 2.708332 0.2975111 0.4407305 2.706199 0.2808163 0.5069805 2.43957 -0.1887634 0.05854254 2.692587 -0.2195566 -0.383326 2.711409 -0.3235222 -0.8267702 2.67944 0.01482191 0.0661623 2.711553 0.06544704 -0.3733827 2.685045 0.1845737 -0.7663202 2.669989 
-0.1102203 0.7158024 2.672714 -0.1017895 0.499738 2.685397 -0.09385242 0.2784424 2.693382 -0.2687359 0.4931704 2.669328 -0.4512994 0.367503 2.719397 -0.4206481 0.4893377 2.465135 0.06515681 0.5063055 2.701467 0.2682499 0.4158617 2.748598 0.2547534 0.4928818 2.475463 -0.1876726 0.05314384 2.691571 -0.2179458 -0.3888621 2.707817 -0.3234978 -0.8295196 2.677765 0.01584204 0.06115001 2.711161 0.06592265 -0.3785109 2.684628 0.1855414 -0.7665509 2.668494 
-0.1107201 0.7128262 2.659612 -0.1024181 0.4960943 2.677711 -0.09457526 0.275038 2.691357 -0.2693067 0.4891525 2.661176 -0.3820634 0.3146301 2.759579 -0.3613142 0.4715612 2.517859 0.06447056 0.5030361 2.694245 0.1988197 0.3472121 2.79767 0.1742241 0.4524986 2.532983 -0.1884566 0.04975049 2.694926 -0.2244654 -0.3918251 2.711073 -0.3227378 -0.8228102 2.675932 0.01499175 0.05821301 2.715083 0.06650425 -0.3813076 2.688505 0.1819734 -0.7609082 2.670002 
-0.11096 0.7154481 2.659774 -0.1014458 0.4986567 2.677974 -0.09326529 0.2776815 2.693075 -0.2669324 0.490795 2.652579 -0.364071 0.2878426 2.741793 -0.3224549 0.4566632 2.513192 0.06404074 0.5065185 2.703368 0.1848705 0.316077 2.779847 0.1342804 0.4261576 2.522582 -0.1860999 0.05190735 2.692675 -0.2219536 -0.3894714 2.713467 -0.3194733 -0.8212308 2.67721 0.01593043 0.06150525 2.723677 0.06594316 -0.3784298 2.701703 0.1849942 -0.7560284 2.679719 
-0.1133491 0.7194501 2.669341 -0.1027 0.5018824 2.682534 -0.09390901 0.2807893 2.695518 -0.267806 0.4936591 2.654294 -0.3670171 0.2674083 2.691405 -0.2810503 0.4406593 2.479832 0.06240598 0.5101058 2.710774 0.175452 0.288054 2.73293 0.09599301 0.4065796 2.489307 -0.1856977 0.05468665 2.6913 -0.2265219 -0.3857988 2.719191 -0.3206188 -0.8204036 2.678822 0.0154616 0.06470568 2.725706 0.05908125 -0.3756793 2.700216 0.1837436 -0.7559692 2.673608 
-0.1166876 0.719461 2.684085 -0.1060621 0.5018672 2.690573 -0.09656586 0.2806156 2.69896 -0.2717229 0.4938045 2.665447 -0.3600536 0.2662354 2.624697 -0.2376946 0.4239991 2.416394 0.05959872 0.50993 2.715698 0.1636836 0.2734919 2.670962 0.05928146 0.3919592 2.435773 -0.1880195 0.05445079 2.692036 -0.2295506 -0.3855048 2.7265 -0.3232184 -0.8248309 2.678349 0.01388019 0.06427727 2.722658 0.05623708 -0.3765094 2.70238 0.1823758 -0.7595122 2.667712 
-0.1218062 0.7234052 2.711975 -0.1104537 0.5071848 2.703808 -0.09987015 0.2860417 2.701912 -0.2769293 0.4993745 2.685516 -0.350745 0.2887684 2.541326 -0.2057347 0.4162421 2.328139 0.05602204 0.5149952 2.722101 0.1456376 0.2925757 2.583467 0.03005887 0.3904969 2.346344 -0.1908138 0.06013545 2.688859 -0.2339192 -0.3796252 2.724451 -0.3227025 -0.8175908 2.673632 0.01224046 0.06966188 2.711171 0.05686746 -0.3711385 2.697629 0.1808861 -0.7531754 2.658399 
