-0.1123107 0.730353 2.687368 -0.1047833 0.5117055 2.688228 -0.09740905 0.2902916 2.692806 -0.2719003 0.5058447 2.673965 -0.3506827 0.282529 2.566385 -0.2107811 0.395711 2.357198 0.06233377 0.5175663 2.702491 0.1584629 0.2949336 2.603396 0.03404845 0.3872041 2.369662 -0.1918885 0.06530567 2.688692 -0.2324208 -0.3750513 2.718965 -0.3228251 -0.8138598 2.68383 0.0118188 0.07244965 2.706077 0.0665232 -0.3670952 2.695096 0.1772411 -0.7505396 2.671878 
-0.1115932 0.7258011 2.713265 -0.1047203 0.5088204 2.699473 -0.09796614 0.287345 2.696043 -0.2715528 0.5040051 2.681876 -0.3218903 0.3226141 2.453587 -0.1615794 0.4094989 2.238381 0.06211214 0.5136356 2.71707 0.132392 0.3305036 2.48336 0.0001819611 0.4122821 2.246542 -0.1929079 0.06293447 2.681887 -0.2297827 -0.3777853 2.712008 -0.317362 -0.8181387 2.675031 0.01048397 0.06880495 2.703341 0.06281091 -0.3712884 2.696113 0.1821181 -0.7595589 2.670211 
-0.1120462 0.725904 2.727084 -0.1048219 0.5088396 2.705777 -0.09805957 0.287465 2.698296 -0.2715009 0.5043945 2.686645 -0.2999252 0.3602941 2.409293 -0.1507156 0.4257733 2.180724 0.06185703 0.5132846 2.724909 0.1162134 0.3707659 2.43169 -0.003832321 0.427149 2.182815 -0.1928908 0.06338115 2.679154 -0.2323506 -0.3770404 2.710695 -0.316916 -0.8187284 2.676278 0.01029644 0.06879979 2.702477 0.06452696 -0.3711104 2.69526 0.1807538 -0.7619501 2.669847 
-0.1126942 0.7321795 2.742493 -0.1043675 0.5161648 2.71539 -0.09752095 0.2950034 2.703363 -0.2709593 0.5120963 2.695372 -0.2719494 0.4086387 2.374646 -0.146442 0.4456275 2.126878 0.0622244 0.5202333 2.735409 0.09661785 0.4133918 2.391855 0.008105163 0.4433073 2.126923 -0.1922137 0.07136223 2.679134 -0.2313061 -0.369052 2.711525 -0.3163013 -0.812115 2.680978 0.01086483 0.07632177 2.703537 0.06788688 -0.3632418 2.704224 0.1805137 -0.756443 2.672413 
-0.113056 0.7332114 2.754549 -0.1038951 0.5223125 2.727004 -0.09682271 0.3013768 2.710783 -0.2707816 0.5182468 2.709615 -0.2519998 0.482417 2.344176 -0.1788608 0.4785544 2.075077 0.06299143 0.526378 2.744392 0.1088933 0.4690891 2.354714 0.06446962 0.4599378 2.073064 -0.1914763 0.07796293 2.683963 -0.228445 -0.36298 2.710987 -0.3203245 -0.8201245 2.680181 0.01197564 0.0829193 2.705161 0.07234047 -0.3562456 2.705302 0.1823804 -0.7656274 2.673185 
-0.1126559 0.7354608 2.757722 -0.1031874 0.5240461 2.729327 -0.09593576 0.3031964 2.711876 -0.2702796 0.519755 2.714199 -0.2705091 0.4907141 2.348596 -0.2161026 0.4843219 2.06979 0.06390475 0.5283372 2.744456 0.1419383 0.4765385 2.357352 0.1031231 0.4692123 2.072492 -0.1905381 0.07973099 2.685203 -0.2240292 -0.3616358 2.709706 -0.3190536 -0.8186147 2.67761 0.01316987 0.08496238 2.703646 0.07744071 -0.3536561 2.705106 0.1809494 -0.7607055 2.672892 
-0.1124066 0.734309 2.748805 -0.1030354 0.520887 2.726508 -0.09596616 0.2997954 2.712659 -0.2703786 0.5162567 2.715008 -0.3072141 0.4858287 2.368797 -0.2433934 0.4870172 2.091815 0.06430785 0.5255173 2.738008 0.1860073 0.4768005 2.387175 0.1496893 0.4751854 2.1004 -0.1909161 0.07588103 2.6918 -0.2205543 -0.365662 2.718034 -0.3213694 -0.8260377 2.683283 0.0131222 0.08152666 2.705821 0.07749024 -0.3570915 2.708866 0.1818429 -0.7633132 2.674873 
-0.1117411 0.7343081 2.753349 -0.1026062 0.5200074 2.726546 -0.09523943 0.2992084 2.708908 -0.2701009 0.515141 2.717511 -0.3586358 0.4589345 2.403404 -0.274737 0.4903329 2.13833 0.06488852 0.524874 2.735582 0.2299759 0.4623785 2.417585 0.1837625 0.4577411 2.134818 -0.1899624 0.07544325 2.685763 -0.2183502 -0.366508 2.704889 -0.3190954 -0.8225518 2.670306 0.01421707 0.08137563 2.696777 0.07311444 -0.357616 2.685388 0.182515 -0.7610727 2.662307 
-0.1056039 0.7309651 2.727739 -0.09785786 0.5154014 2.714019 -0.09173296 0.2940957 2.703941 -0.2654574 0.5111223 2.706126 -0.4426475 0.3962301 2.530096 -0.361293 0.4687831 2.269401 0.06974164 0.5196804 2.721912 0.287255 0.4393502 2.56863 0.2454894 0.45472 2.28734 -0.1877596 0.07018201 2.689052 -0.215841 -0.371562 2.713086 -0.3203458 -0.8250889 2.674192 0.01654346 0.07539819 2.698673 0.06504206 -0.3643 2.673142 0.183054 -0.7614979 2.672334 
-0.1051157 0.7316234 2.712807 -0.09758404 0.515382 2.705764 -0.09204407 0.2939214 2.699875 -0.2652001 0.5113971 2.697938 -0.4538222 0.3746151 2.603046 -0.397848 0.451975 2.33939 0.07003198 0.5193669 2.713589 0.2876288 0.4086756 2.638307 0.2549458 0.446052 2.359605 -0.1886684 0.07003203 2.689216 -0.215358 -0.3716157 2.716686 -0.3222855 -0.8240394 2.674222 0.01566018 0.07488976 2.698756 0.0616958 -0.3652338 2.673938 0.1814064 -0.7558751 2.671507 
-0.1049171 0.7245157 2.695357 -0.09701028 0.5095517 2.695461 -0.09068788 0.2880831 2.695616 -0.2645445 0.5047627 2.686476 -0.4444316 0.3538221 2.677011 -0.4203613 0.4393017 2.413434 0.07052401 0.5143407 2.704445 0.270793 0.3803222 2.708666 0.2523876 0.4298887 2.436815 -0.1864852 0.06369539 2.690295 -0.2125713 -0.3782297 2.713656 -0.319506 -0.8312817 2.678115 0.01775427 0.06953365 2.701248 0.06321731 -0.3706348 2.675056 0.1842369 -0.7615396 2.673208 
-0.1060898 0.7261357 2.686647 -0.09678593 0.5096551 2.689506 -0.08874222 0.2882066 2.691519 -0.264224 0.5034838 2.679671 -0.408725 0.3299095 2.742496 -0.4159333 0.4287586 2.482208 0.07065219 0.5158263 2.699341 0.2273859 0.3591619 2.77534 0.2313618 0.4173618 2.499145 -0.18276 0.06299645 2.687537 -0.2120972 -0.3789802 2.704505 -0.3161015 -0.8236619 2.673753 0.02136296 0.07051982 2.699527 0.06639577 -0.3695104 2.670087 0.1847043 -0.7541142 2.668144 
-0.1056816 0.7207062 2.672797 -0.09775458 0.5051731 2.682738 -0.09017883 0.283936 2.691459 -0.2651182 0.4990062 2.67168 -0.3723871 0.3084725 2.766743 -0.3764245 0.418574 2.508854 0.06960906 0.51134 2.693796 0.191169 0.3315615 2.800166 0.1807064 0.3937655 2.527309 -0.1846162 0.05894009 2.693441 -0.2176323 -0.3824856 2.716466 -0.3222604 -0.8275382 2.683156 0.01941006 0.06645792 2.706921 0.06062808 -0.3743653 2.686306 0.1796055 -0.760611 2.677834 
-0.1071503 0.7208306 2.667347 -0.1006266 0.5042909 2.680428 -0.09457245 0.2830836 2.691874 -0.2678926 0.4990516 2.667643 -0.3567051 0.2827483 2.755362 -0.3243825 0.4152279 2.516325 0.0666394 0.5095303 2.693213 0.1750735 0.2992673 2.784569 0.1264356 0.3825029 2.525047 -0.1904767 0.05868245 2.695526 -0.2240179 -0.3829553 2.713581 -0.3280365 -0.8244863 2.675715 0.01344012 0.06506984 2.711112 0.05959888 -0.3750277 2.685771 0.1753318 -0.7586731 2.675416 
-0.1110867 0.7188888 2.664622 -0.1034695 0.501258 2.680498 -0.09709428 0.2801954 2.694755 -0.2707687 0.4956414 2.668221 -0.3623489 0.2628695 2.716672 -0.2787907 0.4102519 2.494396 0.06382962 0.5068744 2.692775 0.1695395 0.2796375 2.741777 0.0803693 0.382002 2.496369 -0.1926895 0.05570949 2.70153 -0.2265562 -0.386027 2.717178 -0.321294 -0.825079 2.685832 0.01125137 0.0625561 2.716495 0.06508967 -0.3767207 2.692263 0.1779777 -0.7591631 2.677006 
-0.1108128 0.722334 2.681226 -0.1040015 0.5031756 2.68931 -0.09838359 0.2818475 2.698292 -0.2712696 0.4984005 2.676265 -0.3666612 0.2604274 2.652828 -0.2414818 0.4061421 2.446691 0.06326658 0.5079507 2.702354 0.1642804 0.2698276 2.676402 0.04089646 0.3818433 2.446635 -0.194721 0.05760875 2.699323 -0.2315926 -0.3839984 2.71133 -0.3220688 -0.8201556 2.675215 0.009189733 0.06342991 2.715224 0.07330704 -0.3745943 2.695067 0.1775119 -0.7599481 2.670548 
