-0.1157675 0.7235808 2.702798 -0.1080948 0.5051399 2.70756 -0.1020867 0.2837206 2.714586 -0.2754385 0.5002565 2.696766 -0.3581623 0.3364694 2.529255 -0.1979478 0.4682457 2.335397 0.05924883 0.5100232 2.718355 0.1677791 0.3256544 2.555263 0.0129937 0.4430086 2.343571 -0.198088 0.05932453 2.715031 -0.2275053 -0.3828051 2.728974 -0.3262346 -0.8242332 2.681808 0.005930926 0.06527808 2.728192 0.06218005 -0.3734607 2.698976 0.1808329 -0.7623411 2.672183 
-0.117474 0.7252745 2.72085 -0.1099255 0.5066289 2.718434 -0.103928 0.2851212 2.721687 -0.2773987 0.5019563 2.709037 -0.3205971 0.3832465 2.463132 -0.1792252 0.4642701 2.241846 0.05754766 0.5113013 2.72783 0.134874 0.3713149 2.484136 -0.003993271 0.4567906 2.254197 -0.1999875 0.06076611 2.719214 -0.2308119 -0.3813179 2.731802 -0.3253273 -0.8226873 2.680159 0.00412671 0.06646094 2.730667 0.06308191 -0.3721371 2.704701 0.1821169 -0.7602831 2.676652 
-0.1191921 0.7297738 2.739869 -0.1108953 0.5130705 2.730489 -0.1039122 0.2916577 2.727225 -0.2784076 0.5079179 2.721626 -0.2983098 0.4276305 2.417074 -0.1764826 0.4614398 2.171198 0.05661695 0.5182229 2.739353 0.1024268 0.4236494 2.428061 -0.003264114 0.4685761 2.174724 -0.1990192 0.06710481 2.718558 -0.2302684 -0.3750466 2.725554 -0.3217023 -0.8177174 2.677329 0.005161022 0.07338515 2.729362 0.06720667 -0.3648116 2.70358 0.1849831 -0.7588167 2.672778 
-0.1195525 0.727886 2.749385 -0.1106246 0.5148246 2.738332 -0.1036223 0.2933997 2.732921 -0.2781963 0.509719 2.730409 -0.277661 0.4613197 2.380046 -0.1929296 0.4589887 2.117297 0.05694716 0.5199302 2.746255 0.08970749 0.4638198 2.386534 0.01771198 0.4729555 2.117466 -0.1987545 0.06886287 2.722681 -0.2312676 -0.3731236 2.733519 -0.3215575 -0.8222649 2.68312 0.005514348 0.07508656 2.732339 0.06628724 -0.363401 2.708311 0.181836 -0.7646734 2.680513 
-0.1235119 0.730592 2.766269 -0.1137033 0.5175452 2.746342 -0.105962 0.2964409 2.73424 -0.2813314 0.5120345 2.739796 -0.2969209 0.4893321 2.357275 -0.2515996 0.4633267 2.078353 0.05392468 0.5230559 2.752889 0.1279217 0.4934522 2.363878 0.1044876 0.4807223 2.083952 -0.2003924 0.07197766 2.718147 -0.2300303 -0.3703 2.716222 -0.3212349 -0.819313 2.670525 0.00395112 0.07869537 2.726127 0.06158502 -0.359818 2.696397 0.1820972 -0.7590699 2.667171 
-0.1238956 0.7305403 2.773085 -0.1141663 0.5175413 2.74952 -0.1061954 0.2966412 2.733891 -0.2817578 0.5120201 2.742086 -0.3384511 0.4841591 2.367642 -0.2987936 0.4675717 2.085267 0.05342529 0.5230626 2.756954 0.1339899 0.4912264 2.480315 0.1099703 0.4882027 2.191442 -0.2003772 0.07237566 2.71373 -0.2242924 -0.3700654 2.721896 -0.3192041 -0.8209772 2.673957 0.00392788 0.07910643 2.722793 0.06844383 -0.3589228 2.705719 0.1824174 -0.7620127 2.67197 
-0.1237425 0.7329327 2.765975 -0.1143855 0.5183373 2.748248 -0.1064119 0.2972602 2.734867 -0.2819407 0.5127913 2.740032 -0.3892305 0.4765838 2.396811 -0.3474826 0.4671606 2.112808 0.05316967 0.5238833 2.756464 0.2268434 0.4839135 2.535534 0.199665 0.4668286 2.251931 -0.2005685 0.07280264 2.716478 -0.2216964 -0.3696531 2.731126 -0.3218109 -0.822765 2.679429 0.00369219 0.07956357 2.726493 0.0707895 -0.3582887 2.71187 0.1819766 -0.7577505 2.678348 
-0.1238148 0.7301824 2.762931 -0.1143199 0.5147904 2.745466 -0.1062514 0.2937223 2.731579 -0.2817642 0.5093151 2.73534 -0.4411121 0.4662901 2.441401 -0.391671 0.4657454 2.159311 0.0531244 0.5202655 2.755593 0.2589236 0.4649587 2.584775 0.2559901 0.4616026 2.303199 -0.2002514 0.06931682 2.711519 -0.2178176 -0.3734715 2.720468 -0.320987 -0.8260798 2.670887 0.003885714 0.07599181 2.723865 0.0670178 -0.3620402 2.700485 0.1833045 -0.7611784 2.670205 
-0.1204826 0.723816 2.729922 -0.111973 0.5062169 2.728647 -0.103849 0.2848068 2.724319 -0.2792256 0.5003296 2.715883 -0.4988028 0.4268402 2.558837 -0.4490154 0.475421 2.285528 0.05527972 0.5121042 2.74141 0.305206 0.441471 2.643192 0.3015324 0.4784042 2.362891 -0.1976689 0.05980837 2.712211 -0.2115451 -0.3830287 2.726205 -0.3197097 -0.8264832 2.674329 0.006218855 0.06698524 2.72777 0.06531415 -0.3707468 2.691038 0.1835472 -0.7600119 2.67054 
-0.1174809 0.7239965 2.714408 -0.10981 0.506094 2.719237 -0.1022137 0.2846263 2.719159 -0.277013 0.5003638 2.705728 -0.4984104 0.4039272 2.620914 -0.4420155 0.481647 2.356942 0.05739301 0.5118243 2.732747 0.3065941 0.4287279 2.68809 0.2964048 0.4900257 2.413153 -0.1965316 0.05966586 2.710846 -0.2108352 -0.3832517 2.722805 -0.3196238 -0.8244554 2.675368 0.007296684 0.06665128 2.727315 0.06612454 -0.3703313 2.68233 0.1834882 -0.7585452 2.670285 
-0.1150761 0.7228613 2.69665 -0.1081136 0.5051188 2.708243 -0.1010001 0.28371 2.713231 -0.2752195 0.4994196 2.693575 -0.4807227 0.3794764 2.682451 -0.4280258 0.4821768 2.430146 0.05899237 0.5108181 2.72291 0.2842801 0.4108501 2.740541 0.2780233 0.4878445 2.464509 -0.1957441 0.05882723 2.709279 -0.209894 -0.3839008 2.726731 -0.3225834 -0.8259903 2.670805 0.007970743 0.06577504 2.72716 0.06558888 -0.3710823 2.678948 0.1843875 -0.7609861 2.670219 
-0.1092739 0.7133639 2.660086 -0.1036233 0.4967099 2.686911 -0.09775545 0.2761235 2.70574 -0.2704449 0.4907786 2.669413 -0.4157123 0.3396418 2.771604 -0.3891014 0.4785956 2.523488 0.06319833 0.5026413 2.704409 0.2182885 0.3761876 2.821136 0.2276791 0.4730607 2.545341 -0.1935655 0.05192192 2.713905 -0.2132299 -0.3903415 2.736587 -0.3265976 -0.8311068 2.674355 0.00979029 0.05915221 2.735235 0.0625722 -0.3785793 2.689006 0.1831111 -0.7654322 2.67766 
-0.1079148 0.712329 2.650493 -0.1023493 0.4957727 2.681669 -0.09680529 0.2755593 2.705081 -0.2691649 0.4897059 2.664107 -0.3858567 0.3218212 2.788298 -0.3619855 0.469547 2.54239 0.06446636 0.5018395 2.69923 0.1891431 0.3495931 2.828067 0.1927726 0.4626837 2.559216 -0.1929381 0.05164802 2.71779 -0.2156273 -0.3907656 2.726008 -0.3262525 -0.8270248 2.677684 0.01041548 0.05904359 2.739198 0.06449393 -0.3783659 2.691329 0.1836198 -0.7631379 2.675642 
-0.1082924 0.7108972 2.646189 -0.1038289 0.4946201 2.678959 -0.09879459 0.2745824 2.70464 -0.2696611 0.4880043 2.654783 -0.3804741 0.2984433 2.765633 -0.3318624 0.4571061 2.53674 0.06200334 0.5012358 2.703135 0.1780268 0.3217596 2.803527 0.1494086 0.4462959 2.542564 -0.1949202 0.05050911 2.715573 -0.2242855 -0.3916396 2.720494 -0.3259206 -0.8270139 2.674685 0.007399601 0.05858052 2.745069 0.05830325 -0.3792894 2.697943 0.1804817 -0.7609779 2.675714 
-0.1086616 0.711082 2.653563 -0.1034387 0.4948179 2.682194 -0.09868376 0.2745327 2.70606 -0.2693104 0.4885857 2.657719 -0.3797331 0.2827248 2.715826 -0.2901246 0.4533634 2.51221 0.06243309 0.50105 2.706668 0.176016 0.2978799 2.75128 0.1096806 0.4329728 2.507342 -0.1949928 0.05045043 2.715015 -0.2248619 -0.3917717 2.71941 -0.3210778 -0.8244759 2.679389 0.007135125 0.05804478 2.744839 0.05768281 -0.3792689 2.692611 0.1831107 -0.766809 2.671217 
-0.108584 0.7168842 2.665751 -0.1036856 0.4995191 2.688257 -0.09964759 0.2788415 2.70822 -0.2699202 0.4944602 2.66596 -0.3753921 0.2813826 2.645913 -0.2537653 0.447222 2.455677 0.06254895 0.5045779 2.710553 0.1719809 0.2904206 2.680657 0.06600847 0.4216724 2.451805 -0.1969259 0.05508066 2.714594 -0.2266785 -0.3865948 2.733299 -0.324358 -0.819576 2.67655 0.005706749 0.0612471 2.741772 0.05825778 -0.376137 2.692099 0.1821751 -0.7664399 2.669134 
