-0.257388 0.7571283 2.557371 -0.2524305 0.5398393 2.544938 -0.2474104 0.3174241 2.527602 -0.4104269 0.5382745 2.51926 -0.489342 0.3224169 2.421706 -0.3105508 0.4388913 2.224322 -0.09443416 0.5414041 2.570615 0.01423222 0.3190262 2.470585 -0.1343636 0.4179163 2.243988 -0.3440788 0.09400184 2.493741 -0.3467538 -0.332114 2.625301 -0.4963298 -0.8101438 2.469569 -0.1407019 0.09601613 2.526793 -0.1475506 -0.3456807 2.590965 0.04495509 -0.7958959 2.449903 
-0.2586937 0.7521157 2.570386 -0.2552784 0.5383266 2.550601 -0.251616 0.3163388 2.527915 -0.4136425 0.5380871 2.527377 -0.4658361 0.3558553 2.343198 -0.2731692 0.4403118 2.143536 -0.09691435 0.538566 2.573824 0.00130835 0.3450017 2.398409 -0.151601 0.4292957 2.170608 -0.3498939 0.09419701 2.49028 -0.3501757 -0.3303608 2.62745 -0.5062484 -0.8167107 2.465922 -0.1460131 0.09450524 2.520179 -0.1527676 -0.3469587 2.586308 0.04026541 -0.8042665 2.446194 
-0.2570692 0.7589496 2.586752 -0.2538131 0.5420869 2.555056 -0.2514814 0.3207185 2.527103 -0.4124684 0.5430754 2.533993 -0.4499489 0.3829511 2.309597 -0.2689372 0.4422862 2.097174 -0.09515783 0.5410985 2.576118 -0.009380661 0.3664734 2.361727 -0.1555913 0.4353028 2.126779 -0.3512687 0.0999862 2.485593 -0.3478598 -0.3280408 2.611407 -0.5045015 -0.8101284 2.462833 -0.1470304 0.09871381 2.512707 -0.1447417 -0.3430705 2.576411 0.0389073 -0.7946187 2.446166 
-0.2585745 0.7612988 2.595915 -0.2555022 0.5452308 2.560005 -0.2538637 0.3241115 2.529823 -0.4143122 0.5467719 2.540092 -0.4324799 0.4119814 2.282308 -0.2650966 0.4497557 2.057637 -0.09669206 0.5436896 2.579917 -0.02469592 0.3962282 2.322872 -0.154429 0.4454934 2.07271 -0.3544324 0.1039841 2.486826 -0.3457832 -0.3180346 2.630483 -0.5066909 -0.8119425 2.463475 -0.1500182 0.1020003 2.512457 -0.1525277 -0.3371717 2.590951 0.03950424 -0.7981415 2.450565 
-0.2612661 0.7580145 2.616037 -0.257983 0.5458835 2.573176 -0.2561723 0.3257304 2.536529 -0.4166015 0.5481438 2.55176 -0.4003586 0.4462374 2.243582 -0.2547773 0.4611946 2.00373 -0.09936444 0.5436232 2.594592 -0.05766434 0.443311 2.275734 -0.1377585 0.4595372 2.00518 -0.3564478 0.107032 2.486099 -0.3482646 -0.3195294 2.616685 -0.4988308 -0.8150764 2.469999 -0.1522753 0.1041226 2.513665 -0.1472071 -0.3364089 2.585328 0.0328486 -0.795014 2.465154 
-0.2581964 0.7577154 2.618566 -0.2561906 0.5461248 2.576704 -0.2546486 0.3261514 2.538862 -0.4148812 0.5486034 2.55583 -0.3881786 0.46512 2.23331 -0.268867 0.4687529 1.976924 -0.09750006 0.5436462 2.597578 -0.05433054 0.4661493 2.253875 -0.1102724 0.4637538 1.976469 -0.3552416 0.1077732 2.487585 -0.3447292 -0.317649 2.622084 -0.4997383 -0.8143767 2.466749 -0.1509716 0.1045827 2.514454 -0.1454707 -0.3360597 2.585785 0.03572553 -0.7944632 2.46088 
-0.2585278 0.7567734 2.62131 -0.2565494 0.5454136 2.578963 -0.2555596 0.325373 2.541419 -0.4153293 0.5481387 2.558805 -0.3880808 0.4815643 2.218163 -0.2893687 0.4698285 1.951666 -0.09776949 0.5426885 2.599121 -0.04065403 0.4865718 2.249921 -0.07643193 0.4685928 1.966194 -0.3567637 0.1070863 2.4909 -0.3517782 -0.3243525 2.602794 -0.498996 -0.812241 2.476438 -0.1523757 0.1035784 2.516848 -0.1476988 -0.3373641 2.586535 0.03130621 -0.7964661 2.462923 
-0.2568558 0.7597295 2.626631 -0.2547013 0.5476008 2.582535 -0.2545365 0.3278349 2.543535 -0.4139671 0.5502241 2.56708 -0.4144956 0.4936226 2.192546 -0.3342618 0.4687338 1.918495 -0.09543545 0.5449775 2.59799 -0.004639191 0.5039087 2.238239 -0.01507049 0.474893 1.952291 -0.356905 0.1097578 2.494585 -0.3475984 -0.3179837 2.621192 -0.4969273 -0.8117228 2.481088 -0.1518387 0.1063801 2.514484 -0.1497403 -0.3335187 2.590565 0.03889583 -0.7993054 2.456205 
-0.2547471 0.7564565 2.624341 -0.2535992 0.5440708 2.580623 -0.2534903 0.3242284 2.541948 -0.4129491 0.5465987 2.565804 -0.4452472 0.49481 2.20028 -0.3675967 0.4719192 1.9231 -0.09424931 0.5415429 2.595441 0.0286836 0.5074584 2.247097 0.0195515 0.4783306 1.96048 -0.3559286 0.1060128 2.493737 -0.3455489 -0.3250627 2.608268 -0.4951361 -0.8143231 2.47166 -0.1508341 0.1027592 2.51281 -0.1472253 -0.3376623 2.585785 0.03759271 -0.8007923 2.454263 
-0.2543709 0.7523562 2.605208 -0.2539614 0.5375047 2.571764 -0.2546436 0.3166235 2.540342 -0.4133462 0.5400689 2.5572 -0.4901176 0.4884009 2.219139 -0.4077148 0.4671139 1.941597 -0.09457648 0.5349406 2.586328 0.06684772 0.5087335 2.283046 0.05841161 0.4785447 1.993738 -0.3579019 0.09739257 2.499546 -0.3506829 -0.3345192 2.611703 -0.4995053 -0.8209127 2.479082 -0.1527496 0.09409215 2.518292 -0.150405 -0.3463694 2.59117 0.04135037 -0.809752 2.454446 
-0.2517815 0.7529862 2.595148 -0.253072 0.5366681 2.567142 -0.255036 0.3152545 2.539553 -0.4122893 0.5400868 2.55104 -0.5360779 0.4857164 2.257066 -0.468621 0.4578013 1.9795 -0.09385462 0.5332494 2.583244 0.1079053 0.5063532 2.323007 0.105729 0.4703076 2.036472 -0.3594782 0.09604131 2.501601 -0.3501227 -0.3350591 2.616964 -0.5008476 -0.8150002 2.473694 -0.1545218 0.09164055 2.522328 -0.1458896 -0.3497527 2.588203 0.04285414 -0.8034914 2.452519 
-0.2534612 0.7539511 2.591102 -0.2525 0.5375507 2.563966 -0.2524232 0.3160686 2.536518 -0.411694 0.5395496 2.547392 -0.5705493 0.4773503 2.285532 -0.492522 0.454496 2.007437 -0.09330592 0.5355518 2.580541 0.1379418 0.493684 2.366507 0.1368466 0.4560318 2.078079 -0.3548067 0.09587305 2.498402 -0.3427525 -0.3334597 2.619939 -0.4959515 -0.8134845 2.465133 -0.149886 0.09329993 2.519738 -0.1429501 -0.348077 2.586264 0.05147391 -0.7998713 2.441658 
-0.2545761 0.7566081 2.588559 -0.2523688 0.5405384 2.561486 -0.2506447 0.3190936 2.533599 -0.4115573 0.5414093 2.544728 -0.6102878 0.468165 2.331769 -0.5381731 0.446162 2.054223 -0.09318029 0.5396677 2.578243 0.1609576 0.4868508 2.409757 0.1490598 0.4543282 2.124953 -0.3513758 0.09820934 2.494928 -0.3460129 -0.331782 2.6146 -0.497868 -0.8133264 2.46269 -0.1464652 0.09708843 2.516498 -0.1516081 -0.341496 2.597534 0.05584857 -0.7979716 2.435385 
-0.2529538 0.7538733 2.568805 -0.2505066 0.5369422 2.551572 -0.2483843 0.3148058 2.530991 -0.4094886 0.5371448 2.532991 -0.6341826 0.4576113 2.402373 -0.5452136 0.4378452 2.131099 -0.09152448 0.5367396 2.570153 0.178937 0.4713956 2.466891 0.1573584 0.4452552 2.183895 -0.3485906 0.09279989 2.49845 -0.3394529 -0.3345186 2.626932 -0.5018492 -0.8227462 2.470101 -0.1439335 0.09253909 2.522369 -0.151977 -0.3462419 2.603256 0.05675694 -0.8079226 2.439679 
-0.2491145 0.7552794 2.550927 -0.2485574 0.5387284 2.542017 -0.2469999 0.316121 2.52754 -0.4073778 0.5389138 2.522078 -0.6481169 0.4498246 2.468182 -0.5674003 0.4373371 2.189546 -0.08973701 0.5385428 2.561956 0.1859423 0.461179 2.529443 0.1702337 0.4268348 2.244432 -0.3476611 0.09363313 2.500231 -0.3479258 -0.3409908 2.595876 -0.4993514 -0.8133158 2.471562 -0.1432238 0.09339436 2.525897 -0.1506595 -0.3471744 2.596397 0.05636658 -0.8023497 2.435941 
-0.2457436 0.7524148 2.534486 -0.2462193 0.5357787 2.532285 -0.2455869 0.3128833 2.522599 -0.4049057 0.5362411 2.511284 -0.6365742 0.4379244 2.542087 -0.5769741 0.4285063 2.256509 -0.0875328 0.5353163 2.553286 0.1624555 0.4535777 2.587714 0.1594779 0.4176111 2.301709 -0.3470867 0.09028552 2.499397 -0.344247 -0.3400136 2.614023 -0.5005361 -0.8179101 2.469061 -0.1428224 0.08969037 2.526429 -0.135513 -0.3535519 2.559913 0.01820769 -0.7882519 2.505353 
-0.2465059 0.7519506 2.524763 -0.2477391 0.5345091 2.525501 -0.2476663 0.3114698 2.518211 -0.4062931 0.5351762 2.50351 -0.6142929 0.4254684 2.590034 -0.5730383 0.4241056 2.30293 -0.08918508 0.533842 2.547491 0.1307212 0.4407831 2.631851 0.1323894 0.4038565 2.34416 -0.3496412 0.08885974 2.496768 -0.3528591 -0.3461207 2.592652 -0.5050929 -0.8166993 2.462325 -0.145546 0.0880011 2.525074 -0.1386236 -0.3559047 2.562158 0.01869399 -0.789471 2.495059 
-0.2472532 0.7549692 2.520401 -0.2488255 0.536397 2.523049 -0.2488637 0.3132746 2.517522 -0.4072538 0.5369912 2.500156 -0.5836501 0.4137375 2.621005 -0.553985 0.4212867 2.329059 -0.09039705 0.5358028 2.545941 0.09835541 0.4263884 2.655422 0.0952498 0.3938445 2.36979 -0.3508691 0.09053461 2.497262 -0.3520797 -0.3436062 2.59903 -0.5054902 -0.8144584 2.466477 -0.1469349 0.08976977 2.52673 -0.1491809 -0.3512002 2.588095 0.03382552 -0.7931263 2.473371 
-0.2479694 0.7545671 2.509131 -0.2496102 0.5361097 2.518291 -0.2499118 0.3129143 2.518071 -0.4076668 0.5363482 2.49298 -0.5396703 0.3769393 2.632485 -0.503255 0.4164426 2.346142 -0.09155361 0.5358713 2.543601 0.05507883 0.3825917 2.667351 0.03239233 0.3843614 2.379469 -0.3519367 0.08987227 2.501563 -0.3534889 -0.344877 2.602359 -0.4980101 -0.8162889 2.474461 -0.1484901 0.08956532 2.534142 -0.1370705 -0.3533163 2.566797 0.01348145 -0.788078 2.510318 
-0.2514693 0.7502096 2.512096 -0.250938 0.5335162 2.518762 -0.2497268 0.3103148 2.517434 -0.4090763 0.5328056 2.493962 -0.5223466 0.3484654 2.619752 -0.4660116 0.4131773 2.338794 -0.09279978 0.5342268 2.543562 0.04052969 0.3597997 2.661674 -0.01331544 0.3845154 2.379436 -0.3502957 0.08665599 2.500144 -0.3608399 -0.3534537 2.561883 -0.4763364 -0.7973287 2.527454 -0.1467355 0.08757073 2.532067 -0.1396709 -0.3553273 2.576498 0.02598447 -0.7926864 2.484276 
-0.2543582 0.7486446 2.523073 -0.2517863 0.5311005 2.524263 -0.2491448 0.3080086 2.51867 -0.4100823 0.5298216 2.500514 -0.5136897 0.3187424 2.589382 -0.4237247 0.411812 2.329763 -0.09349029 0.5323794 2.548012 0.03125025 0.3363896 2.636829 -0.04692843 0.3827938 2.36697 -0.3483863 0.08409355 2.497791 -0.3583142 -0.3501115 2.591533 -0.4800708 -0.8046211 2.508583 -0.1446204 0.08573979 2.528362 -0.1425513 -0.3568291 2.581217 0.03924252 -0.797174 2.461962 
-0.2547005 0.7552227 2.54506 -0.2518505 0.5368989 2.535325 -0.249212 0.314267 2.521715 -0.4103612 0.5363818 2.513053 -0.5043796 0.2988977 2.55168 -0.3852199 0.4095603 2.315266 -0.09333986 0.537416 2.557596 0.02208677 0.3151672 2.596929 -0.07732882 0.3798239 2.34065 -0.3485974 0.09130235 2.49377 -0.3509912 -0.3344335 2.620017 -0.4921868 -0.800814 2.487452 -0.1445496 0.091968 2.52244 -0.1442111 -0.3502379 2.580933 0.03965122 -0.7914495 2.451908 
-0.2531576 0.7489569 2.547553 -0.2520984 0.5334777 2.539079 -0.2497978 0.3107508 2.525538 -0.4106718 0.5331693 2.51721 -0.5031744 0.3004604 2.502858 -0.3539966 0.414382 2.284114 -0.09352497 0.5337861 2.560948 0.006564545 0.3035728 2.542439 -0.1059329 0.3872975 2.297203 -0.3495548 0.0878254 2.497922 -0.3478584 -0.335792 2.634607 -0.4974102 -0.8159704 2.482878 -0.1454395 0.08822243 2.526072 -0.1494747 -0.3517563 2.599029 0.03943851 -0.8011012 2.460054 
-0.2532715 0.7495927 2.557807 -0.2520099 0.5326537 2.545823 -0.2496652 0.3101482 2.528819 -0.4105988 0.5326473 2.524039 -0.4945876 0.3127309 2.447933 -0.3256979 0.4199895 2.241097 -0.09342104 0.5326601 2.567607 -0.00121891 0.3002846 2.500227 -0.1289169 0.3992255 2.266467 -0.3493899 0.0876385 2.497794 -0.3484069 -0.3412039 2.618398 -0.5000765 -0.8149268 2.472753 -0.1452511 0.08764675 2.525835 -0.1426899 -0.3539856 2.588551 0.03883086 -0.7977612 2.459462 
