-0.1194543 0.7117149 2.715255 -0.1138771 0.4955506 2.72237 -0.1098742 0.2741783 2.733032 -0.2810705 0.4918357 2.70801 -0.2777107 0.3990497 2.407663 -0.1655406 0.4255132 2.155059 0.05331625 0.4992654 2.736729 0.08043434 0.4083531 2.421478 -0.01097552 0.4377005 2.157871 -0.2077802 0.05054166 2.734941 -0.2231524 -0.3920087 2.752223 -0.3206569 -0.8240474 2.685905 -0.003962575 0.05507022 2.752446 0.07396465 -0.3807993 2.733937 0.1828543 -0.7666699 2.683045 
-0.1167928 0.7182794 2.735485 -0.1085119 0.502205 2.736179 -0.1024468 0.2806862 2.739525 -0.275812 0.4974339 2.723569 -0.2644456 0.4435244 2.36843 -0.2090929 0.4147589 2.094484 0.05878827 0.506976 2.74879 0.08709187 0.4555765 2.36562 0.04754428 0.4377538 2.08867 -0.1983594 0.05625919 2.735184 -0.2179165 -0.3863869 2.74523 -0.3179327 -0.8192079 2.676303 0.005596021 0.06207559 2.750558 0.07935475 -0.3735592 2.71646 0.1851017 -0.7626284 2.672225 
-0.1146846 0.7200716 2.746686 -0.1060348 0.5041815 2.740761 -0.09962564 0.2827222 2.738035 -0.2735008 0.499457 2.730844 -0.2827725 0.4432979 2.368216 -0.2382747 0.4087815 2.090501 0.06143116 0.508906 2.750677 0.1254979 0.46575 2.375808 0.09995581 0.4354059 2.094797 -0.1953032 0.05838278 2.729265 -0.2156907 -0.3843561 2.736063 -0.3185483 -0.8203179 2.670575 0.008870241 0.06414291 2.741355 0.07594811 -0.3722332 2.702838 0.1841145 -0.7584596 2.663666 
-0.1126785 0.7238329 2.75278 -0.1035568 0.5077507 2.743494 -0.09578271 0.286423 2.736439 -0.2710447 0.5021623 2.734251 -0.3243972 0.4366541 2.386119 -0.2715267 0.410207 2.10927 0.06393113 0.5133391 2.752736 0.1797392 0.462869 2.403397 0.1497438 0.4353726 2.121498 -0.1900925 0.06168922 2.723752 -0.2103891 -0.3810919 2.731093 -0.3165523 -0.8203907 2.668235 0.01407525 0.06850148 2.735018 0.08219935 -0.3683569 2.704455 0.1856836 -0.7549259 2.665097 
-0.1116693 0.7212053 2.734629 -0.1023641 0.5037216 2.733952 -0.09411579 0.2822762 2.729689 -0.269747 0.497693 2.723251 -0.416618 0.40242 2.478021 -0.3567754 0.4187459 2.200962 0.06501882 0.5097502 2.744652 0.2671662 0.4294602 2.519338 0.2299161 0.4352679 2.237367 -0.1878988 0.05715604 2.718904 -0.2078261 -0.3856894 2.719966 -0.3213649 -0.8275262 2.669086 0.01616383 0.06450577 2.73195 0.07030932 -0.3729911 2.686759 0.1817916 -0.762042 2.672672 
-0.1112906 0.7201142 2.71726 -0.1016609 0.5029294 2.722929 -0.09305345 0.2814785 2.722885 -0.2690568 0.4964251 2.712577 -0.4528044 0.3812062 2.553501 -0.3818399 0.4212385 2.284482 0.06573509 0.5094338 2.733279 0.2895865 0.4202342 2.596667 0.2478929 0.4336517 2.314682 -0.1864745 0.05606308 2.716532 -0.2061804 -0.3863001 2.732265 -0.3200291 -0.8245498 2.673483 0.01758243 0.06399197 2.729151 0.06829735 -0.3729061 2.675051 0.182129 -0.7596787 2.668512 
-0.1096019 0.7195038 2.697078 -0.1010778 0.5024538 2.709643 -0.09253807 0.2810945 2.714857 -0.2682692 0.4956991 2.696708 -0.4594433 0.368132 2.631742 -0.4021647 0.4262606 2.362304 0.06611361 0.5092085 2.722578 0.2837534 0.391585 2.675335 0.2444234 0.4237884 2.396547 -0.1859164 0.05561757 2.712186 -0.2057478 -0.3868747 2.727972 -0.3236642 -0.8241762 2.668585 0.01791979 0.06385273 2.727956 0.06871128 -0.37234 2.66802 0.1806801 -0.7577199 2.670469 
-0.1053653 0.7182831 2.668688 -0.09867681 0.5017238 2.690784 -0.09092439 0.28067 2.704294 -0.2651954 0.4946927 2.671294 -0.4176651 0.331822 2.75067 -0.3813397 0.4190538 2.485564 0.06784182 0.5087548 2.710275 0.2458855 0.3548527 2.78483 0.2041636 0.4045304 2.506728 -0.1846612 0.05533104 2.705925 -0.208354 -0.387117 2.717524 -0.3240009 -0.8254482 2.670944 0.01831724 0.0639016 2.729683 0.07099935 -0.3717923 2.667095 0.1798328 -0.7583169 2.674008 
-0.1053355 0.7162412 2.654288 -0.09950265 0.5003106 2.683737 -0.09269266 0.2798534 2.704346 -0.2657706 0.4931575 2.662161 -0.3833777 0.3089429 2.757324 -0.3483872 0.4050787 2.49564 0.06676529 0.5074636 2.705313 0.2183993 0.3243904 2.78591 0.1624746 0.3875808 2.5164 -0.1872219 0.0550365 2.711805 -0.2157829 -0.3871503 2.723666 -0.3252661 -0.823853 2.681254 0.01545655 0.06375604 2.738106 0.06635207 -0.3721757 2.675557 0.1769871 -0.7556206 2.682894 
-0.1083307 0.7168098 2.647593 -0.1029202 0.4998083 2.679853 -0.0964627 0.2797319 2.704626 -0.2687614 0.4921893 2.655397 -0.3697253 0.272997 2.731651 -0.3036215 0.3989007 2.493439 0.06292099 0.5074274 2.704308 0.2061633 0.2906666 2.752457 0.112913 0.3769886 2.501305 -0.1910954 0.05501125 2.714492 -0.2227164 -0.3870097 2.714849 -0.3251803 -0.8217817 2.68138 0.01108508 0.06429982 2.744306 0.06186395 -0.3722864 2.686496 0.1755951 -0.7527125 2.680446 
-0.1087067 0.7108887 2.656343 -0.1039113 0.4937521 2.684175 -0.09872058 0.2734338 2.707837 -0.2702366 0.4875271 2.662701 -0.3566797 0.2452599 2.631431 -0.2281942 0.385372 2.423539 0.06241396 0.4999771 2.705649 0.1787945 0.2596589 2.641115 0.04598003 0.3772316 2.420218 -0.1949147 0.04932098 2.71841 -0.2270363 -0.392815 2.719336 -0.3201286 -0.8247712 2.682284 0.007855022 0.05690997 2.744589 0.06430028 -0.3804106 2.69943 0.1788737 -0.7649277 2.673241 
-0.1092952 0.7149846 2.667718 -0.104936 0.4960445 2.687512 -0.1007811 0.2753136 2.706871 -0.271788 0.4914254 2.670656 -0.3459003 0.2571748 2.563719 -0.2011027 0.3862981 2.358198 0.06191586 0.5006636 2.704368 0.1638358 0.2732856 2.580588 0.02161412 0.3869048 2.35746 -0.1983626 0.05176621 2.715953 -0.2333118 -0.3901659 2.714691 -0.3217349 -0.8181408 2.677125 0.005110477 0.05739914 2.736508 0.07066454 -0.3790384 2.696035 0.1782629 -0.7648035 2.667937 
-0.1085346 0.7179576 2.68476 -0.1047983 0.4977122 2.692332 -0.101403 0.276561 2.705172 -0.2719681 0.4943412 2.678477 -0.3305093 0.2826313 2.494852 -0.1792193 0.3990889 2.286879 0.06237152 0.5010831 2.706187 0.1418571 0.2975982 2.520321 0.006099487 0.4003112 2.288837 -0.1998964 0.05335524 2.709568 -0.2309265 -0.3887171 2.717243 -0.3211485 -0.8186784 2.674379 0.003881026 0.05746437 2.726457 0.07414882 -0.3791077 2.698673 0.1798673 -0.7586078 2.663453 
-0.1107036 0.7215455 2.710867 -0.1062943 0.5036272 2.706104 -0.1031523 0.2821005 2.710355 -0.2735666 0.5009974 2.692694 -0.2931298 0.3604113 2.403215 -0.1585063 0.4252621 2.167042 0.06097797 0.5062569 2.719515 0.1067101 0.3748965 2.419845 -0.01139365 0.4369146 2.168155 -0.2019569 0.05897113 2.706431 -0.2306845 -0.3830955 2.722542 -0.3195868 -0.8178 2.678255 0.00193622 0.06217664 2.722778 0.08243409 -0.3734023 2.710498 0.182011 -0.7589821 2.674059 
