-0.2391846 0.7532014 2.543781 -0.2403252 0.5359263 2.542433 -0.241869 0.3129813 2.53485 -0.3984884 0.5378528 2.517993 -0.516166 0.3499914 2.507945 -0.3705506 0.4600911 2.280401 -0.08216196 0.5339999 2.566873 0.05280402 0.3493492 2.553802 -0.06824186 0.4269195 2.30287 -0.3452245 0.09127638 2.511535 -0.3601255 -0.3424924 2.606527 -0.485031 -0.7974526 2.50377 -0.141601 0.08879622 2.543 -0.1367104 -0.3555276 2.585529 0.02830638 -0.7878754 2.467705 
-0.2438736 0.7599235 2.575401 -0.2437752 0.5443075 2.559224 -0.2438961 0.3222222 2.540497 -0.401762 0.5465517 2.53363 -0.5055403 0.3529659 2.444968 -0.330147 0.4605693 2.234954 -0.08578835 0.5420634 2.584817 0.03894207 0.3552032 2.487915 -0.1039415 0.4321253 2.247257 -0.3456945 0.1015812 2.505298 -0.353361 -0.3289315 2.617584 -0.4935811 -0.7983306 2.482715 -0.1423395 0.09869261 2.538241 -0.1389034 -0.3453905 2.583691 0.03060184 -0.7867599 2.460963 
-0.2456706 0.7587566 2.598758 -0.2449731 0.5460013 2.570295 -0.2444582 0.3247285 2.543391 -0.4031346 0.548611 2.545804 -0.4822962 0.377004 2.379974 -0.2960739 0.4637908 2.169377 -0.08681153 0.5433916 2.594785 0.02394229 0.376081 2.425959 -0.1201543 0.4400475 2.18393 -0.3457363 0.1051353 2.500725 -0.3483374 -0.324625 2.618686 -0.4991242 -0.808782 2.472894 -0.1421503 0.1017761 2.532249 -0.1414725 -0.3412639 2.586495 0.02980344 -0.7902251 2.460867 
-0.2453915 0.7606068 2.620407 -0.2448421 0.5464531 2.580959 -0.2439645 0.3258652 2.548297 -0.4030067 0.549447 2.556489 -0.4461466 0.4095024 2.330484 -0.2747696 0.4711211 2.105027 -0.08667757 0.5434592 2.605428 -0.01152949 0.4140393 2.366987 -0.1270787 0.4500717 2.110822 -0.3448812 0.1072042 2.499887 -0.3500586 -0.324016 2.613794 -0.4956576 -0.8085861 2.476896 -0.1412926 0.1033505 2.531384 -0.1415501 -0.3387979 2.592532 0.03319111 -0.7930936 2.458072 
-0.2474086 0.751114 2.632242 -0.2462482 0.5400294 2.590137 -0.2452031 0.3198208 2.554387 -0.4041692 0.5434873 2.564222 -0.4150577 0.445241 2.290742 -0.266735 0.4800886 2.047002 -0.08832727 0.5365716 2.616052 -0.04325163 0.4535274 2.311007 -0.11669 0.4612839 2.040665 -0.345802 0.1018378 2.501956 -0.3494818 -0.328949 2.618347 -0.5006745 -0.8186931 2.475932 -0.1425141 0.0973866 2.535316 -0.1458608 -0.3443421 2.599598 0.03644179 -0.805298 2.460402 
-0.2469392 0.7554675 2.647158 -0.2447756 0.544951 2.598895 -0.2438899 0.3254654 2.558786 -0.4026075 0.5491324 2.572528 -0.3940192 0.4726161 2.253369 -0.2713999 0.4871023 1.996244 -0.0869436 0.5407696 2.625262 -0.04761913 0.4827655 2.277517 -0.090321 0.4702846 2.000175 -0.3445864 0.1086711 2.501707 -0.3495765 -0.3261959 2.6006 -0.5001791 -0.8098344 2.468169 -0.1414219 0.1032887 2.535647 -0.1400918 -0.3395313 2.591485 0.03841311 -0.7922581 2.462064 
-0.2462452 0.7572953 2.653621 -0.2435648 0.5479996 2.603582 -0.2427618 0.3287602 2.561869 -0.4015871 0.5522141 2.578388 -0.3970158 0.4948102 2.241704 -0.3036616 0.4916598 1.972822 -0.08554263 0.543785 2.628776 -0.0263138 0.4948761 2.257262 -0.04063816 0.4757467 1.974495 -0.3436658 0.1122334 2.503941 -0.3500132 -0.3231995 2.601308 -0.4972808 -0.8092723 2.474933 -0.1402518 0.1068082 2.536371 -0.1467446 -0.3347553 2.600569 0.04131822 -0.7965572 2.462589 
-0.2460997 0.7592835 2.656345 -0.2431857 0.5500038 2.604904 -0.2422393 0.3309976 2.561844 -0.4015404 0.5538409 2.581908 -0.4215187 0.4999098 2.229864 -0.3429854 0.4926108 1.954066 -0.08483101 0.5461668 2.6279 0.01533391 0.5029317 2.254625 0.02043224 0.481756 1.96873 -0.3432211 0.1144612 2.503982 -0.3503096 -0.3214053 2.59989 -0.4981526 -0.8126843 2.469885 -0.1393646 0.1095216 2.533586 -0.1486846 -0.3321135 2.597651 0.04646829 -0.8003256 2.453631 
-0.2447983 0.7529986 2.648702 -0.2436411 0.5433875 2.599912 -0.2427423 0.3239385 2.559134 -0.4024564 0.5463513 2.580461 -0.4647327 0.492936 2.234929 -0.3935327 0.4896696 1.954875 -0.08482593 0.5404235 2.619363 0.06319354 0.4989858 2.270311 0.07267293 0.4896739 1.98168 -0.3440813 0.1063977 2.505835 -0.3572616 -0.3345154 2.558493 -0.4783223 -0.7859376 2.532305 -0.1396055 0.1025816 2.530878 -0.1486957 -0.3388351 2.596842 0.04256752 -0.8069624 2.453492 
-0.2452186 0.7575054 2.644378 -0.2439536 0.5463215 2.597135 -0.2428389 0.3266899 2.557286 -0.4030426 0.5486449 2.57988 -0.5208609 0.4839622 2.260466 -0.4551185 0.4814926 1.979458 -0.08486453 0.5439982 2.614391 0.1126032 0.4925005 2.301644 0.1319413 0.4864022 2.013569 -0.3441115 0.1085536 2.506331 -0.3586515 -0.3313629 2.572773 -0.4808049 -0.7882938 2.517223 -0.1393369 0.1055631 2.528543 -0.1392545 -0.3370434 2.585499 0.03516306 -0.790518 2.457769 
-0.2464865 0.76036 2.632712 -0.2445354 0.5483141 2.590265 -0.2433887 0.3282678 2.552802 -0.4037607 0.5502377 2.574093 -0.571422 0.4764753 2.298725 -0.5053813 0.469194 2.017432 -0.08531007 0.5463904 2.606437 0.15531 0.4797596 2.358808 0.1772811 0.479652 2.070417 -0.3447122 0.1094594 2.50493 -0.3473417 -0.3221101 2.609102 -0.4934777 -0.8038245 2.490972 -0.1397718 0.1069834 2.525746 -0.1429427 -0.3344087 2.591446 0.0339902 -0.7943257 2.462754 
-0.2428239 0.7582268 2.608896 -0.2424984 0.5435213 2.576694 -0.2422339 0.3224888 2.54632 -0.4018457 0.5453947 2.561674 -0.6141847 0.4637189 2.359361 -0.5509613 0.4575662 2.078715 -0.08315104 0.541648 2.591714 0.1856813 0.4713985 2.419902 0.2103845 0.4685008 2.132405 -0.3445236 0.102662 2.50628 -0.3483427 -0.3313214 2.605462 -0.4952504 -0.8136693 2.48705 -0.1394152 0.1002507 2.525613 -0.1282345 -0.3433159 2.557616 0.005065155 -0.7812089 2.522051 
-0.2392749 0.756844 2.587974 -0.2404546 0.5418577 2.564861 -0.2408433 0.320048 2.541176 -0.3996394 0.5439129 2.548226 -0.6401259 0.4438847 2.424675 -0.5973912 0.4429882 2.140496 -0.08126978 0.5398024 2.581496 0.1943062 0.464675 2.514943 0.2072464 0.4536148 2.22669 -0.3436869 0.09956125 2.506784 -0.3577046 -0.3401986 2.564291 -0.4747828 -0.7880881 2.543043 -0.138777 0.09691562 2.528197 -0.1281053 -0.3469443 2.566358 0.01296608 -0.786561 2.508677 
-0.2388332 0.7555255 2.569491 -0.2407314 0.5400026 2.554219 -0.2415472 0.3176622 2.536016 -0.3998215 0.542025 2.536646 -0.642078 0.4419543 2.49633 -0.5997723 0.4433409 2.210741 -0.08164136 0.5379801 2.571792 0.1881368 0.4563263 2.577968 0.1963188 0.4393424 2.290144 -0.3447535 0.09662356 2.506503 -0.3551154 -0.3354266 2.604592 -0.4858447 -0.800916 2.517496 -0.1399725 0.09402029 2.529123 -0.1378327 -0.3492701 2.576915 0.02600478 -0.7960248 2.483978 
-0.2376379 0.7511646 2.551269 -0.2405827 0.5353066 2.544381 -0.2418698 0.3125726 2.531896 -0.3995492 0.5372722 2.525703 -0.6215577 0.4354916 2.551157 -0.5715752 0.4444257 2.265857 -0.08161616 0.5333409 2.56306 0.1595484 0.4476491 2.62648 0.1624471 0.4320285 2.338927 -0.3454704 0.09110381 2.507388 -0.3548945 -0.3432238 2.60292 -0.4920862 -0.8115019 2.497279 -0.1408433 0.08857359 2.531432 -0.1434269 -0.3546088 2.582583 0.03824113 -0.8055192 2.469841 
-0.2366908 0.7484103 2.541653 -0.240157 0.5318223 2.53906 -0.2412458 0.3088962 2.529198 -0.3990039 0.53347 2.519351 -0.5907869 0.4232507 2.606563 -0.5506902 0.4485023 2.323722 -0.08131021 0.5301746 2.558769 0.1247641 0.4273203 2.655236 0.1124255 0.4249927 2.369234 -0.3445715 0.08703063 2.506651 -0.3531271 -0.3463616 2.609782 -0.4957667 -0.8155553 2.479464 -0.1400977 0.08490966 2.532021 -0.1441957 -0.3582644 2.584579 0.05132126 -0.8082095 2.452362 
-0.2375195 0.7459128 2.537348 -0.2398368 0.528863 2.53657 -0.2409143 0.3058257 2.528541 -0.3984241 0.5304085 2.514922 -0.5684032 0.3956329 2.619268 -0.5038314 0.4501864 2.34599 -0.08124955 0.5273175 2.558218 0.1058695 0.4066527 2.672619 0.05175 0.4224557 2.394286 -0.3440673 0.08378313 2.506577 -0.3523613 -0.3498616 2.610604 -0.5018187 -0.818486 2.470533 -0.1399163 0.08179356 2.534445 -0.127286 -0.3623921 2.5524 0.01460901 -0.7949767 2.518298 
-0.2405701 0.7465574 2.543709 -0.2412686 0.5286339 2.539395 -0.2415554 0.3056186 2.530168 -0.3996696 0.5297894 2.516388 -0.5612004 0.3678095 2.598637 -0.4565332 0.4485392 2.343936 -0.08286752 0.5274783 2.562401 0.0949332 0.3793322 2.655329 -0.00117849 0.4206692 2.392918 -0.3437917 0.08334704 2.506134 -0.3562929 -0.351957 2.603212 -0.4998792 -0.8140504 2.471861 -0.1398926 0.08185956 2.535748 -0.1301786 -0.3622424 2.567863 0.01425304 -0.7883693 2.500751 
-0.241696 0.749884 2.556385 -0.2429359 0.5312411 2.547062 -0.2432094 0.3084219 2.534175 -0.401103 0.532854 2.52253 -0.5520812 0.3468926 2.55582 -0.405986 0.443747 2.328213 -0.08476886 0.5296282 2.571594 0.09048309 0.361677 2.617179 -0.04225882 0.412628 2.37207 -0.3452835 0.08664081 2.505499 -0.3583919 -0.3419807 2.626701 -0.5015646 -0.8115171 2.469002 -0.1416822 0.08456457 2.537078 -0.125302 -0.3603724 2.548238 -0.002849838 -0.781319 2.533016 
