-0.2525077 0.7470878 2.578268 -0.2520471 0.5314925 2.559222 -0.2505246 0.3090327 2.542066 -0.410198 0.5323154 2.534515 -0.4952066 0.3657434 2.392156 -0.301085 0.4511974 2.188138 -0.09389627 0.5306697 2.583928 0.01491861 0.3691406 2.439159 -0.1422896 0.4505403 2.204074 -0.3507883 0.08710247 2.50901 -0.3577313 -0.3402153 2.63146 -0.486892 -0.8041922 2.497399 -0.1472156 0.08604332 2.540812 -0.1446101 -0.3571073 2.59451 0.0371479 -0.7970204 2.455063 
-0.2530232 0.7502545 2.59117 -0.2520135 0.534547 2.566297 -0.2505182 0.3124518 2.544794 -0.4103661 0.5357422 2.54294 -0.4726208 0.3923846 2.343083 -0.2881157 0.4559295 2.128768 -0.09366091 0.5333518 2.589653 -0.005059082 0.3935556 2.386087 -0.1554171 0.4621293 2.146401 -0.350943 0.09112581 2.508258 -0.3547627 -0.33916 2.623405 -0.4941569 -0.8078705 2.480905 -0.1471029 0.08958729 2.538324 -0.1422214 -0.3530443 2.596096 0.04104744 -0.7984168 2.454988 
-0.2529605 0.7493405 2.597633 -0.2524419 0.5348324 2.570779 -0.2514213 0.3129282 2.547008 -0.4107873 0.5366107 2.547379 -0.4398057 0.4261944 2.305554 -0.2841222 0.4644719 2.070828 -0.09409658 0.5330539 2.594179 -0.02602638 0.4287722 2.342062 -0.1511953 0.4743379 2.087553 -0.3523126 0.09216867 2.508177 -0.3546757 -0.337651 2.626976 -0.4973546 -0.8108942 2.480739 -0.1484888 0.08987955 2.538297 -0.1455791 -0.352035 2.601402 0.03810135 -0.802196 2.453205 
-0.2564677 0.7519271 2.619346 -0.2535774 0.5386906 2.579083 -0.2515812 0.3180861 2.546395 -0.4120419 0.540602 2.556507 -0.4199252 0.4566135 2.276775 -0.291954 0.4705756 2.023889 -0.09511285 0.5367793 2.601659 -0.04503697 0.4668684 2.302533 -0.1382479 0.4834348 2.033332 -0.3515758 0.09871168 2.499176 -0.3510157 -0.3306073 2.620709 -0.4962559 -0.8074214 2.465892 -0.1475943 0.09625129 2.528236 -0.1436671 -0.3458376 2.590278 0.04413054 -0.7983732 2.442541 
-0.2569403 0.7525269 2.630206 -0.253063 0.5409581 2.585888 -0.2506448 0.3210745 2.548362 -0.4117663 0.5427598 2.565104 -0.4069904 0.4853256 2.252393 -0.3105322 0.4725858 1.986758 -0.09435964 0.5391564 2.606672 -0.04354621 0.4919138 2.276764 -0.1017201 0.4900081 1.999071 -0.3503765 0.1023507 2.497459 -0.3460202 -0.3234674 2.630547 -0.4982743 -0.8113316 2.469729 -0.1460767 0.1000313 2.524215 -0.145576 -0.3403425 2.596799 0.04365878 -0.8001027 2.449781 
-0.2566017 0.754351 2.636141 -0.2521721 0.5435983 2.589496 -0.2494834 0.3241886 2.548977 -0.4110372 0.5452589 2.569962 -0.4210081 0.4996693 2.240709 -0.3428521 0.4810605 1.968599 -0.09330711 0.5419376 2.60903 -0.02178547 0.5089472 2.258884 -0.04572868 0.4949777 1.976019 -0.349043 0.1058479 2.495886 -0.3574843 -0.3296016 2.576497 -0.4760202 -0.7812528 2.529695 -0.1445463 0.1037102 2.521031 -0.1461293 -0.3368132 2.593148 0.04763391 -0.8007744 2.446214 
-0.2584177 0.7528675 2.640115 -0.2525084 0.5441765 2.589833 -0.2489246 0.325235 2.546747 -0.4113454 0.5454789 2.570004 -0.4500065 0.5068284 2.229868 -0.3830385 0.4880557 1.953829 -0.09367149 0.542874 2.609663 0.01910464 0.5134743 2.254454 0.02138832 0.5004428 1.965728 -0.3475686 0.1071319 2.490898 -0.3521703 -0.3243678 2.595508 -0.4841868 -0.7985842 2.504642 -0.1431128 0.1054554 2.516423 -0.1470873 -0.3344943 2.592002 0.04649472 -0.802985 2.44758 
-0.2592338 0.7538472 2.640125 -0.2536729 0.5451985 2.588633 -0.2498875 0.3263647 2.544853 -0.4124683 0.5464895 2.56845 -0.4935107 0.5014054 2.239952 -0.4348633 0.4870382 1.959833 -0.09487752 0.5439073 2.608817 0.06103952 0.5167306 2.274283 0.08503655 0.500523 1.984024 -0.3483048 0.1083618 2.488082 -0.3511204 -0.3212606 2.604366 -0.4925613 -0.8057038 2.486988 -0.1438996 0.1066999 2.514063 -0.1534576 -0.3322518 2.594594 0.05174349 -0.8051155 2.444221 
-0.2616704 0.7525153 2.631584 -0.2565996 0.5435257 2.583475 -0.2528727 0.3242932 2.541686 -0.4155513 0.5444268 2.564571 -0.5412471 0.4956972 2.252971 -0.4880233 0.4865735 1.971242 -0.09764795 0.5426246 2.602378 0.1100289 0.5078754 2.319126 0.1489418 0.4955998 2.030701 -0.3514533 0.1056407 2.48773 -0.3486135 -0.3223284 2.612057 -0.501049 -0.814181 2.477999 -0.1468384 0.1044807 2.512064 -0.1558926 -0.3340895 2.594924 0.0498345 -0.8093908 2.445766 
-0.2580734 0.7524838 2.618324 -0.2543345 0.5402143 2.575955 -0.2522162 0.3202402 2.538332 -0.4134257 0.5416974 2.558326 -0.5906065 0.4788375 2.279492 -0.5428745 0.4800208 1.995488 -0.09524318 0.5387313 2.593583 0.150033 0.4874496 2.373054 0.195924 0.4858465 2.086863 -0.3524944 0.1012206 2.489362 -0.3496936 -0.3281701 2.61012 -0.4970037 -0.8156572 2.479322 -0.1477014 0.09931148 2.512055 -0.1492079 -0.3402672 2.589493 0.04651855 -0.8092523 2.456381 
-0.2525729 0.747464 2.592706 -0.2520413 0.5346129 2.562865 -0.2522119 0.3134429 2.534276 -0.4112497 0.5368604 2.546427 -0.6382738 0.4708937 2.326768 -0.5921398 0.4722016 2.042404 -0.09283285 0.5323654 2.579302 0.1785496 0.4687484 2.425015 0.2338219 0.4726089 2.145485 -0.3548537 0.09371941 2.495108 -0.3603641 -0.3429144 2.57852 -0.480329 -0.7947865 2.537881 -0.1499114 0.09082628 2.516268 -0.1457313 -0.3503368 2.583345 0.03996388 -0.8090196 2.463904 
-0.2521266 0.7515985 2.580876 -0.2511809 0.5375454 2.554034 -0.2513138 0.3159923 2.527704 -0.4104559 0.5395254 2.538177 -0.6636329 0.4569438 2.375872 -0.6231183 0.459084 2.091194 -0.09190586 0.5355654 2.569892 0.1927788 0.4508806 2.493491 0.2533015 0.4454111 2.213226 -0.3539571 0.09571364 2.491169 -0.3564975 -0.34226 2.572696 -0.4831207 -0.7956634 2.506135 -0.1489362 0.09316494 2.51158 -0.1417169 -0.3484169 2.576224 0.04553217 -0.7999123 2.452143 
-0.2457004 0.7494115 2.558429 -0.2475363 0.5349768 2.54085 -0.2494662 0.3127874 2.521173 -0.4065892 0.5379276 2.523128 -0.6783573 0.4455028 2.440435 -0.6358913 0.445767 2.157096 -0.0884835 0.5320259 2.558572 0.18585 0.4279119 2.544718 0.252602 0.4158485 2.265243 -0.3537727 0.0924975 2.49009 -0.3525752 -0.3435685 2.582868 -0.4903252 -0.8075497 2.491974 -0.1490192 0.08869873 2.512905 -0.1534318 -0.3491009 2.596974 0.04918829 -0.8095903 2.455751 
-0.2405099 0.7490153 2.537237 -0.2443327 0.5338674 2.529004 -0.2476677 0.3112237 2.516021 -0.4031767 0.5373782 2.509601 -0.6682144 0.4452786 2.519215 -0.6265711 0.4318433 2.23534 -0.08548862 0.5303566 2.548406 0.1583894 0.4124305 2.590842 0.2245885 0.3881578 2.312105 -0.3532393 0.09083962 2.490549 -0.358796 -0.3500181 2.54903 -0.4749793 -0.7882038 2.539924 -0.1487662 0.08632033 2.515525 -0.1482703 -0.353044 2.592532 0.05043721 -0.807461 2.451341 
-0.2385088 0.7479948 2.527132 -0.2432967 0.5324445 2.521244 -0.2478067 0.309613 2.510721 -0.4018786 0.5366594 2.499958 -0.6331186 0.444153 2.573594 -0.5907367 0.4243034 2.289974 -0.08471477 0.5282296 2.54253 0.1086818 0.3847032 2.625909 0.1617094 0.3756462 2.34418 -0.354386 0.08949434 2.486497 -0.3595922 -0.3506506 2.555157 -0.4813649 -0.7986022 2.511195 -0.1502475 0.08406862 2.513898 -0.148156 -0.3559692 2.588108 0.04864406 -0.8078107 2.445738 
-0.2366869 0.7423774 2.513088 -0.2425427 0.5266001 2.514413 -0.2475295 0.303608 2.510545 -0.4010477 0.5305259 2.49244 -0.5740721 0.4200864 2.613287 -0.5455517 0.4240138 2.326113 -0.08403771 0.5226743 2.536386 0.0613259 0.3733416 2.650954 0.08729959 0.3791147 2.364943 -0.354528 0.08314259 2.492535 -0.3562157 -0.3541004 2.578547 -0.4907403 -0.8114727 2.500673 -0.1505047 0.07808937 2.520818 -0.1462143 -0.3619831 2.595351 0.04981893 -0.8107679 2.455116 
-0.2366064 0.7459849 2.523567 -0.2410466 0.5293596 2.517427 -0.2453185 0.306424 2.509426 -0.3991157 0.5332785 2.492633 -0.5349997 0.3875155 2.61465 -0.4887156 0.431879 2.332216 -0.08297744 0.5254408 2.542222 0.03569884 0.3541966 2.656491 0.02842264 0.3820638 2.373449 -0.3513395 0.08601091 2.485464 -0.3630736 -0.3550407 2.544 -0.4726928 -0.7926461 2.530239 -0.1478412 0.0809658 2.517384 -0.1381359 -0.3607025 2.580283 0.05220766 -0.8015242 2.444671 
-0.2372995 0.7466771 2.519799 -0.2413102 0.5295668 2.517836 -0.2454753 0.3065102 2.512235 -0.3992736 0.5331591 2.492244 -0.529505 0.3622604 2.579805 -0.4367773 0.4466307 2.321335 -0.08334679 0.5259746 2.543428 0.03384157 0.3345964 2.628738 -0.0302572 0.3970061 2.362254 -0.3513007 0.0857654 2.490164 -0.3611722 -0.3492479 2.581189 -0.4839529 -0.8035185 2.513839 -0.14798 0.08114168 2.523104 -0.1448687 -0.3587367 2.597582 0.04761221 -0.8045066 2.458767 
-0.2408874 0.75375 2.543925 -0.2428921 0.5373282 2.530204 -0.2460114 0.3148794 2.514979 -0.4005981 0.5413926 2.503129 -0.5252055 0.355097 2.523399 -0.3878385 0.4638458 2.292178 -0.08518618 0.5332639 2.557278 0.03546494 0.3303295 2.574888 -0.07547224 0.4173374 2.329635 -0.3506331 0.09504637 2.482329 -0.3560731 -0.3354005 2.594858 -0.4898061 -0.7998549 2.480247 -0.1476282 0.08981456 2.51718 -0.14128 -0.3515364 2.582504 0.04321826 -0.7926698 2.450114 
