-0.2586238 0.7524132 2.58929 -0.2518883 0.5379586 2.556108 -0.2466043 0.3171177 2.524777 -0.410701 0.5370017 2.536068 -0.4843583 0.3708185 2.367376 -0.2879317 0.4556663 2.168183 -0.09307568 0.5389155 2.576147 0.02971381 0.3665029 2.421454 -0.1311616 0.4450316 2.194895 -0.3435348 0.09566084 2.480549 -0.3447707 -0.3289985 2.615669 -0.4933416 -0.8094824 2.474559 -0.1391059 0.0968926 2.506344 -0.1502831 -0.3429087 2.581437 0.058352 -0.8073148 2.44188 
-0.2612826 0.7514418 2.606673 -0.2533392 0.5380437 2.56417 -0.2471808 0.3180824 2.52736 -0.4123466 0.5366628 2.54582 -0.4597106 0.3984293 2.323193 -0.2679563 0.4627299 2.114466 -0.09433191 0.5394247 2.582521 0.009326935 0.3922297 2.371218 -0.1384782 0.4578828 2.135752 -0.343367 0.09723213 2.478738 -0.3465066 -0.3275425 2.614824 -0.4994988 -0.8119862 2.4722 -0.1386775 0.09900978 2.502361 -0.1584926 -0.3364317 2.596251 0.06105023 -0.8082308 2.438635 
-0.2600918 0.754786 2.617877 -0.2525622 0.5419875 2.570283 -0.2457464 0.322536 2.530409 -0.4114655 0.5405517 2.551024 -0.4323478 0.4247065 2.293604 -0.2569554 0.4705733 2.070522 -0.09365888 0.5434234 2.589542 -0.01283008 0.4161198 2.33212 -0.1437688 0.4701132 2.084932 -0.341202 0.1021604 2.478139 -0.3405476 -0.3187345 2.625897 -0.4996424 -0.8103363 2.467911 -0.1366593 0.1040086 2.50293 -0.1347921 -0.3362714 2.562668 0.01998819 -0.7805631 2.508802 
-0.2587879 0.755829 2.630975 -0.2507819 0.5454952 2.577563 -0.2437213 0.3268416 2.53354 -0.4095149 0.5445225 2.556935 -0.4046541 0.4568402 2.256802 -0.2709725 0.47692 2.010372 -0.09204899 0.546468 2.59819 -0.0318975 0.4545715 2.291572 -0.1274089 0.474537 2.028328 -0.3388262 0.1075619 2.476242 -0.3416318 -0.3162232 2.615788 -0.4980302 -0.8072334 2.468348 -0.1344951 0.1088141 2.502795 -0.1339715 -0.3315537 2.569194 0.01713733 -0.7814698 2.495973 
-0.2567803 0.7553053 2.635529 -0.2497165 0.5474973 2.582151 -0.2426717 0.3291675 2.536376 -0.4083305 0.5468985 2.560596 -0.4053203 0.4794166 2.243904 -0.3086897 0.478033 1.979922 -0.09110244 0.5480961 2.603706 -0.02944437 0.4862851 2.275803 -0.09233441 0.4780954 2.001225 -0.3377131 0.1104524 2.476727 -0.3418833 -0.3140025 2.614651 -0.4996104 -0.8109341 2.469098 -0.1335408 0.1112231 2.504473 -0.1461447 -0.3254073 2.59078 0.03642404 -0.7952197 2.467731 
-0.2572174 0.7583888 2.638309 -0.2504232 0.550217 2.584086 -0.2441194 0.3321949 2.536681 -0.4090827 0.5502493 2.562839 -0.4171546 0.4862117 2.239467 -0.3388881 0.4763561 1.967137 -0.0917636 0.5501847 2.605333 -0.0222169 0.499133 2.268415 -0.05866015 0.481293 1.987833 -0.3399309 0.1141935 2.475602 -0.3415076 -0.3088254 2.61806 -0.5050821 -0.8116701 2.464166 -0.1357005 0.114152 2.502951 -0.1494687 -0.3238813 2.584875 0.04206674 -0.7993826 2.454998 
-0.2550959 0.7552119 2.630684 -0.2499014 0.5460847 2.579086 -0.2452982 0.3275587 2.533863 -0.4087034 0.5469019 2.558972 -0.4625663 0.4851027 2.23174 -0.3973593 0.477289 1.954469 -0.09109938 0.5452676 2.599199 0.02340406 0.5000708 2.270698 0.008650819 0.4845673 1.984214 -0.3429057 0.1095586 2.475695 -0.346969 -0.3154927 2.611917 -0.5009113 -0.8163332 2.470226 -0.1384844 0.1085067 2.501587 -0.1586948 -0.3274247 2.593591 0.05032271 -0.8118021 2.446381 
-0.2534389 0.7546784 2.62647 -0.2490677 0.5453383 2.575293 -0.2453317 0.3266844 2.530494 -0.4082871 0.5459793 2.558886 -0.5338895 0.4847738 2.248701 -0.4842212 0.4714231 1.966932 -0.08984838 0.5446973 2.591699 0.09560483 0.495768 2.297166 0.1116023 0.4814528 2.011461 -0.344074 0.108443 2.475136 -0.3589324 -0.3271126 2.56477 -0.473859 -0.7826617 2.528568 -0.1391174 0.1076178 2.496256 -0.1513432 -0.3291622 2.586964 0.05795363 -0.8091776 2.440603 
-0.2523334 0.7538462 2.623765 -0.2479838 0.5441903 2.573692 -0.2443583 0.3254916 2.529079 -0.4073385 0.5446245 2.558614 -0.5664439 0.4808848 2.26286 -0.5175826 0.4665847 1.979933 -0.08862906 0.5437562 2.58877 0.1223049 0.4933866 2.314071 0.1423185 0.479788 2.026881 -0.3432952 0.1070724 2.474761 -0.3512785 -0.317787 2.602956 -0.4784979 -0.7960726 2.509819 -0.1381706 0.1065135 2.49417 -0.1514084 -0.3301519 2.585784 0.05645616 -0.810122 2.444245 
-0.2522014 0.7512584 2.604911 -0.248201 0.5403731 2.563944 -0.2451988 0.3205452 2.525767 -0.4075714 0.5407997 2.548954 -0.6092194 0.462442 2.296925 -0.5715871 0.4602826 2.011093 -0.08883055 0.5399466 2.578933 0.1626545 0.4821955 2.357031 0.1870917 0.4741238 2.072941 -0.3447666 0.1009919 2.477944 -0.3499879 -0.3265634 2.60166 -0.4936093 -0.8124331 2.489788 -0.1396268 0.1004428 2.497237 -0.152383 -0.3352379 2.593612 0.0497946 -0.8125782 2.447726 
-0.2547029 0.7516558 2.59648 -0.2499229 0.5402232 2.557893 -0.2464346 0.3199695 2.522074 -0.4094415 0.5398473 2.544669 -0.6445965 0.4502112 2.343955 -0.6122785 0.4492684 2.057059 -0.09040432 0.5405991 2.571117 0.1928399 0.4686102 2.404508 0.2229812 0.4624025 2.117692 -0.3456213 0.0994738 2.477744 -0.363952 -0.3346604 2.571708 -0.4745061 -0.7879216 2.534128 -0.1402711 0.09995775 2.494767 -0.1476696 -0.337653 2.582132 0.04697505 -0.8062388 2.445863 
-0.2523249 0.7533829 2.592273 -0.2494569 0.5415475 2.554375 -0.2473418 0.3211531 2.519155 -0.4090823 0.5419125 2.542505 -0.6647884 0.4391075 2.389488 -0.6354321 0.4434872 2.104965 -0.08983148 0.5411825 2.566245 0.2049308 0.4613025 2.446246 0.2382144 0.4560882 2.160595 -0.3479651 0.1009936 2.476295 -0.3577338 -0.3238727 2.60485 -0.4851898 -0.7976906 2.510222 -0.1424883 0.1005238 2.491576 -0.1346955 -0.3408599 2.547977 0.010105 -0.7827488 2.506767 
-0.2536485 0.7480967 2.57118 -0.2501966 0.5341305 2.542451 -0.2470749 0.3128839 2.513771 -0.4097785 0.5334958 2.529977 -0.6784028 0.4285619 2.430727 -0.6506606 0.4189669 2.144384 -0.09061471 0.5347651 2.554925 0.2104541 0.4496434 2.516136 0.2467479 0.4354707 2.22881 -0.3466618 0.09122892 2.477063 -0.3490309 -0.3344322 2.607389 -0.4901274 -0.8158681 2.490608 -0.1412447 0.09204588 2.493119 -0.1378792 -0.3483803 2.560708 0.02189177 -0.7971364 2.496016 
-0.2531355 0.7434485 2.552596 -0.2500127 0.5287595 2.53268 -0.2465685 0.3068259 2.510267 -0.4094602 0.5277025 2.518645 -0.6732304 0.4333021 2.492355 -0.6401822 0.4141395 2.205183 -0.09056516 0.5298166 2.546715 0.1991965 0.4392997 2.559074 0.2300202 0.4109073 2.273204 -0.3457501 0.08421186 2.478821 -0.3514889 -0.3472742 2.58875 -0.4962909 -0.8190638 2.480172 -0.1404987 0.08557251 2.496889 -0.1415109 -0.3539132 2.572482 0.03207716 -0.8018079 2.482517 
-0.2547826 0.7480574 2.551324 -0.2498256 0.533289 2.53084 -0.2453043 0.3112783 2.508672 -0.4091285 0.5315948 2.515316 -0.6486211 0.4286473 2.538172 -0.6130579 0.4141994 2.249419 -0.09052272 0.5349832 2.546363 0.16059 0.4316525 2.616049 0.1841119 0.3965872 2.329001 -0.3433148 0.08817712 2.476513 -0.3479783 -0.3441406 2.585581 -0.4976383 -0.8115439 2.469895 -0.1382512 0.09035803 2.496496 -0.1402329 -0.3497403 2.570017 0.04144496 -0.7963952 2.468488 
-0.2570693 0.7523395 2.55068 -0.2510116 0.5369095 2.530566 -0.2467929 0.3148376 2.508567 -0.4102861 0.5354596 2.514658 -0.6192847 0.4023442 2.577043 -0.5716924 0.4173317 2.288774 -0.09173709 0.5383594 2.546474 0.133815 0.4203092 2.63704 0.1271188 0.3893176 2.351352 -0.3450825 0.09183268 2.47633 -0.345638 -0.3285738 2.620945 -0.4977965 -0.8076004 2.47591 -0.1400659 0.09369894 2.496807 -0.1517021 -0.3428675 2.586877 0.03779041 -0.7982468 2.461253 
-0.2597669 0.75513 2.559388 -0.2511683 0.540673 2.535226 -0.245106 0.3188921 2.510859 -0.4102336 0.5382692 2.517531 -0.5926333 0.3716584 2.591038 -0.513994 0.4299106 2.319952 -0.09210297 0.5430768 2.552921 0.1119158 0.4051656 2.633533 0.05444311 0.3858517 2.356954 -0.3414277 0.09556396 2.475103 -0.3429497 -0.327157 2.615745 -0.4928759 -0.8078864 2.471814 -0.1366599 0.09865845 2.497882 -0.1477115 -0.3384545 2.586748 0.05167862 -0.7993482 2.452079 
-0.260748 0.7568828 2.563238 -0.2517787 0.5428086 2.538204 -0.244771 0.3211975 2.512461 -0.4107698 0.539911 2.519868 -0.5668218 0.3493208 2.572029 -0.4512341 0.4364567 2.326953 -0.09278767 0.5457062 2.55654 0.09445101 0.3815875 2.617285 -0.01108071 0.3961185 2.358893 -0.3400895 0.09772151 2.474916 -0.3439216 -0.3232338 2.62202 -0.4959435 -0.809158 2.47332 -0.1354371 0.1014513 2.498518 -0.1477678 -0.3370731 2.580404 0.04685826 -0.8013515 2.453623 
-0.2594842 0.7572374 2.56562 -0.2513786 0.5433186 2.542453 -0.2447387 0.321583 2.517605 -0.4103423 0.540648 2.523807 -0.5504012 0.3341699 2.532983 -0.4000135 0.4375839 2.316012 -0.09241482 0.5459892 2.5611 0.07873321 0.3622901 2.581126 -0.061641 0.4033269 2.345235 -0.3404084 0.09812859 2.480755 -0.3469038 -0.3264412 2.617383 -0.4984461 -0.8117529 2.475576 -0.135789 0.1015662 2.504757 -0.1489994 -0.3371448 2.586042 0.04296429 -0.8014513 2.462219 
-0.2623616 0.7522604 2.576838 -0.2534515 0.5390296 2.549763 -0.2459405 0.3177169 2.521747 -0.4126783 0.5356368 2.533877 -0.5242311 0.3371039 2.480496 -0.3538069 0.4419653 2.2745 -0.09422462 0.5424224 2.56565 0.06733846 0.3501253 2.541551 -0.09336504 0.4071755 2.320222 -0.3409261 0.09422009 2.483504 -0.3612818 -0.3388775 2.579817 -0.476315 -0.7915933 2.529126 -0.1359329 0.09858813 2.503956 -0.1487659 -0.3406127 2.582863 0.04450382 -0.8067683 2.449218 
-0.261905 0.754308 2.593518 -0.254098 0.5394326 2.561214 -0.247356 0.3187171 2.528743 -0.413585 0.5365022 2.548017 -0.5048063 0.344779 2.415873 -0.3116228 0.4442042 2.218016 -0.09461107 0.542363 2.57441 0.04183449 0.3495269 2.468149 -0.1378554 0.4215783 2.255273 -0.3432537 0.09611578 2.487779 -0.3600523 -0.3301564 2.615797 -0.4889633 -0.799121 2.491025 -0.1379741 0.09988751 2.504764 -0.1540045 -0.3365331 2.59681 0.03968176 -0.798583 2.447921 
