-0.1216607 0.7234212 2.725431 -0.109606 0.507172 2.712127 -0.09847967 0.2859747 2.707563 -0.2764084 0.4991063 2.696401 -0.3253943 0.3278988 2.475163 -0.1839525 0.4221931 2.246407 0.05719655 0.5152377 2.727854 0.123799 0.3357712 2.504728 0.01190569 0.40961 2.261243 -0.1889791 0.05986331 2.693417 -0.2293831 -0.3795319 2.735679 -0.3179799 -0.8228055 2.68247 0.01427236 0.06969149 2.71258 0.06161238 -0.3705758 2.718956 0.1865778 -0.7578353 2.671381 
-0.1224158 0.7227345 2.732664 -0.1099548 0.5077531 2.717757 -0.09862915 0.2864952 2.71292 -0.27689 0.4995317 2.702952 -0.2947014 0.3809478 2.425597 -0.1665168 0.4377499 2.181239 0.05698041 0.5159745 2.732562 0.09739705 0.3888869 2.444355 0.003774994 0.4312189 2.183778 -0.1890228 0.06022765 2.699063 -0.2309246 -0.3795569 2.735413 -0.3213573 -0.8228883 2.682615 0.01441579 0.07024681 2.717105 0.0597219 -0.3705043 2.721031 0.1853643 -0.7603891 2.677005 
-0.1194428 0.7230585 2.739285 -0.1080686 0.5083394 2.722674 -0.09725873 0.2870907 2.71556 -0.2751026 0.5006377 2.708389 -0.2688523 0.4249781 2.386306 -0.165734 0.4500416 2.129088 0.05896549 0.5160411 2.736959 0.07919662 0.432439 2.393686 0.004020485 0.4437833 2.124258 -0.1882448 0.06114841 2.69974 -0.2294217 -0.3790217 2.732383 -0.3198654 -0.8227058 2.678167 0.01534702 0.07053573 2.717152 0.06598727 -0.3697082 2.723034 0.187035 -0.7596829 2.673275 
-0.1195693 0.7274047 2.749244 -0.1086737 0.5144778 2.728517 -0.09922173 0.2933778 2.71698 -0.2759512 0.5079554 2.716469 -0.2804736 0.4807557 2.355085 -0.2153283 0.4602554 2.081178 0.05860377 0.5210003 2.740564 0.09578931 0.4863478 2.353173 0.06296618 0.4592311 2.075652 -0.1917254 0.06830233 2.698101 -0.2216326 -0.3729939 2.727091 -0.3218439 -0.8179457 2.66964 0.01218592 0.07625319 2.712787 0.06679562 -0.3635333 2.705523 0.186448 -0.7538686 2.663186 
-0.1207718 0.7241175 2.743554 -0.1098904 0.5102457 2.72553 -0.09987006 0.2890613 2.71561 -0.2771588 0.5032051 2.713553 -0.3162403 0.4863741 2.356028 -0.2650967 0.4626201 2.077932 0.05737796 0.5172863 2.737507 0.1378903 0.4976787 2.360575 0.1134575 0.4629074 2.08052 -0.1918017 0.06358556 2.698389 -0.2157895 -0.3776586 2.732797 -0.3220195 -0.8284119 2.67497 0.01210228 0.0721682 2.71299 0.07258877 -0.3668616 2.713698 0.1850633 -0.7702138 2.671222 
-0.1199224 0.7225519 2.741232 -0.1093899 0.508087 2.723079 -0.09978314 0.2868997 2.712389 -0.2767217 0.5013649 2.711791 -0.3696166 0.4826924 2.376535 -0.3267081 0.4584654 2.097414 0.05794196 0.5148091 2.734368 0.1655874 0.4854162 2.466819 0.127448 0.4693645 2.179903 -0.1921697 0.06161513 2.694817 -0.2146277 -0.3802813 2.720321 -0.3208343 -0.8258211 2.675281 0.0118169 0.06980971 2.708579 0.0781602 -0.3684146 2.707009 0.1837906 -0.7659208 2.665612 
-0.1204508 0.7295136 2.740067 -0.109328 0.5143269 2.72039 -0.0996251 0.2932803 2.70721 -0.2766473 0.507671 2.70884 -0.4203063 0.4713448 2.415774 -0.3796077 0.4592327 2.137066 0.05799142 0.5209827 2.73194 0.240242 0.474493 2.455197 0.2014282 0.4688031 2.1735 -0.1919078 0.06817681 2.68699 -0.2137249 -0.3736869 2.714737 -0.3204764 -0.8163601 2.669093 0.01206328 0.07629064 2.701069 0.07464587 -0.3624346 2.693516 0.1842812 -0.7598034 2.662485 
-0.1163844 0.7307647 2.723678 -0.1069249 0.5147265 2.709366 -0.09793404 0.2935758 2.697212 -0.2742917 0.5085343 2.698229 -0.4903073 0.4406007 2.529712 -0.4385855 0.4639018 2.252071 0.06044195 0.5209187 2.720503 0.2970806 0.4496092 2.570562 0.260839 0.465773 2.288888 -0.190959 0.06865088 2.678269 -0.2142017 -0.3733355 2.703463 -0.3188855 -0.8256361 2.673641 0.01307255 0.07619952 2.691847 0.06658252 -0.3635898 2.677571 0.1823301 -0.7647191 2.662362 
-0.1162666 0.7294242 2.710752 -0.1063563 0.5135172 2.699751 -0.09718999 0.2922853 2.689367 -0.2737154 0.5071058 2.688613 -0.4926546 0.4152996 2.597842 -0.4201079 0.4662334 2.330522 0.06100277 0.5199286 2.71089 0.2970388 0.442807 2.635269 0.255663 0.4685889 2.357563 -0.1900347 0.06714541 2.672193 -0.2139155 -0.3744515 2.702801 -0.3195632 -0.8252374 2.671772 0.01398738 0.07496133 2.685771 0.06603518 -0.3650339 2.671102 0.1830241 -0.7622825 2.664155 
-0.1149308 0.7239324 2.694887 -0.1059637 0.5072976 2.68966 -0.09734363 0.2859171 2.684081 -0.2733196 0.5010657 2.678368 -0.4703291 0.3951518 2.673419 -0.4075967 0.4754187 2.413512 0.06139219 0.5135295 2.700951 0.2760175 0.4254019 2.718128 0.2387057 0.4566978 2.435776 -0.1907328 0.06073805 2.67162 -0.2142806 -0.3796944 2.714617 -0.3214403 -0.830275 2.673864 0.01328572 0.06833522 2.685385 0.06075225 -0.3722574 2.67372 0.1813538 -0.7691481 2.671242 
-0.1136886 0.7217497 2.677893 -0.1052047 0.5055361 2.68032 -0.09730862 0.2841117 2.680738 -0.2722761 0.4995506 2.665678 -0.435226 0.3601197 2.727702 -0.3953951 0.4811885 2.471645 0.06186678 0.5115216 2.694961 0.2449506 0.395153 2.775054 0.214743 0.4500375 2.494501 -0.191269 0.05903818 2.672231 -0.2166904 -0.3817294 2.711381 -0.3194054 -0.8236327 2.676835 0.01244383 0.06633639 2.690084 0.05919449 -0.3743531 2.678105 0.1816877 -0.761761 2.674516 
-0.1140249 0.7249908 2.677909 -0.1057032 0.5068254 2.679264 -0.09818085 0.2853341 2.680134 -0.2726545 0.501092 2.663114 -0.4151123 0.3250629 2.729839 -0.3546449 0.477768 2.490962 0.06124817 0.5125588 2.695414 0.2224743 0.3585738 2.77553 0.1665439 0.4526305 2.515251 -0.1924152 0.06034815 2.67116 -0.219259 -0.3804288 2.709912 -0.3200425 -0.8206272 2.675549 0.0110982 0.06733722 2.690847 0.05583667 -0.3735625 2.678546 0.1810004 -0.7579055 2.669682 
-0.1149854 0.727784 2.68836 -0.106137 0.5099419 2.686386 -0.09840126 0.2884333 2.685812 -0.2728451 0.5041677 2.66794 -0.4005457 0.3015244 2.69042 -0.2991588 0.4725509 2.482293 0.06057109 0.5157161 2.704832 0.2147457 0.328295 2.737773 0.1195765 0.4507957 2.508536 -0.1922824 0.06340516 2.673995 -0.2211776 -0.3777369 2.706374 -0.3197983 -0.8189093 2.683146 0.01095136 0.07044447 2.696482 0.05926441 -0.3701589 2.690404 0.1830095 -0.7603484 2.676101 
-0.1182917 0.7253181 2.694111 -0.1083195 0.5085951 2.691956 -0.1002646 0.2870812 2.691782 -0.2749826 0.5025496 2.673076 -0.3837837 0.2967512 2.632676 -0.2523101 0.469355 2.442583 0.05834357 0.5146406 2.710836 0.2033567 0.3291579 2.674889 0.07230534 0.4487848 2.455831 -0.1937887 0.0618827 2.6801 -0.2238411 -0.3792706 2.711802 -0.3219861 -0.8240109 2.686253 0.009369548 0.06925209 2.703114 0.05180868 -0.3719643 2.698298 0.1834917 -0.7659158 2.677364 
-0.1199785 0.7244563 2.707002 -0.110112 0.5078689 2.699763 -0.1020969 0.2863826 2.696784 -0.2765229 0.5021294 2.678745 -0.3678725 0.3118635 2.563837 -0.2137153 0.4629271 2.376251 0.05629896 0.5136083 2.720781 0.1916949 0.3305928 2.605954 0.05001863 0.4485685 2.38945 -0.1955193 0.06139776 2.680994 -0.2272919 -0.3791845 2.718242 -0.3219463 -0.8222351 2.680974 0.007355833 0.06839477 2.706617 0.05156272 -0.3726144 2.698235 0.1830257 -0.7642125 2.673395 
-0.1207977 0.7257011 2.722455 -0.1108613 0.5081744 2.707912 -0.102631 0.2867571 2.702105 -0.2771008 0.5025828 2.685505 -0.3364238 0.3469236 2.488421 -0.1849343 0.4578671 2.280587 0.05537819 0.513766 2.730319 0.1613578 0.3623055 2.531487 0.02467021 0.4555554 2.301197 -0.1957268 0.06193164 2.68264 -0.2256293 -0.3781502 2.726489 -0.3208405 -0.8213503 2.679178 0.006925329 0.06874798 2.709955 0.0536954 -0.372015 2.710062 0.1840785 -0.7653171 2.673784 
-0.1214072 0.7242189 2.730673 -0.1105998 0.5085127 2.715104 -0.1023268 0.2870814 2.709298 -0.276502 0.5029629 2.690369 -0.3012109 0.3889621 2.429205 -0.165651 0.4599416 2.199355 0.0553024 0.5140625 2.739839 0.1281777 0.3976528 2.465249 0.007723366 0.466448 2.220105 -0.1951821 0.06226709 2.688415 -0.2249244 -0.3772358 2.737877 -0.3212776 -0.8216122 2.682034 0.007074462 0.06903302 2.71857 0.06075573 -0.3709314 2.721119 0.1838867 -0.7670456 2.680334 
