-0.1126633 0.7262886 2.708824 -0.1046334 0.5079435 2.703537 -0.09734967 0.2865488 2.7089 -0.2716432 0.5020698 2.687881 -0.3131867 0.3240055 2.465906 -0.1783313 0.4149271 2.237181 0.06237642 0.5138173 2.719192 0.1092036 0.3243235 2.480814 -0.0174092 0.4089118 2.238014 -0.1918635 0.06157392 2.704721 -0.236454 -0.3785639 2.732029 -0.3181301 -0.8190715 2.68619 0.01173158 0.06873438 2.723806 0.06803209 -0.3706381 2.707382 0.1835878 -0.7606822 2.673874 
-0.1149694 0.7304012 2.733361 -0.1059437 0.5122896 2.715464 -0.09801338 0.2910333 2.71155 -0.2728537 0.5066036 2.698711 -0.2805614 0.3809808 2.408451 -0.1697724 0.4276938 2.160623 0.06096626 0.5179756 2.732217 0.08763073 0.3856858 2.425414 -0.01231703 0.4333835 2.164376 -0.1918206 0.0663112 2.697424 -0.2356251 -0.3741807 2.720656 -0.314412 -0.8117824 2.677787 0.01165446 0.0732429 2.717847 0.07497519 -0.3652529 2.704523 0.1842601 -0.7510773 2.667547 
-0.1186374 0.7329072 2.745629 -0.1082257 0.5166091 2.72595 -0.09989376 0.2953997 2.717832 -0.2751116 0.5109484 2.708915 -0.2702771 0.4269879 2.369229 -0.1903382 0.4349558 2.105238 0.05866021 0.5222698 2.742985 0.08481828 0.4298457 2.381211 0.01221803 0.445986 2.109346 -0.1932826 0.07074005 2.699331 -0.2334654 -0.3692589 2.733644 -0.3192194 -0.8173461 2.682444 0.01015891 0.07764068 2.720098 0.06883606 -0.3615749 2.708433 0.1826421 -0.7483822 2.673004 
-0.1196782 0.7343906 2.762261 -0.108569 0.5205641 2.734049 -0.09966344 0.2998323 2.71838 -0.2754044 0.5150815 2.71646 -0.292625 0.4574852 2.351112 -0.2400508 0.4490324 2.075783 0.05826648 0.5260466 2.751637 0.113921 0.4619329 2.36311 0.06177416 0.4585401 2.085382 -0.1924495 0.07575882 2.691991 -0.2312859 -0.3647496 2.721999 -0.3170464 -0.8163704 2.673425 0.01093366 0.08244241 2.713433 0.06620544 -0.3569844 2.695444 0.183838 -0.7500868 2.665709 
-0.1175297 0.7345567 2.759974 -0.1069514 0.5201067 2.735937 -0.09796167 0.2992208 2.720257 -0.2739091 0.5144711 2.719605 -0.3826581 0.4748711 2.370042 -0.3435644 0.4611156 2.089515 0.06000621 0.5257425 2.752268 0.2056471 0.4719724 2.415219 0.1765507 0.4717245 2.132876 -0.1907396 0.07489967 2.694623 -0.2251614 -0.3661119 2.723258 -0.3179751 -0.8198342 2.681521 0.01279581 0.08177009 2.714533 0.06492367 -0.3581915 2.700538 0.183869 -0.753256 2.669786 
-0.1126321 0.7342651 2.750167 -0.1036514 0.5197425 2.731178 -0.09657803 0.2986563 2.717357 -0.2710035 0.5151189 2.719491 -0.4508917 0.458202 2.436032 -0.4114186 0.4632607 2.151896 0.06370066 0.5243661 2.742865 0.2809342 0.4675094 2.474306 0.2668804 0.4802749 2.188972 -0.1915207 0.07475166 2.696412 -0.2278615 -0.3664804 2.719023 -0.3176193 -0.8173136 2.68639 0.01251133 0.08038869 2.71066 0.06387138 -0.3598836 2.705351 0.1820891 -0.7586582 2.670814 
-0.1138413 0.7336445 2.734011 -0.1045732 0.517959 2.722718 -0.0968853 0.2966709 2.713912 -0.2719792 0.5125682 2.712034 -0.4829296 0.4340903 2.513003 -0.4334301 0.458837 2.233558 0.06283265 0.5233499 2.733403 0.313981 0.4597676 2.528155 0.3089755 0.4794978 2.242988 -0.1912313 0.07209714 2.698595 -0.2241288 -0.3696952 2.712103 -0.3177705 -0.8218965 2.679862 0.01283661 0.07866855 2.711619 0.06476425 -0.3610694 2.693904 0.1835005 -0.7561441 2.671421 
-0.1110173 0.7286382 2.707045 -0.1037 0.5129877 2.70705 -0.09643654 0.2916416 2.706959 -0.2710568 0.5075006 2.695554 -0.4929859 0.4250606 2.619497 -0.447044 0.4541062 2.341542 0.06365683 0.5184748 2.718545 0.3209696 0.4523673 2.623078 0.3104374 0.467086 2.337219 -0.1911784 0.06695113 2.699862 -0.2266989 -0.3748002 2.706496 -0.317481 -0.824275 2.679108 0.01283223 0.07363997 2.713875 0.06239631 -0.3660319 2.688572 0.183557 -0.7607347 2.674496 
-0.1069693 0.7187744 2.665942 -0.1009064 0.50405 2.686198 -0.09505671 0.2834135 2.699873 -0.2681914 0.4988317 2.673563 -0.4316423 0.3878661 2.720488 -0.4450824 0.4397393 2.446279 0.06637865 0.5092683 2.698833 0.2422185 0.4109625 2.724153 0.2747894 0.4461573 2.444103 -0.1911722 0.05959625 2.705847 -0.2282026 -0.3821137 2.710415 -0.3172382 -0.8254091 2.685406 0.01275812 0.0659577 2.72125 0.06405337 -0.3730403 2.688455 0.1837259 -0.7625446 2.679998 
-0.1045866 0.7159127 2.63544 -0.09998577 0.5019977 2.66947 -0.09512733 0.2824332 2.694926 -0.2674061 0.4970496 2.658745 -0.4027528 0.3933858 2.780771 -0.4228957 0.4406078 2.512235 0.0674345 0.5069457 2.680195 0.2111751 0.4020362 2.791085 0.2407198 0.4307256 2.509662 -0.1923214 0.05985264 2.713844 -0.2318885 -0.3816701 2.714318 -0.3172264 -0.8167478 2.689711 0.01178359 0.06588493 2.726919 0.06552544 -0.3723846 2.688366 0.1824747 -0.7540247 2.677976 
-0.1033666 0.7131252 2.620179 -0.09864093 0.4987131 2.660153 -0.09376779 0.2797974 2.692094 -0.2661068 0.49353 2.650179 -0.3723617 0.3806832 2.805888 -0.3810614 0.4357035 2.535384 0.06882491 0.5038961 2.670126 0.1801006 0.3825309 2.820051 0.1963742 0.4097606 2.541207 -0.1909674 0.05772252 2.717957 -0.231952 -0.3836331 2.723616 -0.3147553 -0.8191673 2.685458 0.01317803 0.06404076 2.730114 0.06560217 -0.3744452 2.691529 0.1840555 -0.7557926 2.677326 
-0.102172 0.7103528 2.616732 -0.0968364 0.4953235 2.655529 -0.09226723 0.2764739 2.689776 -0.2640547 0.4897568 2.642267 -0.3628387 0.3511702 2.770718 -0.3097084 0.418926 2.506552 0.07038194 0.5008902 2.668792 0.1462753 0.3478844 2.77252 0.1078651 0.3770565 2.506921 -0.1896275 0.05423108 2.715939 -0.2371017 -0.3865289 2.717329 -0.3171217 -0.8210422 2.680162 0.01423142 0.06101752 2.732108 0.07313804 -0.3773167 2.702269 0.1848857 -0.7615581 2.670505 
-0.1033795 0.7136219 2.628346 -0.09794337 0.4983386 2.660847 -0.09339255 0.2790583 2.692526 -0.2645716 0.4922114 2.642372 -0.3663772 0.3060554 2.699361 -0.2702931 0.4137901 2.460397 0.06868485 0.5044658 2.679323 0.1455069 0.3172354 2.707129 0.06645934 0.3770802 2.450318 -0.1904528 0.0560417 2.712939 -0.2397345 -0.3844373 2.720314 -0.3169711 -0.8143225 2.679287 0.01276934 0.06351454 2.735472 0.06803966 -0.3753823 2.706658 0.1824939 -0.753995 2.674132 
-0.10512 0.7108454 2.634609 -0.1003427 0.4955882 2.665015 -0.09670442 0.2761698 2.696088 -0.2673793 0.4907225 2.650214 -0.3641951 0.2945342 2.610691 -0.2377852 0.4152931 2.387679 0.06669395 0.500454 2.679816 0.1402472 0.2941141 2.619075 0.03263277 0.3883334 2.381389 -0.1948808 0.05378551 2.718139 -0.2416087 -0.3868073 2.731687 -0.3210842 -0.8188441 2.686338 0.008748409 0.05971721 2.736183 0.06832346 -0.3789182 2.712968 0.1794586 -0.759524 2.671098 
-0.106545 0.7121644 2.646746 -0.1018049 0.4960933 2.670564 -0.09853809 0.2762406 2.698411 -0.2692219 0.4924432 2.661386 -0.3546533 0.3073084 2.530845 -0.2154466 0.4199803 2.309869 0.06561216 0.4997434 2.679742 0.1385683 0.3060163 2.540554 0.009902863 0.408186 2.30956 -0.1973506 0.05416243 2.720661 -0.2394807 -0.3870143 2.728107 -0.3182688 -0.8139147 2.687083 0.006807989 0.0586136 2.731853 0.06671411 -0.3798626 2.705992 0.183783 -0.7584724 2.66685 
