-0.2512829 0.7458386 2.605555 -0.251684 0.5281345 2.574747 -0.2519795 0.3072739 2.543274 -0.4111658 0.5302822 2.561173 -0.4353244 0.3231181 2.376584 -0.2777807 0.4201494 2.159434 -0.09220232 0.5259868 2.588321 -0.02033463 0.3118636 2.418807 -0.1419514 0.4150381 2.178551 -0.3549189 0.08779544 2.503064 -0.3423 -0.3392686 2.630435 -0.4956451 -0.8133509 2.466633 -0.1496311 0.08503091 2.520537 -0.1405537 -0.3562586 2.587586 0.04702728 -0.7980559 2.438506 
-0.2523362 0.7521909 2.622817 -0.2508468 0.534734 2.580552 -0.2509395 0.3147622 2.543382 -0.4100611 0.5375293 2.564406 -0.416614 0.3560256 2.337785 -0.2658049 0.4267813 2.109397 -0.09163252 0.5319387 2.596697 -0.03411998 0.3539643 2.376915 -0.1512541 0.4274784 2.126962 -0.3535174 0.09658975 2.495819 -0.3588576 -0.3383025 2.585941 -0.4757432 -0.7854825 2.521352 -0.1485469 0.09299118 2.516605 -0.1430775 -0.3481844 2.584773 0.04108861 -0.7931222 2.44996 
-0.2545181 0.7488713 2.631959 -0.2517322 0.5337233 2.587044 -0.2493835 0.3141216 2.547544 -0.4106416 0.5354264 2.568127 -0.3992896 0.3924927 2.300917 -0.2613645 0.4361913 2.05899 -0.09282292 0.5320201 2.605962 -0.04904169 0.393496 2.337473 -0.1471083 0.4448176 2.075681 -0.3493221 0.09561633 2.495866 -0.3509233 -0.3307506 2.619577 -0.4774369 -0.8016324 2.509836 -0.1447476 0.09342377 2.52022 -0.145445 -0.3456044 2.600205 0.04626573 -0.8005872 2.452066 
-0.2587186 0.7503154 2.636018 -0.2538377 0.5364634 2.593541 -0.2495268 0.316874 2.553907 -0.4125781 0.5370336 2.573117 -0.3801486 0.4227408 2.267964 -0.264004 0.4497477 2.011192 -0.09509734 0.5358933 2.613966 -0.06152578 0.4332508 2.305748 -0.1331208 0.4616745 2.029948 -0.3473789 0.09765141 2.501128 -0.3510373 -0.3293067 2.627227 -0.4883949 -0.8053023 2.494138 -0.143053 0.09691752 2.527417 -0.1429078 -0.3436528 2.598535 0.04091416 -0.796002 2.458901 
-0.2595628 0.7499479 2.639048 -0.2542144 0.537151 2.59866 -0.2491203 0.3176237 2.558621 -0.4128531 0.5373555 2.577354 -0.3765788 0.4503652 2.25198 -0.273582 0.4605281 1.983862 -0.09557565 0.5369465 2.619964 -0.06376961 0.4621284 2.282886 -0.1126953 0.4713411 1.999496 -0.3461214 0.09822804 2.504872 -0.3454426 -0.3289118 2.632557 -0.4963961 -0.8115933 2.479174 -0.141931 0.09796486 2.532295 -0.1413792 -0.3439595 2.594515 0.03322497 -0.7941965 2.464221 
-0.2590088 0.7487248 2.640552 -0.2532285 0.5369822 2.599619 -0.2478934 0.3177283 2.558086 -0.4122106 0.5366009 2.581209 -0.3933042 0.4686918 2.239494 -0.3109227 0.474093 1.964213 -0.09424633 0.5373634 2.618028 -0.03839864 0.4830545 2.274437 -0.06443261 0.4841982 1.987479 -0.3448946 0.09822899 2.504704 -0.3485528 -0.3332302 2.616953 -0.4950882 -0.8115855 2.475538 -0.1402221 0.09871978 2.528404 -0.1406721 -0.3441618 2.583725 0.03675986 -0.7963633 2.45228 
-0.2589515 0.7488779 2.640308 -0.2532123 0.5360196 2.599145 -0.247434 0.3166766 2.558095 -0.4123314 0.5350634 2.581856 -0.430153 0.4823425 2.231248 -0.3618477 0.4858527 1.953634 -0.09409321 0.5369757 2.616434 0.001800621 0.4945321 2.271209 -0.01132701 0.4941214 1.984113 -0.3440599 0.09671818 2.505918 -0.3455313 -0.332853 2.626125 -0.4973246 -0.8142978 2.474569 -0.1392516 0.0979489 2.528171 -0.1438705 -0.3443489 2.588048 0.03502649 -0.7963359 2.457353 
-0.2572386 0.7510093 2.640188 -0.252861 0.5368081 2.598433 -0.2474328 0.3175112 2.557062 -0.4120924 0.5359441 2.582121 -0.4760749 0.483672 2.246137 -0.4093671 0.4950343 1.965901 -0.09362948 0.537672 2.614746 0.04840357 0.4897639 2.288599 0.05153815 0.497367 2.001593 -0.3444842 0.09765828 2.505192 -0.3479586 -0.3331411 2.621558 -0.4999894 -0.8144565 2.467961 -0.1395251 0.09877034 2.526189 -0.1457643 -0.3435703 2.586022 0.03924071 -0.7974592 2.449809 
-0.2550668 0.7469307 2.631115 -0.2518525 0.5327079 2.59305 -0.2473156 0.3129238 2.554322 -0.4110437 0.532378 2.576274 -0.5255402 0.4763413 2.267064 -0.4637112 0.4964688 1.9874 -0.09266137 0.5330379 2.609826 0.0926993 0.4793791 2.32879 0.1055889 0.4943579 2.042038 -0.3452341 0.09292726 2.504796 -0.3474917 -0.3382187 2.620322 -0.497034 -0.8159276 2.473449 -0.1403232 0.093352 2.52639 -0.1457526 -0.3488552 2.587489 0.03545587 -0.8035589 2.456087 
-0.2501441 0.7495174 2.618072 -0.2497407 0.5333993 2.58623 -0.2480381 0.312911 2.551803 -0.4088311 0.5349143 2.56866 -0.565285 0.459182 2.302538 -0.5069304 0.4915876 2.024001 -0.09065035 0.5318844 2.603801 0.1273383 0.4671817 2.364865 0.1403802 0.4823724 2.079214 -0.348735 0.09339774 2.506067 -0.3520187 -0.3365778 2.625974 -0.5001395 -0.8121266 2.474703 -0.143936 0.09144754 2.528686 -0.1465022 -0.3513191 2.5857 0.03201598 -0.7984786 2.461244 
-0.2478337 0.7498397 2.602552 -0.2492464 0.5330828 2.578239 -0.2496157 0.3118384 2.549356 -0.4081289 0.5358523 2.559057 -0.5896744 0.4446144 2.327771 -0.5357455 0.4895088 2.052252 -0.09036381 0.5303134 2.597422 0.14664 0.4580708 2.404904 0.1695629 0.4660458 2.118655 -0.3522485 0.09237662 2.508126 -0.3505492 -0.3370332 2.630104 -0.501828 -0.8163151 2.472299 -0.1477216 0.08881155 2.532819 -0.1517437 -0.3538704 2.590556 0.04305018 -0.804431 2.457609 
-0.2446797 0.7529024 2.577422 -0.2480459 0.5354202 2.563458 -0.2504419 0.3133195 2.541853 -0.4066678 0.5391878 2.542318 -0.6251799 0.4036637 2.450687 -0.5673586 0.4615101 2.174747 -0.08942395 0.5316526 2.584598 0.161899 0.4325095 2.495212 0.1834491 0.4478157 2.208556 -0.3549225 0.09364349 2.506644 -0.3502278 -0.3376049 2.62199 -0.497402 -0.8067595 2.474466 -0.1507534 0.08879413 2.533854 -0.1453701 -0.3545863 2.584902 0.04464235 -0.7928367 2.452418 
-0.2422428 0.7487882 2.56374 -0.2474052 0.531989 2.555086 -0.251406 0.3095384 2.537893 -0.4060998 0.5364262 2.534604 -0.6195815 0.3883253 2.492851 -0.5642182 0.4505277 2.217312 -0.08871067 0.5275518 2.575569 0.1444598 0.4107607 2.550599 0.1563944 0.4502223 2.267771 -0.3575439 0.08994359 2.507516 -0.3520777 -0.3461553 2.600062 -0.5015083 -0.8183538 2.471421 -0.1532695 0.08423186 2.533882 -0.1528948 -0.3579345 2.594332 0.04259856 -0.806672 2.448094 
-0.2439927 0.7493975 2.556893 -0.2494174 0.531654 2.5502 -0.2537075 0.3089906 2.535683 -0.4081571 0.5360281 2.530022 -0.5992875 0.3691609 2.54592 -0.5601615 0.440484 2.271758 -0.09067765 0.5272799 2.570379 0.116733 0.3938826 2.592793 0.1249908 0.4345969 2.306027 -0.3601635 0.08914244 2.508178 -0.3518271 -0.349709 2.586855 -0.5030748 -0.8166318 2.470942 -0.1558318 0.08351201 2.534153 -0.1466247 -0.359672 2.58499 0.04048805 -0.8002706 2.448299 
-0.2422741 0.7468203 2.544472 -0.2485636 0.5288412 2.543476 -0.2535531 0.3059554 2.533705 -0.4072437 0.5332982 2.522838 -0.56165 0.3560857 2.594456 -0.522582 0.4335783 2.320778 -0.0898834 0.5243843 2.564114 0.07685985 0.3624365 2.629892 0.08224117 0.4225664 2.344222 -0.3606717 0.08593823 2.51065 -0.3583994 -0.3565889 2.557544 -0.481159 -0.7966207 2.53397 -0.1564134 0.08020111 2.537216 -0.1453562 -0.362447 2.593089 0.03743878 -0.7985851 2.457583 
-0.2430177 0.7427525 2.538762 -0.248479 0.5250131 2.538687 -0.2533209 0.3020381 2.530086 -0.4069678 0.5293056 2.51663 -0.5363297 0.3410462 2.61972 -0.4838167 0.4289488 2.34745 -0.08999024 0.5207207 2.560744 0.04092335 0.3382154 2.656448 0.03099864 0.415111 2.371458 -0.3601729 0.08182588 2.507287 -0.3562276 -0.3593254 2.569159 -0.4843203 -0.8038175 2.50839 -0.1561526 0.07630031 2.535681 -0.142919 -0.3671984 2.583964 0.03977756 -0.8030414 2.451729 
-0.2434974 0.7439818 2.53496 -0.2489897 0.5253925 2.53614 -0.2540219 0.3023435 2.528842 -0.4075922 0.5296666 2.514873 -0.4975804 0.305011 2.627675 -0.4333511 0.4220594 2.374865 -0.09038711 0.5211184 2.557407 -0.003512352 0.3025557 2.667069 -0.03267568 0.4039122 2.400904 -0.3611335 0.08204541 2.507857 -0.3534055 -0.3569067 2.586983 -0.4971405 -0.8076468 2.48095 -0.1569749 0.07654364 2.535232 -0.1481112 -0.3658078 2.59433 0.04302171 -0.7999911 2.448506 
-0.2453473 0.7512169 2.551009 -0.2500616 0.5314596 2.545371 -0.2544238 0.3087172 2.532449 -0.4088328 0.5357256 2.525435 -0.4898136 0.2870233 2.602839 -0.4013201 0.4188463 2.365602 -0.09129037 0.5271937 2.565307 -0.01378059 0.2847616 2.643034 -0.07242215 0.4011669 2.402369 -0.3609776 0.08872055 2.506696 -0.3464712 -0.339912 2.623559 -0.49945 -0.8057889 2.469594 -0.1565944 0.08322909 2.53236 -0.1487581 -0.3587272 2.594761 0.04631767 -0.7959574 2.441423 
-0.2496567 0.7517227 2.559042 -0.2538565 0.5314714 2.552509 -0.257004 0.3087925 2.537777 -0.412605 0.5350559 2.532247 -0.48641 0.2845069 2.552429 -0.3636168 0.4159934 2.326782 -0.09510785 0.5278869 2.572772 -0.007893112 0.2788844 2.602023 -0.1071419 0.4019273 2.379716 -0.3623248 0.08842076 2.510003 -0.348301 -0.3414026 2.626278 -0.4986291 -0.8105216 2.475685 -0.1579784 0.08380669 2.536085 -0.1514128 -0.3579005 2.600552 0.04511133 -0.8022556 2.445873 
-0.2522775 0.7518685 2.572554 -0.2559112 0.53234 2.561065 -0.2578957 0.3099658 2.542304 -0.4146365 0.5354886 2.540536 -0.4782036 0.2902501 2.496223 -0.3348526 0.4140201 2.275991 -0.0971859 0.5291914 2.581595 -0.007944282 0.2774448 2.550512 -0.1288927 0.401395 2.329882 -0.3620384 0.08961819 2.510329 -0.3617227 -0.3474714 2.589131 -0.4771355 -0.7923504 2.528698 -0.157722 0.08556522 2.536755 -0.1480274 -0.3564769 2.598476 0.04600472 -0.8011549 2.443734 
-0.2540733 0.7503968 2.5798 -0.2578259 0.5306432 2.565985 -0.2591371 0.308412 2.545298 -0.4169637 0.5331383 2.549267 -0.4621255 0.3001425 2.44361 -0.3090279 0.4195594 2.232183 -0.0986882 0.5281481 2.582702 -0.01549576 0.2892063 2.499244 -0.1454841 0.4085737 2.273213 -0.3629022 0.08778728 2.513848 -0.3543405 -0.3400659 2.630414 -0.4865763 -0.8051064 2.508203 -0.1579943 0.08457451 2.535374 -0.1494364 -0.3574773 2.597325 0.04409966 -0.8024451 2.444144 
