-0.1136348 0.7354879 2.753134 -0.1021105 0.517882 2.726399 -0.09324075 0.2967611 2.714339 -0.2680219 0.5125785 2.701617 -0.2602052 0.3613533 2.394706 -0.0837495 0.4591573 2.193259 0.06380071 0.5231855 2.751182 0.1333197 0.3374798 2.46571 0.01014539 0.3957188 2.215196 -0.1855062 0.07240739 2.687171 -0.2102734 -0.3664094 2.744479 -0.3173401 -0.8078469 2.680541 0.01676424 0.07887309 2.717385 0.06574985 -0.3615389 2.707885 0.1820512 -0.7511086 2.672693 
-0.1147367 0.730556 2.757707 -0.1035698 0.5166797 2.737082 -0.09411401 0.2955619 2.724765 -0.2681724 0.5114295 2.704967 -0.2373985 0.4081233 2.37431 -0.1142066 0.4690434 2.132602 0.06103273 0.5219298 2.769197 0.1064124 0.4003667 2.408333 0.02759464 0.4415891 2.140513 -0.1849952 0.07124381 2.692872 -0.2064646 -0.3690154 2.739744 -0.3154065 -0.8213047 2.679783 0.01567881 0.0776445 2.732025 0.064217 -0.3623733 2.710432 0.183746 -0.763347 2.677402 
-0.1124028 0.7298874 2.758789 -0.1006178 0.5171034 2.741514 -0.09010359 0.2959816 2.730101 -0.2651014 0.5109708 2.708802 -0.2387086 0.4320546 2.371142 -0.1426129 0.473574 2.116535 0.0638659 0.523236 2.774227 0.1076932 0.4396905 2.401166 0.05816515 0.4517142 2.125257 -0.179831 0.07112244 2.698752 -0.2033067 -0.3695688 2.740379 -0.3099442 -0.8199906 2.688657 0.02065212 0.07859723 2.738624 0.07066888 -0.3612571 2.715755 0.1883434 -0.7565292 2.677081 
-0.1111671 0.7247588 2.759111 -0.0986315 0.5100884 2.741447 -0.08805245 0.2891092 2.727551 -0.2648373 0.5034675 2.720202 -0.2749633 0.4515384 2.374788 -0.2226167 0.4773847 2.105629 0.06757431 0.5167093 2.762692 0.1646394 0.435895 2.41754 0.1561712 0.4665756 2.13852 -0.1788145 0.0640929 2.700702 -0.2097388 -0.3771881 2.728483 -0.3137696 -0.8219269 2.685695 0.02386768 0.07216687 2.72661 0.07120831 -0.3674731 2.695407 0.1861517 -0.7638084 2.663081 
-0.1117528 0.7266461 2.759497 -0.09885304 0.5106895 2.741718 -0.08823282 0.289743 2.727282 -0.2654369 0.5038926 2.723195 -0.3214864 0.4312723 2.402897 -0.2695605 0.4810251 2.130152 0.06773081 0.5174865 2.760241 0.2133154 0.4179442 2.444768 0.2085757 0.4747429 2.167325 -0.1791155 0.06465498 2.701559 -0.2075078 -0.3769387 2.727827 -0.3138091 -0.8189064 2.686577 0.02389032 0.072938 2.724132 0.06910411 -0.3669971 2.693499 0.1850141 -0.7588012 2.666088 
-0.111953 0.7316518 2.779697 -0.0984678 0.5156333 2.747329 -0.08774702 0.2959531 2.721951 -0.2650603 0.5097187 2.728153 -0.366216 0.4021217 2.415429 -0.30765 0.4956601 2.160788 0.06812471 0.5215481 2.766506 0.2536783 0.4024888 2.485908 0.2550571 0.4810738 2.21688 -0.178541 0.0726687 2.684888 -0.2043062 -0.3693327 2.706704 -0.3101229 -0.8087164 2.669695 0.02448848 0.07987708 2.708258 0.06766496 -0.3598963 2.672866 0.1850463 -0.7518511 2.6529 
-0.1045654 0.7272196 2.748858 -0.09466089 0.5000816 2.733024 -0.08644554 0.2793245 2.716422 -0.2606089 0.4957471 2.708544 -0.4401014 0.3528153 2.500093 -0.4085047 0.502194 2.267461 0.07128707 0.5044161 2.757505 0.2986245 0.3543372 2.580953 0.3375901 0.4978651 2.339269 -0.179291 0.05592775 2.684911 -0.2004639 -0.3840243 2.731013 -0.3079659 -0.8145108 2.690266 0.02283059 0.06120717 2.714728 0.07481195 -0.376741 2.680606 0.1861107 -0.754133 2.673445 
-0.1033022 0.7285981 2.743886 -0.09379541 0.505056 2.73 -0.08553714 0.28414 2.714666 -0.259596 0.5006346 2.704407 -0.4515539 0.3419107 2.556034 -0.423142 0.4994324 2.325331 0.07200523 0.5094774 2.755594 0.3013068 0.3356664 2.624476 0.3574834 0.499129 2.404031 -0.1782925 0.06053032 2.683739 -0.2009429 -0.379579 2.729952 -0.3122127 -0.8115928 2.684905 0.0237348 0.06591783 2.714924 0.07199079 -0.3731319 2.683314 0.1837499 -0.7532777 2.670505 
-0.09973826 0.7270782 2.725155 -0.09217402 0.5072701 2.718186 -0.08465122 0.2859674 2.70875 -0.2579339 0.5027431 2.692204 -0.4273877 0.3277307 2.682996 -0.4439104 0.5048028 2.463934 0.07358588 0.5117971 2.744167 0.2715767 0.320665 2.729358 0.3350216 0.4900766 2.51547 -0.1781519 0.06190561 2.683481 -0.2020549 -0.3762452 2.745701 -0.3132504 -0.8186832 2.685142 0.02389512 0.06742361 2.71515 0.0673923 -0.3718563 2.675685 0.1830309 -0.7570831 2.671309 
-0.1000427 0.7222968 2.723026 -0.09221631 0.5049546 2.715636 -0.08521683 0.2835582 2.707715 -0.2578632 0.5006746 2.688891 -0.3986935 0.33937 2.728984 -0.4246046 0.5026534 2.504698 0.07343056 0.5092346 2.742382 0.2407872 0.3108287 2.762673 0.2996074 0.4896998 2.546688 -0.1791797 0.05955307 2.683492 -0.203167 -0.380557 2.726415 -0.3133012 -0.8178759 2.685909 0.02274497 0.06477042 2.716095 0.06647275 -0.3745084 2.675957 0.1807041 -0.7622794 2.674874 
-0.1044656 0.7211267 2.721884 -0.09681311 0.5023862 2.713765 -0.08922809 0.2809667 2.706751 -0.2623167 0.4975889 2.68623 -0.3758546 0.2880807 2.760049 -0.3768665 0.4700366 2.54397 0.06869052 0.5071836 2.7413 0.2068845 0.2939178 2.770837 0.2486466 0.4854645 2.560068 -0.1825213 0.05662309 2.682954 -0.2093258 -0.3840104 2.720741 -0.3174787 -0.8231895 2.682919 0.01923514 0.06247124 2.716521 0.06388403 -0.3771367 2.681109 0.1754184 -0.7561153 2.672402 
-0.1072437 0.7211665 2.720886 -0.1001538 0.5033568 2.711751 -0.09446591 0.2818574 2.705547 -0.2652192 0.4999615 2.681641 -0.3611448 0.2416876 2.766223 -0.3250822 0.4352705 2.562562 0.06491161 0.5067521 2.741862 0.1829381 0.2774512 2.761402 0.1908208 0.4804896 2.557448 -0.1894044 0.05828806 2.680987 -0.2171729 -0.382264 2.720635 -0.3204437 -0.817967 2.683264 0.01184832 0.06242777 2.717699 0.0596645 -0.3771666 2.686463 0.1725842 -0.7549495 2.671679 
-0.1111751 0.7237581 2.719866 -0.1051196 0.5046648 2.715278 -0.09961011 0.2830842 2.713294 -0.2707139 0.5007877 2.688445 -0.335765 0.2301582 2.673546 -0.2237196 0.4197128 2.50467 0.06047462 0.508542 2.74211 0.1610043 0.256878 2.690092 0.09222824 0.4587173 2.501758 -0.195059 0.05913971 2.69495 -0.2201352 -0.3818482 2.73179 -0.3141825 -0.8189991 2.690887 0.006857796 0.06386731 2.727669 0.06547514 -0.3747099 2.701087 0.1822484 -0.7578825 2.672782 
-0.1119185 0.7239839 2.72938 -0.1052913 0.5054787 2.721642 -0.09993187 0.283925 2.7175 -0.2717869 0.5018129 2.70229 -0.3129314 0.244114 2.604277 -0.1862735 0.4347709 2.444118 0.06120425 0.5091444 2.740995 0.1484544 0.253902 2.637551 0.04773466 0.4430732 2.448102 -0.1961436 0.0601351 2.701551 -0.2215839 -0.3807221 2.740324 -0.3156967 -0.8188425 2.68839 0.006998689 0.06460764 2.725163 0.06508975 -0.374213 2.70101 0.1828904 -0.7588657 2.669075 
-0.112288 0.731173 2.766526 -0.1044566 0.5126822 2.740984 -0.09952691 0.2915881 2.726917 -0.2710931 0.510213 2.721397 -0.2854772 0.2840275 2.500319 -0.1400582 0.4441219 2.315716 0.06217984 0.5151514 2.760571 0.1293666 0.2754762 2.542154 0.00535434 0.4318442 2.32522 -0.1961383 0.0689895 2.700913 -0.2171098 -0.3712388 2.748519 -0.3149076 -0.8111629 2.684105 0.006943912 0.07199866 2.724784 0.06744711 -0.3670194 2.716796 0.1817001 -0.7594698 2.67564 
-0.1107033 0.7317957 2.773231 -0.1023864 0.5145981 2.744739 -0.09768073 0.293477 2.730386 -0.2690178 0.5123417 2.724869 -0.2657185 0.3200292 2.468659 -0.1306504 0.4402674 2.253527 0.06424491 0.5168545 2.764608 0.1111983 0.3142209 2.50062 -0.004261452 0.4321553 2.262858 -0.1945277 0.07098067 2.703925 -0.2126072 -0.3693208 2.752236 -0.3124247 -0.8153578 2.68585 0.00857761 0.07373098 2.728143 0.07382318 -0.3646621 2.726583 0.1843268 -0.7579735 2.677049 
