-0.09352254 0.7273024 2.776364 -0.09314742 0.5101318 2.751898 -0.09471522 0.2890199 2.736717 -0.2605851 0.5120643 2.741045 -0.2390667 0.3747394 2.429403 -0.1422017 0.4595463 2.187164 0.07429028 0.5081994 2.762752 0.09382984 0.3867461 2.450491 0.00273069 0.4701229 2.197769 -0.1983579 0.06908603 2.714921 -0.2024754 -0.3734891 2.736895 -0.3098009 -0.8183237 2.685829 0.005791863 0.06672989 2.728154 0.07289945 -0.370865 2.705616 0.1905414 -0.7553878 2.680263 
-0.0931855 0.7318162 2.787644 -0.08946247 0.5150681 2.761575 -0.08777501 0.2943318 2.742179 -0.256776 0.5149134 2.748779 -0.2360137 0.4223477 2.411741 -0.1683889 0.4737011 2.150941 0.07785107 0.5152228 2.77437 0.1069372 0.4353918 2.439244 0.03889831 0.4698399 2.17231 -0.18807 0.07350131 2.714984 -0.1954649 -0.3693606 2.730101 -0.3054959 -0.8146134 2.682826 0.01589487 0.07368985 2.730583 0.07772673 -0.3641723 2.70056 0.1936212 -0.7499011 2.675359 
-0.09344654 0.7332225 2.793761 -0.08773335 0.5181231 2.767145 -0.08416343 0.297704 2.744543 -0.255117 0.5166434 2.755139 -0.2615179 0.4511785 2.402879 -0.2116761 0.481322 2.133154 0.07965031 0.5196029 2.779152 0.1504586 0.4666913 2.436609 0.1051534 0.4691109 2.161846 -0.1826089 0.07638299 2.714623 -0.1951765 -0.3664251 2.729545 -0.3104436 -0.8156435 2.682514 0.02142189 0.07818671 2.729258 0.07130344 -0.3605736 2.692889 0.189257 -0.7539195 2.671108 
-0.09321331 0.7242279 2.787813 -0.08689682 0.5092402 2.76349 -0.08225227 0.2886605 2.742417 -0.2543038 0.5068346 2.751775 -0.3052609 0.4485856 2.414931 -0.269409 0.4909777 2.136714 0.08051015 0.5116457 2.775206 0.1947265 0.4513511 2.449299 0.1793282 0.4705643 2.169952 -0.1796401 0.06661461 2.714202 -0.1944859 -0.3762913 2.719582 -0.311963 -0.8270281 2.684526 0.02442469 0.06954698 2.728483 0.06787718 -0.3697036 2.688968 0.1863683 -0.7668508 2.671936 
-0.09577484 0.7262517 2.783836 -0.08836573 0.510352 2.762061 -0.08262612 0.289721 2.741606 -0.255769 0.5070783 2.750399 -0.3541418 0.4307838 2.425458 -0.3346644 0.5074822 2.150187 0.07903758 0.5136257 2.773723 0.2453511 0.4326857 2.467143 0.2533256 0.4802845 2.193363 -0.1789204 0.06709456 2.714042 -0.1996477 -0.3756154 2.713717 -0.3147408 -0.8171536 2.68482 0.02514737 0.07108522 2.728259 0.06771465 -0.3677946 2.683326 0.1834049 -0.7535655 2.672139 
-0.09629802 0.7269663 2.770893 -0.08867262 0.510971 2.754484 -0.08252498 0.2901054 2.736965 -0.25591 0.5074015 2.740798 -0.4095886 0.4099045 2.457225 -0.4020083 0.5353438 2.20109 0.07856478 0.5145404 2.768169 0.2926575 0.4053294 2.518075 0.3219572 0.5168215 2.268185 -0.1783185 0.06706405 2.711104 -0.1989937 -0.3755572 2.719639 -0.3156161 -0.8188535 2.681059 0.02556388 0.07141562 2.727789 0.06625552 -0.3674786 2.680749 0.1832687 -0.7557161 2.672219 
-0.09188148 0.7200971 2.744901 -0.08596599 0.50338 2.739318 -0.08089626 0.282131 2.729555 -0.2530987 0.5002138 2.724283 -0.4448268 0.379476 2.511113 -0.4304572 0.5462778 2.280046 0.08116673 0.5065461 2.754354 0.3217979 0.3811404 2.580025 0.3619912 0.5259861 2.338777 -0.177698 0.05895207 2.710627 -0.1971062 -0.3833741 2.729405 -0.3159766 -0.8270154 2.683518 0.02604494 0.06281175 2.728956 0.06568805 -0.3757079 2.677588 0.1839311 -0.7621345 2.672515 
-0.09162607 0.7193093 2.732404 -0.08539183 0.501801 2.730353 -0.08007407 0.2803845 2.72386 -0.252369 0.4982776 2.71375 -0.4604284 0.363249 2.574552 -0.4648668 0.5436749 2.356991 0.08158527 0.5053245 2.746955 0.3253833 0.3660588 2.641515 0.3887148 0.5386486 2.418413 -0.1765349 0.05682036 2.707247 -0.1980723 -0.3853181 2.729696 -0.3146004 -0.8210682 2.679628 0.02702232 0.06111564 2.727487 0.06914683 -0.3763943 2.670019 0.1857307 -0.7594759 2.670206 
-0.09421428 0.7232601 2.725682 -0.08826642 0.5048124 2.722953 -0.08322398 0.2833447 2.716256 -0.2552448 0.5015159 2.706242 -0.4596832 0.3521494 2.638786 -0.4787193 0.5526824 2.444873 0.07871199 0.5081088 2.739664 0.3082208 0.3505049 2.709791 0.3884079 0.5373765 2.495597 -0.1799564 0.05986777 2.699373 -0.2018151 -0.3808488 2.738397 -0.3187887 -0.815414 2.675629 0.02359328 0.0638862 2.719745 0.06336559 -0.3743197 2.665873 0.1799638 -0.7521258 2.663599 
-0.0963227 0.7246945 2.711796 -0.090513 0.5065407 2.713912 -0.08621275 0.2849824 2.710407 -0.2576992 0.5035237 2.699508 -0.4328191 0.3340587 2.7059 -0.4702441 0.5486494 2.530011 0.07667317 0.5095576 2.728317 0.2696328 0.3412699 2.757395 0.350422 0.5367685 2.547383 -0.1838259 0.06158499 2.69812 -0.2015354 -0.379353 2.738592 -0.3195782 -0.8164984 2.682469 0.02000092 0.06526315 2.715681 0.06445161 -0.3730996 2.667241 0.1795688 -0.7525867 2.664592 
-0.09444437 0.7150214 2.694865 -0.09082993 0.4988488 2.703311 -0.08802897 0.27734 2.706433 -0.258251 0.496574 2.692117 -0.3898457 0.3314822 2.736475 -0.4270575 0.5435139 2.577849 0.07659112 0.5011236 2.714504 0.2243803 0.3221846 2.787198 0.2820689 0.5200512 2.571274 -0.1872908 0.0544445 2.702732 -0.2027412 -0.3859983 2.74959 -0.3203512 -0.8257594 2.684471 0.01683481 0.057218 2.716379 0.0638723 -0.3814708 2.673678 0.1779017 -0.7630172 2.670521 
-0.09256945 0.7157632 2.686895 -0.09136023 0.4977962 2.698521 -0.08995065 0.2763103 2.704954 -0.2589183 0.4964618 2.68929 -0.3655696 0.3034447 2.731764 -0.3804123 0.5307876 2.573242 0.07619776 0.4991307 2.707753 0.1992105 0.2891071 2.789597 0.2187001 0.5023037 2.587254 -0.1906693 0.05401102 2.70576 -0.2073901 -0.3869692 2.747226 -0.3208956 -0.8192738 2.681452 0.01358721 0.05563772 2.717013 0.06610282 -0.3821799 2.671802 0.1777324 -0.7610378 2.673026 
-0.09738841 0.716615 2.692427 -0.09668162 0.4977611 2.699328 -0.09593911 0.2761879 2.703906 -0.2642784 0.497016 2.690445 -0.3535092 0.252052 2.729206 -0.3344149 0.4841477 2.570692 0.07091521 0.4985062 2.708211 0.1930252 0.2461201 2.77871 0.16326 0.4605761 2.583427 -0.197343 0.05416058 2.703071 -0.2124741 -0.3864635 2.749021 -0.3239412 -0.8182797 2.682021 0.006949733 0.05506885 2.713898 0.06357908 -0.3830748 2.678868 0.1753214 -0.7592895 2.669068 
-0.1027509 0.7179261 2.707514 -0.0997446 0.49917 2.708625 -0.09883048 0.2775574 2.709716 -0.2674472 0.4984459 2.702044 -0.339404 0.2310367 2.645797 -0.2355329 0.4389437 2.491 0.06795802 0.4998942 2.715206 0.1704795 0.2302564 2.678664 0.05855997 0.4125032 2.49591 -0.2001431 0.05550336 2.706796 -0.2121704 -0.3867327 2.733097 -0.3136964 -0.8148855 2.685029 0.004310422 0.05638617 2.714819 0.07141916 -0.380205 2.678206 0.1822346 -0.7577435 2.669457 
-0.09986206 0.7169513 2.713198 -0.09924145 0.4985071 2.71152 -0.100462 0.2768756 2.712514 -0.2669994 0.4994105 2.70693 -0.3196996 0.248521 2.572914 -0.2001201 0.4413692 2.411474 0.06851652 0.4976038 2.716111 0.1527416 0.2486262 2.608342 0.02037621 0.4211935 2.424224 -0.2039433 0.05579474 2.710709 -0.2182693 -0.386255 2.740007 -0.3166884 -0.8162475 2.690011 0.0005780904 0.05469342 2.716305 0.06617761 -0.3828668 2.691927 0.1792957 -0.7597979 2.675139 
-0.1034502 0.7224841 2.741725 -0.1022611 0.5024409 2.720507 -0.1033769 0.2810107 2.712598 -0.270087 0.5033452 2.718869 -0.2837025 0.3104016 2.477236 -0.1588537 0.4461839 2.262312 0.0655649 0.5015366 2.722146 0.1086572 0.3003856 2.488835 -0.02408614 0.4391025 2.277342 -0.2067834 0.06013176 2.703691 -0.2150382 -0.3820479 2.734282 -0.3156434 -0.8136311 2.678406 -0.002202129 0.0590294 2.705688 0.07406625 -0.3774197 2.698975 0.1821015 -0.7532673 2.665189 
