-0.1074123 0.7272431 2.745035 -0.1034766 0.5092753 2.718083 -0.09958737 0.2881897 2.705143 -0.2705194 0.507291 2.701781 -0.3245377 0.3449249 2.484615 -0.1596011 0.4289678 2.269984 0.06356627 0.5112596 2.734386 0.1306276 0.3223102 2.489651 -0.006083725 0.4320064 2.268579 -0.1975169 0.06589463 2.682266 -0.234081 -0.3724392 2.736817 -0.3203492 -0.8175935 2.67571 0.00612058 0.06831357 2.70214 0.07275542 -0.3695337 2.717616 0.1835417 -0.7626444 2.671526 
-0.1076114 0.732527 2.77247 -0.1023391 0.5203062 2.736433 -0.09847558 0.3002546 2.712952 -0.2677175 0.5202464 2.709782 -0.3059256 0.3792206 2.457763 -0.1753543 0.4205872 2.222289 0.06303932 0.5203659 2.763084 0.1126403 0.3709079 2.469384 0.004143226 0.4280314 2.228492 -0.1956185 0.08016661 2.673194 -0.2301083 -0.3586607 2.725516 -0.3170681 -0.8079918 2.670946 0.006394284 0.08023955 2.705749 0.07001615 -0.3582571 2.716656 0.1838037 -0.7523957 2.676001 
-0.1066991 0.7404159 2.786705 -0.09833694 0.5291813 2.74819 -0.0917556 0.3095782 2.720424 -0.263303 0.5280099 2.718354 -0.2744238 0.4205768 2.412919 -0.1829619 0.428257 2.156382 0.06662908 0.5303527 2.778027 0.0993602 0.4214879 2.422703 0.01896672 0.4356159 2.161972 -0.1856463 0.08926166 2.674486 -0.2132379 -0.3491026 2.733727 -0.3070431 -0.8116933 2.68373 0.01529779 0.09068847 2.710829 0.07696407 -0.3482169 2.715895 0.1915308 -0.7510665 2.677334 
-0.1089887 0.7367731 2.79833 -0.09774402 0.5287479 2.756781 -0.08887026 0.309615 2.725009 -0.2637397 0.5255011 2.732812 -0.2898893 0.4611689 2.375976 -0.2396577 0.4357222 2.100445 0.06825172 0.5319946 2.78075 0.1193092 0.4746002 2.379651 0.07742618 0.4538875 2.103924 -0.1811656 0.08850329 2.678629 -0.2134984 -0.3507218 2.728642 -0.3137672 -0.8191825 2.683291 0.02117257 0.09246088 2.707846 0.06523944 -0.3483668 2.698476 0.1851967 -0.7605075 2.667867 
-0.1075355 0.7335334 2.789116 -0.09654381 0.5232871 2.752822 -0.08807793 0.3035845 2.725146 -0.2632317 0.5190973 2.735094 -0.3238635 0.4685279 2.386986 -0.2767513 0.4382874 2.107087 0.07014406 0.5274768 2.77055 0.1592301 0.4838612 2.39234 0.1251328 0.462728 2.112116 -0.1812558 0.08132712 2.686659 -0.2130027 -0.358259 2.734239 -0.3159091 -0.8262669 2.691107 0.02203168 0.08643686 2.708281 0.06335627 -0.354718 2.697116 0.184174 -0.7674742 2.67196 
-0.1081191 0.7338105 2.784497 -0.09752613 0.5220379 2.749376 -0.08876755 0.3022088 2.722514 -0.2646944 0.5167868 2.737843 -0.3719156 0.4537546 2.418484 -0.3194653 0.4396072 2.140682 0.0696421 0.5272889 2.760909 0.2351295 0.490943 2.535168 0.1965091 0.4497223 2.256676 -0.1819238 0.07917825 2.688621 -0.212202 -0.361252 2.728299 -0.3187012 -0.8217335 2.680483 0.02190585 0.08558103 2.702683 0.06211885 -0.3556438 2.688544 0.1839987 -0.7625462 2.66467 
-0.1107166 0.7315505 2.771684 -0.09946496 0.5189004 2.741609 -0.09035946 0.2987112 2.718058 -0.2668924 0.5127109 2.734745 -0.421409 0.4398455 2.471728 -0.3636411 0.4465939 2.196979 0.06796252 0.5250899 2.748473 0.2731098 0.4725092 2.617085 0.239277 0.4424269 2.337646 -0.183286 0.07475019 2.690323 -0.215923 -0.3658213 2.726824 -0.3183926 -0.8242287 2.679968 0.02077807 0.08229401 2.698689 0.05912921 -0.3590968 2.683575 0.1839177 -0.766127 2.669646 
-0.1091424 0.7260458 2.722573 -0.1000094 0.5116404 2.714573 -0.09172006 0.2904629 2.706736 -0.2676496 0.5055004 2.710543 -0.4690598 0.3954318 2.618185 -0.3942081 0.4512872 2.354747 0.06763083 0.5177805 2.718602 0.2943171 0.4209101 2.674271 0.2553124 0.4326285 2.391511 -0.1855829 0.06554387 2.696443 -0.2132542 -0.3758447 2.726923 -0.3206726 -0.8262458 2.677631 0.01872144 0.07302684 2.701354 0.06411369 -0.3674611 2.681047 0.1833535 -0.7670926 2.670662 
-0.1050454 0.723501 2.682594 -0.09810739 0.5088173 2.692305 -0.09056848 0.2875814 2.698942 -0.265613 0.502867 2.684226 -0.4533337 0.375657 2.711792 -0.4130639 0.4601512 2.441778 0.06939825 0.5147677 2.700384 0.2727636 0.3854241 2.749312 0.2524928 0.417234 2.470184 -0.1851421 0.06271815 2.700654 -0.2137605 -0.378845 2.728028 -0.3164075 -0.8198896 2.679954 0.01908292 0.06997286 2.710503 0.06745946 -0.3702209 2.689884 0.1824503 -0.7648884 2.673902 
-0.1076526 0.7267597 2.680269 -0.09840436 0.5101641 2.687943 -0.09008071 0.2888219 2.693409 -0.2658076 0.503626 2.678111 -0.3933268 0.3409417 2.766518 -0.4118357 0.4443049 2.505893 0.06899889 0.5167021 2.697775 0.2498856 0.3842188 2.792166 0.2356118 0.4047585 2.509589 -0.1837873 0.06349489 2.692882 -0.2127009 -0.378022 2.72083 -0.315479 -0.8194094 2.671836 0.02027315 0.07146461 2.704867 0.06837683 -0.3686761 2.682331 0.1838825 -0.7615888 2.66642 
-0.1079864 0.7281342 2.679079 -0.0997978 0.5112103 2.685372 -0.09257545 0.2897932 2.691452 -0.2672331 0.5054732 2.675336 -0.3461502 0.3209816 2.791249 -0.3867666 0.4352985 2.539841 0.06763747 0.5169474 2.695407 0.208956 0.3560997 2.816576 0.202118 0.3874546 2.530012 -0.187402 0.0648794 2.691415 -0.2166512 -0.3764455 2.721893 -0.3205216 -0.8187124 2.678329 0.01669578 0.07187268 2.703648 0.06203944 -0.3688141 2.688411 0.17825 -0.7626293 2.669803 
-0.1048688 0.724546 2.679657 -0.09688409 0.5087069 2.68481 -0.09051147 0.2872688 2.692412 -0.263979 0.5033975 2.670224 -0.322293 0.272752 2.763048 -0.3174172 0.4118145 2.5196 0.07021084 0.5140163 2.699396 0.1642829 0.292889 2.778391 0.1231308 0.3683257 2.505431 -0.1860034 0.06259387 2.691121 -0.2190993 -0.3785668 2.719757 -0.3160059 -0.8199136 2.681994 0.01772565 0.06906738 2.708905 0.06847076 -0.3711752 2.698164 0.1833886 -0.7664618 2.673951 
-0.1055772 0.7240145 2.68927 -0.0975145 0.5058564 2.690154 -0.09154692 0.2843333 2.693921 -0.2644678 0.5010802 2.673773 -0.3331245 0.2593621 2.709019 -0.2809716 0.4017526 2.480911 0.06943884 0.5106325 2.706534 0.1651609 0.2674602 2.736204 0.08629076 0.3739105 2.482839 -0.1873382 0.05989918 2.687705 -0.2231256 -0.3808021 2.719837 -0.3204601 -0.8229516 2.675438 0.01617954 0.06572133 2.707673 0.06702941 -0.3743742 2.692156 0.1791999 -0.7682309 2.672161 
-0.1060137 0.7240646 2.705096 -0.09882206 0.50581 2.699531 -0.09499269 0.2842441 2.698792 -0.2659692 0.5029703 2.684807 -0.3480819 0.2636983 2.636506 -0.2451701 0.3988869 2.425124 0.0683251 0.5086497 2.714255 0.161058 0.2632123 2.669133 0.04695603 0.3834731 2.436222 -0.1930483 0.06094713 2.689077 -0.2282473 -0.3795702 2.724322 -0.3262803 -0.8200899 2.680795 0.01072166 0.06440904 2.707027 0.06439079 -0.3755077 2.700029 0.1758813 -0.768747 2.671551 
-0.1101754 0.7248337 2.732486 -0.102278 0.5090455 2.713448 -0.09727348 0.2879713 2.702521 -0.2696088 0.5058701 2.701056 -0.348614 0.2819019 2.567254 -0.2170569 0.3977294 2.357451 0.06505287 0.5122208 2.72584 0.1544593 0.2760509 2.601049 0.02190027 0.3928369 2.372593 -0.1942628 0.06496163 2.68404 -0.2201705 -0.375206 2.728341 -0.3204831 -0.8180436 2.676149 0.009724784 0.0688326 2.699146 0.06785513 -0.3705626 2.698613 0.1811983 -0.764304 2.663715 
