-0.1118646 0.7279323 2.754885 -0.1018146 0.506014 2.730724 -0.09319024 0.285072 2.718093 -0.268903 0.5003318 2.716029 -0.3313085 0.3189846 2.495572 -0.1698271 0.3886276 2.272119 0.0652738 0.5116962 2.745419 0.1455154 0.3230924 2.522574 0.001597809 0.3920143 2.292304 -0.186415 0.06066644 2.696506 -0.2196411 -0.380555 2.720386 -0.3128532 -0.8144131 2.674478 0.01728329 0.06759357 2.71442 0.07201973 -0.372034 2.699349 0.1817953 -0.7557124 2.665424 
-0.1109916 0.7254139 2.756381 -0.1018073 0.5059077 2.736102 -0.09398504 0.2847116 2.726204 -0.2687923 0.5007209 2.72005 -0.3056644 0.3510019 2.458279 -0.1542746 0.3928494 2.218953 0.06517758 0.5110946 2.752155 0.1217479 0.3545367 2.475279 -0.003813736 0.4074135 2.231161 -0.1879428 0.06035401 2.706522 -0.2224752 -0.3793813 2.746819 -0.3141389 -0.8171455 2.695506 0.01561731 0.066677 2.726091 0.07509334 -0.3723907 2.724682 0.1796457 -0.7600942 2.682859 
-0.1143667 0.7274901 2.768645 -0.1043228 0.5097634 2.74413 -0.09592752 0.2886641 2.731792 -0.2711526 0.5044087 2.72657 -0.2753217 0.3909923 2.420144 -0.1455496 0.4105539 2.168982 0.06250699 0.5151182 2.76169 0.09488287 0.3992773 2.434649 -0.004346825 0.4269978 2.175718 -0.1892198 0.06430086 2.708751 -0.2237568 -0.3764383 2.736529 -0.313068 -0.8109637 2.687982 0.01415537 0.07082869 2.730158 0.07630634 -0.3677116 2.718215 0.1801994 -0.7554431 2.677168 
-0.1177097 0.7237796 2.77659 -0.1066647 0.5107089 2.756038 -0.09799317 0.2896542 2.742213 -0.2735462 0.5052337 2.73891 -0.2513329 0.4519962 2.375818 -0.1609649 0.4464217 2.106585 0.06021674 0.5161842 2.773166 0.08497172 0.4610701 2.379154 0.03297162 0.4592517 2.102211 -0.1910401 0.06526213 2.717948 -0.2248346 -0.3762516 2.737284 -0.3155355 -0.8183309 2.690361 0.01239691 0.07193669 2.738828 0.07601847 -0.3663085 2.720865 0.1821603 -0.766472 2.678659 
-0.1187641 0.7228089 2.777739 -0.1078435 0.5097305 2.75731 -0.09893053 0.2887523 2.742343 -0.2749477 0.5039707 2.742837 -0.2571762 0.4770043 2.365414 -0.1877324 0.4575488 2.090624 0.0592606 0.5154903 2.771782 0.1039767 0.4755283 2.378572 0.06559023 0.4659979 2.094699 -0.1918849 0.0642629 2.718553 -0.2256859 -0.3775091 2.730921 -0.314945 -0.8174894 2.686322 0.01184995 0.07128529 2.736198 0.07862201 -0.366309 2.713485 0.1806586 -0.772223 2.672608 
-0.119449 0.7257543 2.778816 -0.1085029 0.511974 2.757935 -0.09963612 0.2910924 2.741549 -0.2757789 0.5061695 2.745662 -0.2785976 0.4910085 2.362716 -0.2229563 0.4660299 2.084266 0.05877315 0.5177785 2.770208 0.1359795 0.4827567 2.383284 0.1082675 0.4670961 2.099376 -0.1927316 0.06667273 2.717683 -0.2230871 -0.3754522 2.727476 -0.3158998 -0.8153315 2.683491 0.01119294 0.07374884 2.732645 0.07561053 -0.3644697 2.715633 0.1804678 -0.7593256 2.672064 
-0.1194511 0.7264972 2.77937 -0.1084981 0.5119282 2.757061 -0.09962238 0.2911419 2.739415 -0.2758168 0.5061508 2.745188 -0.3218006 0.4920045 2.376379 -0.266648 0.4718343 2.095889 0.05882067 0.5177056 2.768933 0.1511348 0.4773646 2.497117 0.1167011 0.4745225 2.209298 -0.1927257 0.06683434 2.714533 -0.2193976 -0.3753832 2.729379 -0.3155074 -0.816704 2.680031 0.01123234 0.07387688 2.729006 0.07278633 -0.3648216 2.712744 0.1821069 -0.7617702 2.671162 
-0.1206156 0.7292817 2.77914 -0.1094643 0.5143145 2.755976 -0.1002055 0.2936471 2.737075 -0.2768213 0.5082567 2.74472 -0.3699066 0.4835 2.409208 -0.3126229 0.4766971 2.128798 0.05789268 0.5203723 2.767233 0.209147 0.4569745 2.499706 0.2010469 0.4507881 2.212429 -0.1929534 0.0692874 2.711313 -0.2194916 -0.3728721 2.728886 -0.3144744 -0.8139774 2.680858 0.01106006 0.07667211 2.725035 0.07060307 -0.3620234 2.702746 0.1823546 -0.7596539 2.669911 
-0.1165779 0.7251965 2.748714 -0.1061861 0.5079746 2.740301 -0.09722568 0.286741 2.731211 -0.2733549 0.5017655 2.726632 -0.4554973 0.450391 2.50754 -0.3708902 0.4805984 2.236403 0.06098279 0.5141837 2.75397 0.291016 0.4544774 2.583174 0.2561693 0.459782 2.298729 -0.1901638 0.06172264 2.71379 -0.2133482 -0.3785153 2.755822 -0.3137292 -0.8187866 2.679756 0.01363322 0.06929222 2.730454 0.06685788 -0.369303 2.695498 0.1825677 -0.7696343 2.673955 
-0.1156141 0.7249384 2.73481 -0.1054812 0.5080083 2.731738 -0.09665249 0.2866451 2.725946 -0.2725505 0.5017329 2.716912 -0.4847597 0.4252038 2.570762 -0.3903421 0.4768087 2.306193 0.06158803 0.5142837 2.746563 0.3039968 0.45023 2.647084 0.2664033 0.4618879 2.362476 -0.1896576 0.06145694 2.711117 -0.2143757 -0.3798594 2.738471 -0.3137565 -0.8196846 2.678713 0.01401008 0.06910703 2.729191 0.06443363 -0.3695852 2.690742 0.181844 -0.7630004 2.671728 
-0.1134884 0.7306412 2.736865 -0.1032924 0.5135138 2.728076 -0.0945869 0.2923826 2.716951 -0.2702118 0.5077761 2.711506 -0.48835 0.3925827 2.645876 -0.4128482 0.4802433 2.386758 0.0636271 0.5192516 2.744645 0.2960248 0.4361367 2.712052 0.2678089 0.4567178 2.431506 -0.187628 0.0677539 2.695727 -0.2110224 -0.3742167 2.715706 -0.3105882 -0.811407 2.668807 0.01586516 0.07474884 2.715927 0.06403292 -0.3638817 2.673722 0.1840973 -0.7557709 2.659239 
-0.1103855 0.7297121 2.71738 -0.1004124 0.5118091 2.71657 -0.09189402 0.2904834 2.711285 -0.2671931 0.5058163 2.698721 -0.460697 0.3608074 2.718431 -0.4114771 0.4842014 2.471672 0.06636836 0.517802 2.734419 0.2694902 0.406551 2.775527 0.2357985 0.448951 2.501082 -0.1850331 0.06550498 2.695121 -0.2106808 -0.3760304 2.72254 -0.3067447 -0.8181148 2.684985 0.01828186 0.07281063 2.71688 0.06426875 -0.3666454 2.68167 0.1850122 -0.7656332 2.674207 
-0.1074872 0.7317338 2.707639 -0.09846881 0.5127047 2.710256 -0.0900822 0.2912813 2.708155 -0.26516 0.5065682 2.691598 -0.4173557 0.3364091 2.764206 -0.3897066 0.4836563 2.525732 0.0682224 0.5188413 2.728914 0.2392374 0.3722699 2.81926 0.1929084 0.4457332 2.550257 -0.1832973 0.06611761 2.694682 -0.2128029 -0.3754721 2.718393 -0.3074088 -0.8153093 2.685857 0.01990612 0.07359833 2.717427 0.0642807 -0.3662175 2.684172 0.1839411 -0.7650694 2.674179 
-0.106792 0.7240689 2.681588 -0.09816863 0.5057158 2.696564 -0.09037954 0.2844993 2.705471 -0.2650398 0.4991653 2.679799 -0.3633359 0.2856003 2.768052 -0.3385062 0.4594702 2.550649 0.06870258 0.5122664 2.713329 0.1823119 0.3280697 2.823312 0.1300503 0.4243855 2.56402 -0.1843098 0.05928973 2.704158 -0.2150852 -0.3825081 2.714256 -0.3223943 -0.8291781 2.673522 0.01912886 0.06727576 2.724597 0.06517588 -0.3718252 2.685091 0.1797235 -0.7709675 2.671755 
-0.107189 0.7220127 2.680239 -0.09916741 0.5041976 2.69628 -0.09184237 0.2829794 2.706972 -0.265916 0.4978052 2.678261 -0.3646724 0.2668055 2.732013 -0.3011087 0.4467271 2.523151 0.06758117 0.5105898 2.7143 0.1886507 0.3035286 2.784152 0.09890081 0.423835 2.542607 -0.1861554 0.057865 2.70668 -0.2179065 -0.384066 2.71594 -0.3219949 -0.8261657 2.677562 0.0171207 0.06565761 2.728647 0.06333978 -0.3734466 2.688924 0.1777858 -0.7657246 2.677382 
-0.1108904 0.7230099 2.689084 -0.1023089 0.5047027 2.701598 -0.09461314 0.2833872 2.710557 -0.2687081 0.4980751 2.68081 -0.3658212 0.2693922 2.666509 -0.2576756 0.4416647 2.468864 0.06409026 0.5113303 2.722386 0.1923382 0.2992766 2.712085 0.06179762 0.4221838 2.489557 -0.1883543 0.05803159 2.706842 -0.2167476 -0.3836549 2.727791 -0.3227646 -0.8256998 2.677189 0.01451951 0.06611197 2.732187 0.06420379 -0.3727245 2.693648 0.1792965 -0.7661021 2.676718 
-0.1120509 0.7261636 2.703966 -0.1032703 0.5071231 2.707983 -0.09563294 0.2856918 2.71277 -0.2697406 0.500939 2.68752 -0.3649143 0.2921999 2.590256 -0.2171239 0.4327256 2.394554 0.06319997 0.5133072 2.728446 0.1811644 0.3056348 2.632051 0.03267497 0.4216611 2.41543 -0.189457 0.06049144 2.705085 -0.2191083 -0.3813519 2.72336 -0.32241 -0.8214817 2.671246 0.01346576 0.06802965 2.730029 0.06460015 -0.3706716 2.691669 0.1818918 -0.7608541 2.669928 
