-0.2610376 0.7568937 2.596388 -0.2535933 0.543434 2.563527 -0.2473225 0.3225442 2.533796 -0.4121492 0.5418879 2.541569 -0.4973669 0.3850172 2.39044 -0.3060737 0.4654233 2.196136 -0.09503745 0.54498 2.585484 0.03686833 0.3732931 2.455832 -0.1278316 0.445723 2.223294 -0.3431018 0.1006593 2.489933 -0.3605531 -0.3333042 2.592869 -0.5013029 -0.8046461 2.467662 -0.1390015 0.1026494 2.518198 -0.1405533 -0.3387957 2.5776 0.01871158 -0.7823263 2.48748 
-0.2625622 0.7562544 2.618223 -0.2544906 0.5458567 2.573846 -0.247542 0.3261592 2.536442 -0.4131042 0.5445115 2.552282 -0.4701917 0.4100153 2.341716 -0.2827097 0.4766561 2.139039 -0.09587689 0.547202 2.59541 0.0144248 0.3971391 2.398418 -0.1405886 0.459983 2.165364 -0.3426797 0.105596 2.485158 -0.3519444 -0.3193459 2.617788 -0.5004219 -0.8104064 2.464249 -0.1385073 0.1073276 2.512916 -0.1475502 -0.3310316 2.591616 0.0312289 -0.790846 2.464608 
-0.2658665 0.7565562 2.638645 -0.2562082 0.5477283 2.58323 -0.2483865 0.3293555 2.538791 -0.4146954 0.5466261 2.56075 -0.4435736 0.438993 2.308857 -0.2662167 0.481453 2.09442 -0.09772108 0.5488304 2.605709 -0.008767433 0.4225841 2.356717 -0.1443196 0.4748192 2.110746 -0.3425716 0.1102733 2.479885 -0.3536583 -0.3170008 2.606639 -0.5033035 -0.8124893 2.459737 -0.138558 0.1116921 2.508822 -0.1482002 -0.3270972 2.587924 0.03882388 -0.7959016 2.455353 
-0.2649308 0.7546651 2.639341 -0.2573478 0.5468808 2.589019 -0.2519276 0.3279883 2.546282 -0.4156891 0.5475349 2.565588 -0.4142882 0.4705089 2.278919 -0.2600964 0.4917284 2.044972 -0.09900637 0.5462267 2.612451 -0.03138407 0.4537847 2.318339 -0.1377158 0.4885612 2.058636 -0.3484263 0.1095168 2.488462 -0.3602194 -0.3173364 2.617678 -0.5045825 -0.8133492 2.478076 -0.1445889 0.1086747 2.518626 -0.1571419 -0.3295168 2.601802 0.03338592 -0.802641 2.467528 
-0.2674719 0.7525837 2.650207 -0.2581442 0.5462908 2.594092 -0.2522174 0.328272 2.547025 -0.4165709 0.5469262 2.571199 -0.3936522 0.4912584 2.251467 -0.264897 0.5003208 1.999318 -0.09971754 0.5456554 2.616985 -0.0447003 0.4888856 2.290674 -0.1228295 0.4966099 2.019412 -0.3482535 0.110662 2.485224 -0.357071 -0.3219389 2.592129 -0.4981967 -0.8131471 2.466027 -0.1443274 0.1098441 2.514691 -0.1441765 -0.3308389 2.582598 0.03597716 -0.7951513 2.457938 
-0.2693012 0.7585326 2.664634 -0.2586708 0.5532984 2.600589 -0.2516317 0.3367498 2.547433 -0.4172591 0.5534818 2.57884 -0.3883516 0.5086442 2.234741 -0.2874309 0.4998914 1.97041 -0.1000825 0.5531148 2.622338 -0.04237404 0.5084261 2.270329 -0.08410615 0.5008993 1.98849 -0.3466642 0.1203194 2.480279 -0.3541523 -0.3122376 2.589036 -0.5000798 -0.8064839 2.463184 -0.142521 0.1200832 2.508275 -0.1453094 -0.319113 2.586154 0.0401651 -0.7899233 2.451513 
-0.266175 0.756457 2.662857 -0.2566655 0.5526794 2.599896 -0.250581 0.3359452 2.547077 -0.4156286 0.552745 2.581315 -0.405171 0.5198165 2.228384 -0.3268773 0.4980796 1.955408 -0.09770243 0.5526138 2.618477 -0.02018164 0.5202147 2.257667 -0.03641136 0.5025591 1.969712 -0.3468263 0.1192532 2.482297 -0.3532914 -0.3128221 2.593765 -0.498975 -0.8141258 2.472587 -0.1421666 0.1191687 2.50622 -0.1528363 -0.3168591 2.599076 0.03956137 -0.8000051 2.454905 
-0.2675705 0.7578523 2.66196 -0.2586108 0.5542681 2.597461 -0.2527242 0.337445 2.544823 -0.4178568 0.5538093 2.581542 -0.4375837 0.5164052 2.2207 -0.3718982 0.4959531 1.942395 -0.09936483 0.5547268 2.61338 0.02191172 0.5256097 2.262328 0.03026758 0.5038854 1.973895 -0.3493353 0.1203266 2.481939 -0.3552546 -0.3138202 2.585172 -0.5034379 -0.8134568 2.46842 -0.1443399 0.1209171 2.502432 -0.1514579 -0.3162828 2.591159 0.04294258 -0.8022926 2.447182 
-0.2634182 0.7504957 2.652 -0.2563221 0.5466774 2.590839 -0.2521558 0.3291011 2.541276 -0.4155697 0.5472883 2.574771 -0.4862913 0.5152091 2.228347 -0.4300481 0.4905773 1.946528 -0.09707449 0.5460666 2.606907 0.07095733 0.5238032 2.276646 0.08800066 0.5023082 1.989441 -0.350474 0.1119179 2.481371 -0.3484101 -0.3189549 2.597015 -0.5031002 -0.8236752 2.466825 -0.1455048 0.1111317 2.502053 -0.1507617 -0.3256834 2.593472 0.04438559 -0.8148038 2.453099 
-0.2617137 0.7456588 2.631521 -0.2545647 0.5377112 2.578372 -0.2500082 0.3187606 2.535323 -0.4138055 0.5376049 2.562058 -0.5603338 0.4962993 2.24706 -0.5095604 0.4839595 1.963026 -0.09532394 0.5378175 2.594687 0.1359774 0.5069633 2.327636 0.1675102 0.4954281 2.040291 -0.3479394 0.09974158 2.481775 -0.3476184 -0.3292815 2.604803 -0.4982062 -0.8155481 2.469878 -0.1429639 0.09987848 2.502775 -0.1313077 -0.340742 2.566299 0.01429272 -0.7888066 2.501808 
-0.2584658 0.7485067 2.626786 -0.2524743 0.5392941 2.575078 -0.2488305 0.3202613 2.532246 -0.4116469 0.5399626 2.558118 -0.6056495 0.4861655 2.274013 -0.5575642 0.4793019 1.986912 -0.0933018 0.5386255 2.592039 0.1690032 0.4904684 2.377323 0.2055548 0.4857587 2.091412 -0.3476334 0.1016588 2.478498 -0.3552777 -0.3352038 2.558289 -0.4789956 -0.7838336 2.529575 -0.1427398 0.1007982 2.50033 -0.1428922 -0.3372616 2.580921 0.03285402 -0.7972311 2.480918 
-0.2569766 0.7540155 2.615913 -0.2522382 0.5437716 2.569593 -0.2492714 0.3242878 2.529083 -0.4114662 0.5446543 2.553149 -0.6438172 0.4740838 2.316497 -0.6037522 0.46949 2.027387 -0.09301008 0.5428889 2.586037 0.1870096 0.468238 2.424643 0.2443324 0.4717472 2.143884 -0.3487861 0.1053721 2.47799 -0.3549036 -0.3287109 2.57554 -0.4843198 -0.7931542 2.514417 -0.1438232 0.1042358 2.499157 -0.1450433 -0.3324573 2.589015 0.03671588 -0.7961485 2.462522 
-0.2525296 0.756768 2.602483 -0.25034 0.5464509 2.561851 -0.2490004 0.3263608 2.524805 -0.4095532 0.5482605 2.545343 -0.6729077 0.4680459 2.382246 -0.6330506 0.4605505 2.097192 -0.0911269 0.5446415 2.578358 0.1965067 0.4601174 2.471805 0.2513337 0.4632753 2.188569 -0.3501344 0.1074352 2.477134 -0.350613 -0.3193647 2.602262 -0.4899385 -0.8018739 2.494624 -0.1451871 0.105106 2.498384 -0.1299525 -0.3357528 2.551811 0.005696381 -0.7753773 2.518545 
-0.2554196 0.7591676 2.595259 -0.2508256 0.5485352 2.556366 -0.2482273 0.3282903 2.520207 -0.4100721 0.5493253 2.54011 -0.6829706 0.46351 2.436111 -0.6460017 0.4591401 2.149661 -0.09157927 0.5477449 2.572623 0.1942367 0.4530757 2.535887 0.2360918 0.4546171 2.251231 -0.3481243 0.1085541 2.473584 -0.3498795 -0.322504 2.585723 -0.4922879 -0.808849 2.476704 -0.1431337 0.1075368 2.49451 -0.1301709 -0.33292 2.558563 0.01408343 -0.7811959 2.49779 
-0.2499025 0.7582784 2.581663 -0.2484143 0.5466675 2.547943 -0.2479806 0.3258713 2.515396 -0.4076423 0.5487572 2.531644 -0.6819844 0.4627594 2.494057 -0.6530006 0.4500991 2.208596 -0.08918628 0.5445778 2.564241 0.1781211 0.4435357 2.594423 0.2120153 0.4407272 2.307518 -0.3500312 0.1064202 2.472359 -0.364266 -0.3310807 2.548048 -0.4748397 -0.7800064 2.540346 -0.1450625 0.1037302 2.493339 -0.1446308 -0.3341232 2.574739 0.03310343 -0.8006125 2.469674 
-0.2461262 0.7614464 2.574861 -0.2464091 0.5483596 2.543543 -0.2473522 0.3272801 2.512881 -0.4055765 0.5513616 2.526793 -0.6594868 0.4663892 2.542016 -0.6263087 0.4492531 2.256914 -0.0872417 0.5453574 2.560293 0.1365654 0.4322618 2.628696 0.1587948 0.4305783 2.339584 -0.3507386 0.1081329 2.471439 -0.3673429 -0.3293941 2.552664 -0.4721775 -0.7867227 2.527882 -0.145852 0.1042684 2.493001 -0.1501845 -0.3313836 2.587033 0.04922651 -0.8043678 2.455086 
-0.2468854 0.7596963 2.562484 -0.2468108 0.5458742 2.537456 -0.2472957 0.3241628 2.512148 -0.4059171 0.5482118 2.520026 -0.6182527 0.4627021 2.574994 -0.5767723 0.4490734 2.289784 -0.08770455 0.5435366 2.554887 0.08577091 0.401124 2.649851 0.1018621 0.4209532 2.36135 -0.3501845 0.1039559 2.475622 -0.3708975 -0.3366611 2.537726 -0.4609499 -0.7729009 2.564974 -0.1453765 0.1009469 2.498059 -0.1536772 -0.33443 2.594764 0.05547699 -0.8097813 2.456285 
-0.2443675 0.7597253 2.556203 -0.2457175 0.5451024 2.535045 -0.2465802 0.3230352 2.512886 -0.4048061 0.547478 2.517431 -0.5726265 0.4103534 2.597485 -0.5296998 0.4474684 2.318759 -0.08662897 0.5427267 2.55266 0.06038465 0.3760615 2.650414 0.0571273 0.4054193 2.358639 -0.3498339 0.1024971 2.47939 -0.3704226 -0.334059 2.564915 -0.4673898 -0.7858166 2.537664 -0.1450517 0.09943908 2.502064 -0.152311 -0.3375695 2.591937 0.05383507 -0.8082426 2.454129 
-0.2456794 0.7523388 2.553653 -0.2456825 0.5405541 2.533879 -0.2471878 0.3182638 2.513883 -0.404883 0.5431184 2.517356 -0.5359153 0.37083 2.584085 -0.4768799 0.4518168 2.318247 -0.08648194 0.5379897 2.550401 0.04470322 0.3455358 2.630692 0.002226975 0.4064495 2.349317 -0.3511596 0.09762403 2.483252 -0.3774076 -0.3411255 2.557202 -0.4625939 -0.7778596 2.559951 -0.1462265 0.09432299 2.504521 -0.1499318 -0.3441891 2.587292 0.04757884 -0.8094854 2.45503 
-0.2456702 0.7496603 2.561877 -0.2461832 0.536849 2.538754 -0.2484567 0.3147909 2.516316 -0.4053533 0.5401651 2.522064 -0.5129507 0.349417 2.542051 -0.419157 0.4638133 2.29758 -0.0870131 0.533533 2.555444 0.03285693 0.3267629 2.584364 -0.04546227 0.4156863 2.320415 -0.3531752 0.09486698 2.483137 -0.3790799 -0.3466787 2.537768 -0.4627666 -0.7726847 2.574815 -0.1482851 0.09059842 2.504621 -0.1497521 -0.3471773 2.591656 0.03981055 -0.8054069 2.454891 
-0.2479145 0.7548811 2.57548 -0.2476747 0.5406973 2.547752 -0.2496314 0.3190615 2.52156 -0.4066021 0.5443119 2.529039 -0.5074511 0.3416905 2.491028 -0.3766923 0.4691576 2.266557 -0.08874737 0.5370826 2.566466 0.02795153 0.3258968 2.530697 -0.08301848 0.428701 2.285751 -0.3538845 0.09975235 2.483322 -0.3715409 -0.3383722 2.561344 -0.4750892 -0.7845748 2.534635 -0.1492917 0.09509915 2.507413 -0.1504865 -0.3420855 2.597635 0.04591998 -0.8003412 2.452178 
