-0.1177052 0.721932 2.771032 -0.111556 0.5028194 2.744352 -0.10718 0.2819705 2.726753 -0.2792905 0.4997504 2.741156 -0.3024789 0.2836485 2.51046 -0.1546138 0.4029605 2.30063 0.05617844 0.5058882 2.747547 0.1226934 0.2619282 2.512296 -0.02458508 0.4215753 2.323253 -0.2050199 0.05925141 2.707206 -0.2130452 -0.3828423 2.736094 -0.3151108 -0.8133572 2.679464 -0.0005881429 0.06299176 2.711101 0.07253556 -0.3739993 2.706747 0.1822148 -0.75848 2.67285 
-0.1165649 0.7266246 2.774961 -0.1102877 0.508555 2.747565 -0.1060141 0.2876092 2.730648 -0.2779577 0.5057696 2.741588 -0.2722448 0.3378291 2.473225 -0.1558428 0.4181477 2.244884 0.05738225 0.5113404 2.753542 0.1073409 0.3179596 2.481149 -0.01568677 0.4405335 2.263856 -0.2039374 0.06496578 2.710087 -0.2115279 -0.377539 2.733713 -0.3143305 -0.8124502 2.687457 0.0004563241 0.06836128 2.717373 0.07417037 -0.3686666 2.713179 0.1832584 -0.759248 2.679435 
-0.117407 0.7282605 2.786938 -0.1107398 0.5110281 2.756178 -0.1057377 0.290438 2.735424 -0.2781586 0.5082129 2.745749 -0.2455709 0.3853756 2.452123 -0.1658204 0.428106 2.197858 0.05667895 0.5138432 2.766608 0.08272004 0.3825189 2.456087 0.007913391 0.4535102 2.211388 -0.2028032 0.06813164 2.708311 -0.2119415 -0.374298 2.734009 -0.3105748 -0.8129138 2.684013 0.001332114 0.07156419 2.721027 0.07050224 -0.3657835 2.704496 0.1829963 -0.7576087 2.674739 
-0.117589 0.7291599 2.79443 -0.1067152 0.5129411 2.765241 -0.09753511 0.2927725 2.741883 -0.2739756 0.507226 2.753375 -0.25178 0.4311756 2.439096 -0.1966598 0.4397748 2.170892 0.06054518 0.5186563 2.777107 0.09986611 0.4287698 2.444042 0.05266576 0.4550331 2.179828 -0.1902994 0.06912061 2.711292 -0.1975868 -0.3736422 2.731197 -0.3044226 -0.8210752 2.685361 0.01358935 0.07608728 2.725757 0.07913258 -0.3611098 2.696757 0.1957883 -0.7548587 2.676262 
-0.1160661 0.7290361 2.798656 -0.1043401 0.5135059 2.770334 -0.09414236 0.2937285 2.743782 -0.2716692 0.5070659 2.759373 -0.2739012 0.4605928 2.438556 -0.2311642 0.4469926 2.164066 0.06298893 0.5199458 2.781294 0.1414225 0.4588786 2.450016 0.1093081 0.4562522 2.17618 -0.1859176 0.07002649 2.710551 -0.2011832 -0.3727222 2.721977 -0.3125705 -0.8206316 2.678946 0.01802836 0.07787573 2.72391 0.0703198 -0.3605042 2.68806 0.1866821 -0.754895 2.668392 
-0.115999 0.7260773 2.789292 -0.1038538 0.5096235 2.767676 -0.09316613 0.2894714 2.744602 -0.2712296 0.5025554 2.757588 -0.3129407 0.4457901 2.458268 -0.2725676 0.4536684 2.183624 0.06352204 0.5166917 2.777764 0.1857195 0.4404484 2.471005 0.1625777 0.4545718 2.195037 -0.1844896 0.06501143 2.71538 -0.2023942 -0.3778019 2.720953 -0.3145209 -0.8257791 2.686176 0.0195327 0.07362721 2.727677 0.066981 -0.3651735 2.68835 0.1826202 -0.7610936 2.674879 
-0.1124671 0.7253964 2.776497 -0.102247 0.5077778 2.75946 -0.09393458 0.2874103 2.737646 -0.269513 0.502739 2.746624 -0.4014987 0.3557103 2.505064 -0.367463 0.4917739 2.270432 0.06501896 0.5128165 2.772296 0.2506667 0.3615992 2.566998 0.2582915 0.4635244 2.304155 -0.1875674 0.06397176 2.708008 -0.1996888 -0.3787495 2.720827 -0.3201983 -0.8207669 2.672302 0.01632313 0.07011379 2.723655 0.06469516 -0.3665396 2.665589 0.1783302 -0.7559636 2.664607 
-0.1109386 0.7234002 2.747113 -0.09550852 0.4957628 2.752928 -0.09131286 0.275756 2.727049 -0.2620725 0.4948453 2.733724 -0.4231602 0.3233143 2.586915 -0.40546 0.4781103 2.358297 0.0710555 0.4966802 2.772133 0.2654134 0.3383634 2.614452 0.296571 0.4661093 2.356531 -0.1887429 0.05518956 2.689453 -0.1991483 -0.3866207 2.718749 -0.3174011 -0.8291212 2.662993 0.01450851 0.05630907 2.712888 0.06370204 -0.3808318 2.658643 0.1807041 -0.7697925 2.659752 
-0.1055286 0.7202467 2.722509 -0.09541901 0.4963289 2.732947 -0.09156461 0.2755273 2.722283 -0.2620026 0.494373 2.713235 -0.4140944 0.3021703 2.677924 -0.4143946 0.4711565 2.464114 0.07116464 0.4982848 2.752658 0.2531835 0.3401621 2.727264 0.2793567 0.4449862 2.474846 -0.1891962 0.05353407 2.69961 -0.2011844 -0.388485 2.728516 -0.3127515 -0.8183691 2.69648 0.01377576 0.05591725 2.723627 0.06952512 -0.3816299 2.681692 0.1805428 -0.7538645 2.680614 
-0.1040016 0.7209523 2.7098 -0.09604846 0.5013177 2.719198 -0.09006903 0.2799637 2.717663 -0.2629347 0.4969281 2.70211 -0.3534961 0.295774 2.790711 -0.3998091 0.4594307 2.568649 0.0708378 0.5057073 2.736286 0.1775691 0.3040602 2.823577 0.2215291 0.4262836 2.581329 -0.1857965 0.05593451 2.705714 -0.206187 -0.3850567 2.742884 -0.3077925 -0.8199669 2.691181 0.01761727 0.06128485 2.726542 0.06803673 -0.3765469 2.679576 0.1831398 -0.7588277 2.673726 
-0.1040482 0.718313 2.701362 -0.09587456 0.4989802 2.713428 -0.08930156 0.2775077 2.716951 -0.2628458 0.493766 2.697167 -0.3403707 0.2714377 2.782161 -0.3485425 0.4462073 2.562353 0.07109667 0.5041943 2.729688 0.1698945 0.2680208 2.829129 0.1593451 0.4153593 2.59774 -0.1844974 0.05285712 2.710564 -0.2079629 -0.385997 2.764623 -0.3123276 -0.8180889 2.691071 0.01904023 0.05921319 2.730386 0.06662475 -0.3787374 2.68078 0.1831426 -0.7578233 2.669801 
-0.1051702 0.717089 2.700134 -0.09654823 0.4982719 2.712235 -0.08978169 0.2768017 2.717324 -0.2630283 0.4927202 2.691985 -0.3472039 0.2562321 2.733578 -0.3098546 0.4451606 2.531166 0.06993186 0.5038236 2.732484 0.1779281 0.2539963 2.781569 0.1218948 0.4142275 2.565869 -0.1845169 0.0519466 2.710066 -0.2101568 -0.3887094 2.734851 -0.3116204 -0.8153757 2.688651 0.01848659 0.05871625 2.734758 0.06730628 -0.379325 2.687055 0.183062 -0.7589435 2.674483 
-0.1068026 0.7217501 2.709534 -0.09827505 0.5026056 2.718015 -0.09061853 0.2811192 2.721623 -0.2647605 0.4965203 2.697747 -0.3521081 0.2636122 2.657801 -0.2570124 0.4428973 2.463968 0.06821038 0.5086909 2.738283 0.1799577 0.2670021 2.694793 0.07518586 0.4171879 2.489821 -0.1844251 0.05592424 2.712878 -0.2115758 -0.3850521 2.741072 -0.3107189 -0.8117471 2.68838 0.01850111 0.06334154 2.737583 0.07070214 -0.3749963 2.697352 0.1838702 -0.7561049 2.676884 
-0.1081377 0.7196797 2.724223 -0.09945501 0.5020823 2.724931 -0.09185027 0.2805741 2.725306 -0.2664047 0.4963243 2.709373 -0.3451006 0.298339 2.569402 -0.2116007 0.4433922 2.368824 0.06749471 0.5078403 2.740489 0.1629343 0.3029653 2.5994 0.03184129 0.4299681 2.389152 -0.1860396 0.05555496 2.716196 -0.2130599 -0.3855989 2.746619 -0.3154847 -0.817733 2.684095 0.01754857 0.06257663 2.735167 0.07094978 -0.3755977 2.694267 0.1819527 -0.7631288 2.670599 
-0.1097702 0.7249042 2.742049 -0.1011809 0.5059702 2.733733 -0.09420963 0.2845226 2.729216 -0.2683809 0.5009757 2.720545 -0.3080844 0.3661946 2.498201 -0.1846107 0.4505398 2.265565 0.06601907 0.5109648 2.74692 0.1349329 0.3624553 2.513714 0.005039352 0.4546462 2.284189 -0.1891396 0.06003099 2.716663 -0.2161229 -0.3817981 2.734457 -0.3165303 -0.811685 2.681849 0.01466284 0.06611894 2.732737 0.07149236 -0.3724414 2.704255 0.1821531 -0.7571577 2.668079 
-0.1120091 0.7313748 2.760472 -0.1027263 0.5137743 2.745102 -0.09550911 0.2926124 2.734202 -0.2700637 0.5088897 2.733411 -0.2780712 0.425618 2.4361 -0.1850051 0.4518286 2.182395 0.06461104 0.5186589 2.756793 0.1009383 0.4272049 2.444359 0.00841771 0.4674238 2.190012 -0.1902762 0.06847351 2.716177 -0.2142648 -0.3738682 2.725807 -0.3107882 -0.80462 2.684696 0.01369244 0.07442737 2.730428 0.07569776 -0.3636617 2.704563 0.1825539 -0.7550574 2.667939 
