-0.2538966 0.7524826 2.56993 -0.2505755 0.5375789 2.549643 -0.2479369 0.3155303 2.528146 -0.4094617 0.5375726 2.530206 -0.5143685 0.3596558 2.448412 -0.3207446 0.4553364 2.255635 -0.09168941 0.5375852 2.56908 0.03311284 0.3545145 2.502431 -0.131865 0.4424956 2.285301 -0.3475649 0.09347763 2.494138 -0.341572 -0.3357682 2.613784 -0.4931795 -0.8108909 2.472039 -0.1430317 0.09348575 2.519159 -0.1375112 -0.348218 2.583442 0.04314835 -0.7942013 2.460396 
-0.2607167 0.7593538 2.596016 -0.253693 0.5451397 2.563229 -0.2477845 0.3243696 2.532644 -0.412485 0.5436769 2.543111 -0.4916734 0.3738112 2.394243 -0.2946482 0.4685508 2.201012 -0.09490103 0.5466023 2.583347 0.0135741 0.3722723 2.444692 -0.153381 0.4599215 2.226672 -0.3440799 0.1026581 2.489111 -0.3437875 -0.3242677 2.617891 -0.4977541 -0.8051354 2.464528 -0.1396721 0.104541 2.515008 -0.143698 -0.3353538 2.589683 0.04535991 -0.7902859 2.44548 
-0.2644157 0.7587671 2.618027 -0.2542825 0.5470088 2.574292 -0.2461004 0.3274736 2.536249 -0.4131969 0.5443763 2.555305 -0.4693698 0.4014247 2.347633 -0.2807809 0.4782078 2.140462 -0.09536815 0.5496413 2.593279 -0.005241363 0.3996176 2.388315 -0.164172 0.4788185 2.159218 -0.3402005 0.1062441 2.485985 -0.3427368 -0.3226796 2.608722 -0.4987564 -0.8115813 2.462166 -0.1356362 0.1096328 2.510427 -0.1468476 -0.3295177 2.588998 0.04652379 -0.7965676 2.448709 
-0.2676498 0.756797 2.635071 -0.2566923 0.547986 2.584447 -0.2465003 0.3292628 2.541434 -0.4153936 0.5446498 2.563807 -0.41759 0.4518444 2.28442 -0.2656211 0.4971316 2.052451 -0.09799103 0.5513221 2.605087 -0.0358104 0.4561592 2.317352 -0.1588627 0.4985187 2.067331 -0.3384522 0.1083924 2.485136 -0.3458022 -0.3191239 2.613259 -0.4994425 -0.8119479 2.472003 -0.1341646 0.1126867 2.511705 -0.145208 -0.3261895 2.592576 0.04189046 -0.7995924 2.453022 
-0.2702951 0.7634004 2.648072 -0.2585329 0.554908 2.591475 -0.2476005 0.3372032 2.54377 -0.4172475 0.551441 2.570925 -0.3967977 0.4799212 2.254718 -0.2675502 0.5044912 2.003627 -0.09981834 0.5583751 2.612026 -0.04990801 0.486077 2.288681 -0.1374361 0.5065728 2.021294 -0.3388176 0.1172671 2.482838 -0.3600473 -0.3178225 2.57012 -0.4776955 -0.772966 2.528466 -0.1345184 0.1217298 2.509291 -0.1495178 -0.316736 2.591821 0.04496295 -0.7947837 2.444608 
-0.273145 0.7513009 2.654069 -0.2599009 0.5455741 2.594442 -0.2485362 0.328254 2.544924 -0.4188371 0.5414855 2.575909 -0.3884132 0.4974657 2.233371 -0.2900306 0.5013583 1.96946 -0.1009647 0.5496627 2.612975 -0.0424665 0.5055306 2.273334 -0.09356458 0.5081508 1.995085 -0.3394741 0.1083022 2.483477 -0.3529411 -0.3207017 2.598615 -0.4833159 -0.8038827 2.513016 -0.1348691 0.1135657 2.507336 -0.1487649 -0.3253617 2.587695 0.04230765 -0.8115762 2.447548 
-0.2746382 0.747517 2.658069 -0.2604432 0.5427361 2.595635 -0.2486732 0.3257844 2.544521 -0.4195582 0.5380488 2.57889 -0.4062185 0.5092355 2.227699 -0.3271326 0.4999813 1.955727 -0.1013283 0.5474235 2.61238 -0.01824358 0.5242595 2.264662 -0.03408027 0.5091994 1.980805 -0.3393151 0.1058157 2.48263 -0.3515167 -0.3238612 2.5994 -0.4906668 -0.8064401 2.490343 -0.134491 0.1118496 2.504185 -0.1409809 -0.3285023 2.576662 0.03873012 -0.8009245 2.453593 
-0.2724974 0.7478004 2.660104 -0.2583337 0.5431541 2.595199 -0.2466784 0.3262867 2.543628 -0.4174307 0.5386592 2.578144 -0.4445961 0.5136254 2.229361 -0.3724207 0.5013168 1.95353 -0.0992368 0.547649 2.612254 0.02138593 0.5266045 2.270397 0.02543044 0.5114645 1.985247 -0.3374156 0.1065266 2.481081 -0.3431776 -0.3162978 2.620563 -0.4935009 -0.8092616 2.478549 -0.1326305 0.1123122 2.503033 -0.1468351 -0.3241459 2.593465 0.04704636 -0.8026428 2.447711 
-0.2694532 0.7520584 2.659573 -0.2561811 0.546443 2.595132 -0.244587 0.3292886 2.544744 -0.41513 0.5422353 2.576693 -0.5003015 0.5118205 2.251162 -0.4330217 0.4969698 1.97163 -0.09723208 0.5506508 2.613572 0.07318685 0.5192983 2.289199 0.09004623 0.5083553 2.004004 -0.3352971 0.1094259 2.482488 -0.3411696 -0.3127046 2.625875 -0.4970835 -0.8110673 2.473401 -0.1306889 0.1148424 2.506225 -0.1464316 -0.3223889 2.593846 0.05101546 -0.8025246 2.450099 
-0.2679125 0.7562114 2.649812 -0.2545819 0.5485612 2.592866 -0.242836 0.3303734 2.547451 -0.4132999 0.5442353 2.572599 -0.5571786 0.5034304 2.283572 -0.4940363 0.4865714 2.001644 -0.09586401 0.552887 2.613134 0.125565 0.5111283 2.330098 0.1549138 0.4999245 2.042566 -0.3332478 0.1094013 2.48899 -0.3436181 -0.3165729 2.620632 -0.4950499 -0.8130061 2.481501 -0.1289322 0.1149699 2.51508 -0.1311516 -0.3267405 2.56452 0.01448492 -0.7743686 2.520808 
-0.2668109 0.7590552 2.636432 -0.2537789 0.5497851 2.587801 -0.2414514 0.330613 2.547777 -0.4123898 0.5446904 2.566847 -0.6065975 0.4872229 2.31927 -0.5550122 0.4728867 2.036135 -0.09516809 0.55488 2.608755 0.1672715 0.4995573 2.396054 0.2105224 0.4923663 2.111787 -0.3312064 0.1081617 2.494267 -0.3554103 -0.3267749 2.574635 -0.4747333 -0.7815993 2.543629 -0.1270413 0.1147197 2.521239 -0.1344762 -0.3278185 2.571485 0.01878578 -0.7815111 2.504143 
-0.2631181 0.7554787 2.612264 -0.2534909 0.5426139 2.575087 -0.244315 0.3221208 2.542855 -0.4123825 0.5387639 2.556191 -0.6477543 0.4720738 2.379675 -0.6107382 0.4607902 2.094809 -0.09459937 0.5464639 2.593984 0.1856838 0.4818155 2.454518 0.2426545 0.4871794 2.172698 -0.3374134 0.09914961 2.49846 -0.3645721 -0.3345272 2.592142 -0.4835791 -0.7991875 2.527869 -0.1328647 0.104106 2.522786 -0.130541 -0.3402764 2.54356 -0.01013075 -0.7746574 2.542874 
-0.2614503 0.7537944 2.598657 -0.2534914 0.5406132 2.566014 -0.2453024 0.3196106 2.536524 -0.4124757 0.53716 2.547746 -0.6718688 0.4610359 2.445334 -0.6434526 0.4465882 2.158901 -0.09450699 0.5440664 2.584283 0.2008507 0.4699115 2.488745 0.2682213 0.4770235 2.206939 -0.339433 0.09638552 2.495276 -0.3533939 -0.332812 2.610953 -0.4927625 -0.8073756 2.491653 -0.1347939 0.1008303 2.518791 -0.1302118 -0.3430825 2.554922 0.007881576 -0.7797729 2.509138 
-0.2598569 0.7544728 2.583859 -0.252221 0.5409296 2.557353 -0.244829 0.319361 2.532028 -0.4112755 0.53765 2.53962 -0.6784263 0.447014 2.493664 -0.6585788 0.4410045 2.202806 -0.0931664 0.5442091 2.575086 0.1914334 0.4604614 2.574864 0.2491591 0.4635933 2.291959 -0.3398044 0.09568175 2.495289 -0.3529231 -0.3375782 2.597676 -0.4942411 -0.8080122 2.483945 -0.1350694 0.09990312 2.518116 -0.1381828 -0.3413262 2.577716 0.02711087 -0.7906759 2.482896 
-0.2553445 0.7530174 2.549449 -0.2503226 0.5376437 2.542137 -0.2444987 0.3152618 2.529809 -0.4094047 0.5344495 2.524603 -0.6617051 0.443501 2.555336 -0.6371706 0.4464836 2.265081 -0.09124035 0.5408378 2.559672 0.1702244 0.4462363 2.62393 0.2313063 0.447573 2.341782 -0.3410615 0.0908242 2.506196 -0.3518136 -0.3388132 2.624062 -0.4976995 -0.8160157 2.488881 -0.1362882 0.09493577 2.528767 -0.1443176 -0.3464291 2.591161 0.04296576 -0.8053394 2.47644 
-0.2560457 0.7545779 2.541248 -0.2505436 0.5373614 2.537023 -0.2436336 0.3146676 2.527718 -0.4094969 0.5332 2.518579 -0.6308621 0.4472528 2.594154 -0.602058 0.4497967 2.304825 -0.09159023 0.5415229 2.555468 0.1341 0.4391155 2.66247 0.1899978 0.4347736 2.379035 -0.3390321 0.08929526 2.50654 -0.3498829 -0.3440963 2.610538 -0.497199 -0.8161116 2.473831 -0.1344153 0.09465219 2.530283 -0.139116 -0.3475337 2.589242 0.04745667 -0.8024657 2.455909 
-0.2532334 0.7500592 2.528144 -0.2493798 0.5326774 2.531865 -0.243373 0.3097576 2.529132 -0.4080459 0.5286558 2.511163 -0.5844781 0.419659 2.617569 -0.557431 0.4504156 2.328999 -0.09071362 0.5366991 2.552567 0.088004 0.4150226 2.684227 0.1232719 0.4258334 2.396046 -0.3394954 0.08424912 2.513074 -0.351044 -0.3441446 2.635653 -0.4970693 -0.8168358 2.481776 -0.1352369 0.08942636 2.539725 -0.1412863 -0.3531832 2.59662 0.04248372 -0.8063182 2.465149 
-0.2514818 0.7470182 2.522089 -0.2486832 0.5292906 2.5295 -0.2439438 0.306248 2.530387 -0.4072369 0.5258352 2.507813 -0.5462482 0.3868388 2.634277 -0.5035009 0.4528013 2.349956 -0.09012942 0.5327458 2.551188 0.06199329 0.3865015 2.685101 0.06501541 0.4211778 2.400773 -0.3412496 0.08098175 2.517315 -0.3644332 -0.3548702 2.598626 -0.4801072 -0.8015209 2.526884 -0.1371592 0.08542944 2.545232 -0.1379456 -0.3586024 2.588598 0.03728412 -0.8035636 2.461869 
-0.2500695 0.7454078 2.527078 -0.2481808 0.5280057 2.532439 -0.2446842 0.3048718 2.532568 -0.4066455 0.5255096 2.509967 -0.5436059 0.3559303 2.611634 -0.4489582 0.4496402 2.353496 -0.089716 0.5305019 2.554911 0.05151141 0.3622404 2.658067 0.002948471 0.4219987 2.389051 -0.3431779 0.08013134 2.518232 -0.3697663 -0.3589392 2.585441 -0.472779 -0.7920392 2.544185 -0.1391974 0.08334448 2.547159 -0.1428736 -0.3606113 2.592651 0.04056624 -0.8038743 2.455117 
-0.2517447 0.743395 2.529558 -0.2490912 0.5264857 2.53526 -0.2462087 0.3033059 2.535506 -0.4074943 0.5244144 2.512282 -0.54077 0.3369861 2.562286 -0.4049797 0.4449573 2.328744 -0.09068812 0.5285569 2.558238 0.04128148 0.3480999 2.605051 -0.05047466 0.4283092 2.349782 -0.3452752 0.07879309 2.520963 -0.3639818 -0.3543683 2.61914 -0.4845385 -0.8024262 2.513353 -0.1413772 0.08145923 2.550541 -0.1429005 -0.3629305 2.592464 0.04010538 -0.8022869 2.456977 
-0.2523017 0.7451875 2.54881 -0.249911 0.5279339 2.545457 -0.2473357 0.3049656 2.538345 -0.4080696 0.5268921 2.520842 -0.531843 0.3389677 2.502628 -0.3605388 0.4486588 2.293529 -0.09175246 0.5289757 2.570071 0.02967576 0.3455762 2.543546 -0.09362661 0.4347189 2.299027 -0.3465603 0.08132674 2.515391 -0.3564426 -0.3511237 2.621355 -0.4935305 -0.8054973 2.48473 -0.1429603 0.0826678 2.547077 -0.147646 -0.3614111 2.592268 0.04502564 -0.8015059 2.447356 
-0.2514 0.7479848 2.567437 -0.2508073 0.5306378 2.554337 -0.2490099 0.3079803 2.540834 -0.4088353 0.5309061 2.528877 -0.5143993 0.3474733 2.445297 -0.3242993 0.4528146 2.247083 -0.09277943 0.5303696 2.579798 0.02585337 0.3522984 2.488294 -0.123875 0.4406759 2.252706 -0.3489228 0.0854954 2.510945 -0.3708802 -0.3499938 2.602251 -0.4753879 -0.7884169 2.52125 -0.145502 0.08515007 2.543719 -0.1475668 -0.3583314 2.594567 0.04122873 -0.7993587 2.451561 
