-0.1097707 0.7257432 2.76254 -0.1023504 0.5035847 2.737101 -0.09620853 0.2829383 2.719903 -0.2700427 0.4992843 2.732387 -0.2909727 0.2924508 2.481967 -0.1084672 0.4242004 2.303014 0.06534185 0.507885 2.741816 0.1633674 0.2744706 2.553101 -0.006795395 0.3701968 2.347046 -0.1922716 0.05967094 2.699831 -0.1984761 -0.379801 2.740608 -0.3105823 -0.814578 2.67827 0.01213836 0.06491289 2.705578 0.07298965 -0.373708 2.68656 0.1854561 -0.7522309 2.667807 
-0.11057 0.7312248 2.775812 -0.1019214 0.5134323 2.74316 -0.09559309 0.2928996 2.722397 -0.2696314 0.5090976 2.738085 -0.2730896 0.3705506 2.449776 -0.1204871 0.4339321 2.218397 0.06578851 0.517767 2.748236 0.1345294 0.3433112 2.477975 -0.004748718 0.3980613 2.235367 -0.1914842 0.06972495 2.69854 -0.2014131 -0.3720697 2.726625 -0.3132479 -0.8088251 2.685915 0.01295464 0.07500888 2.704727 0.06610055 -0.36477 2.687901 0.1820123 -0.7483028 2.672959 
-0.1078522 0.7295219 2.778348 -0.1003218 0.5134391 2.750188 -0.09415513 0.2928779 2.72926 -0.2680064 0.5093266 2.74412 -0.242543 0.4132764 2.427883 -0.1435894 0.4436863 2.172812 0.06736277 0.5175517 2.756255 0.09026573 0.3971547 2.438994 0.01185146 0.4216521 2.175457 -0.1901971 0.06980988 2.704634 -0.1986416 -0.3724306 2.730332 -0.3120659 -0.8155565 2.68847 0.01422008 0.07482331 2.71203 0.06806611 -0.3646473 2.690164 0.1835362 -0.7556306 2.680569 
-0.1045738 0.7255628 2.780606 -0.09847489 0.5115523 2.755841 -0.09355503 0.2910306 2.734031 -0.2661318 0.5085294 2.748587 -0.2382653 0.4496388 2.415434 -0.173851 0.4508364 2.146549 0.06918202 0.5145752 2.763096 0.09563837 0.4350778 2.419498 0.04912835 0.4327042 2.145737 -0.1908303 0.0686662 2.707799 -0.2034721 -0.3738973 2.726367 -0.3128126 -0.8169639 2.68685 0.01356002 0.0723515 2.716643 0.06484206 -0.3668613 2.686294 0.1819754 -0.7561949 2.677748 
-0.1033742 0.7233679 2.780238 -0.09772193 0.5084916 2.757147 -0.09314418 0.2880519 2.734352 -0.2654318 0.5056314 2.751127 -0.2696355 0.4728223 2.414723 -0.2210923 0.4538533 2.140498 0.06998798 0.5113517 2.763168 0.1358163 0.4565357 2.41725 0.107574 0.4365584 2.139068 -0.1907908 0.06586899 2.707887 -0.2029087 -0.3770124 2.718023 -0.3120587 -0.817708 2.68443 0.01365798 0.06935562 2.715226 0.06557257 -0.3694964 2.680513 0.1829124 -0.7568579 2.672158 
-0.09810645 0.7242619 2.774966 -0.092355 0.5062485 2.753675 -0.08763345 0.2856516 2.7327 -0.2598815 0.5035901 2.743923 -0.3566555 0.4214517 2.443189 -0.3183725 0.4733529 2.169537 0.07517146 0.508907 2.763426 0.2264573 0.4241375 2.452813 0.2188134 0.4468647 2.176077 -0.1850299 0.06343409 2.705782 -0.2010202 -0.3789193 2.727322 -0.3082417 -0.8118621 2.67991 0.01920608 0.06667513 2.71767 0.07361721 -0.3714013 2.677609 0.1865906 -0.7542486 2.67159 
-0.09822786 0.7226606 2.766469 -0.091663 0.5057542 2.749158 -0.08620203 0.2850133 2.729835 -0.2591879 0.5024635 2.739407 -0.4093287 0.411225 2.471089 -0.3721661 0.4820573 2.20807 0.07586186 0.5090449 2.75891 0.266727 0.3945706 2.488405 0.2769688 0.4571877 2.218061 -0.1828476 0.06226666 2.704567 -0.203823 -0.379931 2.726381 -0.3109618 -0.817158 2.6847 0.0213655 0.06627808 2.716454 0.07020607 -0.3726386 2.678366 0.1835129 -0.7628777 2.672723 
-0.09945425 0.7220792 2.753187 -0.09274171 0.5045546 2.741258 -0.08635104 0.2835785 2.725414 -0.2602668 0.5003886 2.73179 -0.4486607 0.3841102 2.510535 -0.4204613 0.4834096 2.251196 0.07478342 0.5087206 2.750726 0.3048659 0.3712885 2.536206 0.3322824 0.4701959 2.273606 -0.1820709 0.06006314 2.703799 -0.206156 -0.3822729 2.717854 -0.3112856 -0.8181999 2.685192 0.02215009 0.06514163 2.715341 0.06810875 -0.3738284 2.67413 0.1829543 -0.7633765 2.673361 
-0.09715556 0.7218708 2.737044 -0.09066693 0.5036948 2.731558 -0.08433013 0.2824498 2.720763 -0.2580347 0.4994744 2.719808 -0.466865 0.3635803 2.557764 -0.4253048 0.4893914 2.313989 0.07670085 0.5079151 2.743308 0.315399 0.3526175 2.605603 0.351486 0.4710078 2.349803 -0.1800169 0.05863225 2.702806 -0.2021503 -0.3838051 2.718709 -0.3099808 -0.8174312 2.684986 0.02403028 0.06377751 2.717131 0.06818221 -0.3753275 2.67509 0.1819624 -0.7549829 2.676534 
-0.09316196 0.7205332 2.69794 -0.08846904 0.5022078 2.709496 -0.08290853 0.2807911 2.712174 -0.2558281 0.4978594 2.697464 -0.4577209 0.3558989 2.694189 -0.4512821 0.5106254 2.454425 0.07889005 0.5065563 2.721529 0.2735943 0.3436507 2.768404 0.3470472 0.4564759 2.527944 -0.1793565 0.05672398 2.707517 -0.204134 -0.3855734 2.724706 -0.3125991 -0.8167212 2.686599 0.02466052 0.06202489 2.722186 0.06929365 -0.3767288 2.676898 0.1801553 -0.7601047 2.677804 
-0.09335972 0.7225129 2.697926 -0.08846552 0.5034246 2.70743 -0.08279286 0.281916 2.709157 -0.2559015 0.4990519 2.696549 -0.4218642 0.341952 2.757101 -0.4312449 0.5061284 2.521719 0.07897044 0.5077974 2.718312 0.2402937 0.348323 2.812201 0.3099373 0.4594183 2.562494 -0.1791792 0.05774207 2.704251 -0.2060774 -0.3845894 2.70995 -0.3115606 -0.8139755 2.682729 0.02493881 0.06307276 2.717517 0.06826895 -0.3751849 2.66676 0.1824245 -0.7577856 2.669801 
-0.09192294 0.7180462 2.678411 -0.08839615 0.5005885 2.698946 -0.08333271 0.2794876 2.710002 -0.2556756 0.4961119 2.68603 -0.3794897 0.3220178 2.786044 -0.398197 0.4942112 2.555235 0.07888326 0.5050653 2.711862 0.2081179 0.3142211 2.83362 0.2566113 0.4459667 2.58623 -0.1802376 0.05565781 2.713185 -0.2069536 -0.3867476 2.720241 -0.3159261 -0.8180796 2.692931 0.02369911 0.06111551 2.728931 0.06808753 -0.3776696 2.684176 0.1813392 -0.7578754 2.685144 
-0.0929858 0.7155252 2.678158 -0.08997898 0.4970434 2.698644 -0.08593355 0.2758836 2.711139 -0.2573092 0.4932734 2.68609 -0.3547462 0.2786191 2.798001 -0.3546328 0.4667323 2.579572 0.07735128 0.5008135 2.711199 0.2014932 0.2792261 2.857513 0.1919089 0.4158087 2.6119 -0.1838783 0.05242578 2.715981 -0.2100442 -0.3897051 2.732449 -0.3185233 -0.8192024 2.688295 0.02010211 0.05702155 2.731285 0.06531655 -0.3803151 2.675573 0.1792549 -0.761578 2.676225 
-0.09740488 0.7163845 2.692549 -0.09596495 0.4970652 2.701883 -0.09345096 0.2756476 2.70826 -0.263398 0.4948353 2.690464 -0.3578253 0.2542515 2.779958 -0.2974448 0.4278738 2.56519 0.07146809 0.4992951 2.713301 0.1972637 0.2704459 2.791821 0.1103801 0.4137444 2.576046 -0.1929972 0.05287074 2.707676 -0.2177905 -0.3894 2.724382 -0.3255582 -0.8155397 2.67445 0.01112322 0.05558919 2.721597 0.05893787 -0.3821588 2.671171 0.1749363 -0.7611755 2.666747 
-0.09794401 0.7208319 2.706751 -0.09692425 0.4999302 2.71214 -0.09528677 0.2783838 2.715672 -0.2643593 0.4985077 2.700538 -0.3559883 0.2402048 2.713345 -0.236643 0.4014462 2.518654 0.07051079 0.5013527 2.723743 0.1801333 0.2647234 2.717418 0.0468252 0.4094852 2.523924 -0.1957034 0.05597038 2.712132 -0.2125992 -0.3860815 2.738272 -0.3179084 -0.8123834 2.689816 0.008404829 0.05770439 2.726276 0.06819305 -0.3798204 2.694348 0.1802659 -0.7622662 2.681405 
-0.1004499 0.7188331 2.713457 -0.0994411 0.4982198 2.716702 -0.09842774 0.2766182 2.71996 -0.2670837 0.4973608 2.710412 -0.3404984 0.2421056 2.633683 -0.1941584 0.3919208 2.445042 0.06820148 0.4990789 2.722991 0.1620625 0.2658591 2.644218 0.003293945 0.4031363 2.452832 -0.1996472 0.0544926 2.719384 -0.2137014 -0.3879061 2.742621 -0.3200412 -0.8167196 2.691427 0.004818487 0.05554033 2.727055 0.06486011 -0.3825469 2.699756 0.1788979 -0.759355 2.675642 
-0.1011917 0.7181378 2.7256 -0.1002121 0.4970673 2.720685 -0.09972242 0.2754364 2.720934 -0.267944 0.4966951 2.719165 -0.3116094 0.2595451 2.556362 -0.1641522 0.4083373 2.361887 0.06751993 0.4974395 2.722205 0.147595 0.2600335 2.581805 -0.01601264 0.3967933 2.386518 -0.2014857 0.05357852 2.720257 -0.2141193 -0.3891196 2.738773 -0.3179335 -0.8175337 2.683949 0.003020179 0.05403238 2.72211 0.06663778 -0.3838688 2.697815 0.1814985 -0.7621052 2.669979 
