-0.1053286 0.7236512 2.740666 -0.1039561 0.5035267 2.721714 -0.103794 0.2821214 2.713123 -0.2717596 0.5035115 2.718943 -0.2878512 0.2659481 2.491465 -0.1155849 0.418649 2.32228 0.06384747 0.503542 2.724485 0.1467025 0.2456844 2.566971 -0.01080197 0.3581519 2.358304 -0.2059034 0.06070676 2.702842 -0.2137737 -0.3816176 2.730099 -0.3109652 -0.8133487 2.681268 -0.001360401 0.06072537 2.70622 0.07283909 -0.3760938 2.700078 0.1830881 -0.7566742 2.665412 
-0.1030341 0.7246519 2.740275 -0.1034016 0.5054916 2.72297 -0.1051347 0.2839888 2.716373 -0.2712068 0.5068867 2.720216 -0.2424225 0.329977 2.442735 -0.07502125 0.4403523 2.247665 0.0644035 0.5040967 2.725725 0.1346148 0.2955534 2.513936 -0.01434383 0.3561963 2.282875 -0.2091466 0.06333623 2.708098 -0.2173358 -0.3780011 2.747133 -0.3132135 -0.8135296 2.694626 -0.004588764 0.06163567 2.711456 0.06996311 -0.3752333 2.71207 0.1807926 -0.760109 2.676342 
-0.1032439 0.7343082 2.759554 -0.1007155 0.5148665 2.731866 -0.1005635 0.2939504 2.716406 -0.2684318 0.5145518 2.734715 -0.2475972 0.3520845 2.38922 -0.07184167 0.4522074 2.189142 0.06700094 0.5151813 2.729016 0.1146095 0.3398352 2.460118 -0.005800919 0.3790522 2.207402 -0.2026971 0.07284229 2.702684 -0.2051368 -0.3691287 2.73498 -0.3045395 -0.8065724 2.683779 0.001874153 0.0732262 2.699209 0.07776032 -0.3632499 2.689134 0.1904714 -0.752921 2.660306 
-0.1031772 0.7384128 2.769715 -0.09890447 0.5205802 2.743931 -0.09678029 0.2997125 2.726683 -0.2666261 0.5186427 2.748088 -0.2313076 0.4115461 2.385111 -0.1153664 0.4685693 2.148321 0.06881717 0.5225178 2.739774 0.08879592 0.4074138 2.426044 0.0162079 0.432304 2.160669 -0.196862 0.07766406 2.711968 -0.2029638 -0.3638552 2.750063 -0.3035669 -0.8101516 2.696433 0.007549801 0.08002551 2.706902 0.07180084 -0.3581254 2.711189 0.1873891 -0.7485265 2.677977 
-0.1029671 0.734199 2.774294 -0.09618112 0.5195878 2.751864 -0.09060006 0.2988776 2.733052 -0.2638642 0.5149919 2.756036 -0.2431569 0.4492709 2.384563 -0.1702841 0.4846259 2.12583 0.07150199 0.5241835 2.747691 0.1013949 0.4477082 2.408512 0.05559532 0.4656703 2.134622 -0.1872196 0.07536629 2.716784 -0.1995791 -0.3668462 2.732266 -0.299995 -0.8172818 2.692401 0.01718157 0.08096846 2.711697 0.0752975 -0.3578504 2.700498 0.1919428 -0.7552227 2.67444 
-0.1001365 0.7258275 2.777089 -0.09500672 0.5123579 2.75376 -0.09148952 0.2917275 2.733213 -0.2627536 0.5093288 2.757571 -0.2715725 0.4726371 2.390774 -0.2219908 0.501492 2.12303 0.07274014 0.5153869 2.749949 0.1392031 0.4668535 2.412262 0.1114078 0.4829813 2.133191 -0.1902082 0.06925108 2.71499 -0.2092094 -0.3731115 2.718047 -0.3113092 -0.8206078 2.686506 0.01426354 0.07294329 2.710344 0.0615178 -0.3668219 2.68884 0.1802454 -0.7616065 2.667466 
-0.09828689 0.7245768 2.778485 -0.09346844 0.509384 2.75393 -0.09042061 0.2889537 2.731079 -0.2612587 0.5067969 2.756508 -0.3302766 0.4613129 2.419884 -0.2885125 0.517653 2.155482 0.07432179 0.5119712 2.751352 0.1976107 0.4444326 2.434137 0.1735986 0.4952165 2.162574 -0.1896394 0.06694641 2.709799 -0.2048378 -0.3758236 2.708742 -0.3070894 -0.8180507 2.679955 0.01489382 0.07010016 2.706656 0.0673499 -0.3689568 2.679405 0.1831984 -0.7531351 2.664726 
-0.09471723 0.7231839 2.768224 -0.09071862 0.506842 2.748744 -0.08778428 0.2861981 2.727898 -0.2584918 0.504747 2.747303 -0.3806626 0.409175 2.458441 -0.3632127 0.5166373 2.209435 0.0770546 0.508937 2.750185 0.2452811 0.4116979 2.470066 0.2412682 0.5111154 2.21594 -0.1871366 0.06427698 2.706175 -0.2022122 -0.3781044 2.721313 -0.307334 -0.8185461 2.682945 0.01743672 0.06683154 2.707931 0.07044371 -0.3720806 2.677147 0.1843158 -0.7499111 2.669483 
-0.09212609 0.7231976 2.743553 -0.08963318 0.5044167 2.736984 -0.08705911 0.2832805 2.724516 -0.2573987 0.5026584 2.733534 -0.4283823 0.3696254 2.504722 -0.4215263 0.5162607 2.279231 0.07813235 0.506175 2.740433 0.2910902 0.3978105 2.531024 0.3008428 0.5161677 2.287461 -0.1867334 0.06107269 2.709946 -0.2035822 -0.380758 2.736803 -0.3120176 -0.8196317 2.688058 0.01776328 0.06321594 2.714151 0.07060722 -0.3751038 2.675401 0.1827639 -0.7499478 2.675325 
-0.08753765 0.7264079 2.725567 -0.08571454 0.5074939 2.722962 -0.08320248 0.2860754 2.713729 -0.253288 0.5059537 2.714304 -0.4558589 0.338917 2.661426 -0.4685927 0.5078514 2.43663 0.0818589 0.5090339 2.731619 0.3115084 0.3584422 2.659007 0.3657931 0.5113541 2.422854 -0.1828426 0.06371821 2.699218 -0.1998783 -0.3779314 2.73196 -0.3122329 -0.8136865 2.676513 0.02146175 0.0655959 2.709774 0.07199962 -0.3722381 2.662657 0.1828035 -0.7511273 2.666496 
-0.08729425 0.7258957 2.711732 -0.0857562 0.5067709 2.714009 -0.08323284 0.2852325 2.7087 -0.2532164 0.5051218 2.70323 -0.4269541 0.3299771 2.729708 -0.4600722 0.5057331 2.512811 0.08170404 0.50842 2.724788 0.2832293 0.3462023 2.725003 0.3399964 0.5057384 2.497143 -0.1827759 0.06268895 2.696822 -0.2006407 -0.3785807 2.73458 -0.3119666 -0.8161955 2.681517 0.02135695 0.06469914 2.709961 0.06912296 -0.3733082 2.661224 0.1809834 -0.7527004 2.665581 
-0.08750504 0.7257214 2.70481 -0.08541124 0.5062177 2.708841 -0.08294028 0.2846221 2.705056 -0.2528829 0.5045363 2.697951 -0.382977 0.324489 2.794845 -0.4334993 0.4982686 2.572144 0.0820604 0.507899 2.719731 0.2406142 0.3541012 2.783494 0.2984122 0.5003142 2.549107 -0.1825378 0.06200174 2.694634 -0.2015229 -0.3793947 2.730948 -0.311242 -0.8172587 2.68327 0.02159918 0.06405124 2.707908 0.06996255 -0.3739576 2.659494 0.1812993 -0.7520611 2.664646 
-0.08966346 0.7274849 2.701854 -0.08758135 0.5074355 2.706335 -0.08480059 0.2858123 2.703698 -0.2552078 0.5054226 2.69874 -0.3525208 0.2829319 2.844029 -0.3875591 0.4572846 2.615031 0.08004513 0.5094483 2.713929 0.1878623 0.3161579 2.821432 0.2384148 0.4694185 2.585433 -0.1842083 0.06296209 2.696432 -0.2042622 -0.3778965 2.738223 -0.312902 -0.8148254 2.685035 0.0201687 0.06541625 2.705691 0.06705447 -0.3728917 2.658436 0.1780899 -0.7488421 2.665641 
-0.09017658 0.7245381 2.700381 -0.08815157 0.5044474 2.704294 -0.08551686 0.2828043 2.70316 -0.2554318 0.5025229 2.691776 -0.3480035 0.2615685 2.79629 -0.3360268 0.4545906 2.584257 0.0791287 0.5063719 2.716811 0.1734455 0.2777503 2.844672 0.1755348 0.4286689 2.604394 -0.1848768 0.05998782 2.694395 -0.2050049 -0.3809843 2.735277 -0.313815 -0.8193728 2.681085 0.01911249 0.06233456 2.709659 0.06638856 -0.3762833 2.665824 0.1802127 -0.7551801 2.673401 
-0.08927879 0.7240452 2.69964 -0.08740835 0.5036157 2.704665 -0.08565781 0.2819635 2.705367 -0.2546434 0.5022516 2.690966 -0.3455373 0.2287568 2.771847 -0.2961671 0.4268329 2.568935 0.07982668 0.5049797 2.718364 0.1847032 0.2389534 2.830744 0.1270501 0.3912217 2.602608 -0.1858177 0.05948009 2.69772 -0.2081615 -0.3815655 2.736694 -0.3130163 -0.8166969 2.688387 0.01800315 0.06114256 2.714416 0.06681885 -0.3775664 2.673252 0.1810713 -0.754751 2.674479 
-0.09728669 0.7184938 2.715104 -0.09643538 0.4973691 2.715739 -0.09408011 0.2757494 2.71234 -0.2635649 0.4958275 2.700447 -0.3371343 0.2256796 2.662721 -0.2109938 0.393856 2.478955 0.07069418 0.4989108 2.731031 0.1669247 0.2219981 2.718448 0.04393556 0.3498334 2.510228 -0.193587 0.05319017 2.699621 -0.2074024 -0.3887267 2.730923 -0.3133014 -0.8198656 2.687691 0.01013734 0.05506932 2.718261 0.06743491 -0.3824245 2.675869 0.1792289 -0.7541701 2.672986 
-0.0973261 0.7211897 2.726511 -0.09684454 0.5008237 2.719902 -0.09554229 0.2792902 2.713158 -0.2641795 0.5002286 2.707141 -0.322091 0.2478587 2.598866 -0.1751749 0.3985783 2.416584 0.07049041 0.5014188 2.732663 0.1494376 0.2329795 2.639239 0.02047913 0.3717618 2.430676 -0.1962446 0.05739383 2.698635 -0.2110384 -0.3844293 2.731529 -0.3139018 -0.8123249 2.684639 0.007764483 0.05811935 2.714193 0.06628926 -0.3795681 2.6753 0.1786377 -0.7505152 2.669138 
-0.09975099 0.7249091 2.743192 -0.09919296 0.5047539 2.726218 -0.09793568 0.2834573 2.714601 -0.2667855 0.5041572 2.719449 -0.3056327 0.2659946 2.542937 -0.1530376 0.4028657 2.350644 0.06839956 0.5053508 2.732987 0.1351319 0.2564232 2.570621 0.007368065 0.3976183 2.355644 -0.1988879 0.06179672 2.698857 -0.2103124 -0.3798485 2.735332 -0.3142534 -0.8113494 2.68302 0.005531118 0.06252469 2.707113 0.0678986 -0.3753189 2.67851 0.1783084 -0.7583886 2.668017 
