-0.2471891 0.7489938 2.574335 -0.2472576 0.5337003 2.550122 -0.246661 0.3118596 2.526181 -0.4052291 0.5360444 2.524465 -0.4974293 0.3778734 2.369854 -0.3031505 0.4537562 2.173069 -0.08928619 0.5313562 2.575779 0.02580171 0.35976 2.431085 -0.1253111 0.4331343 2.200424 -0.3477445 0.09152771 2.485726 -0.3516644 -0.3350917 2.616573 -0.4945416 -0.8135847 2.469122 -0.1443844 0.08851013 2.518755 -0.151828 -0.3529797 2.584674 0.05845404 -0.8062337 2.438013 
-0.2490736 0.7501239 2.590187 -0.2478042 0.5356358 2.557524 -0.2463997 0.3144982 2.527956 -0.4063187 0.537549 2.535686 -0.4692838 0.4024864 2.327926 -0.2827535 0.4567898 2.116155 -0.08928975 0.5337225 2.579363 0.006332138 0.3898313 2.378527 -0.1374493 0.4390009 2.145324 -0.3470413 0.09459241 2.48433 -0.3483307 -0.3300651 2.621632 -0.4971206 -0.8105578 2.471387 -0.1429489 0.09212909 2.512448 -0.1506192 -0.3480663 2.58616 0.05538255 -0.8023336 2.44378 
-0.2540563 0.7528319 2.609109 -0.2506526 0.5390915 2.564809 -0.2473318 0.319113 2.528086 -0.4094695 0.53998 2.545125 -0.4361963 0.4282801 2.295968 -0.272436 0.4592173 2.067374 -0.09183561 0.5382031 2.584493 -0.01888435 0.417881 2.335233 -0.1416613 0.4485807 2.087278 -0.346222 0.09970621 2.478695 -0.3600288 -0.332808 2.581698 -0.4740577 -0.7836602 2.518802 -0.1417999 0.09856265 2.504031 -0.148424 -0.3408606 2.582402 0.04821123 -0.7975752 2.441133 
-0.2544659 0.7570194 2.628087 -0.2503133 0.5452631 2.573286 -0.2465359 0.3265877 2.529595 -0.40899 0.5466965 2.552393 -0.4135683 0.4471212 2.276977 -0.2719234 0.4641018 2.036 -0.09163661 0.5438297 2.594179 -0.03391472 0.4369597 2.303628 -0.1393951 0.454556 2.042916 -0.3448749 0.1088348 2.472457 -0.3519388 -0.3121532 2.612954 -0.4800217 -0.7912367 2.499508 -0.1406419 0.1069898 2.499349 -0.14762 -0.3308539 2.585862 0.04272423 -0.792601 2.448592 
-0.255452 0.753858 2.624575 -0.2509329 0.5442269 2.576921 -0.2455508 0.3250861 2.535332 -0.409445 0.5445452 2.55473 -0.3987936 0.4670627 2.255981 -0.2733108 0.4680235 2.007189 -0.09242074 0.5439087 2.599111 -0.04646935 0.4584767 2.287322 -0.1299752 0.45783 2.017575 -0.3421874 0.1061501 2.479462 -0.3476433 -0.317444 2.61619 -0.4870169 -0.8093799 2.49437 -0.1381501 0.1057404 2.508025 -0.1510138 -0.3306523 2.600814 0.04773758 -0.8037515 2.457816 
-0.2589559 0.7569182 2.632329 -0.252408 0.5471945 2.581861 -0.2459019 0.3284734 2.538038 -0.4107898 0.547124 2.558699 -0.3873936 0.486523 2.235499 -0.2856258 0.4699676 1.975988 -0.09402618 0.5472649 2.605023 -0.04973203 0.4832429 2.261672 -0.1012989 0.4645619 1.98374 -0.3413287 0.1097071 2.479308 -0.3467004 -0.3163911 2.610146 -0.4929843 -0.8067883 2.479023 -0.1374629 0.1097978 2.509122 -0.1460698 -0.3299197 2.583059 0.0453223 -0.7981948 2.452672 
-0.2570585 0.7524265 2.628208 -0.2521872 0.5438127 2.580393 -0.2472294 0.3246997 2.538228 -0.4109841 0.5440513 2.560482 -0.4006791 0.4982457 2.228267 -0.3141572 0.4730253 1.958379 -0.0933903 0.543574 2.600304 -0.02984727 0.4986328 2.258344 -0.06031525 0.4723793 1.976053 -0.3444937 0.1057403 2.483244 -0.3468123 -0.3204252 2.615118 -0.5020856 -0.8176417 2.479015 -0.1400496 0.1054331 2.508879 -0.1485931 -0.334965 2.58019 0.03622403 -0.8029847 2.455036 
-0.2556757 0.7542537 2.625615 -0.2528195 0.5449099 2.576035 -0.2504538 0.3255884 2.534586 -0.4121584 0.546021 2.561061 -0.4656625 0.5028047 2.234343 -0.3875116 0.4806912 1.957274 -0.09348072 0.5437988 2.591009 0.0405469 0.5119089 2.262092 0.03545952 0.4861668 1.977644 -0.3506263 0.1069819 2.483501 -0.3573542 -0.3231753 2.596476 -0.4862969 -0.7982188 2.502651 -0.1455497 0.1055518 2.502773 -0.1356835 -0.3366207 2.549593 0.008678025 -0.777505 2.50535 
-0.2562872 0.7555216 2.606838 -0.2534294 0.5433525 2.568005 -0.2510403 0.3229039 2.533737 -0.4127718 0.543981 2.552853 -0.5088325 0.5019056 2.243661 -0.4322676 0.4834211 1.963858 -0.09408699 0.5427241 2.583157 0.08977041 0.5149526 2.288551 0.07949716 0.4953363 2.000987 -0.3511963 0.1028597 2.489718 -0.3504609 -0.3257819 2.611083 -0.49169 -0.8113192 2.495634 -0.1461059 0.1020509 2.509221 -0.1355896 -0.3393222 2.568373 0.01069182 -0.7867644 2.503603 
-0.2573382 0.7547283 2.605461 -0.2534032 0.5423073 2.564093 -0.2504311 0.3221377 2.527786 -0.4127656 0.5426378 2.549043 -0.5574203 0.4974497 2.276343 -0.4864307 0.4807639 1.994091 -0.09404077 0.5419767 2.579143 0.1358812 0.5094756 2.328284 0.1382669 0.4933647 2.04077 -0.3500224 0.1021808 2.481793 -0.3472001 -0.3318575 2.581884 -0.49638 -0.8117763 2.471781 -0.1448956 0.1017554 2.501165 -0.1399155 -0.339657 2.564131 0.0273325 -0.7924297 2.468029 
-0.2551045 0.7566524 2.583665 -0.2529775 0.5431756 2.551951 -0.2509066 0.3220766 2.521637 -0.4123402 0.5437472 2.536895 -0.6228472 0.4753572 2.353086 -0.5516376 0.4682452 2.076625 -0.0936147 0.542604 2.567007 0.1822285 0.4831253 2.425314 0.2001886 0.4919811 2.140998 -0.3514054 0.1013455 2.481633 -0.345642 -0.3308626 2.592149 -0.5040216 -0.8150057 2.471094 -0.1462662 0.1006097 2.501013 -0.1553852 -0.3369723 2.586984 0.04202632 -0.8035321 2.45566 
-0.2511148 0.7547656 2.567374 -0.2508315 0.5415618 2.54194 -0.2500738 0.3199195 2.515965 -0.4100259 0.5429674 2.525303 -0.6489458 0.4681965 2.405539 -0.5995697 0.4607573 2.125721 -0.09163705 0.5401563 2.558578 0.1905929 0.4760469 2.49114 0.2268357 0.483655 2.210982 -0.351781 0.09918187 2.479282 -0.3465593 -0.3351983 2.581284 -0.4979535 -0.8126799 2.472116 -0.1468511 0.09737255 2.500699 -0.1525544 -0.3414971 2.581087 0.04579985 -0.8071249 2.452569 
-0.2448656 0.755049 2.541676 -0.2472207 0.5400262 2.528383 -0.2485762 0.3176677 2.511507 -0.4060536 0.5424751 2.508874 -0.658559 0.4596612 2.452269 -0.6207855 0.4603212 2.16744 -0.08838782 0.5375773 2.547892 0.1857132 0.4664645 2.548029 0.2208979 0.4831638 2.263839 -0.3521746 0.09688558 2.482072 -0.3466491 -0.3378094 2.583253 -0.4996647 -0.8145446 2.477038 -0.1476889 0.09373274 2.507189 -0.1582835 -0.3444362 2.591318 0.05338037 -0.8115956 2.451438 
-0.2449653 0.751354 2.518718 -0.2465411 0.5348074 2.513036 -0.2474241 0.3119837 2.501331 -0.4050046 0.5366166 2.490551 -0.6596714 0.4534239 2.51582 -0.6344909 0.4659237 2.226761 -0.08807755 0.5329983 2.535521 0.1668953 0.4566065 2.619767 0.2123731 0.4702192 2.332949 -0.3502873 0.09032417 2.475156 -0.3480294 -0.3464938 2.567044 -0.4995385 -0.811217 2.462586 -0.1463267 0.08799562 2.504096 -0.137456 -0.3537855 2.556851 0.02708829 -0.7900741 2.485943 
-0.2450268 0.746448 2.509879 -0.2475657 0.5296394 2.506999 -0.2482601 0.3066724 2.497387 -0.4059034 0.5311424 2.483572 -0.6438416 0.4572153 2.590897 -0.6231623 0.4613761 2.305134 -0.08922795 0.5281364 2.530425 0.1444399 0.4583005 2.655881 0.1898514 0.4693901 2.370972 -0.3508597 0.08467282 2.472698 -0.3460037 -0.3465264 2.586032 -0.5025415 -0.8191667 2.468199 -0.1470493 0.08273813 2.502851 -0.1467495 -0.3570466 2.572855 0.03264036 -0.8031433 2.469261 
-0.2445227 0.7484346 2.504959 -0.2477482 0.5300485 2.504424 -0.2490786 0.3069898 2.496662 -0.4058677 0.5318558 2.479587 -0.6024264 0.4326149 2.619437 -0.6021536 0.4603992 2.337704 -0.08962879 0.528241 2.529262 0.0952129 0.4336435 2.684435 0.1540446 0.4629934 2.407636 -0.3521783 0.08509436 2.472913 -0.3487833 -0.3457506 2.58877 -0.5052964 -0.8153344 2.469549 -0.1486397 0.08276776 2.504885 -0.1449587 -0.3581608 2.570958 0.03559784 -0.7989154 2.462297 
-0.2437407 0.7452954 2.500771 -0.2473292 0.5276545 2.502332 -0.2491398 0.3045181 2.496362 -0.4050079 0.5296696 2.474836 -0.5568575 0.4096589 2.643087 -0.5464041 0.459142 2.361913 -0.08965056 0.5256395 2.529828 0.05354794 0.4146562 2.691858 0.09040201 0.4525716 2.413863 -0.3524338 0.08267853 2.472696 -0.3498549 -0.3418661 2.609862 -0.4979022 -0.8133793 2.474133 -0.149467 0.08008472 2.50809 -0.147046 -0.3612784 2.573866 0.04665103 -0.8065395 2.450765 
-0.2452099 0.7464659 2.499908 -0.2471475 0.5281683 2.504546 -0.2478824 0.3049828 2.501047 -0.4047396 0.5291271 2.476496 -0.5544351 0.3828288 2.615031 -0.497373 0.4654171 2.347409 -0.08955532 0.5272096 2.532596 0.05726501 0.3928287 2.67293 0.04542432 0.4517562 2.396059 -0.3500467 0.08241438 2.479494 -0.3575693 -0.3519783 2.568566 -0.4752357 -0.7941001 2.540501 -0.1471881 0.08118031 2.515601 -0.1465093 -0.3593135 2.587441 0.04942892 -0.8034021 2.454815 
-0.2418473 0.7464153 2.499473 -0.2453958 0.5276169 2.507564 -0.246766 0.304412 2.506501 -0.4030468 0.5287167 2.479825 -0.564213 0.3664131 2.570009 -0.4531885 0.4660363 2.327416 -0.08774478 0.526517 2.535303 0.0706374 0.3769155 2.637454 0.0001542816 0.4495253 2.375027 -0.3496013 0.08191505 2.487586 -0.3614026 -0.3535443 2.578291 -0.4793579 -0.8014176 2.522445 -0.1466713 0.08049928 2.523292 -0.1471673 -0.3614558 2.585284 0.05209892 -0.8069295 2.450853 
-0.2466425 0.7501624 2.517273 -0.2471204 0.5313671 2.516676 -0.2458156 0.3083411 2.509852 -0.404664 0.5313129 2.488328 -0.5645996 0.3581972 2.527527 -0.4125984 0.464824 2.306924 -0.08957686 0.5314214 2.545025 0.07883068 0.3654671 2.60072 -0.03476139 0.4476439 2.353159 -0.3459112 0.08528015 2.484781 -0.3542071 -0.3487207 2.585415 -0.4842139 -0.8030947 2.492382 -0.1431103 0.08534998 2.521274 -0.1453901 -0.3574321 2.577441 0.06134493 -0.8037726 2.43757 
-0.2515821 0.7468268 2.543175 -0.2494808 0.5287057 2.529313 -0.2456599 0.3064449 2.51235 -0.4066943 0.5282995 2.499223 -0.5522454 0.3655568 2.460284 -0.3709624 0.4598235 2.25362 -0.09226718 0.5291119 2.559403 0.06997205 0.3612752 2.529867 -0.07289603 0.4473839 2.293935 -0.3430291 0.08392268 2.476019 -0.3488675 -0.3423351 2.604076 -0.4895842 -0.8115932 2.473332 -0.1406487 0.08444557 2.514754 -0.1511538 -0.3565548 2.581812 0.05934892 -0.8097101 2.428757 
-0.2556058 0.7497685 2.56511 -0.251665 0.5330561 2.542104 -0.2466489 0.3114222 2.518195 -0.4090114 0.5326687 2.512686 -0.5266371 0.3767893 2.397138 -0.3360925 0.4573586 2.193691 -0.09431852 0.5334436 2.571523 0.06047139 0.3646268 2.475429 -0.09889738 0.4463779 2.245253 -0.3429011 0.08953885 2.475352 -0.3507098 -0.3365072 2.606292 -0.4961644 -0.8085285 2.472369 -0.1403646 0.09003763 2.513219 -0.1526851 -0.3507328 2.582329 0.05767601 -0.8017837 2.437585 
-0.2550703 0.7465922 2.580841 -0.2527213 0.5320471 2.551434 -0.2492623 0.3109077 2.521792 -0.4104294 0.5332503 2.524054 -0.4826659 0.4004575 2.314542 -0.2958544 0.4643397 2.110846 -0.09501328 0.530844 2.578814 0.03385943 0.3851432 2.391371 -0.1271454 0.453573 2.158045 -0.3473071 0.09054254 2.474529 -0.3508161 -0.3352644 2.60697 -0.4981624 -0.8125927 2.470726 -0.1442994 0.08899377 2.509773 -0.1528939 -0.3521251 2.577553 0.05015352 -0.8056974 2.445378 
