-0.1109983 0.7367075 2.756188 -0.1033181 0.5191294 2.723666 -0.09766992 0.298527 2.705517 -0.270646 0.5158848 2.711031 -0.3258015 0.3249473 2.503627 -0.1862348 0.4075398 2.27925 0.06400987 0.522374 2.736301 0.1287347 0.3240298 2.516522 -0.001281723 0.4145786 2.280174 -0.1940041 0.07594719 2.679666 -0.214094 -0.3633157 2.734225 -0.3208035 -0.8110093 2.673233 0.009960537 0.07990214 2.695068 0.07178692 -0.3584449 2.710922 0.184904 -0.756826 2.666722 
-0.1096681 0.7323597 2.769045 -0.1011392 0.5171631 2.734602 -0.09529527 0.2966431 2.714216 -0.2683906 0.5139965 2.72091 -0.2898936 0.3679684 2.447816 -0.162256 0.4170653 2.209391 0.06611222 0.5203296 2.748294 0.1003733 0.3870198 2.45877 -0.005468468 0.4338593 2.204049 -0.191394 0.07419301 2.685486 -0.2092413 -0.3646182 2.745016 -0.3179163 -0.8237543 2.684626 0.01249126 0.07805312 2.702177 0.07625978 -0.3600665 2.721233 0.1888495 -0.7717949 2.679509 
-0.1110584 0.7327161 2.775002 -0.1021894 0.5189791 2.743633 -0.09606791 0.2984125 2.723074 -0.269443 0.5156133 2.729943 -0.2615023 0.4144388 2.413443 -0.1564197 0.426018 2.15665 0.06506417 0.5223448 2.757323 0.08462921 0.4315462 2.411918 0.006208077 0.4488874 2.142458 -0.19189 0.07579435 2.694171 -0.2177125 -0.3638923 2.74214 -0.3217672 -0.8204017 2.68808 0.01199709 0.07989738 2.710859 0.07446098 -0.35872 2.720075 0.1841602 -0.7671254 2.680879 
-0.1095183 0.7314381 2.787951 -0.1002944 0.5195723 2.751373 -0.09429252 0.2994118 2.726827 -0.2676272 0.5164316 2.738627 -0.2532618 0.4502273 2.388725 -0.1791607 0.4346277 2.120313 0.06703828 0.522713 2.764119 0.09230368 0.4697634 2.388964 0.04211342 0.4601512 2.113086 -0.1902858 0.07733693 2.694513 -0.2139319 -0.3636784 2.728909 -0.3194725 -0.8199793 2.677506 0.01370459 0.08116566 2.710051 0.07213447 -0.3578477 2.703218 0.1855886 -0.7646872 2.670255 
-0.1151404 0.7317584 2.797656 -0.104966 0.5212916 2.758402 -0.09766319 0.3016683 2.729453 -0.2724984 0.5169193 2.74931 -0.3098343 0.4758171 2.383941 -0.264659 0.4470572 2.105598 0.0625663 0.5256639 2.767493 0.164308 0.4916796 2.403232 0.1315232 0.4745957 2.118676 -0.1924769 0.07937995 2.694962 -0.2179854 -0.3622219 2.72287 -0.3180161 -0.8174447 2.681285 0.01175618 0.08471014 2.706045 0.06450167 -0.3551283 2.692021 0.182323 -0.764469 2.672847 
-0.1166514 0.728816 2.788766 -0.1062137 0.5176019 2.754631 -0.09828594 0.297669 2.728313 -0.2736869 0.5127614 2.744635 -0.3644249 0.4719132 2.41846 -0.3039878 0.4577316 2.13981 0.06125959 0.5224425 2.764627 0.2161454 0.4843362 2.441116 0.178152 0.4694686 2.157729 -0.192436 0.07478566 2.695903 -0.2172478 -0.3668073 2.725548 -0.3164478 -0.8222758 2.681966 0.01171954 0.08068648 2.708089 0.0640553 -0.3591604 2.691154 0.1825948 -0.7710252 2.676795 
-0.11518 0.7264754 2.763324 -0.1051811 0.5130619 2.742334 -0.09775246 0.2924039 2.724634 -0.272773 0.5079991 2.735112 -0.4211387 0.4649047 2.49273 -0.3539062 0.4578538 2.216738 0.06241081 0.5181246 2.749556 0.2646425 0.4532248 2.501563 0.2159086 0.4566258 2.219369 -0.1924877 0.06865967 2.702532 -0.215692 -0.3733914 2.72575 -0.3172847 -0.8249646 2.687643 0.01184 0.07483222 2.711337 0.06193627 -0.3650242 2.688811 0.182941 -0.7668582 2.675632 
-0.1141615 0.7272433 2.732627 -0.1050803 0.5115806 2.725806 -0.09782492 0.2904802 2.718489 -0.2726863 0.5063148 2.718731 -0.4575639 0.4539491 2.593863 -0.3901298 0.4541959 2.317856 0.06252576 0.5168464 2.732882 0.2983255 0.4376163 2.610789 0.2562499 0.440333 2.32743 -0.1927228 0.06617031 2.70686 -0.2206467 -0.3759076 2.72166 -0.3164344 -0.8204445 2.68683 0.01158375 0.07258913 2.715485 0.06458286 -0.3667759 2.689839 0.1825932 -0.7617139 2.676839 
-0.1085751 0.7284308 2.715803 -0.1027223 0.5126929 2.713489 -0.09764177 0.2913136 2.709896 -0.2703758 0.5089579 2.706555 -0.4512807 0.4099751 2.693444 -0.4046545 0.4366655 2.415941 0.06493129 0.5164279 2.720422 0.2956651 0.4158078 2.70038 0.2721319 0.4264324 2.417206 -0.1947519 0.06765773 2.702077 -0.2208245 -0.3747216 2.707879 -0.3166193 -0.8154923 2.680464 0.009629333 0.07221095 2.71053 0.06356973 -0.3663572 2.675871 0.1804512 -0.7591122 2.66639 
-0.106948 0.7260544 2.678384 -0.1012898 0.5083343 2.691374 -0.09677162 0.2871118 2.700654 -0.2689636 0.5046283 2.684663 -0.3763171 0.3602421 2.82686 -0.3990885 0.4010171 2.555482 0.066384 0.5120403 2.698084 0.2251684 0.3759542 2.824345 0.2408669 0.3878862 2.542808 -0.1944545 0.06363045 2.705844 -0.2229566 -0.3783972 2.722081 -0.3156455 -0.8193287 2.688569 0.009947622 0.06814821 2.714024 0.06831228 -0.3705749 2.689312 0.1811081 -0.7653925 2.679512 
-0.1043908 0.7206597 2.65965 -0.09973928 0.5042135 2.68349 -0.09593865 0.2838686 2.703665 -0.2673664 0.500608 2.675691 -0.3556944 0.3416477 2.835933 -0.3729285 0.3813901 2.563024 0.06788784 0.5078188 2.691289 0.1830492 0.3519498 2.845172 0.2006008 0.3753168 2.568472 -0.1943138 0.0613262 2.719087 -0.2266179 -0.3806231 2.72874 -0.3154349 -0.8198032 2.697901 0.01003784 0.06572153 2.728594 0.06718693 -0.3731124 2.702436 0.1818866 -0.7635177 2.688738 
-0.1038271 0.722452 2.668805 -0.09617699 0.5059463 2.68666 -0.09041878 0.2852448 2.70407 -0.2634315 0.5006204 2.674463 -0.3378088 0.3347972 2.826001 -0.3366183 0.3736295 2.551717 0.07107755 0.5112723 2.698857 0.1590623 0.3300077 2.824103 0.1527141 0.3629831 2.549476 -0.1866471 0.06129567 2.714042 -0.2190897 -0.3807091 2.714284 -0.310588 -0.8202632 2.676784 0.01732595 0.06779085 2.728917 0.07493019 -0.3703008 2.693944 0.1907241 -0.7619922 2.675404 
-0.1070223 0.7233352 2.690631 -0.1040763 0.503697 2.697714 -0.1028051 0.2823191 2.706342 -0.2717721 0.5025735 2.693594 -0.3395233 0.3205026 2.735762 -0.2565432 0.3743706 2.483557 0.06361941 0.5048205 2.701833 0.1646932 0.2812006 2.726589 0.06305733 0.3559743 2.474597 -0.2037384 0.06025643 2.712461 -0.2371841 -0.3813981 2.724895 -0.323258 -0.820324 2.682889 0.0006707925 0.06162593 2.717481 0.06672389 -0.3760568 2.701912 0.1763286 -0.773227 2.671247 
-0.1088299 0.7262649 2.71426 -0.1058948 0.506892 2.710171 -0.1049531 0.2854749 2.709565 -0.2736684 0.5061833 2.708423 -0.3418272 0.2947999 2.647376 -0.2222278 0.372206 2.414971 0.06187881 0.5076007 2.711919 0.1547811 0.2650498 2.656804 0.03142802 0.36583 2.41956 -0.2062547 0.06362578 2.707895 -0.2345989 -0.3784413 2.721767 -0.3188483 -0.814884 2.678855 -0.001768152 0.06448961 2.710025 0.0736814 -0.3719308 2.702859 0.1799152 -0.7605482 2.665774 
-0.1094388 0.7253605 2.726077 -0.1054841 0.5070917 2.71495 -0.1033386 0.2856663 2.709739 -0.2732859 0.5055013 2.713444 -0.3389175 0.3019014 2.566698 -0.193183 0.3786268 2.340226 0.06231775 0.5086821 2.716455 0.1453868 0.2735227 2.581893 0.00243808 0.3793047 2.35478 -0.203455 0.06327159 2.703611 -0.2260675 -0.3787033 2.726496 -0.313286 -0.8174498 2.67542 0.001068647 0.06521007 2.705446 0.07884555 -0.3710054 2.705061 0.1870646 -0.7630148 2.670038 
