-0.1137421 0.7305841 2.731111 -0.1082956 0.5149376 2.724242 -0.1046709 0.293306 2.72429 -0.2758493 0.5121952 2.714766 -0.2821833 0.4267511 2.398821 -0.1664113 0.4679255 2.153185 0.05925808 0.5176799 2.733718 0.09369402 0.4297298 2.382308 0.001019486 0.4813787 2.127045 -0.2031737 0.07000294 2.718562 -0.2279522 -0.3716548 2.747616 -0.3226705 -0.8197345 2.681218 0.001081302 0.07334596 2.730114 0.07482298 -0.3636211 2.725068 0.1824326 -0.762646 2.675206 
-0.1145301 0.7319174 2.745005 -0.1086901 0.5169632 2.729936 -0.105091 0.2955317 2.723168 -0.2763083 0.5144941 2.721584 -0.2891143 0.4543925 2.37841 -0.2051587 0.4651002 2.11396 0.05892802 0.5194325 2.738287 0.1123241 0.4688469 2.364161 0.04908304 0.4827319 2.093986 -0.2036609 0.072595 2.711311 -0.2279916 -0.3695824 2.724126 -0.3209261 -0.8201804 2.669279 0.0006772635 0.07560513 2.721491 0.07371794 -0.3614606 2.711599 0.1831844 -0.7643141 2.660809 
-0.1135863 0.7307408 2.742429 -0.1082584 0.5152462 2.729121 -0.1043438 0.2937601 2.722467 -0.2758652 0.5125418 2.720539 -0.3240987 0.4691632 2.390157 -0.252625 0.4700319 2.116636 0.05934848 0.5179505 2.737703 0.1379 0.4630895 2.464109 0.07206137 0.4866932 2.182788 -0.2025893 0.0706257 2.710582 -0.2231048 -0.3716931 2.728314 -0.3196261 -0.8228443 2.678531 0.001730686 0.07392251 2.721043 0.07594103 -0.3629603 2.72269 0.1848714 -0.7669793 2.666267 
-0.1153634 0.7297726 2.740152 -0.1087019 0.5143734 2.727067 -0.1038037 0.2929095 2.719564 -0.2763924 0.5108573 2.721376 -0.3760584 0.4530863 2.429577 -0.3106503 0.4790441 2.156071 0.05898859 0.5178895 2.732757 0.2125144 0.4451006 2.459407 0.1518923 0.4781148 2.181238 -0.2011337 0.06930206 2.708593 -0.2207799 -0.3733303 2.718972 -0.3188455 -0.8227809 2.679137 0.003322806 0.07358911 2.715532 0.07956329 -0.3629931 2.711484 0.1840413 -0.7704614 2.660881 
-0.1126008 0.7339596 2.723464 -0.1066935 0.5174506 2.71581 -0.1029107 0.2959068 2.709505 -0.2744421 0.5147274 2.710857 -0.4517829 0.3940056 2.547459 -0.3712202 0.4787824 2.291886 0.06105515 0.5201738 2.720763 0.2811124 0.4277903 2.579311 0.243472 0.4861954 2.302768 -0.2013716 0.07270317 2.700182 -0.2173576 -0.3698431 2.719339 -0.3200984 -0.8226122 2.669703 0.003115622 0.07602281 2.70622 0.07018049 -0.3617392 2.689423 0.1840986 -0.7649219 2.662436 
-0.1128538 0.7296773 2.700696 -0.1058752 0.5141004 2.703536 -0.1007405 0.2926478 2.705335 -0.2735656 0.5101642 2.697615 -0.4574144 0.3765192 2.620708 -0.3847072 0.4699882 2.366812 0.06181525 0.5180366 2.709458 0.2820321 0.409378 2.653179 0.2577316 0.4647125 2.373458 -0.1978209 0.06879596 2.703524 -0.2150741 -0.373678 2.72429 -0.3189632 -0.8274726 2.674631 0.00660915 0.07359454 2.710743 0.06781083 -0.3648957 2.690222 0.1870649 -0.7651852 2.671279 
-0.1115394 0.7198036 2.671309 -0.1043436 0.5043204 2.68776 -0.09845482 0.283312 2.699245 -0.2718304 0.4993798 2.678563 -0.4433034 0.3608285 2.694838 -0.4070736 0.4439591 2.429743 0.06314322 0.509261 2.696956 0.2639211 0.3876163 2.732621 0.2420732 0.4433511 2.452761 -0.1946731 0.05929166 2.705123 -0.218171 -0.3831166 2.713826 -0.3180896 -0.8327765 2.676728 0.009540981 0.06531564 2.716336 0.06782328 -0.3732121 2.689059 0.1852449 -0.7771671 2.674484 
-0.1071991 0.7166219 2.649001 -0.1018897 0.4998389 2.672439 -0.09631909 0.2791361 2.691151 -0.268987 0.4943916 2.657935 -0.3713637 0.3442345 2.793445 -0.3787321 0.4417186 2.533408 0.06520753 0.5052863 2.686942 0.1886921 0.3593744 2.828907 0.1743871 0.4205737 2.556818 -0.1925867 0.05511342 2.701025 -0.2210507 -0.3869443 2.714964 -0.3204071 -0.8232343 2.674597 0.0110898 0.06175319 2.718703 0.06421369 -0.3769911 2.684263 0.1835612 -0.7668191 2.667815 
-0.1055129 0.7198098 2.646945 -0.1011393 0.502362 2.671489 -0.09649443 0.2816495 2.690954 -0.2680512 0.4973775 2.654799 -0.3581837 0.323622 2.78671 -0.3517527 0.4340477 2.537519 0.06577256 0.5073466 2.688178 0.1733428 0.3321814 2.817451 0.1357535 0.4110543 2.553499 -0.1935858 0.05789877 2.700247 -0.2254202 -0.3840186 2.713473 -0.323203 -0.8187184 2.67111 0.009886678 0.06397513 2.720592 0.06576386 -0.3743502 2.684912 0.1806342 -0.770666 2.675387 
-0.1032789 0.7169407 2.652934 -0.1003624 0.5008866 2.675316 -0.09676395 0.2800436 2.693784 -0.2672059 0.4966891 2.657631 -0.3495808 0.2908153 2.751351 -0.3123956 0.4306778 2.517013 0.06648105 0.505084 2.693001 0.1786802 0.3025879 2.773738 0.09573248 0.4067481 2.531087 -0.1948551 0.05664238 2.701474 -0.2242041 -0.385336 2.718605 -0.3238726 -0.8230047 2.676176 0.008524131 0.06175908 2.723032 0.06338015 -0.3767893 2.688277 0.1810624 -0.7691627 2.6737 
-0.104738 0.7157266 2.666445 -0.1004296 0.499063 2.683582 -0.09636592 0.2780178 2.699332 -0.2669255 0.4945399 2.663059 -0.3572668 0.2823906 2.679681 -0.2730674 0.4292018 2.461683 0.06606626 0.5035862 2.704104 0.1823619 0.3008131 2.695877 0.05987369 0.4109967 2.468332 -0.1937957 0.05421526 2.702573 -0.2265073 -0.3876534 2.716395 -0.3207453 -0.8232997 2.676564 0.00919132 0.05972978 2.727593 0.07178893 -0.3783187 2.703765 0.1833628 -0.7670056 2.674192 
-0.1099381 0.7202755 2.704771 -0.1043019 0.5029647 2.705389 -0.09915602 0.281498 2.709918 -0.2707451 0.4986646 2.684227 -0.3395585 0.3260919 2.522678 -0.2012655 0.4294072 2.309336 0.06214136 0.5072648 2.72655 0.1595976 0.34096 2.541978 0.01364314 0.4353437 2.317931 -0.1954572 0.0574104 2.701549 -0.2333515 -0.3838525 2.72089 -0.3229302 -0.8198502 2.679199 0.007436841 0.06265222 2.727345 0.06771381 -0.375937 2.704711 0.1810832 -0.7611986 2.668464 
-0.1082326 0.7207916 2.711318 -0.1038999 0.5042162 2.711755 -0.09974121 0.2826956 2.717003 -0.2703645 0.5005895 2.690588 -0.3147616 0.3700584 2.473827 -0.1806857 0.4292628 2.23625 0.06256466 0.5078428 2.732922 0.1303169 0.3754678 2.480975 0.005272003 0.4502154 2.240662 -0.1970451 0.05896458 2.70935 -0.2342385 -0.3823878 2.728512 -0.3200712 -0.8190621 2.68535 0.005880083 0.06338555 2.735153 0.06671176 -0.3752054 2.713454 0.1818862 -0.7615079 2.674002 
-0.1118919 0.7295051 2.734607 -0.1052034 0.5119027 2.723854 -0.1003473 0.2904272 2.722039 -0.2717857 0.5084162 2.703595 -0.2754002 0.4165438 2.422412 -0.1728873 0.4349445 2.167159 0.06137891 0.5153892 2.744112 0.1006388 0.424219 2.42799 0.003125465 0.4600936 2.166507 -0.1970281 0.06682668 2.707877 -0.2293328 -0.3749442 2.725818 -0.3197421 -0.8129386 2.673315 0.006045684 0.07107692 2.732573 0.06859587 -0.3666968 2.70235 0.1828688 -0.7559367 2.666529 
