-0.1121381 0.7229542 2.714883 -0.1054838 0.5062436 2.712533 -0.1000119 0.2847246 2.71644 -0.2726552 0.5018638 2.698336 -0.272572 0.4016982 2.373614 -0.1674302 0.4346362 2.119467 0.06168757 0.5106234 2.726729 0.0858472 0.4284556 2.38243 -0.004326721 0.4540538 2.114076 -0.1964366 0.060536 2.711694 -0.2226896 -0.3817669 2.726004 -0.3148964 -0.8200846 2.682842 0.007356592 0.06587529 2.729001 0.08265038 -0.370215 2.706819 0.1868089 -0.7568945 2.67978 
-0.1111908 0.7264483 2.726888 -0.103246 0.5114078 2.718749 -0.09705117 0.2899393 2.716612 -0.2704238 0.5068686 2.704546 -0.2682862 0.4363488 2.348313 -0.1958857 0.4334509 2.080633 0.0639317 0.515947 2.732953 0.08642332 0.4662279 2.356716 0.02573909 0.4609834 2.080357 -0.1927504 0.06570416 2.705817 -0.2227098 -0.3764707 2.715429 -0.3175201 -0.8166611 2.670906 0.0110378 0.07123736 2.723131 0.07930765 -0.3656706 2.694662 0.1843883 -0.7529299 2.667403 
-0.1125895 0.7295078 2.743394 -0.1033993 0.5150042 2.724597 -0.09583778 0.2939839 2.713416 -0.2704983 0.5100464 2.709593 -0.3131219 0.4501581 2.351168 -0.2622118 0.433133 2.073094 0.06369979 0.5199618 2.739601 0.1377329 0.4906313 2.360353 0.1017028 0.4688843 2.080038 -0.1901273 0.06994192 2.693089 -0.2205247 -0.3720309 2.708509 -0.3154731 -0.8166767 2.665661 0.0135747 0.07598563 2.711379 0.071392 -0.3619039 2.676459 0.1833842 -0.7558977 2.660879 
-0.1148165 0.7270779 2.741148 -0.1047629 0.5127681 2.723942 -0.09547473 0.2917176 2.712375 -0.2716361 0.5066383 2.707088 -0.3712921 0.4218379 2.37318 -0.332763 0.434979 2.090538 0.06211039 0.5188979 2.740796 0.1933363 0.457232 2.392634 0.1678348 0.4664149 2.109123 -0.1879081 0.06693051 2.690535 -0.2146437 -0.3748979 2.713622 -0.3158517 -0.8239795 2.674142 0.01553494 0.07440366 2.711082 0.06774541 -0.3646208 2.680867 0.1833641 -0.7653952 2.67201 
-0.1148669 0.7307245 2.740526 -0.1044497 0.5151778 2.722459 -0.09487642 0.2941885 2.709018 -0.2712806 0.509005 2.705123 -0.4266445 0.4269162 2.427099 -0.3852588 0.4313675 2.14249 0.0623812 0.5213506 2.739794 0.2155958 0.444997 2.505852 0.1841971 0.4692084 2.218691 -0.1869875 0.06943678 2.685012 -0.2150984 -0.3724301 2.706719 -0.3186195 -0.8189809 2.670313 0.01638114 0.0769615 2.706145 0.0676998 -0.3615245 2.667468 0.1825569 -0.7653446 2.668209 
-0.1135766 0.7291909 2.719187 -0.1039815 0.5140638 2.712035 -0.09494302 0.292812 2.705027 -0.2708911 0.5077693 2.695489 -0.469806 0.4154475 2.502547 -0.4126855 0.4243918 2.223684 0.06292816 0.5203582 2.728581 0.2630657 0.4135537 2.534035 0.2518837 0.4402444 2.247795 -0.1876402 0.06772365 2.687935 -0.212745 -0.3740205 2.714951 -0.320915 -0.8224573 2.675827 0.01583099 0.07539687 2.708105 0.06593258 -0.3630834 2.666895 0.1802956 -0.7630143 2.673522 
-0.1130781 0.7295601 2.708529 -0.1033267 0.513798 2.7012 -0.09446087 0.2924661 2.694455 -0.2703739 0.5075665 2.686112 -0.4854014 0.3947236 2.588283 -0.4256821 0.4115929 2.307851 0.0637205 0.5200295 2.716288 0.2800358 0.4007776 2.622007 0.2656255 0.4299457 2.338147 -0.1874181 0.06733587 2.678512 -0.2164925 -0.3745902 2.690333 -0.3209248 -0.8212681 2.664531 0.01622794 0.07493268 2.696906 0.06840299 -0.3623073 2.646618 0.1808046 -0.760683 2.663085 
-0.1106925 0.7209063 2.667076 -0.1017682 0.5047163 2.675804 -0.09416958 0.2834537 2.681402 -0.2689466 0.4986292 2.662134 -0.4440938 0.3744272 2.739068 -0.4066063 0.4206838 2.463189 0.06541011 0.5108034 2.689475 0.2412646 0.3786989 2.757748 0.230791 0.4045723 2.475801 -0.1884686 0.0584809 2.678667 -0.221801 -0.3826027 2.704797 -0.3215549 -0.8271572 2.681714 0.01532678 0.06590124 2.695331 0.06554668 -0.3734557 2.666885 0.1805748 -0.7611431 2.675118 
-0.109021 0.7145989 2.654488 -0.1010975 0.4993145 2.669238 -0.09435757 0.2781571 2.679817 -0.2682521 0.4935451 2.655121 -0.4020531 0.3427188 2.770534 -0.380913 0.4266683 2.500198 0.06605703 0.505084 2.683354 0.2001265 0.3608438 2.791367 0.1913842 0.3958808 2.514968 -0.1895031 0.053483 2.681792 -0.2257893 -0.3878277 2.698964 -0.321181 -0.8256108 2.682251 0.01426787 0.06051633 2.699002 0.06393003 -0.378953 2.669616 0.1803569 -0.7585353 2.671957 
-0.1094607 0.7152036 2.657205 -0.1022219 0.4992803 2.670222 -0.09601338 0.2779731 2.679556 -0.2692629 0.4939401 2.654713 -0.3750179 0.3173585 2.764762 -0.3489414 0.4249303 2.504478 0.06481904 0.5046206 2.685732 0.1840699 0.3299239 2.791196 0.1470354 0.3875095 2.524113 -0.191625 0.0534106 2.679435 -0.2305167 -0.3879183 2.69168 -0.3211898 -0.8208752 2.676211 0.0120153 0.05992091 2.698343 0.06387471 -0.3792249 2.66725 0.180462 -0.7571736 2.667986 
-0.1100328 0.7175342 2.673965 -0.1034785 0.5002184 2.680214 -0.09808865 0.278732 2.686571 -0.2695351 0.4955015 2.656663 -0.3669757 0.2775729 2.676178 -0.2661453 0.4197637 2.456941 0.06257802 0.5049353 2.703766 0.1702923 0.282499 2.712301 0.06835189 0.3918203 2.473079 -0.1938978 0.05437102 2.678575 -0.2333001 -0.3863083 2.705201 -0.3208014 -0.8203049 2.680594 0.008500307 0.06012022 2.70728 0.06954558 -0.3781863 2.681551 0.1795038 -0.7556925 2.67587 
-0.1112055 0.7203228 2.686418 -0.1045188 0.5014928 2.688986 -0.09909643 0.2799444 2.692227 -0.2709671 0.4971153 2.668227 -0.3585145 0.280806 2.607592 -0.2271984 0.4172019 2.401546 0.06192936 0.5058703 2.709744 0.1631203 0.2862292 2.646653 0.03438596 0.4002312 2.415702 -0.1951241 0.05572801 2.682815 -0.2343394 -0.3849586 2.710521 -0.3186189 -0.8187544 2.682064 0.007776081 0.06106419 2.70812 0.07193832 -0.3767779 2.681682 0.1796918 -0.7546188 2.670804 
-0.1101918 0.7218089 2.705162 -0.1048368 0.5025514 2.697611 -0.09993596 0.2810113 2.695865 -0.271497 0.499017 2.678275 -0.3392772 0.3004192 2.533795 -0.1934287 0.4177241 2.32618 0.06182333 0.5060859 2.716948 0.1480385 0.2945976 2.578841 0.01318393 0.4122917 2.347154 -0.1966079 0.057317 2.682335 -0.2342373 -0.3834588 2.711203 -0.3201573 -0.8189542 2.675927 0.006537791 0.06162523 2.705904 0.06996354 -0.3765169 2.682667 0.1799993 -0.7562319 2.666764 
