-0.1121738 0.7330431 2.768793 -0.1054422 0.51522 2.75665 -0.09966908 0.2938443 2.74761 -0.2731072 0.5110942 2.750611 -0.3005259 0.4142253 2.436239 -0.163385 0.4572816 2.197269 0.06222285 0.5193458 2.762689 0.1229322 0.4186367 2.442077 -0.01448157 0.4740589 2.20749 -0.1960797 0.06995405 2.73489 -0.222968 -0.3723337 2.729253 -0.3133898 -0.7989445 2.690783 0.008287732 0.07498299 2.74225 0.0667145 -0.3634528 2.714848 0.1893222 -0.7607641 2.655916 
-0.1116307 0.7324474 2.784337 -0.1049012 0.5169001 2.767289 -0.09890492 0.2958797 2.752657 -0.2725895 0.512731 2.761546 -0.271768 0.4516163 2.398121 -0.174742 0.4747375 2.140409 0.06278706 0.5210693 2.773031 0.1119611 0.4583144 2.410538 0.02526281 0.4857352 2.1519 -0.1951122 0.0723182 2.734525 -0.2139946 -0.3703298 2.724844 -0.3144461 -0.8180438 2.680996 0.009295014 0.07740036 2.741525 0.06369192 -0.3616978 2.715207 0.1928957 -0.770637 2.649185 
-0.1085321 0.7290249 2.792601 -0.1030973 0.5150803 2.772913 -0.09866586 0.2943361 2.754124 -0.2707942 0.5122505 2.766608 -0.2823745 0.4723041 2.383046 -0.2141798 0.483216 2.112657 0.06459954 0.5179101 2.779219 0.1339885 0.4766621 2.39028 0.07944371 0.49229 2.115965 -0.1964511 0.07186718 2.731492 -0.2139787 -0.3708327 2.718402 -0.3185393 -0.8226525 2.678147 0.007982376 0.07531682 2.739179 0.06148921 -0.3636511 2.708586 0.1911353 -0.7761129 2.645608 
-0.1083737 0.7278868 2.797246 -0.102561 0.5138678 2.776088 -0.09758191 0.2933446 2.75468 -0.2702238 0.5107764 2.768937 -0.3111812 0.4831466 2.380527 -0.262738 0.4870512 2.104057 0.06510174 0.5169592 2.783238 0.1679998 0.4813362 2.393143 0.1537285 0.4921157 2.112293 -0.1947966 0.07093716 2.728914 -0.2102478 -0.3719391 2.717671 -0.3154576 -0.8240339 2.674506 0.009591041 0.07470572 2.737631 0.06444361 -0.3638385 2.703262 0.1948271 -0.7766234 2.649939 
-0.1053968 0.7260131 2.801092 -0.1000071 0.5118713 2.777564 -0.09583884 0.2916633 2.752926 -0.2676484 0.5095857 2.769631 -0.3640813 0.4960685 2.398257 -0.314559 0.4943572 2.118856 0.06763415 0.514157 2.785497 0.1797514 0.4733535 2.521303 0.1676895 0.4943943 2.232434 -0.1938535 0.07006201 2.723452 -0.2096695 -0.3717707 2.740224 -0.3146162 -0.8229302 2.671577 0.01051237 0.07284839 2.733123 0.06373364 -0.3661086 2.701314 0.1925222 -0.7763601 2.647231 
-0.1030722 0.7227315 2.790504 -0.09792134 0.5064083 2.773233 -0.09388512 0.2857835 2.752755 -0.2655866 0.5040334 2.765774 -0.4205344 0.4825301 2.439627 -0.3724634 0.4911995 2.157187 0.06974391 0.5087832 2.780693 0.2574842 0.4580951 2.515453 0.2549985 0.4642904 2.229215 -0.1920448 0.06371121 2.727729 -0.2057364 -0.3787866 2.733127 -0.3139803 -0.8278816 2.682792 0.01234699 0.06660629 2.736823 0.06568218 -0.3720554 2.701291 0.1936267 -0.7824907 2.657573 
-0.1014179 0.7208056 2.785201 -0.09595314 0.5044554 2.769538 -0.09186768 0.2837143 2.750002 -0.2636562 0.5019258 2.763051 -0.4687647 0.4762628 2.486313 -0.4275837 0.4955896 2.20495 0.07174985 0.5069851 2.776026 0.3042446 0.4565508 2.556219 0.3306387 0.4621131 2.268473 -0.1900035 0.06143127 2.726512 -0.2032159 -0.3811807 2.719282 -0.3123572 -0.8230485 2.678542 0.01443906 0.06451508 2.734421 0.0673257 -0.3736774 2.693142 0.1934801 -0.7767131 2.651036 
-0.1028443 0.7205402 2.762053 -0.0963449 0.5026271 2.757438 -0.09135616 0.2814795 2.745439 -0.2639588 0.4992831 2.749381 -0.5109159 0.4806568 2.589645 -0.4677005 0.4855486 2.307559 0.07126904 0.505971 2.765495 0.336588 0.4472483 2.615627 0.3640735 0.4622228 2.322868 -0.1885382 0.05829358 2.728529 -0.2019127 -0.3845612 2.721597 -0.3127379 -0.823024 2.683903 0.0158034 0.06237024 2.738351 0.06727537 -0.3761672 2.698742 0.1925571 -0.7769546 2.656651 
-0.1029282 0.7172025 2.741477 -0.09605529 0.4992481 2.744935 -0.09073766 0.2778717 2.738789 -0.2636747 0.4954394 2.737092 -0.5199534 0.4688256 2.654317 -0.4803466 0.4951396 2.372434 0.07156415 0.5030567 2.752777 0.3542976 0.4506274 2.67132 0.3674192 0.4670512 2.37444 -0.1875869 0.05417394 2.727863 -0.2013677 -0.3885903 2.714377 -0.31262 -0.8230461 2.680265 0.01674687 0.05881676 2.737424 0.06796126 -0.3791777 2.692111 0.1920776 -0.7784735 2.651438 
-0.1027027 0.717195 2.730684 -0.09637302 0.4989673 2.736834 -0.09076778 0.2774842 2.732762 -0.2640148 0.4948577 2.7296 -0.5089733 0.4714096 2.728154 -0.4745936 0.4926969 2.446479 0.07126871 0.503077 2.744068 0.3421517 0.4578174 2.734155 0.3511743 0.4593193 2.437345 -0.187345 0.05349608 2.72428 -0.2065166 -0.3886962 2.732794 -0.3135423 -0.820143 2.675879 0.01701992 0.05850597 2.733099 0.06878988 -0.3789763 2.683601 0.1908305 -0.7757692 2.648361 
-0.0992796 0.7126848 2.715292 -0.09487896 0.4954243 2.727499 -0.08986969 0.2739227 2.729003 -0.2625201 0.4915826 2.720062 -0.46749 0.4312074 2.789579 -0.436205 0.4855461 2.51143 0.07276223 0.499266 2.734936 0.3015726 0.451906 2.805074 0.3027891 0.445476 2.513168 -0.1870426 0.05007941 2.725973 -0.2053457 -0.3919586 2.746023 -0.3165931 -0.8241518 2.679929 0.01732172 0.05476264 2.735039 0.06845532 -0.3831179 2.688355 0.1910775 -0.7794707 2.655789 
-0.1000042 0.7116202 2.706595 -0.09549862 0.494252 2.72235 -0.09068836 0.2727798 2.72765 -0.2630738 0.4904035 2.713623 -0.4312596 0.3916146 2.818286 -0.3911301 0.4696598 2.543434 0.07207657 0.4981004 2.731078 0.2572718 0.4054416 2.834536 0.2353784 0.4327701 2.553566 -0.1880234 0.04896178 2.727629 -0.210419 -0.3933091 2.734061 -0.3194247 -0.8229835 2.679277 0.01626724 0.05365343 2.738269 0.0666236 -0.384622 2.694475 0.1898362 -0.7779745 2.657153 
-0.1048136 0.7121842 2.702757 -0.09987871 0.4952714 2.721316 -0.09406184 0.2739482 2.730601 -0.2672562 0.4903996 2.710046 -0.4166605 0.3468289 2.80864 -0.3232462 0.4545093 2.564066 0.06749877 0.5001433 2.732585 0.2361049 0.3601983 2.826784 0.1474214 0.4222465 2.567587 -0.1902793 0.04965503 2.733017 -0.2140719 -0.3927796 2.739185 -0.3204661 -0.8207327 2.6852 0.01378935 0.05559485 2.746757 0.06266519 -0.3829551 2.703946 0.1889848 -0.7729977 2.661953 
-0.1085433 0.7137223 2.712342 -0.1033663 0.4955404 2.726428 -0.0977153 0.2741327 2.734677 -0.2707734 0.4908543 2.715332 -0.3998293 0.3169171 2.764831 -0.2591611 0.4439552 2.556123 0.06404079 0.5002265 2.737523 0.2150535 0.3175975 2.7844 0.08422399 0.4136688 2.549936 -0.1940973 0.0498689 2.736164 -0.2164581 -0.3927779 2.739725 -0.3229028 -0.8204855 2.682039 0.009968621 0.05558118 2.749689 0.0571158 -0.382354 2.699775 0.187952 -0.7764959 2.656665 
-0.1147887 0.7155414 2.728623 -0.1074393 0.4963795 2.737092 -0.1004109 0.2749171 2.741462 -0.2749204 0.4908783 2.727672 -0.380435 0.2989723 2.700918 -0.2099633 0.4386174 2.519207 0.0600418 0.5018806 2.746511 0.197508 0.2947834 2.727687 0.03299771 0.4150249 2.521343 -0.1954706 0.05010151 2.740091 -0.2168823 -0.3926384 2.738592 -0.3199031 -0.8206158 2.683865 0.008705594 0.05680794 2.751575 0.0580983 -0.3810776 2.703187 0.1891088 -0.7730165 2.65574 
-0.1162704 0.7133048 2.733772 -0.1093959 0.4941348 2.741011 -0.1015208 0.2726553 2.744194 -0.2768169 0.4880354 2.730822 -0.3657174 0.2989822 2.638964 -0.1800526 0.4366675 2.46578 0.05802517 0.5002341 2.751199 0.1757536 0.2928961 2.66485 -0.004147156 0.4201983 2.465516 -0.1956915 0.04745812 2.741168 -0.2150752 -0.3953956 2.737199 -0.3184729 -0.8240581 2.682556 0.008399981 0.05489342 2.753588 0.0613743 -0.3824805 2.704315 0.1904066 -0.7795441 2.657941 
