-0.2553919 0.7513473 2.606791 -0.2490194 0.5381387 2.57125 -0.2423874 0.3168984 2.543109 -0.406825 0.536795 2.544623 -0.4664883 0.3907427 2.338589 -0.2960938 0.4550379 2.1173 -0.09121372 0.5394823 2.597877 0.001466522 0.3945502 2.386859 -0.1326592 0.4440098 2.142489 -0.3373144 0.09479336 2.497832 -0.358023 -0.3389017 2.601584 -0.5015724 -0.8158359 2.468973 -0.1341967 0.09652279 2.532105 -0.1427481 -0.3443502 2.601119 0.04017444 -0.8030082 2.45037 
-0.2557772 0.7550924 2.62593 -0.2493871 0.5430255 2.580083 -0.242648 0.3226497 2.545995 -0.406654 0.5427955 2.550478 -0.4266815 0.4243329 2.297782 -0.2649972 0.4648591 2.062422 -0.09212022 0.5432555 2.609688 -0.02821122 0.4323155 2.332951 -0.1377634 0.4602731 2.071435 -0.3371375 0.1021257 2.492851 -0.356132 -0.3306272 2.600809 -0.5024391 -0.8083926 2.46225 -0.1346802 0.1024218 2.530963 -0.1428994 -0.3377791 2.604496 0.04302843 -0.7974135 2.447087 
-0.2589026 0.7631173 2.643509 -0.2497873 0.552188 2.590726 -0.2419346 0.3327634 2.551188 -0.4065674 0.552363 2.558616 -0.3937951 0.454634 2.265897 -0.2635874 0.4715434 2.010432 -0.09300726 0.5520131 2.622835 -0.04706357 0.4721888 2.296495 -0.1234046 0.46964 2.021599 -0.3349859 0.1134514 2.490984 -0.3561975 -0.319699 2.596989 -0.4957253 -0.8010632 2.47023 -0.1331778 0.1132262 2.532315 -0.1419694 -0.3273854 2.603547 0.0432094 -0.7913275 2.454475 
-0.2595503 0.7622389 2.652299 -0.2501561 0.5543172 2.598975 -0.2417705 0.335289 2.557096 -0.4070186 0.5543962 2.567153 -0.3814032 0.4803151 2.246464 -0.2733547 0.4740001 1.981594 -0.09329356 0.5542383 2.630797 -0.0495369 0.4905905 2.274259 -0.09642422 0.4756525 1.992252 -0.3343306 0.1163116 2.494738 -0.3547284 -0.3163787 2.602816 -0.4988187 -0.810854 2.473287 -0.1324392 0.11621 2.535694 -0.1449047 -0.3240938 2.608333 0.03803975 -0.7965611 2.459431 
-0.2610037 0.761339 2.656678 -0.2501318 0.555489 2.600709 -0.2410974 0.3368722 2.556708 -0.4075629 0.5547709 2.571953 -0.3987255 0.4951715 2.227737 -0.3180179 0.4699909 1.954612 -0.09270053 0.5562072 2.629465 -0.01928959 0.5012804 2.255617 -0.03486296 0.4786169 1.971972 -0.3334023 0.117793 2.494196 -0.3609111 -0.3208068 2.559988 -0.4773343 -0.7751229 2.530214 -0.1307237 0.1187176 2.531217 -0.1449662 -0.3222872 2.599076 0.04535856 -0.8002625 2.44803 
-0.2581714 0.7561443 2.648888 -0.2493272 0.5493894 2.595408 -0.2413188 0.3302858 2.553619 -0.4076435 0.5479298 2.572721 -0.4473177 0.4925507 2.222885 -0.3797845 0.460548 1.94532 -0.09101079 0.5508489 2.618095 0.02789852 0.5036715 2.270329 0.03521943 0.4740598 1.9848 -0.3352684 0.1102423 2.497219 -0.3641981 -0.3268831 2.576555 -0.478996 -0.7948432 2.519906 -0.1313524 0.1121222 2.52644 -0.1491246 -0.32769 2.600678 0.04423651 -0.8094893 2.44148 
-0.2600935 0.7568765 2.644971 -0.2505639 0.5497562 2.591429 -0.2424213 0.3306009 2.549829 -0.409077 0.5479952 2.569678 -0.5061631 0.4847699 2.231956 -0.4518225 0.451497 1.950616 -0.09205087 0.5515171 2.613179 0.07994942 0.4963426 2.296141 0.1014681 0.469935 2.01166 -0.3362583 0.1103128 2.494238 -0.358489 -0.3260477 2.582266 -0.492154 -0.8020957 2.490933 -0.1322992 0.1125787 2.522224 -0.1463018 -0.3270369 2.59854 0.04249646 -0.8019667 2.445902 
-0.2594302 0.7585991 2.64253 -0.249561 0.5503593 2.589108 -0.2414409 0.3312888 2.547011 -0.4082112 0.5485117 2.568122 -0.5620846 0.4688805 2.250014 -0.5187347 0.4443865 1.963768 -0.09091072 0.5522069 2.610095 0.1339768 0.48967 2.339563 0.1633816 0.4640499 2.052644 -0.3354096 0.1110294 2.491408 -0.3517571 -0.3236979 2.589413 -0.4951585 -0.8088704 2.475154 -0.1312322 0.1134072 2.518418 -0.1295358 -0.329421 2.561177 0.01106967 -0.7741541 2.516164 
-0.2543936 0.7560802 2.623794 -0.2468285 0.5466948 2.578854 -0.2398482 0.3266496 2.542383 -0.4055917 0.5450177 2.558586 -0.6195288 0.4569322 2.291006 -0.584193 0.4348727 2.002456 -0.08806516 0.548372 2.599121 0.1449015 0.4682862 2.44249 0.1701164 0.4639393 2.151687 -0.3350405 0.105525 2.49287 -0.3493478 -0.3288454 2.593886 -0.5026349 -0.819796 2.473453 -0.1306953 0.1076837 2.518957 -0.1332708 -0.3351615 2.56847 0.02003952 -0.7912109 2.507496 
-0.2497704 0.7553143 2.59574 -0.2437638 0.5426366 2.562187 -0.2377887 0.3214993 2.532691 -0.4021798 0.5414101 2.539291 -0.6746517 0.4434956 2.393483 -0.6388837 0.4230568 2.103448 -0.08534773 0.5438631 2.585083 0.1813552 0.4451263 2.550319 0.20808 0.4245543 2.260323 -0.3337725 0.09957276 2.488459 -0.3504923 -0.3362603 2.583483 -0.5012612 -0.8162252 2.466229 -0.1298549 0.1011515 2.517931 -0.1261101 -0.3423102 2.56287 0.01145908 -0.7858612 2.508135 
-0.2497487 0.7529207 2.581397 -0.2449576 0.5398929 2.552977 -0.2397984 0.3182548 2.527385 -0.4032796 0.5389312 2.529388 -0.6783329 0.4362554 2.443232 -0.6475648 0.4258429 2.153511 -0.08663566 0.5408546 2.576566 0.1761703 0.4360571 2.596149 0.2104081 0.4189591 2.307576 -0.3365353 0.09599783 2.486612 -0.3512875 -0.3354485 2.598924 -0.506497 -0.8193568 2.463288 -0.1327431 0.09723569 2.516975 -0.1247762 -0.3475646 2.545595 -0.006930771 -0.7770892 2.540779 
-0.246032 0.7507493 2.565248 -0.2431503 0.538389 2.543816 -0.2397924 0.3162394 2.523043 -0.4015413 0.5381601 2.520661 -0.6746598 0.4416243 2.498121 -0.6390044 0.4330349 2.210071 -0.08475929 0.5386179 2.566972 0.1575939 0.4215327 2.631561 0.2127046 0.4083075 2.348054 -0.3383771 0.09394255 2.487367 -0.3538719 -0.3409547 2.585138 -0.5006989 -0.8134426 2.471334 -0.1344918 0.09423723 2.517174 -0.1284044 -0.3494877 2.560568 0.005734238 -0.7850904 2.510575 
-0.2458927 0.7499016 2.548614 -0.2445139 0.5360402 2.533882 -0.2421053 0.3135144 2.517429 -0.403236 0.535848 2.513246 -0.6582949 0.443287 2.565567 -0.6253938 0.4284166 2.278401 -0.08579185 0.5362325 2.554518 0.1328322 0.4132914 2.66078 0.186903 0.4024248 2.376383 -0.3418645 0.0908647 2.487692 -0.3577102 -0.3443206 2.585158 -0.5039246 -0.8157743 2.471624 -0.1375286 0.0911122 2.514258 -0.1429334 -0.3507395 2.572946 0.03219784 -0.7991688 2.472271 
-0.2490911 0.7545274 2.549795 -0.2464487 0.5395135 2.532196 -0.2439338 0.3171487 2.513321 -0.405328 0.5393675 2.512747 -0.6206571 0.442649 2.608799 -0.5846495 0.42445 2.323275 -0.08756935 0.5396596 2.551645 0.08890714 0.410138 2.687395 0.1321368 0.3951776 2.403771 -0.3436728 0.09468982 2.481929 -0.3606995 -0.3421319 2.571779 -0.5025735 -0.8100391 2.464384 -0.1391652 0.09487775 2.506963 -0.1456399 -0.3459984 2.574289 0.04295715 -0.7977401 2.450795 
-0.2524284 0.7615795 2.558994 -0.2488048 0.5462958 2.535471 -0.2460083 0.3242603 2.513073 -0.407705 0.5462459 2.516125 -0.5673302 0.3923244 2.63191 -0.5336428 0.4207453 2.348528 -0.08990454 0.5463457 2.554816 0.0419514 0.3935666 2.686708 0.06797817 0.3903149 2.406626 -0.3454785 0.1021927 2.478225 -0.3583302 -0.3320471 2.580018 -0.5026692 -0.8084238 2.467364 -0.140945 0.1022569 2.503126 -0.1502773 -0.3364307 2.583318 0.0450166 -0.7943769 2.448192 
-0.254798 0.7616181 2.554009 -0.2504815 0.5468028 2.533348 -0.2481228 0.3245368 2.513113 -0.4094275 0.5468455 2.514352 -0.5266595 0.3621627 2.640942 -0.4909166 0.4201838 2.357565 -0.09153546 0.5467601 2.552345 0.02548154 0.3702858 2.688835 0.02044122 0.3881058 2.404596 -0.3480632 0.1022983 2.480652 -0.3665761 -0.3346296 2.568606 -0.4822624 -0.7826837 2.524021 -0.1434651 0.1022433 2.505104 -0.1528061 -0.3357266 2.590097 0.04487702 -0.8033911 2.449983 
-0.258803 0.7624947 2.570035 -0.2522024 0.5481476 2.54183 -0.2484537 0.3264818 2.516394 -0.4113234 0.5474517 2.524444 -0.5193598 0.3330995 2.59598 -0.4373418 0.4237901 2.333554 -0.09308147 0.5488434 2.559217 0.02571273 0.3486241 2.645405 -0.03912623 0.4002735 2.380024 -0.3471239 0.1043681 2.479766 -0.3640215 -0.332037 2.571474 -0.4829056 -0.7948269 2.50293 -0.1422862 0.1052638 2.502148 -0.1486325 -0.3332348 2.585214 0.0468721 -0.801169 2.44806 
-0.2630447 0.7522079 2.569538 -0.2535625 0.5426907 2.544829 -0.2466039 0.3210071 2.52007 -0.4127122 0.5395622 2.52811 -0.5151872 0.3305424 2.529979 -0.3889603 0.435806 2.293205 -0.09441283 0.5458192 2.561547 0.02534851 0.3423209 2.583691 -0.08184902 0.4158762 2.335421 -0.3420865 0.09730974 2.48455 -0.3518683 -0.3319803 2.603035 -0.4858627 -0.8124945 2.4937 -0.1372043 0.1013372 2.506073 -0.1495728 -0.335895 2.59487 0.05796417 -0.811533 2.450928 
-0.2601621 0.7551501 2.577312 -0.2524551 0.5427207 2.551056 -0.2458501 0.3210779 2.525559 -0.4113785 0.5401493 2.53224 -0.5070859 0.3337703 2.468981 -0.3522232 0.4461769 2.250453 -0.09353153 0.5452922 2.569872 0.02317928 0.3486615 2.517855 -0.1063938 0.4303381 2.281425 -0.3415333 0.09778006 2.487951 -0.3590921 -0.3354677 2.590636 -0.4948953 -0.8102539 2.480869 -0.1369571 0.1010902 2.512172 -0.1505916 -0.3362218 2.600746 0.04870198 -0.8060455 2.450612 
-0.2648583 0.7607032 2.599702 -0.2555614 0.5479862 2.564032 -0.2473866 0.327455 2.531314 -0.4142587 0.5451639 2.543404 -0.485003 0.3558541 2.409006 -0.3212545 0.458765 2.187623 -0.09686403 0.5508086 2.58466 0.01562872 0.3658608 2.459438 -0.1212161 0.4430594 2.223815 -0.3413512 0.1051072 2.48532 -0.3732209 -0.3310046 2.570231 -0.474959 -0.7802355 2.522763 -0.1370725 0.1087402 2.511873 -0.1481142 -0.3296938 2.59508 0.04410164 -0.7942488 2.449963 
-0.2677016 0.7647516 2.620881 -0.2572759 0.5537199 2.574132 -0.2473946 0.3345586 2.533964 -0.4159953 0.5503126 2.553678 -0.4695094 0.3894289 2.358514 -0.2995788 0.4695095 2.132814 -0.09855649 0.5571271 2.594586 0.001808502 0.3934273 2.401209 -0.1313838 0.4579388 2.160811 -0.3396619 0.1132044 2.480632 -0.3742884 -0.322265 2.570171 -0.463039 -0.7580624 2.539928 -0.1353648 0.1175901 2.50696 -0.1452674 -0.3210714 2.589304 0.03977374 -0.7905792 2.450702 
