-0.1079773 0.7186602 2.753496 -0.1041185 0.4974816 2.746396 -0.09966648 0.2759536 2.741315 -0.2711539 0.4944823 2.73081 -0.324463 0.25884 2.564861 -0.1553559 0.4144948 2.393577 0.06291695 0.500481 2.761983 0.1441057 0.2769825 2.563853 -0.02075212 0.4348203 2.392045 -0.1969918 0.05259787 2.726737 -0.2149137 -0.3900353 2.74339 -0.3073892 -0.8167914 2.68935 0.006562874 0.05625302 2.745732 0.06896617 -0.3812876 2.713772 0.1943704 -0.773765 2.653904 
-0.1083598 0.719577 2.766199 -0.1037586 0.498683 2.75099 -0.09864666 0.2773091 2.741942 -0.2709214 0.4954125 2.736562 -0.3144954 0.2888661 2.518455 -0.1448694 0.4029975 2.321219 0.06340409 0.5019534 2.765418 0.1216904 0.2986542 2.507091 -0.04648991 0.446824 2.327063 -0.1954093 0.05394202 2.724102 -0.2136423 -0.3888349 2.729242 -0.3103515 -0.8178286 2.68175 0.008339943 0.05792822 2.741688 0.06936844 -0.3802619 2.71541 0.1956062 -0.7721686 2.647093 
-0.1078345 0.7229569 2.772548 -0.1017888 0.5017931 2.75508 -0.09644409 0.280455 2.744745 -0.2690039 0.4984088 2.741085 -0.2945227 0.3272954 2.473093 -0.135891 0.4081272 2.252023 0.06542625 0.5051774 2.769074 0.05648922 0.4105333 2.506942 -0.0271081 0.4550477 2.275034 -0.1930122 0.05705418 2.725881 -0.2136509 -0.3853082 2.74181 -0.3075573 -0.8144677 2.688475 0.01081347 0.06117949 2.74294 0.06927497 -0.3775891 2.719641 0.1969036 -0.7736769 2.653821 
-0.111002 0.7196381 2.786324 -0.1018092 0.501807 2.770342 -0.09275633 0.2808956 2.755629 -0.2669176 0.4968229 2.743585 -0.2510974 0.397004 2.464211 -0.1431689 0.4391559 2.217856 0.06329914 0.506791 2.797099 0.0902117 0.3843061 2.466609 -0.008091339 0.4561074 2.226715 -0.1846419 0.0569372 2.724559 -0.208075 -0.3849104 2.749108 -0.3011021 -0.8164063 2.684022 0.01723503 0.06303113 2.757275 0.07160611 -0.3761057 2.730877 0.2016369 -0.7746129 2.667614 
-0.1105737 0.7220153 2.794209 -0.09942584 0.5055323 2.778347 -0.08799687 0.2849357 2.76067 -0.2640649 0.4994455 2.747859 -0.2420175 0.4549747 2.449645 -0.1710326 0.4630974 2.185255 0.06521324 0.511619 2.808835 0.09413919 0.4316795 2.453317 0.02781251 0.4649768 2.191736 -0.1767943 0.0606337 2.724433 -0.2056954 -0.3812745 2.74007 -0.3008547 -0.8115398 2.68486 0.02365853 0.06804446 2.761553 0.07303032 -0.3688234 2.710546 0.2001722 -0.7706209 2.657808 
-0.1086434 0.720522 2.799055 -0.09708472 0.5044379 2.780827 -0.08524951 0.2841449 2.759791 -0.2626352 0.4979753 2.755363 -0.2615609 0.4625241 2.442315 -0.2116481 0.4735425 2.170893 0.06846578 0.5109005 2.806291 0.1225188 0.4537976 2.445653 0.08549636 0.4755718 2.172513 -0.1742792 0.05991443 2.723241 -0.2095411 -0.3814286 2.742735 -0.3060924 -0.8163442 2.686831 0.02745058 0.06778937 2.75427 0.06647073 -0.3692494 2.694897 0.1958582 -0.7735647 2.6459 
-0.1083736 0.7125862 2.789487 -0.09683026 0.4964404 2.775152 -0.08558885 0.275947 2.755663 -0.2632499 0.4895976 2.756576 -0.315746 0.4537378 2.460664 -0.2720693 0.4844607 2.183407 0.06958935 0.5032831 2.793727 0.1772898 0.4404249 2.457844 0.1671543 0.4836905 2.181306 -0.1758039 0.05128201 2.72485 -0.2109222 -0.3901656 2.74423 -0.3092969 -0.8234187 2.689121 0.02710898 0.05962528 2.747499 0.06163048 -0.3779284 2.687162 0.1922628 -0.7798396 2.645832 
-0.1090129 0.7131673 2.78422 -0.09882386 0.4958339 2.771646 -0.08980136 0.275149 2.753125 -0.2657413 0.4902643 2.756696 -0.3698619 0.420857 2.480857 -0.3291337 0.4934351 2.215329 0.06809359 0.5014034 2.786596 0.2416555 0.4212216 2.483943 0.2486449 0.4878395 2.2092 -0.1824693 0.05107098 2.725496 -0.2162641 -0.3905941 2.727305 -0.3161224 -0.8151219 2.687881 0.02091155 0.05785724 2.743712 0.06079851 -0.3795349 2.684628 0.1861108 -0.7780897 2.650012 
-0.1086117 0.7113833 2.761571 -0.09978531 0.4932922 2.760899 -0.09225839 0.2721664 2.749822 -0.2670137 0.4882037 2.748846 -0.4198659 0.3803811 2.506449 -0.370575 0.4995676 2.258998 0.06744313 0.4983806 2.772953 0.2893906 0.4076627 2.533976 0.3012864 0.4848605 2.260901 -0.186626 0.04794012 2.731401 -0.2124909 -0.3943877 2.731939 -0.3148353 -0.8190892 2.692506 0.01716301 0.05414105 2.74609 0.06482885 -0.383376 2.694421 0.1873339 -0.7758712 2.656247 
-0.1108698 0.7125779 2.743577 -0.102218 0.4944021 2.744798 -0.09600615 0.2730189 2.736326 -0.2697888 0.4899912 2.737195 -0.4609571 0.3358387 2.61012 -0.4075237 0.4850865 2.374246 0.06535278 0.4988129 2.752402 0.3236064 0.3859227 2.663497 0.3308755 0.4591678 2.390551 -0.191923 0.04894736 2.723219 -0.2061271 -0.3926463 2.74914 -0.3130977 -0.8123186 2.679833 0.01233436 0.05432395 2.732487 0.06436005 -0.3830068 2.682402 0.1890251 -0.7674798 2.64259 
-0.1082012 0.7120586 2.731238 -0.1016536 0.4949163 2.735086 -0.09592816 0.273429 2.72921 -0.2692782 0.4907715 2.727988 -0.4474741 0.322917 2.66606 -0.4050874 0.4858843 2.439121 0.06597096 0.4990611 2.742184 0.3073074 0.3614644 2.719745 0.3143159 0.4564856 2.452442 -0.1923608 0.04941566 2.719008 -0.2053747 -0.3923315 2.748902 -0.3110421 -0.8117889 2.679483 0.01195539 0.05446773 2.72766 0.06599765 -0.3832453 2.6833 0.1909756 -0.7664897 2.645645 
-0.1042197 0.7090932 2.717073 -0.09980751 0.491964 2.725237 -0.09511875 0.2704047 2.723638 -0.2674916 0.4884602 2.719024 -0.4262256 0.3534506 2.740038 -0.3890605 0.4750223 2.504569 0.06787661 0.4954678 2.731451 0.2701649 0.347241 2.784868 0.2901829 0.4423963 2.515056 -0.1926335 0.04670993 2.718251 -0.2079991 -0.3937171 2.762498 -0.3110698 -0.8168362 2.682593 0.01177356 0.05098099 2.725825 0.06671143 -0.3869061 2.683974 0.1909818 -0.7693025 2.649401 
-0.1060141 0.7121666 2.708487 -0.1024004 0.4928392 2.719658 -0.09776882 0.2712674 2.72112 -0.2700586 0.4892883 2.712644 -0.40112 0.3242308 2.791517 -0.3663604 0.4586748 2.554634 0.06525779 0.49639 2.726671 0.2250751 0.3176151 2.808933 0.2451432 0.4289025 2.545368 -0.195327 0.04753148 2.718307 -0.2124599 -0.392642 2.766296 -0.3136049 -0.8142493 2.684234 0.009052437 0.05186003 2.726856 0.06540573 -0.3858092 2.684354 0.1883509 -0.7635241 2.652143 
-0.100683 0.7102217 2.697022 -0.1010051 0.4918315 2.712045 -0.1006927 0.2703503 2.719009 -0.2682617 0.4911749 2.698666 -0.3629862 0.2421544 2.802482 -0.3051622 0.426029 2.59412 0.06625148 0.492488 2.725425 0.2005431 0.2697072 2.816982 0.1380756 0.4133978 2.584504 -0.2023337 0.0484689 2.717818 -0.21844 -0.392832 2.741771 -0.3138168 -0.8107143 2.681913 0.001573053 0.04926932 2.734129 0.06303183 -0.3870676 2.68703 0.1882529 -0.7702452 2.650805 
-0.1019692 0.7139046 2.707978 -0.100399 0.4951878 2.715585 -0.09954559 0.2736106 2.71899 -0.2672112 0.4942716 2.697772 -0.3652134 0.2281156 2.75752 -0.2579499 0.4117841 2.572997 0.06641317 0.496104 2.733397 0.2194993 0.2680656 2.826115 0.1176471 0.4052074 2.591911 -0.2003878 0.05147481 2.711536 -0.2109421 -0.3907584 2.729473 -0.30789 -0.8108606 2.680768 0.003003498 0.05259193 2.733254 0.06880362 -0.384069 2.696599 0.1942276 -0.7643685 2.65217 
-0.1032507 0.7111934 2.713439 -0.1021399 0.4923331 2.720994 -0.1009026 0.2707138 2.723765 -0.2694444 0.4912618 2.710013 -0.3551195 0.2365682 2.692251 -0.2114626 0.4150391 2.530303 0.06516455 0.4934044 2.731975 0.2231148 0.2510824 2.789299 0.08701755 0.3764425 2.574613 -0.2017013 0.04844119 2.719839 -0.2134653 -0.3939352 2.740755 -0.312294 -0.8169896 2.694821 0.002370745 0.04974796 2.733232 0.06612621 -0.3873911 2.697256 0.1922339 -0.7706681 2.651493 
-0.1073538 0.7238379 2.757272 -0.1058793 0.5018142 2.744076 -0.1026959 0.2807254 2.731541 -0.273376 0.4999257 2.734847 -0.3436467 0.2428008 2.590492 -0.1646536 0.3955193 2.427947 0.06161728 0.5037028 2.753304 0.1747514 0.251032 2.6342 0.002019531 0.3751684 2.441741 -0.2015751 0.05848575 2.713383 -0.2083754 -0.3844873 2.724104 -0.3075047 -0.808908 2.682559 0.002550277 0.06078726 2.72463 0.06677295 -0.3771033 2.700041 0.195299 -0.7625983 2.650018 
