-0.105777 0.7319906 2.747637 -0.09784735 0.5120773 2.732442 -0.09110066 0.2906698 2.725737 -0.2644486 0.5075892 2.713008 -0.3431907 0.3164379 2.501278 -0.1828302 0.466473 2.323243 0.06875389 0.5165654 2.751876 0.1792696 0.3271375 2.54196 0.01054439 0.4519508 2.339744 -0.1859144 0.06652631 2.707186 -0.2155414 -0.3726375 2.758521 -0.3126256 -0.8130768 2.691311 0.01720643 0.07199823 2.730879 0.0688661 -0.3678663 2.717836 0.1832535 -0.7542115 2.672397 
-0.1041686 0.7338169 2.754264 -0.09594697 0.5156001 2.739201 -0.08873935 0.2941936 2.731925 -0.2627104 0.5107674 2.721064 -0.3256011 0.3487185 2.461149 -0.169875 0.465867 2.259757 0.07081646 0.5204329 2.757339 0.1611306 0.3565689 2.500973 0.004932358 0.4621775 2.279376 -0.1831646 0.06984172 2.713596 -0.2136687 -0.3701768 2.756648 -0.31002 -0.8124151 2.694177 0.02010112 0.07573228 2.735704 0.07632197 -0.3636281 2.720911 0.1853035 -0.7605711 2.678351 
-0.1036212 0.7338865 2.756567 -0.09440853 0.5174035 2.744521 -0.08631537 0.2959915 2.737943 -0.2612531 0.5118186 2.727233 -0.3008059 0.3878524 2.435572 -0.165425 0.4665394 2.206024 0.07243604 0.5229884 2.761809 0.1310604 0.3917915 2.460473 0.002467255 0.4707352 2.218264 -0.1799113 0.07117566 2.720828 -0.2127731 -0.3693658 2.756359 -0.3096062 -0.8145308 2.695621 0.0234669 0.07798352 2.741901 0.07914576 -0.3614351 2.724724 0.1840546 -0.7614016 2.680452 
-0.1046346 0.7305335 2.77357 -0.09419367 0.5171868 2.75499 -0.08497357 0.2961123 2.742106 -0.2611552 0.5111625 2.738879 -0.2627113 0.4502169 2.39766 -0.177377 0.4596205 2.134289 0.0727678 0.5232111 2.771101 0.09750617 0.4624425 2.402623 0.02252881 0.4766777 2.131166 -0.17752 0.07136586 2.719402 -0.2150086 -0.3695396 2.745297 -0.3141858 -0.816304 2.683013 0.02601304 0.0787098 2.739042 0.07121807 -0.3614448 2.713292 0.1807911 -0.7600452 2.673322 
-0.1061737 0.7298366 2.776741 -0.09509178 0.5174681 2.756919 -0.08548445 0.2964741 2.742759 -0.2621028 0.5112021 2.741398 -0.2673622 0.4631067 2.388849 -0.2051878 0.4559764 2.115591 0.07191924 0.5237341 2.77244 0.1102473 0.4867211 2.391817 0.0585662 0.4773318 2.115526 -0.1776748 0.07166085 2.719138 -0.2159388 -0.3692393 2.744839 -0.3136263 -0.8158107 2.683907 0.02592054 0.07929946 2.73806 0.06503798 -0.3613404 2.710348 0.181379 -0.7574929 2.670787 
-0.1064775 0.7272145 2.778326 -0.09539957 0.5151739 2.75701 -0.08546557 0.2943123 2.741067 -0.2624328 0.5087613 2.741766 -0.2906848 0.4795526 2.388438 -0.2384374 0.457487 2.112817 0.07163364 0.5215863 2.772254 0.1401201 0.5118595 2.398917 0.1079725 0.4779621 2.120197 -0.177343 0.06954219 2.715832 -0.2134235 -0.3716696 2.739532 -0.3133977 -0.818171 2.68227 0.02627984 0.07735933 2.734415 0.06691472 -0.3630172 2.704078 0.1826012 -0.76648 2.668723 
-0.105566 0.7258061 2.779118 -0.09528762 0.5135251 2.756227 -0.08525391 0.2928218 2.738279 -0.2622779 0.5072145 2.740472 -0.3358393 0.4702739 2.405226 -0.2794294 0.4618869 2.126539 0.07170267 0.5198357 2.771981 0.2002175 0.4709739 2.420125 0.1640029 0.4806302 2.139716 -0.1770064 0.06827203 2.710729 -0.2126752 -0.3731271 2.73154 -0.312524 -0.8177953 2.679675 0.02656603 0.07596509 2.729935 0.06827942 -0.3643407 2.699562 0.1824102 -0.7606633 2.666691 
-0.1063394 0.730026 2.769191 -0.09588075 0.5159804 2.749826 -0.08662816 0.2951915 2.732555 -0.2630108 0.5100957 2.735518 -0.4199458 0.4338123 2.48156 -0.3565988 0.4646553 2.207587 0.07124931 0.5218651 2.764134 0.270084 0.4477102 2.515116 0.2271065 0.4584034 2.235079 -0.1792511 0.07081552 2.706563 -0.2103286 -0.370721 2.731353 -0.3146783 -0.820453 2.68331 0.02449998 0.07798965 2.724006 0.06365393 -0.3626835 2.695303 0.1824839 -0.7650282 2.671029 
-0.1083882 0.7286285 2.754539 -0.09712334 0.5139596 2.741039 -0.08750657 0.2929408 2.72765 -0.264425 0.5073742 2.72958 -0.4494382 0.4168829 2.53027 -0.3753689 0.4695479 2.262926 0.07017834 0.5205449 2.752498 0.3000737 0.4453824 2.569556 0.2629665 0.4573126 2.290163 -0.1798794 0.0679075 2.707277 -0.2101554 -0.3740142 2.723503 -0.3148788 -0.8222288 2.684808 0.02409977 0.07593656 2.721248 0.06430965 -0.3644361 2.689602 0.1828546 -0.7617077 2.669134 
-0.1053232 0.7266875 2.740273 -0.0965829 0.5132533 2.730919 -0.08784506 0.2920378 2.720496 -0.2638419 0.5072359 2.718415 -0.4677274 0.4004496 2.596629 -0.3758237 0.4690654 2.335957 0.0706761 0.5192708 2.743423 0.3095292 0.4376831 2.638268 0.275681 0.459965 2.358249 -0.1810511 0.06715462 2.702452 -0.2097586 -0.375062 2.71214 -0.3163405 -0.8199311 2.680725 0.02283664 0.07448988 2.717694 0.06316269 -0.3657855 2.684764 0.1818415 -0.7597601 2.666902 
-0.104615 0.7252729 2.72958 -0.09649696 0.5096993 2.721883 -0.0884316 0.288395 2.71245 -0.2636572 0.5042041 2.707879 -0.4678651 0.3902307 2.670803 -0.395953 0.4762674 2.415982 0.07066327 0.5151946 2.735886 0.3017624 0.4153363 2.713632 0.27955 0.4540198 2.429956 -0.1822551 0.06374118 2.694483 -0.2086256 -0.3784632 2.709949 -0.3147676 -0.8199971 2.678316 0.02152267 0.07044022 2.711553 0.06385159 -0.3696088 2.678106 0.1807333 -0.7637119 2.664592 
-0.1035232 0.7297142 2.723745 -0.0968831 0.5128217 2.716367 -0.08996627 0.2914824 2.706624 -0.2639891 0.5082594 2.701379 -0.450923 0.3756218 2.749893 -0.4006326 0.4665685 2.492983 0.07022291 0.5173841 2.731354 0.2803893 0.4041627 2.770822 0.257131 0.4502683 2.48603 -0.1849047 0.06736229 2.687747 -0.2111515 -0.3741136 2.715618 -0.3154313 -0.8136678 2.680911 0.01880581 0.072924 2.706017 0.06322622 -0.3671438 2.675845 0.1798104 -0.756851 2.66684 
-0.1042078 0.7266474 2.695111 -0.0977266 0.5086037 2.700055 -0.09159328 0.2871462 2.700995 -0.2647867 0.503911 2.684523 -0.3899985 0.3374186 2.808965 -0.367937 0.4494368 2.549487 0.06933352 0.5132964 2.715586 0.2270796 0.3752766 2.834699 0.2003299 0.4356624 2.56632 -0.1872885 0.06282834 2.692468 -0.2109838 -0.3783235 2.728174 -0.3154464 -0.8237962 2.690392 0.0163686 0.06854904 2.711402 0.06394616 -0.3716158 2.688694 0.1792754 -0.7620536 2.677247 
-0.1054883 0.7254391 2.696512 -0.09887006 0.5076934 2.700334 -0.09309443 0.2861604 2.701352 -0.2658749 0.5032649 2.684126 -0.370488 0.311717 2.803462 -0.3338888 0.4382207 2.557267 0.06813475 0.5121217 2.716542 0.2190475 0.3386314 2.817865 0.1568212 0.421599 2.566141 -0.1891132 0.06192818 2.69249 -0.2136849 -0.3794603 2.725197 -0.3147814 -0.8195516 2.686109 0.01447562 0.06732674 2.712248 0.06444308 -0.3722846 2.684693 0.1790629 -0.756023 2.669777 
-0.1067593 0.7258005 2.707713 -0.099925 0.5072612 2.705858 -0.09449883 0.285726 2.703351 -0.2668554 0.5033658 2.688778 -0.3737333 0.280353 2.76423 -0.2903478 0.4200312 2.531924 0.06700535 0.5111566 2.722938 0.2155325 0.3088219 2.777943 0.1105825 0.4065368 2.544909 -0.1908232 0.06181644 2.690433 -0.214993 -0.3796143 2.723367 -0.313696 -0.8169333 2.683979 0.0126779 0.06656528 2.711255 0.06367194 -0.3732009 2.688448 0.178669 -0.7541666 2.668987 
-0.1101138 0.7331595 2.72281 -0.1028455 0.5137954 2.717114 -0.09751883 0.2923373 2.710763 -0.27009 0.5101516 2.703902 -0.3759117 0.271209 2.695618 -0.2461816 0.4019551 2.476532 0.06439888 0.5174391 2.730326 0.1987227 0.2913764 2.712474 0.06748949 0.3943075 2.488134 -0.1941592 0.06865764 2.696356 -0.2155899 -0.3722425 2.736739 -0.3173391 -0.8100736 2.688933 0.009774907 0.07310075 2.712467 0.0624027 -0.366603 2.691922 0.1778211 -0.7496638 2.6732 
-0.1104081 0.7246813 2.729863 -0.1014272 0.5030593 2.72211 -0.09307515 0.2816227 2.718403 -0.2686776 0.4969617 2.709524 -0.3527352 0.2950497 2.553155 -0.1891292 0.3867472 2.335842 0.06582326 0.5091569 2.734696 0.1639226 0.3010961 2.579123 0.01163885 0.3835013 2.353145 -0.1866608 0.05646979 2.707025 -0.2174519 -0.3848647 2.728055 -0.3101865 -0.8204119 2.685632 0.01721452 0.06390259 2.722367 0.06949762 -0.3757921 2.7011 0.1835079 -0.7589137 2.672736 
