-0.1109892 0.7261579 2.774705 -0.1000287 0.5086477 2.745512 -0.09037198 0.2879333 2.729015 -0.2668109 0.5026398 2.728264 -0.2527215 0.3591863 2.460982 -0.1471672 0.4217663 2.220654 0.06675347 0.5146558 2.762759 0.1294754 0.356508 2.463439 -0.01403597 0.4152789 2.225254 -0.1824046 0.06355559 2.702003 -0.2087187 -0.3764891 2.74324 -0.3102165 -0.8200465 2.693769 0.02097403 0.07088194 2.723035 0.069995 -0.3693061 2.723276 0.1879122 -0.7588463 2.687899 
-0.1092537 0.7259501 2.777798 -0.09826667 0.5100495 2.753712 -0.08820223 0.2892569 2.737601 -0.2647805 0.5039023 2.733936 -0.2463638 0.4140947 2.43249 -0.1671238 0.4436413 2.172947 0.06824717 0.5161966 2.773488 0.1072336 0.414252 2.436226 0.02115163 0.4454837 2.175498 -0.1796233 0.06471787 2.709436 -0.2082051 -0.3756613 2.748647 -0.3120625 -0.8180423 2.687922 0.02334776 0.07221091 2.733542 0.0704331 -0.3682908 2.726485 0.1869113 -0.7601344 2.682837 
-0.1077591 0.7239606 2.778852 -0.09660806 0.5086466 2.757933 -0.086986 0.2878938 2.740625 -0.2632366 0.5028843 2.738794 -0.2766807 0.4640517 2.42026 -0.2173598 0.4662754 2.149247 0.07002047 0.5144089 2.777072 0.140619 0.4451204 2.426619 0.08839361 0.4673812 2.152878 -0.1789141 0.06362924 2.711653 -0.2088906 -0.3775146 2.739856 -0.3131833 -0.8191887 2.68496 0.02418621 0.07065286 2.734982 0.06738304 -0.3693491 2.709916 0.184585 -0.7632914 2.676602 
-0.1054557 0.7293458 2.789375 -0.09420693 0.5143132 2.762916 -0.08502465 0.2940147 2.740726 -0.2609709 0.5091972 2.744699 -0.3133521 0.4430355 2.419128 -0.2731768 0.4812655 2.149718 0.07255699 0.5194291 2.781134 0.1847966 0.4425485 2.43282 0.16189 0.4839463 2.156195 -0.1774843 0.07059799 2.707433 -0.2041982 -0.371289 2.726315 -0.3105079 -0.8105772 2.679144 0.02579958 0.07683426 2.72964 0.06938116 -0.3624302 2.693004 0.1854746 -0.7531881 2.669725 
-0.1050021 0.7308077 2.794634 -0.09436534 0.5151315 2.766103 -0.08524872 0.2950805 2.741358 -0.2612954 0.5100903 2.749432 -0.3566879 0.4185259 2.437571 -0.3282014 0.4964883 2.171425 0.07256476 0.5201727 2.782773 0.228887 0.4327644 2.469912 0.2258748 0.4899931 2.190309 -0.1778807 0.07195662 2.706452 -0.1998059 -0.3702322 2.726745 -0.3118538 -0.815907 2.682692 0.02561649 0.07810219 2.726774 0.06680828 -0.3618434 2.693412 0.1832608 -0.7569222 2.671166 
-0.1018348 0.7335918 2.788745 -0.09278128 0.5168932 2.764674 -0.08489583 0.296616 2.741404 -0.2598214 0.5125819 2.748881 -0.3978359 0.4007636 2.467789 -0.3704469 0.5087569 2.207064 0.07425887 0.5212045 2.780468 0.2704523 0.4088832 2.506447 0.2911133 0.5084435 2.239846 -0.1788247 0.07371106 2.708508 -0.2001595 -0.3688114 2.720319 -0.3121633 -0.814872 2.687389 0.02480397 0.07896668 2.727761 0.06606635 -0.3604189 2.687171 0.1834232 -0.7622352 2.674998 
-0.1008881 0.7314804 2.774839 -0.09173035 0.5148714 2.755517 -0.08423536 0.2943045 2.735039 -0.2587867 0.5106534 2.739806 -0.4309162 0.3628824 2.560889 -0.4232538 0.4993766 2.311542 0.07532602 0.5190894 2.771228 0.2972275 0.3824427 2.593216 0.332882 0.5146743 2.342284 -0.1785636 0.07116658 2.704986 -0.2005858 -0.3714238 2.715909 -0.3098552 -0.8183587 2.686151 0.02508285 0.07630849 2.724138 0.06639818 -0.3625688 2.677938 0.1828866 -0.7572089 2.669882 
-0.09954223 0.7310944 2.748869 -0.091427 0.5125729 2.741435 -0.0845305 0.2915042 2.729809 -0.2581992 0.5083337 2.723113 -0.447528 0.348992 2.634436 -0.4580531 0.5151963 2.399805 0.0753452 0.516812 2.759756 0.3090457 0.370167 2.660604 0.3499161 0.5308761 2.426852 -0.1792982 0.06785133 2.707015 -0.2012239 -0.3747037 2.720581 -0.3102919 -0.8187233 2.692873 0.02403022 0.07301967 2.729352 0.06393927 -0.365966 2.682395 0.1827472 -0.7555648 2.677972 
-0.09911089 0.7336679 2.733387 -0.09177367 0.5143287 2.731107 -0.08515048 0.2930081 2.724066 -0.2585647 0.5099168 2.712891 -0.443262 0.3394949 2.701715 -0.4741596 0.5240133 2.479733 0.07501736 0.5187406 2.749322 0.2905242 0.3600849 2.729302 0.339907 0.5358322 2.510896 -0.1801853 0.06899838 2.705924 -0.2008658 -0.3736808 2.717962 -0.3126098 -0.8150234 2.685335 0.02313076 0.07437637 2.728129 0.06478035 -0.3637049 2.674832 0.1825824 -0.7538113 2.672165 
-0.09645925 0.7284361 2.716148 -0.09084707 0.5090883 2.720174 -0.0848479 0.2876426 2.718797 -0.2577796 0.5046709 2.7033 -0.4151075 0.3327309 2.763359 -0.4774661 0.5146756 2.554368 0.07608546 0.5135058 2.737048 0.2557845 0.3550605 2.786651 0.3159457 0.5340695 2.567893 -0.1805998 0.0635043 2.707136 -0.2010751 -0.3789295 2.725617 -0.3142649 -0.8230799 2.682428 0.02290233 0.0688895 2.727706 0.0651398 -0.3695401 2.677591 0.1829982 -0.7625706 2.673774 
-0.09678363 0.7294063 2.707025 -0.09269422 0.5094619 2.716058 -0.08716279 0.2879807 2.718746 -0.259718 0.5050965 2.700064 -0.3684472 0.28728 2.827139 -0.4369273 0.4604717 2.609255 0.07432958 0.5138273 2.732053 0.217903 0.3400387 2.809322 0.2762381 0.5157585 2.582676 -0.1834364 0.06383867 2.711684 -0.2074129 -0.3786286 2.72143 -0.3162876 -0.81747 2.690155 0.02017363 0.06916033 2.731182 0.063999 -0.3695176 2.684652 0.1808646 -0.7632611 2.678572 
-0.1003035 0.7295465 2.712469 -0.09632751 0.5097073 2.718739 -0.09085414 0.2881618 2.720507 -0.2629209 0.5054344 2.699048 -0.3411158 0.2613104 2.824456 -0.386355 0.4285836 2.595603 0.07026587 0.5139801 2.73843 0.1964609 0.3055273 2.807164 0.2311827 0.4896272 2.58237 -0.1869479 0.06401132 2.710269 -0.2107551 -0.3783451 2.725425 -0.3162461 -0.8172348 2.684392 0.0161864 0.06922141 2.73428 0.0621107 -0.3692205 2.687391 0.1777963 -0.7612003 2.675647 
-0.09908305 0.7283562 2.7272 -0.09501603 0.5083379 2.72631 -0.09059511 0.2867888 2.723879 -0.2607924 0.5053078 2.700974 -0.3559831 0.2591056 2.7622 -0.3267012 0.4257942 2.551436 0.07076032 0.5113679 2.751645 0.1918516 0.2731655 2.768489 0.1717636 0.4639048 2.553247 -0.1872684 0.06339203 2.705999 -0.2111972 -0.3789076 2.723646 -0.3117209 -0.8173286 2.682128 0.01492002 0.06708758 2.736899 0.0626534 -0.371562 2.694009 0.1811383 -0.7612599 2.675899 
-0.1016578 0.7285854 2.744958 -0.09777777 0.5093992 2.736883 -0.09349967 0.2879957 2.729171 -0.2641611 0.5069196 2.71577 -0.3505585 0.2471019 2.689598 -0.2674576 0.427596 2.502606 0.06860556 0.5118788 2.757995 0.180859 0.2595314 2.705754 0.1086443 0.4469446 2.503027 -0.1906338 0.06508076 2.708592 -0.2172554 -0.3764963 2.735793 -0.313672 -0.8156995 2.687295 0.01219074 0.06810347 2.734328 0.06378154 -0.3698042 2.688518 0.1804357 -0.7580169 2.669098 
-0.1006049 0.72615 2.752467 -0.09763671 0.5085447 2.739484 -0.09462073 0.2870858 2.731465 -0.2644697 0.5069048 2.722028 -0.3227817 0.2620524 2.594314 -0.2032273 0.4330829 2.4137 0.0691963 0.5101846 2.75694 0.1614272 0.2717636 2.62089 0.05210231 0.4379963 2.418271 -0.1932857 0.06462744 2.712807 -0.216802 -0.3772133 2.739542 -0.3132103 -0.8161153 2.686563 0.01007625 0.06662647 2.734086 0.06267395 -0.3719032 2.696731 0.1815068 -0.7575234 2.671588 
-0.09692709 0.7223406 2.773303 -0.09404425 0.5047351 2.748548 -0.09392387 0.283398 2.736835 -0.2613348 0.5053365 2.735465 -0.2878734 0.3079718 2.506904 -0.152747 0.4192092 2.289205 0.0732463 0.5041336 2.761631 0.1296775 0.3105761 2.517191 -0.004997345 0.4261174 2.301898 -0.1957573 0.06242745 2.717149 -0.2177723 -0.3795775 2.743435 -0.3138944 -0.8143445 2.684522 0.008150279 0.06169435 2.733096 0.06755426 -0.3768637 2.708478 0.1823455 -0.7625048 2.673826 
