-0.103493 0.7186605 2.756052 -0.09628562 0.5011837 2.73674 -0.08974145 0.2800278 2.725134 -0.2635455 0.4969077 2.72391 -0.2484228 0.3860207 2.404391 -0.1181014 0.4261708 2.162186 0.07097425 0.5054597 2.74957 0.1144443 0.3888006 2.445688 0.01160314 0.4234328 2.187045 -0.1851557 0.05626527 2.705708 -0.2017892 -0.3842865 2.749398 -0.3103096 -0.8141593 2.699949 0.01876114 0.06147841 2.72135 0.0693095 -0.3787852 2.716966 0.1912289 -0.7766981 2.662905 
-0.1033491 0.7198811 2.756961 -0.09570107 0.5035241 2.743244 -0.08888639 0.2822853 2.732259 -0.2630464 0.4989576 2.731398 -0.2532095 0.4300092 2.377194 -0.1678698 0.4543187 2.112997 0.07164425 0.5080905 2.75509 0.1187239 0.4294019 2.417343 0.05857641 0.4482192 2.144995 -0.1840623 0.05826352 2.714054 -0.2012454 -0.3833987 2.742984 -0.31122 -0.8146231 2.695504 0.01991886 0.06382968 2.728493 0.06728324 -0.376648 2.716281 0.1957639 -0.7733818 2.655392 
-0.1044701 0.7223477 2.758435 -0.09652954 0.5058351 2.747266 -0.08951399 0.2845922 2.73589 -0.2639382 0.5010929 2.736256 -0.2986059 0.4570053 2.361098 -0.2412147 0.4748033 2.087871 0.07087919 0.5105775 2.758276 0.1281054 0.4399407 2.483014 0.07748219 0.4673706 2.198905 -0.1845333 0.06045879 2.717803 -0.2020529 -0.3818691 2.732696 -0.3111132 -0.813616 2.69383 0.01953639 0.06623967 2.731225 0.06364769 -0.373981 2.706916 0.1949025 -0.7734563 2.650856 
-0.1066042 0.7230481 2.75967 -0.09693302 0.5063266 2.747972 -0.08846723 0.2851524 2.736059 -0.2642632 0.5005538 2.736237 -0.3593029 0.4585009 2.375553 -0.3306821 0.483229 2.093029 0.07039718 0.5120993 2.759706 0.1989644 0.4355265 2.439289 0.1980817 0.4544587 2.15585 -0.1819934 0.06045964 2.716993 -0.1972797 -0.382136 2.732571 -0.3097795 -0.8199046 2.689231 0.02199047 0.06749693 2.731299 0.06613217 -0.3722103 2.698404 0.1965972 -0.7731764 2.648635 
-0.1086251 0.7246195 2.759295 -0.09788087 0.5072851 2.747906 -0.08853743 0.2861548 2.735681 -0.2652504 0.5008104 2.737105 -0.4101527 0.4417511 2.406275 -0.4179626 0.479072 2.117282 0.06948865 0.5137598 2.758708 0.2519809 0.4267629 2.454141 0.3071146 0.4531332 2.173394 -0.1812104 0.06107808 2.716872 -0.1986738 -0.3816611 2.72749 -0.3123783 -0.8203353 2.688397 0.02282241 0.06897114 2.73004 0.06603383 -0.3702135 2.689352 0.194905 -0.7722415 2.650018 
-0.1081783 0.7212269 2.733502 -0.09841869 0.502986 2.734895 -0.08899637 0.2816184 2.73009 -0.2659078 0.4960386 2.726529 -0.4990128 0.4064206 2.504317 -0.534376 0.4619482 2.20636 0.0690704 0.5099334 2.743263 0.3182687 0.4077104 2.530288 0.4429013 0.4409225 2.252501 -0.1816667 0.05601593 2.720184 -0.2052863 -0.3866185 2.72491 -0.3111413 -0.8218824 2.691291 0.02251863 0.06448548 2.730384 0.06368823 -0.3740462 2.6805 0.1922639 -0.7751394 2.648839 
-0.1052438 0.7242872 2.726706 -0.09788387 0.5049671 2.730056 -0.08939822 0.2835167 2.726343 -0.265445 0.4986708 2.722636 -0.5235036 0.3877079 2.558663 -0.5743182 0.4572802 2.266684 0.06967726 0.5112634 2.737477 0.3331371 0.3953578 2.584145 0.4813954 0.4350325 2.314252 -0.1830461 0.05822858 2.718107 -0.2058756 -0.3842466 2.710057 -0.3105503 -0.8139192 2.690112 0.02122095 0.06590411 2.727153 0.06283571 -0.3729794 2.680612 0.1926891 -0.7699108 2.64318 
-0.1069927 0.7241134 2.713305 -0.0989116 0.5046881 2.720505 -0.08998462 0.2832293 2.719804 -0.2664677 0.4979568 2.713263 -0.5312499 0.3728529 2.625829 -0.5883785 0.4461879 2.337839 0.06864451 0.5114193 2.727747 0.34007 0.3761804 2.648075 0.478289 0.4381369 2.378629 -0.1831866 0.05766759 2.714688 -0.2013381 -0.3828045 2.742781 -0.3112268 -0.8176286 2.687174 0.02107136 0.06587321 2.723517 0.0638026 -0.3732473 2.680212 0.1938389 -0.7736943 2.641565 
-0.1075648 0.7251891 2.705103 -0.09873018 0.5055203 2.713579 -0.08937122 0.2840622 2.713865 -0.2662688 0.4984305 2.706223 -0.5151258 0.3584263 2.692412 -0.574254 0.4300201 2.410078 0.06880847 0.5126101 2.720935 0.3215339 0.3605906 2.715537 0.4639045 0.428636 2.446314 -0.1821317 0.05828262 2.709667 -0.2003102 -0.3820327 2.748672 -0.3094877 -0.8139196 2.685773 0.0221072 0.06692544 2.718634 0.06444768 -0.3721162 2.67399 0.1970264 -0.773779 2.63872 
-0.1085371 0.72759 2.692504 -0.1002543 0.5069153 2.706899 -0.09087315 0.2855381 2.711526 -0.2677995 0.4996674 2.699823 -0.4690591 0.3602107 2.733205 -0.5125287 0.4230741 2.453038 0.06729086 0.5141631 2.713974 0.2687703 0.3527983 2.774271 0.4091651 0.4092514 2.498659 -0.183616 0.05974321 2.711841 -0.1991499 -0.3803287 2.758491 -0.3157545 -0.8188071 2.690073 0.02063209 0.06857884 2.720467 0.06159789 -0.3713415 2.684994 0.1955209 -0.7707623 2.644636 
-0.1059769 0.7199078 2.676207 -0.09866201 0.5009432 2.697955 -0.09034958 0.2798309 2.70914 -0.2662715 0.4943378 2.691941 -0.4230081 0.3360908 2.765116 -0.4339654 0.4183431 2.488771 0.06894753 0.5075485 2.703969 0.2244059 0.337416 2.81163 0.3325396 0.4001501 2.528608 -0.1842034 0.05469246 2.716659 -0.197452 -0.3869276 2.74332 -0.3132259 -0.8241866 2.691266 0.02012913 0.06274495 2.723991 0.06266283 -0.377088 2.688635 0.1944912 -0.7785404 2.647927 
-0.103759 0.7190784 2.677553 -0.09788339 0.4997862 2.698564 -0.09009276 0.2785847 2.709596 -0.2654798 0.4935469 2.691814 -0.3925039 0.3115452 2.775057 -0.3524786 0.4136009 2.508266 0.069713 0.5060255 2.705313 0.1972032 0.3152082 2.800814 0.2578049 0.3901467 2.519593 -0.1844577 0.05358017 2.716514 -0.197133 -0.3882575 2.745684 -0.311097 -0.8176909 2.688581 0.01985341 0.06118631 2.724742 0.0657702 -0.3778237 2.684019 0.1932027 -0.7724033 2.644942 
-0.1037061 0.7210857 2.688226 -0.09777937 0.5004292 2.702883 -0.09049727 0.2790508 2.709832 -0.2653249 0.4946613 2.694709 -0.3837342 0.2832602 2.755521 -0.2837037 0.4048032 2.516855 0.06976616 0.506197 2.711056 0.1931179 0.2846177 2.779909 0.1741703 0.3824991 2.517941 -0.1853428 0.05415665 2.711799 -0.1976274 -0.3883189 2.73062 -0.3108051 -0.8147129 2.686648 0.01891249 0.06118826 2.721764 0.0659412 -0.3782473 2.68755 0.1917965 -0.7704203 2.644618 
-0.1080146 0.73068 2.720477 -0.09674945 0.49349 2.725086 -0.09045732 0.2722758 2.717429 -0.2643334 0.489007 2.716891 -0.3376708 0.2758082 2.634849 -0.1575564 0.3965086 2.442715 0.0708345 0.497973 2.73328 0.185039 0.2544126 2.682499 0.06038592 0.3664882 2.467235 -0.1863157 0.04832898 2.704777 -0.1980864 -0.3940677 2.72983 -0.3111911 -0.8229581 2.689294 0.01798537 0.05379419 2.714767 0.06522798 -0.3862596 2.68965 0.1922399 -0.7826018 2.641801 
-0.1035597 0.7292659 2.763779 -0.09379578 0.5035065 2.742283 -0.0866376 0.2829454 2.723051 -0.2612945 0.4989241 2.732493 -0.3059002 0.3114402 2.527961 -0.1038056 0.4114217 2.33987 0.07370295 0.508089 2.752072 0.202526 0.2771329 2.60735 0.02751135 0.3817041 2.410128 -0.1815761 0.059591 2.697852 -0.1966162 -0.382432 2.727901 -0.3070561 -0.812389 2.687986 0.02261727 0.06517737 2.709786 0.07042788 -0.3752849 2.697335 0.1959751 -0.770278 2.647435 
