-0.262809 0.7632251 2.60723 -0.2557967 0.5509236 2.569993 -0.2503578 0.3301878 2.537479 -0.4139275 0.5506918 2.545115 -0.492722 0.36845 2.406206 -0.3291274 0.4886664 2.200731 -0.09766589 0.5511554 2.59487 0.02400826 0.3733409 2.46852 -0.1307259 0.4735158 2.246157 -0.3466946 0.1093027 2.488954 -0.3588246 -0.3232484 2.596046 -0.4975591 -0.8100384 2.471959 -0.1431434 0.1096012 2.520977 -0.146788 -0.3303954 2.59649 0.03798921 -0.7946842 2.464335 
-0.2649346 0.7631002 2.623641 -0.257798 0.5516895 2.579381 -0.2515658 0.3317392 2.542194 -0.4163556 0.5508773 2.557612 -0.4739101 0.3992571 2.359609 -0.306502 0.4894066 2.142722 -0.09924041 0.5525016 2.601151 0.003957618 0.3991364 2.409247 -0.1409343 0.4869228 2.177511 -0.3474033 0.1112662 2.490993 -0.3712229 -0.3266716 2.564176 -0.4758613 -0.7800063 2.529636 -0.1432637 0.1123118 2.519021 -0.1502799 -0.3273491 2.596227 0.03590365 -0.7967273 2.458832 
-0.2659764 0.7676569 2.642354 -0.2580146 0.5574389 2.58832 -0.2512701 0.3388041 2.544456 -0.4166189 0.556872 2.56676 -0.435958 0.438631 2.316804 -0.283894 0.4972721 2.085045 -0.09941027 0.5580059 2.609881 -0.0205257 0.4420638 2.36313 -0.1460671 0.498395 2.113771 -0.3465963 0.1198045 2.486715 -0.364213 -0.312546 2.588657 -0.4797413 -0.7869244 2.503027 -0.142455 0.1205342 2.514466 -0.1510591 -0.3179753 2.597661 0.04138826 -0.7930168 2.447839 
-0.2665319 0.7666545 2.655783 -0.2581709 0.5588413 2.599943 -0.2511453 0.3408232 2.552692 -0.4166531 0.5586171 2.577413 -0.3974838 0.4878909 2.261073 -0.2695793 0.5131969 2.006401 -0.09968862 0.5590656 2.622472 -0.05163419 0.4912183 2.299958 -0.1286947 0.510995 2.025772 -0.3461189 0.1226607 2.490941 -0.3690121 -0.3139144 2.57533 -0.4693332 -0.7763324 2.535047 -0.1421206 0.1229494 2.519941 -0.147615 -0.317092 2.594707 0.03836406 -0.79527 2.466055 
-0.2668446 0.7611606 2.65847 -0.2572299 0.5555557 2.602729 -0.2503341 0.337644 2.554865 -0.415691 0.5555269 2.58003 -0.3947291 0.5029503 2.242571 -0.2933332 0.5129747 1.978444 -0.09876888 0.5555846 2.625427 -0.04930871 0.5070835 2.27904 -0.09994281 0.5103648 1.998968 -0.3454259 0.1197136 2.492393 -0.3589467 -0.3129456 2.59684 -0.4842101 -0.8019878 2.501618 -0.1414508 0.1197508 2.521611 -0.1484585 -0.3205332 2.595061 0.03410777 -0.7987065 2.463337 
-0.2679569 0.759817 2.66029 -0.257681 0.5543978 2.602933 -0.250588 0.3367174 2.554015 -0.4162022 0.5542399 2.580651 -0.4143718 0.517467 2.23332 -0.3334149 0.5072282 1.960979 -0.09915995 0.5545558 2.625216 -0.0176591 0.5135378 2.264534 -0.04256978 0.5087044 1.979188 -0.3455221 0.1189352 2.490755 -0.3600146 -0.3166475 2.584249 -0.4935571 -0.8077785 2.480889 -0.1414676 0.1191385 2.519438 -0.1476122 -0.3220933 2.58694 0.03769032 -0.7993656 2.457621 
-0.2679173 0.7630139 2.661709 -0.2578099 0.5578187 2.601776 -0.2506675 0.3403677 2.551831 -0.4163503 0.5576992 2.579623 -0.4571881 0.5177271 2.231697 -0.3895667 0.501547 1.952913 -0.0992695 0.5579383 2.623928 0.02166888 0.5182594 2.276296 0.02651386 0.503972 1.990275 -0.3455649 0.1228398 2.48763 -0.357308 -0.3078851 2.601265 -0.4957682 -0.8075908 2.472121 -0.1414855 0.1229937 2.516145 -0.1495109 -0.3174772 2.588292 0.0373427 -0.7940143 2.453574 
-0.2643937 0.7626175 2.661893 -0.2564494 0.5584391 2.600013 -0.2497472 0.3412485 2.548885 -0.4148385 0.5590069 2.576839 -0.5145844 0.5138647 2.238847 -0.4580947 0.4916391 1.958055 -0.09806035 0.5578714 2.623188 0.07684066 0.5066245 2.302666 0.1062499 0.4915645 2.017833 -0.3449906 0.1244231 2.48284 -0.3520066 -0.3068611 2.596327 -0.4992864 -0.8136554 2.465303 -0.1410995 0.1236923 2.512672 -0.1339798 -0.3194672 2.552725 0.003158005 -0.7657993 2.514932 
-0.2649763 0.7649689 2.662994 -0.2558191 0.5603561 2.597991 -0.2489841 0.3436924 2.544717 -0.4142337 0.5610173 2.574976 -0.5667939 0.4974294 2.258941 -0.5233826 0.4767837 1.973716 -0.09740455 0.5596949 2.621005 0.1324183 0.4888063 2.346349 0.1701244 0.4748482 2.05872 -0.3441068 0.1274542 2.476632 -0.3527379 -0.3032831 2.592896 -0.4965563 -0.8095842 2.465322 -0.1401913 0.1266031 2.506256 -0.1362171 -0.3163334 2.555195 0.009288025 -0.7743382 2.501786 
-0.2628598 0.7583119 2.652518 -0.2535475 0.5543568 2.589745 -0.2471567 0.3371452 2.538713 -0.4121051 0.5548597 2.567748 -0.6143878 0.4717113 2.282965 -0.5976002 0.4621892 1.994997 -0.09498988 0.5538538 2.611742 0.138248 0.4831625 2.451045 0.1712625 0.4746299 2.161118 -0.3428185 0.1202573 2.473522 -0.3526384 -0.3116503 2.585649 -0.4969268 -0.8204991 2.46664 -0.1387132 0.1196099 2.501838 -0.1460754 -0.3193878 2.575587 0.03016695 -0.8006141 2.470665 
-0.2584671 0.75754 2.637781 -0.2517369 0.5524045 2.579756 -0.2465522 0.3344361 2.531999 -0.4103452 0.5533691 2.558134 -0.6601882 0.454356 2.362979 -0.6483979 0.4359559 2.073754 -0.09312861 0.5514398 2.601378 0.1805672 0.4589324 2.495903 0.2080921 0.4382366 2.204931 -0.3434506 0.1170887 2.470326 -0.3488137 -0.3109719 2.595999 -0.5007516 -0.8178264 2.463191 -0.1392842 0.115847 2.498158 -0.1459108 -0.3233813 2.574342 0.03726613 -0.8030723 2.456869 
-0.2514707 0.7608195 2.603987 -0.2480585 0.5517656 2.561014 -0.2456247 0.3318765 2.523197 -0.4067536 0.5536043 2.540109 -0.6885322 0.4273301 2.437245 -0.718054 0.4196585 2.157243 -0.0893634 0.5499268 2.581919 0.2076577 0.4457443 2.563214 0.2690006 0.415374 2.270278 -0.3453315 0.1131709 2.471925 -0.3541568 -0.3173049 2.588343 -0.5003765 -0.8155189 2.474821 -0.1410504 0.1108039 2.498835 -0.130832 -0.3311729 2.556382 0.00105014 -0.7786613 2.511253 
-0.2523924 0.7600273 2.5955 -0.2479776 0.5508143 2.553187 -0.2449307 0.3308281 2.515671 -0.4066908 0.5521664 2.532368 -0.6848137 0.4196311 2.490605 -0.7354941 0.4145691 2.212373 -0.08926446 0.5494621 2.574006 0.2062831 0.4369128 2.607576 0.2807402 0.4044839 2.315269 -0.344034 0.1117122 2.464756 -0.3471478 -0.3175052 2.586573 -0.4984853 -0.8156742 2.465141 -0.1397334 0.1099717 2.491554 -0.1375897 -0.3294462 2.566314 0.02616545 -0.7915778 2.479366 
-0.2515019 0.7574355 2.57428 -0.2473112 0.5469471 2.541552 -0.2439385 0.3259608 2.511143 -0.4059932 0.5474265 2.520467 -0.6649077 0.4173189 2.549284 -0.72065 0.4161187 2.262952 -0.08862918 0.5464678 2.562636 0.1766362 0.427453 2.647798 0.2406931 0.4012162 2.354485 -0.3426979 0.105283 2.467164 -0.347192 -0.3241155 2.588832 -0.5000077 -0.8215644 2.473092 -0.1384335 0.1046659 2.494305 -0.1389101 -0.3320254 2.584136 0.03076977 -0.799658 2.475594 
-0.2510019 0.7525479 2.546156 -0.2471377 0.538946 2.528663 -0.2438869 0.3169285 2.509161 -0.4058067 0.538483 2.507487 -0.6349499 0.4216604 2.603619 -0.6881064 0.4199287 2.31297 -0.08846855 0.5394091 2.549839 0.1433152 0.4147246 2.691422 0.2022502 0.3860248 2.400895 -0.3427597 0.09461298 2.476028 -0.3625369 -0.3417002 2.557231 -0.4761846 -0.7970342 2.544093 -0.1385125 0.09520899 2.503287 -0.1430094 -0.3414291 2.594735 0.03715887 -0.8096352 2.469917 
-0.2507268 0.7566434 2.539596 -0.2479421 0.5417691 2.526651 -0.2452493 0.3192739 2.511579 -0.4067734 0.541195 2.506752 -0.5874566 0.4128172 2.63731 -0.6356789 0.420713 2.344742 -0.0891107 0.5423434 2.546551 0.09817584 0.4108755 2.699209 0.1476055 0.3780126 2.410907 -0.3447859 0.09640898 2.483698 -0.3698158 -0.341309 2.561697 -0.476586 -0.7903847 2.52827 -0.1403274 0.09714812 2.509314 -0.1465339 -0.3410015 2.593688 0.04530156 -0.8016504 2.457009 
-0.2534519 0.7535171 2.544857 -0.2492882 0.5406774 2.528168 -0.2458843 0.3182458 2.511005 -0.4080983 0.5397968 2.508085 -0.5444601 0.3803916 2.642491 -0.5705563 0.4347174 2.355907 -0.090478 0.5415579 2.548252 0.05508378 0.3894397 2.688119 0.08334412 0.382848 2.401837 -0.3446922 0.09524754 2.480916 -0.3738483 -0.3454833 2.538104 -0.4663517 -0.7794079 2.547889 -0.1402687 0.09638102 2.506768 -0.1502002 -0.3426137 2.586684 0.04959999 -0.8060535 2.450445 
-0.2560497 0.7544367 2.55647 -0.2502098 0.5410771 2.534095 -0.2461678 0.3188939 2.513703 -0.408902 0.5401163 2.513107 -0.5262221 0.3601879 2.617754 -0.5031602 0.450666 2.341997 -0.09151766 0.5420378 2.555083 0.03904865 0.3692258 2.660572 0.0151765 0.3978757 2.378894 -0.3442641 0.09609234 2.479803 -0.3675991 -0.3328602 2.587452 -0.4747876 -0.7917793 2.519709 -0.1399874 0.0973291 2.506819 -0.1464121 -0.3421068 2.584985 0.05055252 -0.8031919 2.450033 
-0.257554 0.7564853 2.562279 -0.2502062 0.5428417 2.537835 -0.2460071 0.3207227 2.516375 -0.4090196 0.5417756 2.517795 -0.5111175 0.3445934 2.593903 -0.4601673 0.4565913 2.324637 -0.09139273 0.5439077 2.557876 0.03002061 0.3506106 2.641287 -0.02681229 0.4068694 2.367311 -0.3440244 0.0979176 2.482015 -0.3655259 -0.3345551 2.582911 -0.4863764 -0.8009902 2.49861 -0.1395916 0.09928986 2.507813 -0.1502302 -0.3397926 2.587626 0.05502515 -0.8061038 2.448974 
-0.2613164 0.754379 2.575184 -0.2524907 0.5424587 2.545977 -0.2472179 0.3207892 2.520617 -0.4108863 0.5413157 2.523036 -0.5020236 0.3307692 2.545462 -0.4074403 0.4647511 2.298887 -0.09409518 0.5436018 2.568919 0.02604393 0.3413307 2.59016 -0.07444675 0.4240332 2.342082 -0.3439076 0.09838376 2.480489 -0.3722795 -0.3397889 2.54733 -0.4701441 -0.7811326 2.542017 -0.1399827 0.09985544 2.510024 -0.1511266 -0.3387423 2.592538 0.05242964 -0.8069657 2.448681 
-0.2633376 0.7562416 2.589635 -0.2547021 0.5443537 2.55528 -0.2480251 0.3233393 2.525197 -0.412824 0.542948 2.530512 -0.4969862 0.3373629 2.486245 -0.3618837 0.4761856 2.260719 -0.09658014 0.5457593 2.580048 0.01704691 0.3421849 2.533592 -0.1117784 0.4461134 2.304126 -0.3431168 0.1014203 2.479173 -0.3710804 -0.3357618 2.558193 -0.4758888 -0.790779 2.518938 -0.1395796 0.1032297 2.511055 -0.1491529 -0.3351951 2.59477 0.04979381 -0.8018733 2.449755 
-0.2648839 0.7582306 2.605856 -0.2558485 0.5463476 2.564802 -0.2481151 0.3262421 2.529083 -0.4138864 0.544912 2.539432 -0.491483 0.3461725 2.447629 -0.3309847 0.4849144 2.232387 -0.09781057 0.5477831 2.590173 0.005032844 0.3540994 2.484803 -0.1396961 0.4673602 2.264212 -0.3420913 0.1052127 2.477035 -0.3637251 -0.3278202 2.578118 -0.4853292 -0.7991275 2.494479 -0.1386721 0.1070604 2.509691 -0.1531954 -0.3302011 2.598396 0.05356734 -0.8032786 2.445484 
