-0.116863 0.7259353 2.725071 -0.1053357 0.507403 2.721274 -0.09293003 0.286175 2.716148 -0.2697254 0.4989376 2.688772 -0.3795973 0.3247729 2.573737 -0.2046809 0.4602805 2.382771 0.05905401 0.5158684 2.753775 0.1996477 0.3318309 2.612474 0.03075224 0.4423063 2.411698 -0.180717 0.05978739 2.691214 -0.2168787 -0.3811594 2.717581 -0.3232175 -0.8274198 2.679236 0.01966826 0.07010642 2.730833 0.06284421 -0.3685378 2.683267 0.1833361 -0.7557702 2.672885 
-0.1178946 0.7172122 2.735449 -0.1057634 0.5022101 2.734137 -0.09295641 0.2809709 2.729178 -0.2714902 0.4931647 2.709678 -0.3403972 0.3754424 2.473437 -0.1681211 0.4745027 2.272023 0.05996326 0.5112555 2.758595 0.1589143 0.3619593 2.511364 -0.0005767975 0.4669806 2.299929 -0.181158 0.05421861 2.709313 -0.2144657 -0.3870313 2.733534 -0.3224642 -0.8270159 2.683211 0.02085925 0.06524479 2.739127 0.06584176 -0.3742168 2.702332 0.1831864 -0.758796 2.674517 
-0.1176829 0.7243838 2.757143 -0.1069855 0.5082515 2.743148 -0.09584175 0.2873425 2.730718 -0.2731466 0.5011155 2.721004 -0.3202458 0.4102567 2.439202 -0.1573269 0.4858922 2.21991 0.05917556 0.5153875 2.765292 0.130405 0.3979378 2.471226 -0.01445531 0.4816727 2.243486 -0.1859695 0.06208438 2.704792 -0.2209312 -0.379411 2.721573 -0.3277442 -0.8165253 2.672157 0.01657348 0.07078287 2.731784 0.06509865 -0.3682095 2.693705 0.1797482 -0.7540904 2.664596 
-0.1154142 0.7256553 2.768522 -0.105016 0.511327 2.750814 -0.09521631 0.2905209 2.735118 -0.2714168 0.5054252 2.729948 -0.2856324 0.455138 2.411103 -0.1521796 0.4978039 2.168106 0.06138472 0.5172288 2.77168 0.1091915 0.4459575 2.436128 -0.009980751 0.4973659 2.186818 -0.1868282 0.06611795 2.706705 -0.2142769 -0.3757493 2.72724 -0.3232681 -0.8201349 2.67972 0.01599503 0.07331161 2.732139 0.06587081 -0.3662951 2.707096 0.1844809 -0.7553063 2.671828 
-0.1166598 0.7234691 2.774707 -0.1061488 0.5113672 2.754399 -0.0961796 0.2906937 2.736554 -0.2727455 0.5054063 2.735041 -0.271827 0.4850754 2.39006 -0.1721651 0.5029593 2.127486 0.06044789 0.5173281 2.773757 0.1005863 0.4854708 2.403565 0.01466698 0.5147148 2.137733 -0.1877476 0.0663871 2.706912 -0.2154067 -0.3756385 2.725233 -0.3211026 -0.8228076 2.680599 0.01532675 0.07365315 2.730508 0.0632273 -0.3661794 2.703823 0.1833604 -0.7590819 2.6706 
-0.1151421 0.7264513 2.778809 -0.1048446 0.5133258 2.756532 -0.09573106 0.2927229 2.737143 -0.2715495 0.5080848 2.737805 -0.2784109 0.5090436 2.371043 -0.2198227 0.5023981 2.097967 0.0618603 0.5185667 2.775259 0.1132962 0.517228 2.394292 0.06378398 0.5203432 2.115624 -0.188223 0.06892557 2.706339 -0.2121054 -0.3733245 2.725181 -0.3220557 -0.8219946 2.677122 0.01498796 0.07531424 2.729167 0.06372803 -0.3644952 2.702668 0.1841844 -0.7600542 2.672268 
-0.1151936 0.728635 2.77937 -0.105085 0.5162069 2.755623 -0.09627327 0.2956225 2.735586 -0.2722028 0.5108271 2.741354 -0.350104 0.5215131 2.381772 -0.3268121 0.5017058 2.092758 0.06203284 0.5215867 2.769891 0.1805739 0.5355547 2.557317 0.1662665 0.5094302 2.277066 -0.1893431 0.07175834 2.706851 -0.2108486 -0.3703257 2.7319 -0.3215943 -0.8219644 2.679111 0.01441997 0.07831779 2.724249 0.06574716 -0.3611661 2.696648 0.182818 -0.7633696 2.670467 
-0.1177268 0.7285231 2.779628 -0.1069549 0.5152832 2.753569 -0.09741789 0.294892 2.731841 -0.2741989 0.5092848 2.741004 -0.3960632 0.5202615 2.407893 -0.3784708 0.5019363 2.116746 0.06028906 0.5212816 2.766134 0.2212767 0.5217717 2.523152 0.2340751 0.5164649 2.236203 -0.1898157 0.07084478 2.702455 -0.2099439 -0.3711463 2.730288 -0.3211888 -0.8256031 2.672189 0.01405401 0.0781568 2.717772 0.06628076 -0.361324 2.691727 0.1839682 -0.7617519 2.66634 
-0.1192744 0.7274469 2.74927 -0.1084499 0.5122087 2.739825 -0.09819122 0.2913159 2.730078 -0.2756971 0.5049702 2.727843 -0.4515045 0.5081156 2.451411 -0.431327 0.5038774 2.164125 0.05879734 0.5194471 2.751808 0.277159 0.5084039 2.531106 0.2872056 0.5196987 2.241804 -0.18987 0.06601129 2.713026 -0.2063751 -0.3759221 2.743845 -0.321387 -0.8286743 2.685868 0.01400483 0.07483502 2.727633 0.06326145 -0.3650832 2.703348 0.1846139 -0.7646206 2.681764 
-0.119341 0.7265413 2.733604 -0.1088875 0.5100948 2.729417 -0.09909625 0.2889147 2.723308 -0.2761381 0.5030272 2.717239 -0.494254 0.4985598 2.513203 -0.4615169 0.4999041 2.23056 0.0583631 0.5171624 2.741594 0.3205777 0.4957002 2.580049 0.3226374 0.5039881 2.292397 -0.1912441 0.06342693 2.709777 -0.2071716 -0.3790756 2.727109 -0.3245598 -0.8290162 2.673382 0.01263413 0.07204228 2.724621 0.05858268 -0.3670331 2.686512 0.1819324 -0.7614337 2.667961 
-0.1143259 0.7260203 2.699331 -0.1062163 0.5091656 2.707608 -0.097886 0.2877772 2.710384 -0.2737327 0.5027611 2.699537 -0.5162755 0.4813639 2.63431 -0.4905519 0.4990437 2.352251 0.06129998 0.51557 2.71568 0.3399306 0.4819543 2.709008 0.3338654 0.4720066 2.423009 -0.1916587 0.06248529 2.70824 -0.2069697 -0.3800077 2.729876 -0.3204302 -0.8270316 2.675063 0.01254735 0.07029242 2.718079 0.0601931 -0.3687243 2.679342 0.1827951 -0.7682368 2.669353 
-0.1099318 0.724242 2.67961 -0.1032906 0.5077953 2.695777 -0.09610767 0.2865668 2.704798 -0.2707471 0.5019655 2.686146 -0.5031672 0.4772033 2.705655 -0.4763774 0.493305 2.42512 0.06416602 0.513625 2.705409 0.315938 0.4539534 2.754489 0.3116852 0.4521336 2.468936 -0.1909945 0.06178485 2.707947 -0.2088833 -0.3807863 2.725935 -0.3183917 -0.8242725 2.67929 0.01314498 0.06889166 2.719689 0.06142925 -0.3703003 2.683542 0.1850948 -0.7684661 2.675726 
-0.1078827 0.7194218 2.660249 -0.1018671 0.5030414 2.684915 -0.09532933 0.2821548 2.70022 -0.2690813 0.497199 2.672024 -0.4656461 0.476146 2.760318 -0.4264508 0.4818818 2.482817 0.06534698 0.5088838 2.697805 0.2694093 0.403928 2.78724 0.2579863 0.4428064 2.50667 -0.1907283 0.05770657 2.707666 -0.2096601 -0.384764 2.72753 -0.319735 -0.8278495 2.675522 0.01314526 0.0648298 2.723383 0.05996841 -0.3744082 2.685723 0.182279 -0.766607 2.677755 
-0.1077733 0.7196621 2.659577 -0.1020752 0.5031025 2.682411 -0.09553055 0.2821486 2.69793 -0.2690769 0.4970775 2.667057 -0.443324 0.3985739 2.770154 -0.3755198 0.4722661 2.517339 0.0649265 0.5091275 2.697765 0.2367026 0.3604633 2.793125 0.1972101 0.4433757 2.530536 -0.1907781 0.05752225 2.704092 -0.214389 -0.3846487 2.725341 -0.3210045 -0.8245398 2.674831 0.0128063 0.06486703 2.722808 0.06040491 -0.3741975 2.683993 0.1823766 -0.758761 2.671965 
-0.107817 0.7182516 2.66024 -0.1019738 0.502007 2.682771 -0.09562402 0.2811187 2.699755 -0.2687267 0.4958436 2.664955 -0.414672 0.3402944 2.721068 -0.3112765 0.4687237 2.508461 0.06477916 0.5081704 2.700588 0.2208405 0.3237232 2.746063 0.1293417 0.4390747 2.517355 -0.1909155 0.05647359 2.705879 -0.2153644 -0.385698 2.726591 -0.3221047 -0.8247257 2.679488 0.01236702 0.0639872 2.727598 0.06133161 -0.3753982 2.695076 0.1819115 -0.7627798 2.676562 
-0.109758 0.7216002 2.669581 -0.1035047 0.503763 2.688426 -0.09791031 0.2827352 2.704035 -0.270097 0.4981684 2.668914 -0.3933257 0.3186446 2.658028 -0.259767 0.4641 2.465799 0.06308762 0.5093575 2.707937 0.2044282 0.3108652 2.684039 0.07287488 0.4374392 2.475008 -0.1938544 0.05829759 2.707751 -0.2192456 -0.3839969 2.723941 -0.3249118 -0.8225093 2.678724 0.009222554 0.06511735 2.731536 0.06052738 -0.3742486 2.702432 0.1795411 -0.7593242 2.675332 
-0.1136311 0.7235923 2.686738 -0.1061239 0.505023 2.697829 -0.1000497 0.2837573 2.708552 -0.2731505 0.4997151 2.682919 -0.377232 0.3188717 2.594508 -0.2241133 0.4649086 2.407168 0.06090273 0.5103308 2.71274 0.1846479 0.3133794 2.615517 0.0321414 0.4377748 2.414094 -0.1958143 0.05925532 2.710184 -0.2214671 -0.3830703 2.725559 -0.3249496 -0.8227111 2.678354 0.007863265 0.06572786 2.728367 0.05910781 -0.3734047 2.695713 0.1819684 -0.7611155 2.66853 
