-0.1018752 0.7323954 2.781091 -0.09348047 0.5168159 2.757803 -0.08697978 0.2959389 2.742389 -0.260228 0.5132192 2.739019 -0.1989243 0.4521128 2.379672 -0.1256546 0.4756929 2.109858 0.0732671 0.5204127 2.776587 0.07899667 0.4476092 2.383707 0.0236187 0.4734161 2.110304 -0.1821128 0.07286969 2.715526 -0.2142305 -0.368611 2.734038 -0.3139768 -0.8042444 2.680191 0.02115455 0.07725415 2.738424 0.06434118 -0.3620453 2.702333 0.1824741 -0.7566298 2.671082 
-0.1003674 0.73402 2.780612 -0.0933847 0.5198351 2.761165 -0.08723794 0.2988934 2.745342 -0.2603382 0.5163959 2.744331 -0.2234641 0.4715582 2.371344 -0.1526584 0.5032251 2.100042 0.07356884 0.5232743 2.777998 0.1059971 0.4908025 2.380852 0.07025758 0.494179 2.101679 -0.1828587 0.07585534 2.719259 -0.2105333 -0.3654225 2.747724 -0.3135887 -0.8118446 2.691656 0.02067634 0.08004816 2.739781 0.06078362 -0.360193 2.710015 0.1824346 -0.7585043 2.677813 
-0.09991506 0.7302484 2.780814 -0.09397851 0.5096068 2.758025 -0.08835939 0.2889211 2.738452 -0.2612939 0.5064783 2.745265 -0.2938806 0.4619012 2.388589 -0.2255268 0.5504347 2.125313 0.07333686 0.5127354 2.770785 0.1832341 0.4706878 2.41572 0.1627761 0.5194287 2.136778 -0.1847203 0.0663286 2.711102 -0.2119826 -0.3755057 2.734049 -0.315183 -0.8135979 2.674577 0.01923974 0.07014232 2.726656 0.07021016 -0.369381 2.701221 0.1851637 -0.7594789 2.667723 
-0.09865826 0.7321698 2.779857 -0.09316956 0.5142117 2.757537 -0.08909714 0.2934346 2.738375 -0.2606156 0.5120916 2.746378 -0.335435 0.4419508 2.406805 -0.2566198 0.5644708 2.160152 0.07427646 0.5163319 2.768696 0.2286225 0.4513431 2.439861 0.195416 0.5326462 2.171043 -0.1870888 0.07136525 2.712411 -0.2100893 -0.3697511 2.747659 -0.3182044 -0.8153087 2.684918 0.01703937 0.07394978 2.726015 0.06408273 -0.3664366 2.712451 0.1805497 -0.7546119 2.67441 
-0.09826317 0.7322704 2.769358 -0.09344333 0.5143695 2.7525 -0.08914085 0.2934105 2.735551 -0.2608377 0.5120297 2.74051 -0.3972231 0.4059794 2.489394 -0.324558 0.5518193 2.255679 0.07395111 0.5167093 2.764488 0.2723049 0.4321686 2.534928 0.2431214 0.5190732 2.26771 -0.186866 0.07102545 2.711295 -0.2037229 -0.3711305 2.731464 -0.3177027 -0.822012 2.678684 0.01718926 0.07387768 2.725909 0.06545573 -0.365923 2.701779 0.1825217 -0.7577819 2.672912 
-0.09675905 0.7301544 2.754652 -0.09154573 0.5121493 2.74458 -0.08714114 0.2909749 2.730931 -0.2586978 0.5097333 2.72979 -0.429139 0.3715101 2.565693 -0.3829403 0.5474629 2.349343 0.07560638 0.5145653 2.759369 0.2911248 0.3905631 2.603965 0.2754503 0.5324629 2.36404 -0.1846321 0.0683277 2.708266 -0.2013892 -0.3742701 2.717801 -0.3142175 -0.8225321 2.679375 0.01915901 0.07127331 2.726298 0.06669757 -0.3676549 2.689338 0.1851563 -0.7629619 2.675904 
-0.0979927 0.7285824 2.727586 -0.09303616 0.5095366 2.729169 -0.08790798 0.2880538 2.723201 -0.2598119 0.5061729 2.710695 -0.4253117 0.3406468 2.703162 -0.4327532 0.5206497 2.48661 0.07373955 0.5129004 2.747643 0.2797528 0.3443708 2.722245 0.2983277 0.5232895 2.500818 -0.184424 0.06452095 2.705974 -0.2011625 -0.376342 2.745301 -0.3143136 -0.81726 2.680779 0.01886448 0.06862111 2.728492 0.06806283 -0.368678 2.675964 0.1797426 -0.7629123 2.676195 
-0.09672946 0.7260027 2.722751 -0.09398013 0.5079836 2.725265 -0.09066655 0.2864147 2.720885 -0.2609127 0.5058275 2.708048 -0.408647 0.3223211 2.749092 -0.43391 0.5155556 2.539707 0.07295249 0.5101397 2.742481 0.2623861 0.3356884 2.761119 0.2930173 0.5206879 2.547106 -0.1891029 0.06353156 2.706011 -0.2043813 -0.3770491 2.75072 -0.3179395 -0.8164529 2.682587 0.01439697 0.06615997 2.726998 0.06162504 -0.3708349 2.669848 0.175329 -0.7565207 2.671828 
-0.09915706 0.7247433 2.711325 -0.09624077 0.5055284 2.719285 -0.09290168 0.2839547 2.719945 -0.2632615 0.5029626 2.702925 -0.3823098 0.3061509 2.76704 -0.4120982 0.5148143 2.576035 0.07077996 0.5080941 2.735643 0.2212053 0.3283545 2.804561 0.2662424 0.513555 2.589599 -0.1913631 0.06081708 2.710635 -0.2047087 -0.3810003 2.738815 -0.3189043 -0.8229482 2.6824 0.01223789 0.06394476 2.730577 0.06531615 -0.373043 2.678881 0.1777344 -0.7592437 2.677232 
-0.1010392 0.7202173 2.701752 -0.09727489 0.4997012 2.712799 -0.09409948 0.2781187 2.717114 -0.2638749 0.496922 2.692684 -0.3447408 0.2632533 2.788201 -0.3418314 0.4696669 2.588151 0.06932516 0.5024804 2.732913 0.1737778 0.2723244 2.844381 0.1840686 0.4609824 2.628825 -0.192462 0.05484244 2.70917 -0.2089283 -0.3873641 2.730182 -0.3127257 -0.8191638 2.684951 0.01061383 0.05823007 2.733689 0.06837961 -0.378409 2.683384 0.1820791 -0.7598925 2.675097 
-0.1022716 0.7226701 2.709838 -0.1001133 0.5012668 2.71627 -0.09710239 0.2796467 2.717995 -0.2667242 0.4988464 2.69612 -0.3427812 0.2330088 2.756891 -0.3068284 0.4535964 2.579148 0.06649768 0.5036871 2.736419 0.185503 0.2373707 2.84172 0.1496318 0.4254532 2.631296 -0.1956412 0.05655151 2.707438 -0.2125677 -0.3858698 2.727078 -0.3168655 -0.8168157 2.684747 0.007458145 0.05950189 2.732001 0.06561812 -0.3773962 2.684332 0.1770779 -0.753611 2.671529 
-0.1044664 0.71865 2.713878 -0.1029611 0.4984752 2.719464 -0.1000991 0.2768353 2.720652 -0.269474 0.4962126 2.698478 -0.3353862 0.2315054 2.702942 -0.2563996 0.4447539 2.539398 0.06355172 0.5007378 2.74045 0.1879476 0.2195822 2.805365 0.1069514 0.3905136 2.594702 -0.1987308 0.05381631 2.709048 -0.2122023 -0.3887134 2.730421 -0.3184328 -0.8219974 2.688341 0.004256792 0.05657455 2.734631 0.06307238 -0.3809637 2.694783 0.1774142 -0.7598693 2.677734 
-0.1045083 0.7182864 2.71741 -0.1038762 0.4981942 2.722167 -0.1022355 0.2765401 2.72374 -0.2707257 0.4968318 2.704205 -0.3171887 0.2397503 2.635486 -0.2120236 0.4446879 2.475106 0.06297342 0.4995566 2.740129 0.1749789 0.2222941 2.733689 0.05563242 0.368378 2.527615 -0.2023114 0.0540554 2.714362 -0.2153442 -0.3887384 2.730147 -0.3172554 -0.8188916 2.691169 0.00112195 0.05571654 2.736263 0.06585278 -0.3809372 2.695862 0.1791702 -0.7588296 2.675684 
-0.1045846 0.7215925 2.738135 -0.1035061 0.5020537 2.729609 -0.1019474 0.2805361 2.724718 -0.2707175 0.5011824 2.71579 -0.3109221 0.2480644 2.571526 -0.1703767 0.430344 2.408263 0.06370534 0.5029251 2.743428 0.1572025 0.2422128 2.64098 0.003649277 0.3617074 2.437757 -0.2023316 0.05848729 2.711401 -0.2117072 -0.3840868 2.733895 -0.3158793 -0.8156356 2.679957 0.001554231 0.05954979 2.728251 0.0699601 -0.3768435 2.691056 0.183097 -0.7576512 2.667003 
-0.1022547 0.7275022 2.761022 -0.1008531 0.5058406 2.737911 -0.1005606 0.2847132 2.725279 -0.2681739 0.5063495 2.725129 -0.3066808 0.2637266 2.530607 -0.1537528 0.4221143 2.350719 0.06646765 0.5053317 2.750694 0.1464254 0.2654567 2.574672 -0.01297469 0.3656137 2.361039 -0.2022407 0.06389593 2.704857 -0.2105438 -0.3784467 2.732293 -0.3177721 -0.8160877 2.673907 0.001704535 0.06327564 2.720437 0.06788136 -0.3742153 2.696512 0.183576 -0.7555524 2.666695 
