-0.1127997 0.7214 2.685614 -0.108649 0.5041702 2.687526 -0.1064258 0.2830809 2.700853 -0.2763633 0.5021968 2.682766 -0.3049796 0.396127 2.417703 -0.1886349 0.4413997 2.174052 0.05906545 0.5061436 2.692287 0.1140754 0.3739539 2.419412 -0.02233972 0.4535861 2.180567 -0.2064025 0.06078917 2.711277 -0.2418977 -0.3805634 2.730966 -0.3234157 -0.8102263 2.682185 -0.002002659 0.0631942 2.71708 0.06655538 -0.374473 2.710721 0.1775272 -0.7598506 2.672631 
-0.1162721 0.7198768 2.692263 -0.1128807 0.5050086 2.694806 -0.1111508 0.2837863 2.707411 -0.2806433 0.5034593 2.690638 -0.2764837 0.4395719 2.380872 -0.1834671 0.4490777 2.119334 0.05488183 0.5065579 2.698974 0.0950438 0.4214706 2.374209 -0.02092269 0.4687903 2.120791 -0.2116613 0.06161971 2.717475 -0.2394462 -0.3803109 2.736623 -0.3255001 -0.8150439 2.683124 -0.007180643 0.06350807 2.722555 0.06390482 -0.3738816 2.714989 0.1789647 -0.7578943 2.677374 
-0.1183267 0.7180771 2.696087 -0.114784 0.5046851 2.699406 -0.1131994 0.2833578 2.710872 -0.282578 0.5033041 2.695938 -0.2667427 0.4677901 2.354954 -0.1939211 0.4536052 2.084808 0.05301001 0.5060661 2.702875 0.08152089 0.4592326 2.33711 0.003795525 0.4737147 2.069507 -0.2138827 0.06118884 2.720224 -0.2339285 -0.3813607 2.731598 -0.3248452 -0.8188644 2.678205 -0.009346795 0.06287225 2.724452 0.06764416 -0.3731869 2.707421 0.1813961 -0.7602454 2.673829 
-0.1207114 0.7167202 2.707489 -0.1160889 0.5038213 2.70363 -0.1134679 0.2823362 2.710027 -0.2838991 0.5017683 2.701305 -0.277389 0.4839073 2.338986 -0.2237853 0.4565825 2.06277 0.05172126 0.5058742 2.705954 0.105743 0.4806035 2.330546 0.05280622 0.4792565 2.052847 -0.2131312 0.05959979 2.715007 -0.2318459 -0.3831806 2.721351 -0.3195595 -0.8178046 2.673004 -0.008562542 0.06210242 2.71784 0.0723355 -0.3733143 2.700073 0.1850662 -0.7585775 2.665339 
-0.1248473 0.7227247 2.724693 -0.1175083 0.5096049 2.709029 -0.1128976 0.2882834 2.705403 -0.2852908 0.5061536 2.706335 -0.3226834 0.5014443 2.353027 -0.2735677 0.4674466 2.075568 0.05027414 0.5130562 2.711723 0.1653829 0.4838112 2.354744 0.1248816 0.4800372 2.072279 -0.2105558 0.06485837 2.700135 -0.2259426 -0.378126 2.702662 -0.3160647 -0.8083412 2.664244 -0.006017749 0.0690657 2.70342 0.07530247 -0.3661422 2.681723 0.1862056 -0.7499477 2.656549 
-0.1268837 0.7233055 2.722296 -0.1181281 0.5088957 2.709003 -0.1116959 0.2875095 2.70435 -0.2858717 0.5040863 2.705945 -0.3728478 0.5037148 2.402521 -0.3169441 0.468439 2.125566 0.04961542 0.5137051 2.712061 0.2007429 0.4653641 2.469456 0.1525289 0.4795474 2.18396 -0.2075089 0.06319185 2.697832 -0.2187071 -0.3796913 2.709794 -0.3147852 -0.8164722 2.676772 -0.003018327 0.06905483 2.70156 0.07923509 -0.3662612 2.694203 0.1858192 -0.7554608 2.670104 
-0.1266624 0.722104 2.710577 -0.1167103 0.5069171 2.704636 -0.1094388 0.2854594 2.702204 -0.2844464 0.5014368 2.702148 -0.4289226 0.4608524 2.46025 -0.3539844 0.4615946 2.189714 0.05102592 0.5123973 2.707124 0.2623781 0.4308824 2.499086 0.2309473 0.4613191 2.214922 -0.2044062 0.06066138 2.698255 -0.2170026 -0.3821478 2.713623 -0.3128064 -0.8174376 2.680955 7.162762E-05 0.06734204 2.701288 0.07342777 -0.3692276 2.684206 0.1840059 -0.7534332 2.670203 
-0.1223132 0.7249877 2.694257 -0.1143373 0.5086314 2.696005 -0.1077319 0.2871279 2.697106 -0.282087 0.5036151 2.693233 -0.4644632 0.4184293 2.554122 -0.398516 0.4490295 2.280488 0.05341229 0.5136476 2.698778 0.290687 0.4219382 2.569535 0.2632614 0.4601059 2.2871 -0.2033738 0.06256676 2.696517 -0.2210601 -0.3802218 2.703763 -0.3144206 -0.8130518 2.679536 0.00112099 0.06868181 2.699897 0.07006291 -0.3681324 2.672791 0.1840041 -0.7530175 2.669356 
-0.1208713 0.7269399 2.68329 -0.1085651 0.5096149 2.683614 -0.09751377 0.288251 2.683146 -0.2759054 0.5012798 2.674537 -0.4536069 0.3680963 2.712064 -0.4410454 0.4205554 2.436983 0.05877527 0.5179499 2.692692 0.2549025 0.375156 2.732341 0.2736815 0.4123478 2.452555 -0.188475 0.06180594 2.677143 -0.2110354 -0.3800423 2.702582 -0.31138 -0.8193021 2.66925 0.01555009 0.07196823 2.68821 0.07399936 -0.3660009 2.653721 0.1887041 -0.7570743 2.665813 
-0.1220404 0.7244707 2.662096 -0.1075501 0.5084208 2.67279 -0.09526095 0.2873701 2.680193 -0.2748602 0.4988232 2.663949 -0.410297 0.3495443 2.769007 -0.4327614 0.4154443 2.497012 0.0597599 0.5180185 2.681631 0.2264543 0.3650837 2.787189 0.2472806 0.3908847 2.503891 -0.1849383 0.06047003 2.682209 -0.2151963 -0.3804294 2.714713 -0.3149148 -0.8174634 2.682444 0.01899475 0.07216852 2.692985 0.07087758 -0.3667715 2.660027 0.1846938 -0.7533377 2.675461 
-0.1223777 0.7220871 2.651001 -0.1080443 0.5059385 2.667848 -0.09518221 0.2851503 2.680619 -0.275333 0.4956836 2.65904 -0.3816479 0.3412715 2.793494 -0.4005775 0.4220225 2.527688 0.05924451 0.5161935 2.676656 0.1867263 0.3595429 2.8166 0.204236 0.3806733 2.535206 -0.184279 0.05811195 2.688022 -0.2161007 -0.3830467 2.716507 -0.317549 -0.8189244 2.685493 0.01963867 0.07061232 2.698758 0.06818499 -0.3686176 2.663968 0.1817414 -0.7583243 2.675132 
-0.123991 0.7208308 2.655469 -0.1088846 0.5051914 2.669327 -0.09518673 0.2843025 2.680539 -0.2759562 0.4942495 2.657873 -0.3683114 0.3151265 2.784254 -0.3507475 0.4266172 2.526831 0.05818701 0.5161335 2.680781 0.1783734 0.3352834 2.80081 0.1409293 0.376594 2.531775 -0.183333 0.05674351 2.68477 -0.2182633 -0.3845027 2.708238 -0.3171553 -0.8196522 2.674085 0.0203553 0.0700836 2.698734 0.06642988 -0.3697889 2.669009 0.1817629 -0.7594126 2.671162 
-0.1252123 0.7227089 2.657184 -0.1091516 0.5052081 2.672198 -0.09527412 0.2843812 2.684986 -0.2761148 0.4939732 2.65938 -0.3781623 0.2800663 2.732116 -0.3151978 0.4211446 2.502987 0.05781153 0.516443 2.685015 0.1881791 0.3071376 2.755406 0.09271192 0.3834305 2.513576 -0.1831606 0.05670674 2.689961 -0.2230937 -0.3840168 2.71554 -0.3179018 -0.8186873 2.68685 0.02036733 0.07040206 2.705586 0.06462074 -0.3701064 2.68452 0.1805359 -0.7581176 2.675439 
-0.1290576 0.7262785 2.678022 -0.1121036 0.508251 2.683639 -0.09701627 0.2872992 2.689726 -0.2791471 0.4965337 2.67235 -0.3901136 0.2710541 2.658062 -0.2785209 0.4198006 2.459795 0.05493993 0.5199684 2.694928 0.186061 0.2965438 2.686692 0.05080791 0.3967786 2.469762 -0.183746 0.0592054 2.688931 -0.22414 -0.3815592 2.713806 -0.3176051 -0.8163232 2.678801 0.01988817 0.0734894 2.702693 0.06574477 -0.3669915 2.68334 0.1807794 -0.7551329 2.665409 
-0.1318287 0.7273738 2.708929 -0.1145473 0.5096196 2.701133 -0.09987693 0.2885096 2.699652 -0.2818167 0.4985763 2.692923 -0.3777994 0.2882795 2.537025 -0.2243228 0.4172366 2.344349 0.05272204 0.5206627 2.709343 0.1609959 0.3133678 2.55718 -0.005721695 0.4220615 2.352832 -0.187166 0.06066826 2.693167 -0.2264122 -0.3800739 2.720608 -0.3221338 -0.816326 2.682468 0.01675291 0.07413109 2.703176 0.07148486 -0.3655393 2.706865 0.1788583 -0.7610735 2.671785 
