-0.2589903 0.7493472 2.600924 -0.2594519 0.5314614 2.574511 -0.258476 0.310222 2.546035 -0.4186601 0.5328656 2.558146 -0.4535767 0.3265772 2.390323 -0.2847392 0.4220456 2.181415 -0.1002437 0.5300572 2.590877 -0.0207581 0.3175974 2.439101 -0.1578846 0.4180223 2.205547 -0.3599571 0.08988622 2.507026 -0.3517903 -0.3414001 2.61605 -0.4889172 -0.8050282 2.477027 -0.155043 0.0880789 2.52809 -0.1438437 -0.3546079 2.584628 0.04569083 -0.7972347 2.437985 
-0.261187 0.7540278 2.630037 -0.2578272 0.538038 2.587493 -0.2538286 0.3183014 2.549041 -0.4168706 0.5383097 2.569402 -0.4148804 0.3726296 2.318596 -0.2547521 0.4389358 2.08968 -0.09878378 0.5377664 2.605584 -0.03391727 0.3522446 2.364679 -0.1584403 0.432334 2.116188 -0.3521907 0.09873958 2.498945 -0.3548451 -0.3264153 2.622746 -0.4769023 -0.7958192 2.506666 -0.1474692 0.09838991 2.522232 -0.1507699 -0.3403483 2.602644 0.05096466 -0.7984795 2.44136 
-0.2604185 0.7545882 2.644552 -0.2563013 0.5393852 2.594141 -0.2518597 0.3205549 2.550831 -0.4152423 0.5399184 2.575147 -0.4174306 0.3770881 2.299464 -0.2514867 0.4390814 2.070559 -0.0973602 0.538852 2.613134 -0.03528783 0.3668383 2.342501 -0.1546559 0.4355184 2.087015 -0.349714 0.1020678 2.495296 -0.363778 -0.3307919 2.591084 -0.4630541 -0.7766985 2.535261 -0.1451221 0.1013815 2.519745 -0.1502646 -0.338421 2.595049 0.05042185 -0.8004667 2.437156 
-0.2604541 0.7524143 2.651811 -0.2571378 0.5388314 2.600293 -0.2525448 0.3203231 2.555148 -0.4158845 0.5397336 2.579776 -0.3967057 0.4150377 2.279732 -0.2556621 0.4435764 2.036318 -0.09839111 0.5379292 2.620811 -0.05313583 0.4139239 2.32076 -0.1414522 0.4497288 2.050452 -0.350127 0.1023954 2.496798 -0.3555261 -0.3204874 2.6296 -0.4791917 -0.7971914 2.509951 -0.1457766 0.1012341 2.523209 -0.1533727 -0.3385038 2.599352 0.04686766 -0.8033696 2.446784 
-0.2598639 0.7511312 2.657763 -0.2552778 0.5405796 2.608789 -0.2503802 0.3223847 2.561961 -0.4138331 0.541738 2.586809 -0.3674313 0.4625014 2.260436 -0.2726658 0.4510169 1.99391 -0.09672242 0.5394213 2.630769 -0.07154207 0.4657328 2.284714 -0.114244 0.4681765 2.002312 -0.3475303 0.1049353 2.500987 -0.3582341 -0.3270926 2.602234 -0.4717596 -0.7922772 2.526277 -0.1434352 0.1034443 2.529279 -0.1503666 -0.3369881 2.60186 0.04789932 -0.8019217 2.448239 
-0.2609843 0.7550283 2.658918 -0.2553149 0.5444826 2.610792 -0.2495095 0.3263733 2.563632 -0.4138713 0.5450214 2.588782 -0.3712337 0.4727364 2.236724 -0.2914432 0.4590087 1.963946 -0.09675859 0.5439438 2.632802 -0.05928934 0.4838769 2.268863 -0.08546094 0.4768088 1.984645 -0.3457535 0.1086108 2.502306 -0.352454 -0.3244066 2.605299 -0.4829003 -0.7979404 2.502705 -0.1416547 0.1079172 2.530638 -0.1487681 -0.3328951 2.600972 0.04497182 -0.7956725 2.448391 
-0.2595441 0.7551152 2.660496 -0.2534164 0.5457836 2.610934 -0.248258 0.3279173 2.562582 -0.4122319 0.5464537 2.590972 -0.3961234 0.4773721 2.214372 -0.3226868 0.465425 1.937247 -0.09460097 0.5451136 2.630897 -0.02715042 0.4904315 2.261434 -0.03861369 0.4799014 1.974606 -0.345324 0.1104823 2.501381 -0.3502558 -0.3222874 2.608227 -0.4908907 -0.8064424 2.483262 -0.1408751 0.1096198 2.527078 -0.148996 -0.3316447 2.594429 0.04089343 -0.7963603 2.445451 
-0.2616147 0.7552419 2.661281 -0.2549486 0.5454633 2.609168 -0.2493079 0.3278403 2.559775 -0.4139374 0.5455512 2.590624 -0.4360691 0.4801868 2.225694 -0.3641288 0.4746581 1.945161 -0.09595964 0.5453753 2.627712 0.01191863 0.4887137 2.265212 0.009775997 0.4824292 1.977471 -0.345996 0.1102739 2.498447 -0.3612092 -0.3279657 2.573152 -0.4727369 -0.7799012 2.529015 -0.1413384 0.1101606 2.522318 -0.1347038 -0.3334505 2.555011 0.006415634 -0.773254 2.510678 
-0.258141 0.7568476 2.651174 -0.2536536 0.5455301 2.603307 -0.249044 0.3273115 2.556573 -0.4128153 0.5458075 2.586313 -0.4915207 0.4715841 2.247851 -0.4247741 0.4720199 1.966463 -0.09449197 0.5452526 2.620302 0.0624736 0.4858666 2.294103 0.06765737 0.4816638 2.006738 -0.3468746 0.1092716 2.498901 -0.3518809 -0.3226693 2.603599 -0.4829009 -0.7968472 2.507432 -0.141994 0.1089145 2.520777 -0.1372865 -0.3344649 2.56429 0.01078725 -0.7816439 2.501171 
-0.2557124 0.7565336 2.645113 -0.2529515 0.5445726 2.597674 -0.2498377 0.3262766 2.551148 -0.4120607 0.5460213 2.580228 -0.5382507 0.4598009 2.265919 -0.4775115 0.4700447 1.983597 -0.09384227 0.5431238 2.61512 0.1087456 0.4709263 2.339549 0.1300028 0.4734909 2.050029 -0.3491286 0.1089132 2.493393 -0.3493028 -0.3229175 2.602609 -0.4947796 -0.804787 2.480982 -0.1443193 0.1070482 2.51585 -0.1520731 -0.3340958 2.577263 0.03488244 -0.7945592 2.465426 
-0.2556754 0.7504574 2.627065 -0.2512844 0.5364633 2.584117 -0.2470426 0.3173675 2.541623 -0.4103402 0.5368834 2.566073 -0.5963168 0.4374501 2.325212 -0.5419826 0.4608783 2.043807 -0.09222852 0.5360431 2.60216 0.1484311 0.443237 2.406877 0.1826907 0.4606281 2.121179 -0.3451709 0.09854222 2.487516 -0.3579246 -0.3376716 2.570978 -0.4753662 -0.7912344 2.532871 -0.1404309 0.09800133 2.510741 -0.1490956 -0.3414896 2.586907 0.05154602 -0.8053596 2.440528 
-0.2512191 0.7475826 2.606035 -0.2486914 0.5330358 2.574479 -0.2459459 0.3126033 2.540469 -0.4074087 0.534241 2.553855 -0.6137316 0.4172774 2.380605 -0.5627222 0.4552813 2.100548 -0.08997411 0.5318305 2.595103 0.1541449 0.4340684 2.44141 0.1764764 0.4584984 2.158711 -0.3453676 0.09294654 2.493183 -0.3591207 -0.3372679 2.604131 -0.4779847 -0.8030193 2.523676 -0.1410332 0.09139502 2.519734 -0.1550324 -0.3475046 2.599205 0.05204851 -0.8114454 2.451429 
-0.2539875 0.7528044 2.596043 -0.2496895 0.5371802 2.566557 -0.2453799 0.3163354 2.535014 -0.4082365 0.5372216 2.544606 -0.6188758 0.3911425 2.444297 -0.5899473 0.4439048 2.162108 -0.09114255 0.5371389 2.588509 0.1475603 0.4210285 2.528715 0.1613632 0.441967 2.245003 -0.3431127 0.09551718 2.489343 -0.3522024 -0.3402235 2.578742 -0.487082 -0.8026093 2.490686 -0.1390278 0.09546396 2.517599 -0.1487936 -0.34533 2.586215 0.05691771 -0.8023848 2.436592 
-0.2574762 0.7542148 2.582041 -0.2513884 0.5385304 2.55748 -0.2458397 0.3171626 2.529948 -0.4101691 0.5370482 2.537397 -0.606411 0.3785554 2.495126 -0.5860637 0.4423126 2.214032 -0.09260778 0.5400126 2.577563 0.1168039 0.3890335 2.584858 0.137749 0.4331056 2.302633 -0.3424904 0.09484082 2.48949 -0.3589803 -0.3457831 2.542741 -0.4719894 -0.7802765 2.550361 -0.1380917 0.09674884 2.515342 -0.1553566 -0.3426878 2.590921 0.05789389 -0.806444 2.435608 
-0.2587415 0.7508828 2.563048 -0.2538089 0.5330632 2.544758 -0.2485846 0.3110908 2.522316 -0.4128728 0.5311174 2.526975 -0.5635991 0.3533867 2.597528 -0.5596007 0.4415843 2.318215 -0.09474505 0.5350091 2.562541 0.05745444 0.3595114 2.651209 0.08220953 0.4248452 2.374847 -0.3457278 0.08786595 2.488431 -0.3534943 -0.3448571 2.587382 -0.4891978 -0.8072988 2.502945 -0.1409927 0.09037059 2.51132 -0.153843 -0.3492242 2.58785 0.05645688 -0.8106643 2.443489 
-0.2568934 0.7488478 2.548047 -0.2539377 0.5304621 2.537683 -0.2500098 0.3079723 2.521569 -0.4128611 0.5290366 2.518626 -0.5328262 0.3397121 2.634763 -0.5361439 0.4374741 2.361021 -0.09501417 0.5318876 2.55674 0.02620229 0.3412368 2.665091 0.04385506 0.4249128 2.392197 -0.3483678 0.08456513 2.493191 -0.356741 -0.3520981 2.57847 -0.4939665 -0.809631 2.494793 -0.1437961 0.08640008 2.517721 -0.151573 -0.3538611 2.591041 0.04667169 -0.809058 2.449766 
-0.259701 0.7502887 2.540048 -0.2562094 0.5304827 2.533585 -0.2522683 0.3077302 2.520962 -0.4150961 0.5287703 2.514195 -0.5079162 0.3283583 2.656874 -0.497094 0.4338931 2.39199 -0.09732281 0.5321952 2.552975 0.00659726 0.3166164 2.671043 0.008616306 0.420625 2.406827 -0.3505864 0.08387548 2.49586 -0.3647615 -0.357429 2.542774 -0.4793587 -0.7896781 2.551487 -0.146068 0.08607971 2.520818 -0.1473843 -0.3559542 2.58171 0.04199582 -0.8028761 2.450283 
-0.2634465 0.7564375 2.553551 -0.2582832 0.5372988 2.539737 -0.2540883 0.3149546 2.521596 -0.4174667 0.5356485 2.523155 -0.496507 0.3027133 2.645437 -0.4549187 0.4296361 2.401629 -0.09909978 0.5389491 2.556319 0.003250298 0.3032725 2.64852 -0.03537051 0.4201604 2.398052 -0.3523612 0.09154819 2.49278 -0.3642988 -0.3436978 2.577564 -0.4773377 -0.7858202 2.524832 -0.1474257 0.09367282 2.514128 -0.1487296 -0.3479139 2.578977 0.03877583 -0.7911862 2.44641 
-0.2633397 0.7552617 2.560312 -0.2579019 0.5376084 2.54433 -0.253565 0.3153921 2.524174 -0.4171773 0.5359328 2.528532 -0.499259 0.2818594 2.600728 -0.410061 0.4276655 2.388638 -0.09862655 0.5392841 2.560127 0.01061993 0.293632 2.615764 -0.06882944 0.4187838 2.381408 -0.3517336 0.0920973 2.493852 -0.3621663 -0.3484808 2.546539 -0.4663049 -0.7757356 2.556115 -0.1467227 0.09425411 2.514186 -0.148911 -0.3461771 2.586507 0.03733415 -0.79583 2.457609 
-0.263783 0.7601041 2.572688 -0.2588356 0.5411239 2.553415 -0.2546197 0.3192031 2.530104 -0.4183267 0.5394927 2.540099 -0.497154 0.2794464 2.541369 -0.3673762 0.425265 2.349654 -0.09934445 0.542755 2.566732 0.008285797 0.2922976 2.557884 -0.1014156 0.4219667 2.332631 -0.3530633 0.09623245 2.498222 -0.3611703 -0.3442506 2.561189 -0.479276 -0.7885041 2.525889 -0.1477443 0.09833231 2.515365 -0.153075 -0.3425631 2.584954 0.0462847 -0.797629 2.451946 
-0.2658301 0.754696 2.579382 -0.2611669 0.5375695 2.558049 -0.2561717 0.3158798 2.532631 -0.4206548 0.5355186 2.544594 -0.4875795 0.2967196 2.474694 -0.3347267 0.4226307 2.277924 -0.1016791 0.5396204 2.571504 0.001140327 0.3016501 2.494949 -0.1252372 0.4258489 2.273044 -0.3538182 0.09287022 2.498553 -0.352984 -0.3371184 2.606307 -0.485215 -0.8046698 2.498587 -0.1485348 0.09551006 2.515872 -0.1539278 -0.3450457 2.587814 0.04489829 -0.8041862 2.449887 
-0.2663046 0.7528967 2.59172 -0.260809 0.5360401 2.564221 -0.2555367 0.3148087 2.535208 -0.42033 0.5339611 2.551086 -0.4682937 0.3103615 2.415853 -0.3037221 0.4236876 2.210472 -0.1012879 0.5381191 2.577356 -0.007433945 0.3168216 2.443979 -0.1411368 0.4280622 2.214734 -0.3529316 0.09223928 2.49774 -0.361557 -0.3450671 2.569796 -0.4706544 -0.7877039 2.540529 -0.1475973 0.09491536 2.514647 -0.1487756 -0.3458232 2.585685 0.04527237 -0.8002741 2.450955 
-0.2689018 0.7543503 2.607407 -0.2611829 0.5374793 2.569617 -0.2543769 0.3172319 2.534563 -0.420517 0.5349552 2.554541 -0.4471117 0.3351524 2.361443 -0.2831669 0.4295379 2.145507 -0.1018488 0.5400035 2.584693 -0.019182 0.3509373 2.393996 -0.1498474 0.4344938 2.153151 -0.3501277 0.09535977 2.489805 -0.3544309 -0.3343419 2.598589 -0.4779624 -0.7964133 2.506231 -0.1450142 0.09860916 2.509213 -0.145486 -0.3418974 2.581807 0.04325442 -0.7951467 2.449149 
