-0.2487044 0.7476364 2.582287 -0.2481321 0.5365382 2.552986 -0.2503185 0.3151879 2.524403 -0.4069824 0.5406018 2.533669 -0.4927185 0.3503427 2.435521 -0.3378024 0.4782336 2.226182 -0.08928177 0.5324747 2.572304 0.02598103 0.3364471 2.477367 -0.1075065 0.4371313 2.244791 -0.3547409 0.09645283 2.483387 -0.3643157 -0.3385897 2.578851 -0.4875769 -0.8045388 2.503777 -0.150269 0.09122218 2.508253 -0.1543272 -0.3440273 2.607054 0.04496935 -0.808786 2.448029 
-0.2511395 0.7469586 2.593675 -0.2487689 0.5354658 2.558012 -0.24917 0.3148942 2.524201 -0.4077794 0.538533 2.539888 -0.4768841 0.3696848 2.384273 -0.3087832 0.4849552 2.17705 -0.08975844 0.5323985 2.576135 0.02046783 0.3567101 2.428168 -0.122289 0.4457825 2.197111 -0.3519158 0.09629676 2.478725 -0.3701153 -0.3425375 2.552449 -0.4689884 -0.785524 2.539061 -0.1472264 0.0923484 2.502054 -0.1430064 -0.3448259 2.591378 0.04600178 -0.8018258 2.443386 
-0.2549262 0.7550023 2.617333 -0.2493611 0.5423 2.567458 -0.2467862 0.3228229 2.527569 -0.4087215 0.5430576 2.553003 -0.4550234 0.4003991 2.335138 -0.2859932 0.4919902 2.121658 -0.0900007 0.5415424 2.581914 0.001157967 0.3858084 2.372514 -0.1327847 0.4576018 2.135763 -0.3468133 0.1038336 2.478374 -0.3608527 -0.3305804 2.575126 -0.4747849 -0.7906384 2.515521 -0.1416093 0.1028581 2.496987 -0.14256 -0.3322492 2.595913 0.04662488 -0.7919751 2.449718 
-0.2574579 0.7615398 2.638198 -0.2504067 0.549961 2.578468 -0.2462059 0.3317511 2.532366 -0.4098355 0.5498595 2.564421 -0.426525 0.4312043 2.296082 -0.273007 0.4979021 2.065461 -0.09097794 0.5500625 2.592515 -0.01793225 0.4198986 2.327245 -0.1353622 0.4684108 2.077376 -0.344598 0.1134759 2.477224 -0.3549957 -0.3173821 2.590229 -0.4866844 -0.7954169 2.491341 -0.1394121 0.1136065 2.495302 -0.1307447 -0.3262956 2.562443 0.008193786 -0.7646406 2.514721 
-0.2577886 0.7612243 2.64914 -0.250096 0.5515546 2.588841 -0.2450294 0.3336044 2.541242 -0.4093243 0.5513898 2.572647 -0.4037546 0.4540921 2.266044 -0.268447 0.4970586 2.023036 -0.09086768 0.5517192 2.605036 -0.03495979 0.4554549 2.28764 -0.1252659 0.477194 2.021682 -0.3424438 0.1155482 2.483219 -0.3493688 -0.3087929 2.618383 -0.4927479 -0.8074536 2.48375 -0.137482 0.1157602 2.504065 -0.1383324 -0.3222062 2.585357 0.01390526 -0.7805437 2.510953 
-0.259359 0.759938 2.655122 -0.2512595 0.5523789 2.59612 -0.24558 0.3345968 2.547625 -0.4104346 0.5519786 2.579276 -0.3863871 0.4830348 2.243529 -0.2782005 0.4935783 1.985922 -0.09208444 0.5527792 2.612964 -0.03749298 0.4857289 2.271853 -0.09098677 0.4809552 1.993939 -0.34234 0.1165571 2.488289 -0.352829 -0.3126691 2.607566 -0.5008613 -0.812757 2.474932 -0.1374609 0.1170723 2.509969 -0.1421882 -0.3221155 2.587035 0.02600838 -0.7905294 2.484995 
-0.2590103 0.7561725 2.658597 -0.2510923 0.5506249 2.598534 -0.2450994 0.3330203 2.549185 -0.4104115 0.5497339 2.583116 -0.3967007 0.4970154 2.22478 -0.3038013 0.4926481 1.957572 -0.09177315 0.5515159 2.613953 -0.007251846 0.5018638 2.25942 -0.03371892 0.48274 1.978192 -0.3416469 0.1148422 2.489911 -0.3494968 -0.3147276 2.60973 -0.5027688 -0.8180969 2.467026 -0.1365659 0.1159891 2.509758 -0.1432656 -0.3236375 2.585732 0.03339084 -0.796995 2.468322 
-0.2598249 0.757426 2.668832 -0.250934 0.5536411 2.60091 -0.2443427 0.3370248 2.547566 -0.4104038 0.5521605 2.587217 -0.4223751 0.4960209 2.215901 -0.3445326 0.4892703 1.941729 -0.09146428 0.5551217 2.614603 0.02635043 0.5064151 2.263205 0.02073119 0.4860228 1.976075 -0.3403915 0.1194556 2.485409 -0.3542383 -0.3140274 2.588995 -0.4974734 -0.8080767 2.465202 -0.1351112 0.1213615 2.503035 -0.1477298 -0.3172677 2.584249 0.0432131 -0.7965817 2.448531 
-0.2572418 0.7574425 2.664436 -0.2499561 0.5537266 2.598695 -0.2444457 0.3367894 2.546458 -0.4091928 0.5535594 2.582592 -0.4651943 0.4905227 2.216937 -0.3991014 0.484329 1.937203 -0.09071939 0.5538937 2.614799 0.07516777 0.5012004 2.280592 0.08317187 0.4920206 1.991191 -0.3414331 0.1197446 2.483856 -0.3517629 -0.3120011 2.59562 -0.4998844 -0.8130447 2.467302 -0.1364377 0.1199598 2.504587 -0.1544687 -0.316284 2.596568 0.04307939 -0.8033866 2.454172 
-0.2567304 0.7632398 2.662243 -0.2494961 0.5581935 2.597456 -0.2444248 0.3412184 2.545267 -0.4083229 0.5591756 2.57794 -0.5195962 0.485265 2.241958 -0.4586338 0.4759417 1.958682 -0.09066935 0.5572113 2.616973 0.1210832 0.4885989 2.324296 0.1437155 0.4911707 2.033596 -0.3415938 0.1248755 2.480514 -0.3488211 -0.3062379 2.595575 -0.5015832 -0.8100322 2.468094 -0.1371132 0.1236111 2.50564 -0.150684 -0.3136559 2.593935 0.04354269 -0.79935 2.456377 
-0.2570802 0.7638291 2.642657 -0.2494321 0.5561179 2.58895 -0.2434856 0.3376448 2.54414 -0.407883 0.5563976 2.56656 -0.5673591 0.4666773 2.276969 -0.5145438 0.4626607 1.98991 -0.09098119 0.5558384 2.611341 0.1594761 0.4692497 2.375164 0.2006877 0.4838628 2.089145 -0.3395213 0.1193517 2.48492 -0.3470646 -0.3098991 2.606905 -0.4996494 -0.8221048 2.472624 -0.135557 0.1189918 2.513741 -0.1327779 -0.3225008 2.566679 0.007993316 -0.7735866 2.526288 
-0.2543891 0.7620636 2.632854 -0.2479546 0.5541079 2.581301 -0.2421817 0.3352761 2.537927 -0.4061517 0.5547363 2.557077 -0.6191862 0.4603472 2.332471 -0.5669386 0.450386 2.046032 -0.0897575 0.5534796 2.605526 0.1822288 0.4476183 2.433581 0.2387958 0.4727546 2.1522 -0.3382174 0.1168486 2.478962 -0.3519858 -0.3160684 2.585603 -0.5004839 -0.8197608 2.461141 -0.1346003 0.1160398 2.510142 -0.1350306 -0.3264062 2.562705 0.01472878 -0.7824634 2.502499 
-0.2513134 0.7598927 2.609955 -0.2458478 0.5505815 2.568158 -0.2404217 0.3304547 2.532493 -0.4039434 0.5507343 2.543162 -0.6406078 0.4396868 2.386222 -0.6070024 0.4463353 2.097649 -0.08775223 0.5504286 2.593154 0.1955964 0.4332961 2.488795 0.2545044 0.4567403 2.209104 -0.3367388 0.1104263 2.480742 -0.3502863 -0.3208951 2.594266 -0.496896 -0.8200473 2.473834 -0.1332524 0.1102296 2.512914 -0.1396369 -0.3288825 2.587374 0.02873042 -0.7955716 2.482331 
-0.2464821 0.7609746 2.589509 -0.2430078 0.5488369 2.556625 -0.239248 0.3277246 2.527577 -0.4010862 0.5494546 2.531463 -0.6478088 0.4283469 2.451614 -0.6249155 0.4396559 2.161821 -0.08492935 0.5482193 2.581788 0.1967948 0.4291455 2.554386 0.2574571 0.4399561 2.276041 -0.3372247 0.1070099 2.482335 -0.348414 -0.3230012 2.6013 -0.5006504 -0.8172204 2.47312 -0.1337518 0.1062149 2.514723 -0.1360893 -0.3342942 2.583797 0.02970178 -0.7964041 2.471597 
-0.2464206 0.7590608 2.571291 -0.2430955 0.5462383 2.545553 -0.2391688 0.3244305 2.522221 -0.4012447 0.5460411 2.520811 -0.6483936 0.4296673 2.524793 -0.6334658 0.4286196 2.236945 -0.08494621 0.5464354 2.570295 0.1739049 0.4255794 2.608698 0.2237634 0.4225547 2.328034 -0.3370286 0.1024959 2.482965 -0.3490183 -0.3307745 2.588865 -0.5003813 -0.8189145 2.468402 -0.1334558 0.1027496 2.514814 -0.1341957 -0.3386425 2.579894 0.03540013 -0.8006622 2.465985 
-0.2456698 0.7559472 2.561172 -0.2433355 0.542724 2.538527 -0.2398074 0.320577 2.517847 -0.4015667 0.5424671 2.514292 -0.6236907 0.4313314 2.576887 -0.6071289 0.4233138 2.288897 -0.08510433 0.542981 2.562762 0.1304587 0.4212942 2.647835 0.1734366 0.411414 2.364412 -0.3381184 0.09826471 2.481569 -0.3511883 -0.3322576 2.598058 -0.5023878 -0.8199358 2.465487 -0.1344402 0.09859546 2.512765 -0.1323074 -0.3430227 2.577275 0.03105843 -0.7997488 2.466908 
-0.2456044 0.753581 2.548615 -0.2442996 0.5389954 2.532043 -0.2412273 0.3164671 2.515804 -0.4026638 0.5385127 2.508698 -0.5834457 0.3787656 2.607961 -0.5576257 0.4227624 2.327243 -0.08593533 0.5394781 2.555389 0.0707424 0.3881567 2.678913 0.1141557 0.4024584 2.393821 -0.3400821 0.09362808 2.484539 -0.3530066 -0.336981 2.601259 -0.5056177 -0.8209921 2.467426 -0.136228 0.09424948 2.514591 -0.1372529 -0.3450804 2.592445 0.03222639 -0.8021422 2.462815 
-0.2471783 0.7553713 2.549343 -0.2446948 0.540168 2.533156 -0.2411744 0.3175172 2.518122 -0.4029124 0.5393074 2.508852 -0.5482295 0.3578812 2.609954 -0.5187503 0.4296642 2.333463 -0.08647722 0.5410285 2.557461 0.04036004 0.3565814 2.669456 0.05549876 0.4032998 2.390126 -0.339487 0.09431255 2.487445 -0.3535745 -0.3395446 2.590655 -0.5012463 -0.8129995 2.470639 -0.1358209 0.09542027 2.518731 -0.1303354 -0.3449682 2.590523 0.03190184 -0.7957216 2.46464 
-0.2493398 0.7526426 2.5497 -0.2436164 0.5389177 2.53555 -0.2386597 0.3162153 2.521422 -0.40182 0.5369396 2.511225 -0.5371342 0.3394249 2.568462 -0.4718718 0.4421294 2.310499 -0.08541286 0.5408957 2.559875 0.03415907 0.3313068 2.630717 -0.0005348396 0.40347 2.364164 -0.3355271 0.09223989 2.491638 -0.3510906 -0.339132 2.604696 -0.4964509 -0.8159169 2.472564 -0.1318789 0.09478614 2.52295 -0.135733 -0.3438484 2.6044 0.04219726 -0.8020794 2.461491 
-0.2506932 0.7531512 2.558886 -0.2428257 0.5376978 2.543644 -0.2366917 0.3150359 2.529146 -0.4008113 0.5350135 2.518027 -0.5295734 0.3287041 2.511729 -0.4253719 0.4460704 2.279217 -0.08484004 0.5403821 2.56926 0.03906921 0.32666 2.572876 -0.04443892 0.4087695 2.314858 -0.3322433 0.09064622 2.49816 -0.3519098 -0.3426131 2.603222 -0.4974011 -0.8165261 2.47222 -0.1288723 0.09410173 2.531136 -0.1352285 -0.3447612 2.612049 0.04165427 -0.8033971 2.463836 
-0.2506496 0.7541419 2.572974 -0.2448801 0.5385587 2.553469 -0.2395573 0.3160826 2.5362 -0.401946 0.5371641 2.523022 -0.51174 0.3388262 2.444344 -0.3760034 0.4495121 2.224281 -0.08781406 0.5399532 2.583915 0.03007594 0.3383593 2.503438 -0.08462287 0.4218413 2.253956 -0.3353737 0.09270851 2.499326 -0.3600206 -0.339496 2.607919 -0.5004653 -0.809908 2.474 -0.1330954 0.09450454 2.538537 -0.144642 -0.3451957 2.614299 0.03960971 -0.8039478 2.455225 
-0.2528647 0.7556056 2.589519 -0.246759 0.5409951 2.56318 -0.2407481 0.3190175 2.540968 -0.4041961 0.5395983 2.534532 -0.4958995 0.3594327 2.389176 -0.3362263 0.4515546 2.171508 -0.08932195 0.5423917 2.591828 0.02200929 0.3641582 2.443719 -0.1157033 0.4286875 2.203054 -0.3360468 0.09614125 2.500323 -0.3588839 -0.3374583 2.603806 -0.4984295 -0.8095724 2.471908 -0.1334276 0.09793874 2.537192 -0.1398897 -0.3435487 2.601745 0.04458507 -0.8007247 2.450593 
