-0.2641345 0.7628483 2.616475 -0.2555859 0.5509775 2.572719 -0.2480352 0.3311327 2.535089 -0.4137244 0.5497886 2.547934 -0.488183 0.3596455 2.403908 -0.3114445 0.4822582 2.187645 -0.09744737 0.5521666 2.597505 0.01772887 0.3680589 2.454049 -0.1370691 0.4719158 2.232451 -0.3422625 0.1105226 2.481508 -0.3591438 -0.32166 2.589375 -0.493852 -0.803654 2.485775 -0.1387064 0.1120531 2.513411 -0.1559376 -0.3245999 2.604688 0.05077945 -0.8005559 2.454637 
-0.2622919 0.7622076 2.627778 -0.2546585 0.5523339 2.579881 -0.2474401 0.3330331 2.539083 -0.4129274 0.5515828 2.555915 -0.4710976 0.3973276 2.355464 -0.288938 0.4891852 2.131948 -0.09638967 0.5530849 2.603847 0.01997341 0.4027756 2.409154 -0.1330638 0.4818991 2.176072 -0.3420863 0.1132489 2.48286 -0.3585062 -0.3209908 2.583512 -0.4941628 -0.8072499 2.480491 -0.138357 0.1142157 2.51371 -0.1571165 -0.3229866 2.602074 0.05625833 -0.8041117 2.444739 
-0.2591134 0.7675853 2.636414 -0.2527321 0.5579625 2.585591 -0.2478496 0.338915 2.54307 -0.410816 0.5593003 2.560547 -0.4355325 0.4406678 2.308717 -0.273387 0.5010749 2.069253 -0.09464815 0.5566248 2.610635 -0.01250059 0.4508863 2.352581 -0.1347658 0.4963534 2.099658 -0.3447224 0.1207286 2.484429 -0.3696371 -0.3186249 2.547719 -0.4786126 -0.769091 2.533541 -0.1412117 0.1190064 2.51667 -0.1575442 -0.3198936 2.596278 0.0491068 -0.8008488 2.45417 
-0.2612891 0.7610241 2.638242 -0.254527 0.5533263 2.587294 -0.2497087 0.3345224 2.543431 -0.4129652 0.5543789 2.56464 -0.4117772 0.4733391 2.27237 -0.2759857 0.5080382 2.02011 -0.09608889 0.5522738 2.609949 -0.03175947 0.4909356 2.307787 -0.113707 0.502181 2.04117 -0.34687 0.116396 2.484985 -0.3668645 -0.3186833 2.574766 -0.4806584 -0.7951173 2.51704 -0.1429109 0.115041 2.514148 -0.1513457 -0.3250806 2.5877 0.04027519 -0.8052881 2.456097 
-0.2660441 0.7617838 2.649647 -0.2581001 0.5567951 2.591669 -0.2517189 0.338785 2.544296 -0.4167905 0.5566779 2.570832 -0.407415 0.5046836 2.242193 -0.2988253 0.5092333 1.980202 -0.09940961 0.5569124 2.612505 -0.02840334 0.5179543 2.279876 -0.06725641 0.5031246 2.002672 -0.3474749 0.1206994 2.483513 -0.3641745 -0.3167047 2.566478 -0.4878514 -0.7965837 2.49277 -0.1432005 0.1208503 2.510334 -0.1436761 -0.3200997 2.579186 0.0357088 -0.791855 2.461986 
-0.2685695 0.7621366 2.657959 -0.2599279 0.5593438 2.594561 -0.2524285 0.3419458 2.544477 -0.4190469 0.5578249 2.577327 -0.4308689 0.5311744 2.224063 -0.3626051 0.5053521 1.946895 -0.1008088 0.5608628 2.611794 0.002886025 0.5299829 2.255959 0.004814749 0.5022757 1.972722 -0.3473409 0.1235702 2.483303 -0.365117 -0.3170881 2.547506 -0.4764012 -0.7837567 2.520808 -0.1425173 0.1255254 2.505486 -0.1472086 -0.3131063 2.587868 0.03571315 -0.7929775 2.461537 
-0.2680895 0.7652398 2.660023 -0.2582925 0.5612618 2.594432 -0.2504145 0.3443823 2.542212 -0.417449 0.5595695 2.57745 -0.4739388 0.5310838 2.229048 -0.4158308 0.5025981 1.949763 -0.09913597 0.5629542 2.611414 0.04443865 0.5289876 2.27049 0.0564613 0.4994346 1.987213 -0.3449655 0.1264136 2.479063 -0.3572546 -0.3085797 2.572342 -0.4826549 -0.7949882 2.495319 -0.1401073 0.1285919 2.500922 -0.1448022 -0.3103517 2.582026 0.03880441 -0.7957708 2.459525 
-0.2686159 0.7634085 2.650036 -0.2581619 0.5594659 2.588879 -0.249127 0.341871 2.54001 -0.4172187 0.5568587 2.571081 -0.5279774 0.5200467 2.232509 -0.4817382 0.5006703 1.948251 -0.09910516 0.5620731 2.606677 0.09120917 0.5184912 2.300248 0.1198542 0.4903259 2.014368 -0.3424636 0.1225981 2.479686 -0.3549881 -0.312829 2.57429 -0.4895015 -0.8097275 2.484391 -0.1377205 0.1259542 2.502596 -0.1495207 -0.3105767 2.594441 0.04658119 -0.805053 2.456203 
-0.2678404 0.7622533 2.636542 -0.2574595 0.5571924 2.581645 -0.2483889 0.3387802 2.536652 -0.41665 0.5539671 2.565208 -0.5804698 0.5095122 2.255745 -0.5513004 0.4935389 1.965221 -0.09826903 0.5604178 2.598081 0.1416219 0.5072607 2.339121 0.1797565 0.4781976 2.055681 -0.341778 0.1182921 2.481081 -0.3667929 -0.3216259 2.538799 -0.4684844 -0.7760126 2.543641 -0.1368587 0.122444 2.502239 -0.1483467 -0.3155734 2.587056 0.04547 -0.8067212 2.453919 
-0.2683291 0.7607617 2.621292 -0.2572041 0.5542324 2.571705 -0.2473149 0.3351888 2.530082 -0.4163669 0.550194 2.55514 -0.6322357 0.4922563 2.303357 -0.6068246 0.4751452 2.009956 -0.09804139 0.5582707 2.588269 0.1483717 0.5011575 2.442532 0.1794129 0.4804664 2.152999 -0.3398638 0.1135461 2.4778 -0.3639202 -0.3242427 2.554111 -0.4701897 -0.7891097 2.522346 -0.1349873 0.1187443 2.499121 -0.1435021 -0.320948 2.575085 0.03865852 -0.8027986 2.45753 
-0.2638802 0.7614007 2.604175 -0.2549737 0.5531472 2.561521 -0.2464856 0.3332492 2.524485 -0.4142163 0.5496838 2.545588 -0.6701089 0.476623 2.374682 -0.6360693 0.4469539 2.081481 -0.09573107 0.5566105 2.577454 0.1898178 0.4892886 2.47172 0.1961348 0.4407575 2.196208 -0.3404886 0.1111221 2.477194 -0.3582339 -0.3177328 2.590972 -0.4856712 -0.8031082 2.496713 -0.1355063 0.1155802 2.497703 -0.1476763 -0.32268 2.581157 0.03537259 -0.8012144 2.457918 
-0.2600245 0.7598857 2.586615 -0.2537469 0.5501193 2.551627 -0.2479068 0.3294457 2.5191 -0.4130369 0.548214 2.535953 -0.702053 0.4693112 2.417354 -0.6562893 0.4322678 2.125859 -0.09445684 0.5520245 2.567301 0.186048 0.4796808 2.519329 0.1931438 0.4263696 2.238583 -0.3445925 0.1075459 2.476485 -0.3555246 -0.3187485 2.603681 -0.5011368 -0.8129228 2.480958 -0.139541 0.1099985 2.496661 -0.1507151 -0.329081 2.57622 0.03890214 -0.8081038 2.458125 
-0.2525819 0.7585625 2.561818 -0.2503482 0.5459898 2.537504 -0.2470534 0.3244004 2.512217 -0.4094482 0.5456196 2.520017 -0.6815268 0.4398459 2.5176 -0.6567433 0.4268572 2.227018 -0.09124804 0.5463597 2.554991 0.1808826 0.4725293 2.630587 0.2033652 0.4244083 2.343534 -0.3461669 0.1025728 2.475674 -0.3565851 -0.330078 2.579628 -0.4970982 -0.8141475 2.478538 -0.1413503 0.1030492 2.498185 -0.1493175 -0.3359382 2.578855 0.04366064 -0.8107103 2.460101 
-0.253208 0.7560039 2.546911 -0.2501813 0.5426848 2.527643 -0.2472093 0.3205854 2.506741 -0.409014 0.5424169 2.507906 -0.6689042 0.4492645 2.571242 -0.6453515 0.4308911 2.276355 -0.09134873 0.5429528 2.54738 0.1388798 0.4582347 2.656225 0.1594232 0.4129316 2.370687 -0.3464684 0.09831357 2.473134 -0.3545413 -0.3365774 2.570452 -0.4955264 -0.8148271 2.475168 -0.1420062 0.09865842 2.498541 -0.1466069 -0.3398814 2.581927 0.04863208 -0.8087929 2.450647 
-0.2501587 0.7555688 2.531487 -0.2484806 0.540884 2.519128 -0.2462877 0.3183534 2.503177 -0.4073108 0.5407428 2.499262 -0.6374533 0.452134 2.596117 -0.6104922 0.4366233 2.303902 -0.08965038 0.5410252 2.538995 0.1109385 0.440616 2.667606 0.1162889 0.407032 2.38095 -0.3463131 0.09573209 2.474441 -0.3544562 -0.3391284 2.573585 -0.496425 -0.8153508 2.471665 -0.1418766 0.09591379 2.500011 -0.1411247 -0.3430459 2.581227 0.04430316 -0.8074601 2.455623 
-0.2511871 0.7566203 2.52326 -0.2485645 0.5406209 2.514554 -0.2466225 0.3178261 2.502197 -0.4074448 0.5403181 2.495041 -0.5797217 0.4190641 2.60905 -0.5512131 0.4378353 2.318939 -0.08968414 0.5409235 2.534066 0.07847363 0.4023116 2.672796 0.05603057 0.4006497 2.385867 -0.3469355 0.09483656 2.477282 -0.3647899 -0.3451821 2.536822 -0.4795576 -0.7872363 2.536512 -0.1424254 0.09522621 2.502398 -0.1425045 -0.3436548 2.58421 0.03852925 -0.8020466 2.459967 
-0.2506777 0.7576147 2.519645 -0.2480748 0.5415636 2.513206 -0.2464944 0.3186045 2.503513 -0.4069032 0.5413053 2.493251 -0.5421686 0.3812365 2.611376 -0.5029764 0.4396217 2.329778 -0.08924631 0.5418219 2.533162 0.06173425 0.3856534 2.664387 0.01407875 0.4055245 2.382179 -0.3471377 0.09547915 2.480976 -0.365907 -0.3401856 2.567586 -0.4791746 -0.7940302 2.522038 -0.1426902 0.09581161 2.506663 -0.1467647 -0.3423789 2.591922 0.04226964 -0.8035923 2.452563 
-0.2533517 0.7523018 2.524965 -0.2478976 0.5373018 2.515723 -0.2448313 0.3144232 2.504103 -0.4065177 0.5362412 2.494207 -0.5115442 0.3370551 2.559849 -0.4109909 0.4457947 2.313499 -0.08927751 0.5383623 2.537239 0.0446789 0.350666 2.612115 -0.05979745 0.4208984 2.346356 -0.3438536 0.09086213 2.478635 -0.3641623 -0.3462231 2.564968 -0.4919008 -0.809603 2.481154 -0.1396763 0.09222724 2.506331 -0.1498256 -0.3464218 2.588632 0.04542322 -0.8047265 2.44956 
-0.2555076 0.7525482 2.537019 -0.2502081 0.5377387 2.523332 -0.2467515 0.3150828 2.508254 -0.4088365 0.5367306 2.501855 -0.4957733 0.3415273 2.504933 -0.366428 0.4542188 2.270148 -0.09157955 0.538747 2.544809 0.03383778 0.3408318 2.560567 -0.09644406 0.4341411 2.306243 -0.3453902 0.09177797 2.479353 -0.3728308 -0.3479998 2.546833 -0.4768477 -0.7891741 2.529003 -0.1411996 0.09307576 2.506999 -0.1490255 -0.3458285 2.5883 0.03979399 -0.8001714 2.455076 
-0.2579623 0.7566623 2.56105 -0.2531464 0.5430354 2.536329 -0.2496652 0.3213828 2.511935 -0.4119889 0.5427176 2.516548 -0.4839328 0.3432985 2.447956 -0.3322492 0.4586831 2.224356 -0.09430398 0.5433533 2.55611 0.03386915 0.3423785 2.508799 -0.1226387 0.4449473 2.269251 -0.3484245 0.09952545 2.47481 -0.3704879 -0.3385619 2.554969 -0.485188 -0.7927965 2.50109 -0.1439432 0.09993463 2.500274 -0.1526237 -0.337652 2.588143 0.04141603 -0.7966506 2.437971 
