-0.1199188 0.7281761 2.754935 -0.112077 0.5130404 2.745858 -0.1053935 0.2916177 2.738216 -0.2789935 0.5085917 2.728775 -0.3296297 0.3996405 2.474005 -0.1737207 0.4777462 2.258239 0.05483942 0.5174891 2.762941 0.1485299 0.3854018 2.509522 -0.002783875 0.473078 2.280638 -0.2004505 0.06748334 2.720162 -0.2222938 -0.374574 2.744808 -0.3244368 -0.8237804 2.68292 0.003030455 0.07290655 2.740988 0.06397985 -0.3656066 2.719602 0.1800532 -0.7636755 2.682626 
-0.1214474 0.7310984 2.766919 -0.1122689 0.5167482 2.752599 -0.1035344 0.2955278 2.742152 -0.2791477 0.5109633 2.735574 -0.3083202 0.440318 2.442516 -0.1722564 0.4912085 2.203815 0.05460994 0.5225331 2.769624 0.121761 0.4322028 2.463256 -0.005328346 0.4914187 2.217481 -0.1965201 0.07078117 2.721327 -0.2147238 -0.3717185 2.739838 -0.3161701 -0.8209332 2.677481 0.006920406 0.07783354 2.742082 0.07135309 -0.3594769 2.710412 0.1869832 -0.7605895 2.677687 
-0.1216417 0.7316826 2.783407 -0.1110554 0.5193609 2.759972 -0.101313 0.2986155 2.743498 -0.27801 0.5131968 2.743834 -0.2841778 0.4751703 2.411764 -0.183268 0.4955988 2.155959 0.05589915 0.525525 2.776109 0.09986439 0.4720887 2.422622 0.01048264 0.5017346 2.159037 -0.1933348 0.07411287 2.717189 -0.2117032 -0.3685113 2.733391 -0.3183629 -0.8207849 2.67152 0.01019346 0.08162727 2.736861 0.06966721 -0.3564038 2.704534 0.1883269 -0.760963 2.672066 
-0.1212686 0.7287781 2.79265 -0.1093578 0.5173307 2.76577 -0.09907411 0.2968609 2.745934 -0.2764401 0.5108481 2.7512 -0.2741061 0.502096 2.390388 -0.206652 0.4914669 2.119708 0.05772456 0.5238133 2.780339 0.09691624 0.5095319 2.399308 0.0464803 0.5061851 2.125594 -0.1906358 0.07243962 2.717217 -0.2118954 -0.3698329 2.738409 -0.3190572 -0.8247234 2.673861 0.01305487 0.08034258 2.734979 0.06728069 -0.3588135 2.70992 0.1874042 -0.7656697 2.671757 
-0.1219623 0.7358475 2.796778 -0.1104925 0.5232306 2.768774 -0.1007199 0.3028805 2.747091 -0.2777184 0.5170883 2.755824 -0.2925606 0.5105546 2.382704 -0.2428507 0.4865296 2.105324 0.05673333 0.5293728 2.781724 0.1254511 0.5187576 2.401658 0.09599481 0.5080738 2.120227 -0.1928791 0.07878641 2.717514 -0.2162336 -0.3634372 2.738069 -0.3251081 -0.8171706 2.675215 0.01098451 0.08627433 2.733301 0.06380413 -0.3531434 2.708507 0.1822209 -0.751767 2.672639 
-0.1223614 0.7324374 2.784085 -0.1113019 0.5187253 2.761566 -0.1016857 0.2980665 2.742861 -0.2784546 0.5126259 2.747587 -0.3728915 0.5016426 2.410152 -0.3194243 0.48809 2.129107 0.05585084 0.5248247 2.775545 0.2063612 0.5291901 2.438638 0.1753756 0.5100203 2.157474 -0.1939518 0.07369005 2.715636 -0.2131172 -0.3688431 2.734186 -0.3235689 -0.8258798 2.672593 0.009812748 0.08112548 2.732677 0.06185626 -0.3582736 2.705196 0.1817339 -0.7546442 2.671747 
-0.1202193 0.7287751 2.771978 -0.1081654 0.5137422 2.752851 -0.09810591 0.2928691 2.737358 -0.2752663 0.5071406 2.738467 -0.4194497 0.4893233 2.451566 -0.3620009 0.4832505 2.173014 0.05893553 0.5203437 2.767234 0.2481758 0.5180934 2.482317 0.2060052 0.4956208 2.198555 -0.1898995 0.06797217 2.713098 -0.2084241 -0.3747589 2.726142 -0.3174239 -0.8291574 2.673851 0.01380665 0.0760199 2.730632 0.06542481 -0.363133 2.698844 0.1866549 -0.7574472 2.670517 
-0.1189079 0.7276573 2.744952 -0.1068198 0.5125059 2.740161 -0.09604853 0.2913915 2.734023 -0.2740586 0.5046811 2.72856 -0.4616413 0.4741065 2.503251 -0.3928911 0.4918917 2.23523 0.06041899 0.5203307 2.751761 0.2926624 0.5136095 2.545674 0.2485612 0.4903466 2.262793 -0.1872308 0.06550691 2.720813 -0.2102183 -0.3769532 2.735671 -0.3200654 -0.8276841 2.681413 0.01667637 0.07504738 2.734957 0.06614789 -0.3644783 2.704809 0.1857051 -0.7516446 2.675614 
-0.1080259 0.7252241 2.710409 -0.100592 0.5085843 2.719441 -0.09164957 0.2872163 2.721915 -0.2678856 0.5016963 2.707815 -0.489164 0.4355312 2.649316 -0.410989 0.4886275 2.379141 0.06670152 0.5154724 2.731067 0.3131633 0.4791473 2.675903 0.2604816 0.4661402 2.396798 -0.1846751 0.06164989 2.717304 -0.2087159 -0.3808774 2.728151 -0.3194959 -0.8258371 2.672034 0.01926094 0.07004662 2.731476 0.06452688 -0.3687764 2.688312 0.1855168 -0.7541116 2.668024 
-0.1080768 0.7277677 2.694652 -0.1008047 0.5102719 2.709311 -0.09208956 0.2889631 2.715967 -0.2681073 0.5033355 2.697741 -0.4760809 0.412765 2.708653 -0.4061539 0.4866196 2.442883 0.06649783 0.5172083 2.720882 0.3010823 0.4665741 2.729447 0.2395884 0.4536618 2.455599 -0.185347 0.06342655 2.715571 -0.2079034 -0.3790712 2.730225 -0.3217768 -0.8232573 2.67199 0.01859824 0.07188217 2.729676 0.05985133 -0.3677096 2.690356 0.1836714 -0.752618 2.671616 
-0.1063021 0.7247764 2.677769 -0.09999437 0.50723 2.699248 -0.09200172 0.2860711 2.710369 -0.2671458 0.5005063 2.685667 -0.4435672 0.3814019 2.754819 -0.3840614 0.4809743 2.494729 0.06715709 0.5139538 2.712828 0.2760158 0.4292652 2.779716 0.2104471 0.4473329 2.515237 -0.1858991 0.06081361 2.713212 -0.2079125 -0.3817762 2.726338 -0.3211029 -0.8276301 2.674507 0.01788098 0.06901076 2.729768 0.06013365 -0.3702163 2.687239 0.1834461 -0.757598 2.672306 
-0.1072385 0.7237443 2.678344 -0.1001265 0.5064202 2.696705 -0.09156343 0.2851469 2.70562 -0.2669399 0.4992864 2.67987 -0.4187616 0.3526852 2.777416 -0.3551814 0.4712484 2.522118 0.06668697 0.513554 2.713541 0.263028 0.4036509 2.809367 0.1820865 0.4469552 2.552216 -0.184694 0.05952475 2.704271 -0.2067708 -0.3830644 2.717693 -0.3185519 -0.8252839 2.668998 0.01869319 0.06822257 2.724797 0.06301578 -0.370847 2.682516 0.1844278 -0.7596624 2.668143 
-0.1098554 0.7280991 2.693031 -0.1011499 0.5091084 2.701455 -0.0919295 0.287684 2.704256 -0.265506 0.5018593 2.669435 -0.3965958 0.3131053 2.75087 -0.2864133 0.4611383 2.525593 0.06320626 0.5163574 2.733474 0.2433462 0.3447372 2.77985 0.1189466 0.442504 2.548036 -0.1828745 0.06184183 2.687543 -0.2128889 -0.3794501 2.716172 -0.3198178 -0.8226802 2.669518 0.01745629 0.07067758 2.726571 0.06263152 -0.3679492 2.680902 0.1807231 -0.753749 2.67516 
-0.1111525 0.7321697 2.705478 -0.102417 0.5124174 2.708121 -0.09315993 0.2909954 2.706888 -0.2663262 0.5057587 2.673284 -0.3992615 0.3060288 2.702933 -0.2553878 0.4590858 2.497842 0.06149216 0.5190759 2.742959 0.2337051 0.3293953 2.732934 0.08736781 0.4391404 2.521226 -0.183752 0.06551713 2.684433 -0.2168314 -0.3755278 2.714187 -0.3200511 -0.8218732 2.674373 0.01594627 0.07362963 2.726877 0.06191363 -0.3641949 2.674939 0.1807018 -0.7511171 2.674426 
-0.1144518 0.7265119 2.712204 -0.103909 0.5086344 2.713257 -0.09256162 0.2872991 2.711081 -0.2677092 0.5005846 2.677876 -0.3961373 0.3065078 2.643476 -0.2302805 0.4574809 2.44973 0.05989108 0.5166843 2.748637 0.2203454 0.3227045 2.669971 0.05706094 0.4377441 2.470382 -0.1810157 0.06105917 2.687347 -0.2110224 -0.379901 2.721371 -0.3193319 -0.8307469 2.67866 0.01858735 0.0708685 2.730461 0.06400057 -0.3673376 2.681087 0.1841598 -0.7557838 2.677633 
