-0.1002534 0.7196372 2.769867 -0.09903707 0.4986309 2.752476 -0.09858213 0.2772581 2.742219 -0.2666326 0.4986676 2.744252 -0.2864041 0.2984615 2.518777 -0.143704 0.4590576 2.330461 0.06855848 0.4985942 2.7607 0.1124941 0.3030878 2.519606 -0.02723393 0.4709931 2.331918 -0.2002641 0.05590756 2.72695 -0.2066801 -0.3862464 2.750331 -0.3135269 -0.8153756 2.683781 0.004009769 0.05586288 2.736974 0.07127942 -0.3813433 2.710193 0.1861042 -0.7474956 2.678407 
-0.09708725 0.7355074 2.784884 -0.09352428 0.5122581 2.76062 -0.09194322 0.2910357 2.747415 -0.2611611 0.5115295 2.752756 -0.2702588 0.3388726 2.464525 -0.1351372 0.4750403 2.252711 0.07411252 0.5129867 2.768484 0.1071657 0.3349829 2.469453 -0.03243913 0.4874326 2.268591 -0.1925273 0.06936931 2.729417 -0.2030825 -0.3731624 2.747783 -0.3084178 -0.8054993 2.685613 0.01180297 0.07025737 2.739003 0.07844065 -0.3671762 2.712777 0.1924701 -0.7420781 2.677243 
-0.09788628 0.724411 2.79289 -0.09237043 0.506009 2.770875 -0.08815543 0.2849732 2.755332 -0.2599727 0.5033945 2.762606 -0.2456305 0.4044317 2.434278 -0.1484591 0.4937893 2.197069 0.07523187 0.5086235 2.779145 0.1005819 0.4089958 2.441222 0.007978019 0.5042632 2.203998 -0.1860977 0.06234378 2.734749 -0.2005067 -0.3803192 2.75031 -0.3096361 -0.8265054 2.691405 0.01821688 0.06553104 2.74483 0.07238692 -0.3733429 2.71633 0.1917515 -0.7624635 2.681427 
-0.09815426 0.7212964 2.796885 -0.09095041 0.5048452 2.777392 -0.08525189 0.2840483 2.759091 -0.2585162 0.501251 2.76858 -0.2518138 0.4482104 2.41815 -0.1864607 0.508511 2.161982 0.0766154 0.5084394 2.786205 0.1262924 0.4450027 2.434612 0.06883734 0.5066673 2.177385 -0.1816851 0.0610607 2.735418 -0.2048398 -0.3813537 2.740264 -0.3131247 -0.8220257 2.681206 0.02257833 0.06544205 2.746161 0.06882157 -0.3734036 2.706741 0.1890368 -0.7564546 2.67412 
-0.09839456 0.7211764 2.809386 -0.09069366 0.5061173 2.783268 -0.08450708 0.285941 2.759188 -0.2582172 0.5024678 2.773598 -0.283392 0.454094 2.417579 -0.2378981 0.5192013 2.154036 0.07682992 0.5097668 2.792938 0.1656603 0.4515127 2.445309 0.1429519 0.5032136 2.172663 -0.1804284 0.06354032 2.729214 -0.2043523 -0.3789997 2.731315 -0.3155088 -0.8183944 2.676061 0.02378734 0.06798916 2.741002 0.06761152 -0.3702624 2.692551 0.1860407 -0.7561323 2.669726 
-0.09496812 0.7137265 2.795164 -0.08832321 0.4977119 2.776062 -0.0827717 0.2771346 2.755576 -0.2555063 0.4948012 2.762097 -0.3352437 0.4415826 2.438284 -0.2974026 0.5223906 2.172152 0.0788599 0.5006225 2.790027 0.2177843 0.4412205 2.474641 0.2169767 0.4980276 2.196368 -0.1791556 0.05478267 2.726574 -0.2003949 -0.3879654 2.729063 -0.3166234 -0.8307015 2.67899 0.02471518 0.05833199 2.743604 0.06691044 -0.3801819 2.694921 0.185328 -0.7674902 2.677541 
-0.09466881 0.7185155 2.787032 -0.08789858 0.5012826 2.771535 -0.08228131 0.2804964 2.753081 -0.2550661 0.4982397 2.757058 -0.4006248 0.4152938 2.474631 -0.3555823 0.5290284 2.220043 0.07926895 0.5043256 2.786013 0.2733885 0.4131092 2.517815 0.291328 0.5042111 2.254179 -0.1785403 0.05785568 2.725804 -0.2014615 -0.3848497 2.728394 -0.3168197 -0.8188776 2.682054 0.02521224 0.06156461 2.743449 0.06921434 -0.3762604 2.690054 0.1847776 -0.7552051 2.673824 
-0.09413277 0.7230712 2.772965 -0.08774859 0.5054563 2.76351 -0.08234572 0.2843712 2.749207 -0.2550047 0.5022449 2.749969 -0.4438 0.3851385 2.522312 -0.4235866 0.5430879 2.289518 0.07950753 0.5086676 2.77705 0.3102058 0.3855641 2.580406 0.3243971 0.4956294 2.321318 -0.1788834 0.06132877 2.726651 -0.2031107 -0.3812464 2.734139 -0.3160232 -0.8175012 2.686269 0.02499773 0.06524332 2.743157 0.06739809 -0.3722922 2.685987 0.1848948 -0.7535425 2.671204 
-0.09324297 0.7195505 2.745932 -0.08820888 0.5018407 2.747466 -0.08304927 0.2804879 2.740821 -0.2555609 0.498308 2.735199 -0.4678695 0.3650478 2.583651 -0.4616709 0.5436277 2.368836 0.07914312 0.5053732 2.759734 0.3216313 0.3638049 2.643707 0.3568779 0.5060034 2.402397 -0.1798942 0.05698204 2.726699 -0.2012095 -0.3857576 2.726567 -0.3163635 -0.8258398 2.68376 0.02411487 0.06128838 2.741654 0.06626945 -0.3759468 2.681865 0.1836608 -0.7605606 2.669248 
-0.09311777 0.7195768 2.722416 -0.08897553 0.5013928 2.733289 -0.08392488 0.2799743 2.733871 -0.2561115 0.4975417 2.718569 -0.4644877 0.3510626 2.662819 -0.4771339 0.535687 2.450411 0.07816042 0.5052439 2.748008 0.3052629 0.3453614 2.71636 0.3526351 0.5026612 2.486205 -0.1807564 0.05620813 2.725481 -0.2012246 -0.3865905 2.721704 -0.3160689 -0.8205348 2.684135 0.02300791 0.06090326 2.743426 0.06599583 -0.3767273 2.687189 0.1846363 -0.7571751 2.670152 
-0.09444646 0.7234409 2.704021 -0.08936173 0.5037527 2.719697 -0.08405975 0.2822871 2.725528 -0.2564302 0.4993447 2.704187 -0.4091281 0.3285156 2.77294 -0.4610125 0.5268086 2.577861 0.07770675 0.5081607 2.735208 0.2468084 0.3403398 2.805083 0.3002451 0.4982598 2.579305 -0.1805885 0.05813469 2.721905 -0.2040971 -0.3843779 2.729673 -0.3139983 -0.8177441 2.682883 0.02307289 0.06350816 2.740812 0.06833189 -0.3738307 2.68391 0.1851994 -0.7593627 2.668409 
-0.09282502 0.723483 2.702955 -0.08926382 0.504744 2.718442 -0.08504486 0.2832426 2.724975 -0.2562381 0.5010724 2.701785 -0.3715606 0.3182636 2.791459 -0.4211273 0.5267407 2.598673 0.07771043 0.5084156 2.735099 0.2124065 0.3236642 2.818539 0.2513399 0.4945724 2.593483 -0.1826037 0.05950321 2.721355 -0.2075158 -0.3830283 2.723026 -0.3176425 -0.8154697 2.686002 0.02095185 0.06397922 2.741661 0.06562218 -0.3736575 2.686597 0.1803632 -0.7605085 2.672035 
-0.09316327 0.7249731 2.700959 -0.09188911 0.5047934 2.715565 -0.08916316 0.2832865 2.723062 -0.2592756 0.5023822 2.705183 -0.3428056 0.2765799 2.806846 -0.3791135 0.4879481 2.610585 0.0754974 0.5072047 2.725948 0.1922221 0.2938485 2.812292 0.19895 0.4839371 2.604189 -0.1885369 0.06030879 2.724225 -0.2129114 -0.3823112 2.726047 -0.3212521 -0.8161101 2.69115 0.01566245 0.06325038 2.736892 0.06364589 -0.3743589 2.684592 0.1764522 -0.7612221 2.666833 
-0.1005411 0.7228357 2.714234 -0.09732635 0.5037032 2.721402 -0.09377729 0.2821195 2.72538 -0.2638105 0.5006967 2.702459 -0.3364452 0.2453888 2.723015 -0.2972267 0.4746718 2.557139 0.06915781 0.5067098 2.740345 0.1890082 0.2469287 2.750254 0.114597 0.4446566 2.571085 -0.1918277 0.05870084 2.717797 -0.200542 -0.3844165 2.721942 -0.3090173 -0.8190997 2.680516 0.01137126 0.06237045 2.740918 0.07239059 -0.3747304 2.700337 0.188795 -0.7594868 2.676669 
-0.1019035 0.7273968 2.736186 -0.1018601 0.5091438 2.73278 -0.1013119 0.2876824 2.728791 -0.2689829 0.5089446 2.72087 -0.3213854 0.2518129 2.655023 -0.2556924 0.4854375 2.504057 0.06526263 0.5093429 2.74469 0.1733342 0.2478407 2.691745 0.07559688 0.4387911 2.51135 -0.2026545 0.06609956 2.717541 -0.2165508 -0.3767446 2.728695 -0.324998 -0.8106013 2.682703 0.001127159 0.06634236 2.732064 0.05651135 -0.3713435 2.689376 0.1742092 -0.7552074 2.659423 
-0.09888545 0.7186605 2.748456 -0.09921796 0.5017254 2.734844 -0.1012167 0.280293 2.726729 -0.2667761 0.5035287 2.726909 -0.2936155 0.2739696 2.551013 -0.1856249 0.4758489 2.371344 0.06834012 0.4999221 2.742779 0.143563 0.2699438 2.571703 0.01873412 0.4465085 2.381816 -0.2053018 0.05995923 2.713781 -0.208089 -0.3831625 2.72139 -0.3137547 -0.8176429 2.678916 -0.001129293 0.05776184 2.723449 0.06836123 -0.3786598 2.689836 0.1846937 -0.7628098 2.66738 
-0.09586684 0.7239637 2.763679 -0.09675385 0.5043597 2.739789 -0.09969253 0.2831901 2.726706 -0.2643513 0.5070495 2.731964 -0.2823076 0.2949862 2.506499 -0.1613466 0.4642464 2.306149 0.07084362 0.5016699 2.747614 0.12928 0.29697 2.515863 0.005297203 0.4588809 2.311451 -0.2047598 0.06365959 2.708855 -0.2081582 -0.3792754 2.72407 -0.3134804 -0.8135207 2.678409 -0.0005025594 0.06038145 2.718392 0.06870394 -0.3767408 2.696028 0.1846822 -0.7573054 2.667581 
-0.09505569 0.7266513 2.771797 -0.09557513 0.5076321 2.74481 -0.09923974 0.2865017 2.730518 -0.263202 0.5108942 2.73732 -0.258148 0.3344986 2.463763 -0.1460591 0.4611613 2.240734 0.07205176 0.50437 2.7523 0.1126453 0.3364782 2.478941 0.0002197189 0.4654375 2.249311 -0.2050642 0.06735942 2.71166 -0.2085174 -0.3746998 2.741107 -0.3173096 -0.8154097 2.683964 -0.000744483 0.06338322 2.72079 0.06694867 -0.3742038 2.70104 0.1837811 -0.7564613 2.67522 
