-0.1112199 0.7304532 2.764124 -0.10212 0.512938 2.737366 -0.09502507 0.292192 2.721463 -0.2691167 0.5087383 2.721158 -0.2901195 0.3946862 2.442397 -0.1654052 0.4433403 2.200289 0.06487659 0.5171377 2.753575 0.1138396 0.3873953 2.462811 -0.007251709 0.4449725 2.213801 -0.189712 0.06888646 2.695681 -0.2166934 -0.372098 2.73076 -0.3194664 -0.8210577 2.67947 0.0138518 0.07400572 2.71544 0.07699648 -0.3645733 2.718059 0.1847057 -0.7645295 2.673546 
-0.1104255 0.7325 2.77252 -0.1010627 0.5172778 2.747033 -0.09345727 0.2965568 2.729486 -0.2680781 0.5127975 2.731 -0.2635651 0.43634 2.403215 -0.1617171 0.4533376 2.145106 0.06595279 0.5217581 2.763065 0.09541444 0.4336984 2.421417 0.006916626 0.4561459 2.155509 -0.1876484 0.07310496 2.702168 -0.2157205 -0.368477 2.726593 -0.3206192 -0.8196171 2.684394 0.01594459 0.07856651 2.721712 0.07588241 -0.3604348 2.715094 0.1845295 -0.7625463 2.677185 
-0.1080231 0.728543 2.778054 -0.09815595 0.516875 2.753753 -0.0899266 0.2961594 2.735235 -0.2653816 0.511759 2.740416 -0.253902 0.4818314 2.365825 -0.1989666 0.4568177 2.090998 0.06906967 0.521991 2.76709 0.1103443 0.4756765 2.381596 0.08056857 0.4553677 2.100174 -0.1836348 0.07232513 2.708588 -0.2144209 -0.3695266 2.725481 -0.3204586 -0.8245285 2.679166 0.02024029 0.07856238 2.724847 0.06827507 -0.3612131 2.700256 0.1845472 -0.7688906 2.670945 
-0.1053333 0.7307051 2.781482 -0.09626742 0.5188218 2.754321 -0.08808076 0.2982626 2.733913 -0.2635849 0.5137417 2.742104 -0.2804573 0.4824196 2.361427 -0.2373353 0.4514118 2.084595 0.07105008 0.5239018 2.766538 0.1536664 0.4738324 2.386802 0.1367854 0.4533079 2.101388 -0.181877 0.07460706 2.706059 -0.2146409 -0.366939 2.727377 -0.3204502 -0.8215737 2.676082 0.02208878 0.0807998 2.720952 0.0735492 -0.3590321 2.705173 0.1835485 -0.7625226 2.666449 
-0.1046687 0.7332492 2.781202 -0.0950442 0.5208846 2.753412 -0.08702201 0.3003974 2.732069 -0.2623372 0.5160282 2.740702 -0.3292232 0.4672118 2.381721 -0.2803997 0.4521794 2.103492 0.07224881 0.525741 2.766122 0.1685824 0.4640878 2.499754 0.1489901 0.461943 2.210539 -0.1809675 0.07695009 2.70298 -0.2163484 -0.3643908 2.725024 -0.3201818 -0.8205806 2.675222 0.0229679 0.08287025 2.718474 0.07279664 -0.3573875 2.707499 0.1847284 -0.7633119 2.666682 
-0.1027374 0.7328818 2.759964 -0.09283283 0.5194784 2.740308 -0.08500367 0.2986776 2.72402 -0.2598708 0.5147136 2.72461 -0.4153232 0.4268171 2.476172 -0.3513117 0.449175 2.200037 0.0742051 0.5242432 2.756006 0.2731484 0.4158633 2.549344 0.267509 0.4246326 2.260593 -0.1789882 0.07497243 2.698164 -0.2179587 -0.3656543 2.726063 -0.3192347 -0.8253712 2.682655 0.0246392 0.08078102 2.7173 0.0680422 -0.3602491 2.707908 0.1831189 -0.7682346 2.674758 
-0.1013938 0.7244537 2.738918 -0.09229279 0.5122754 2.727488 -0.08561146 0.291082 2.717767 -0.2591379 0.5080131 2.709799 -0.4482022 0.3929383 2.552584 -0.3773444 0.4447114 2.285592 0.07455232 0.5165377 2.745177 0.2970359 0.4089008 2.604657 0.2832866 0.4269379 2.318746 -0.1806326 0.0672904 2.697263 -0.2192967 -0.373692 2.720049 -0.3222619 -0.8299126 2.674877 0.02277231 0.07248663 2.718829 0.06330528 -0.3682477 2.697116 0.1817541 -0.7721008 2.671175 
-0.09925925 0.7249973 2.718916 -0.08981593 0.5097488 2.715209 -0.08226428 0.2883981 2.711353 -0.25641 0.5044068 2.695601 -0.4516333 0.3794922 2.62478 -0.391221 0.4518897 2.360525 0.07677817 0.5150907 2.734817 0.2934836 0.3749249 2.696348 0.2876346 0.4196912 2.416657 -0.176261 0.06379117 2.695545 -0.212489 -0.3773795 2.71942 -0.3209037 -0.8285956 2.670682 0.02683569 0.07030362 2.719449 0.06840219 -0.3701099 2.692264 0.1864193 -0.765604 2.669948 
-0.09764018 0.7299796 2.703919 -0.08899453 0.5120769 2.70363 -0.08203541 0.2905639 2.70179 -0.2557912 0.5069856 2.685722 -0.4054058 0.3378722 2.753199 -0.3832993 0.4469684 2.493421 0.07780211 0.5171682 2.721538 0.2281237 0.3569829 2.812331 0.2307572 0.4201054 2.534391 -0.1767493 0.06594734 2.689033 -0.2162185 -0.3738859 2.726528 -0.3265258 -0.8254765 2.67112 0.0265967 0.07215425 2.710865 0.06151139 -0.3687688 2.681255 0.1816858 -0.7645016 2.667175 
-0.09707588 0.7286953 2.692417 -0.08981617 0.5112827 2.698509 -0.08308671 0.2898186 2.701892 -0.2566307 0.5059426 2.680748 -0.3721999 0.3219343 2.781593 -0.3610932 0.4458268 2.524751 0.07699832 0.5166227 2.716271 0.1915638 0.3389935 2.839164 0.1967503 0.4185546 2.565595 -0.1780307 0.06509963 2.694448 -0.2179946 -0.3753023 2.724047 -0.327189 -0.8256069 2.678091 0.02531622 0.07160921 2.716099 0.06552991 -0.3691607 2.691962 0.1807735 -0.7683505 2.67865 
-0.09694347 0.7290006 2.696682 -0.09105655 0.511919 2.699806 -0.08455458 0.2903926 2.701428 -0.2575312 0.5068818 2.679185 -0.3530835 0.3064571 2.785291 -0.330806 0.4373405 2.533921 0.07541808 0.5169562 2.720427 0.172796 0.3140081 2.830587 0.1633824 0.4121934 2.560073 -0.1795368 0.06579556 2.69048 -0.2187627 -0.3751147 2.712883 -0.3239539 -0.8236849 2.670873 0.02343163 0.07193698 2.715621 0.06461225 -0.3686549 2.689218 0.1801314 -0.7660742 2.671236 
-0.1014154 0.723377 2.689802 -0.0948371 0.5062556 2.698608 -0.08830566 0.2848735 2.705578 -0.2607667 0.5005951 2.674307 -0.3506009 0.2882709 2.751635 -0.2922456 0.4330115 2.516917 0.07109252 0.511916 2.722909 0.1653385 0.2879583 2.7968 0.1292874 0.4039102 2.536507 -0.1829308 0.06004069 2.697732 -0.2231722 -0.3805513 2.7249 -0.3261473 -0.8299529 2.681668 0.01938235 0.0669423 2.727362 0.05980856 -0.3736639 2.699646 0.1784577 -0.7746893 2.685601 
-0.107671 0.7297994 2.705359 -0.1000167 0.510734 2.709404 -0.09358695 0.2892494 2.71276 -0.2659119 0.5055419 2.684581 -0.3472937 0.2756325 2.669818 -0.244759 0.4265571 2.463942 0.06587838 0.5159262 2.734227 0.1771738 0.278983 2.71441 0.08357593 0.3938493 2.475531 -0.1882598 0.06460056 2.700988 -0.2299763 -0.3759334 2.727594 -0.3261568 -0.8185109 2.676458 0.01394552 0.07092917 2.731244 0.05876639 -0.3692289 2.703282 0.1768864 -0.7598852 2.677822 
-0.111721 0.7267124 2.722103 -0.1039191 0.507765 2.717566 -0.09741487 0.2862849 2.715849 -0.2701767 0.5030558 2.695223 -0.3431849 0.289844 2.590407 -0.2016582 0.4254103 2.396597 0.06233842 0.5124742 2.739908 0.1685492 0.2929617 2.632711 0.0434445 0.3970936 2.40072 -0.1922531 0.06193417 2.700512 -0.229749 -0.3789792 2.727196 -0.3258875 -0.8267036 2.671121 0.01043187 0.06767526 2.72775 0.06705386 -0.371229 2.704507 0.177617 -0.7696891 2.670469 
-0.1152014 0.7274896 2.741003 -0.1066999 0.5080338 2.72513 -0.09998912 0.2867038 2.717705 -0.2732348 0.5036647 2.704848 -0.3196278 0.3119478 2.526202 -0.1643392 0.4268804 2.321818 0.05983488 0.5124028 2.745412 0.1552395 0.313453 2.56486 0.01751045 0.4092845 2.333602 -0.1947848 0.06271077 2.697918 -0.2287433 -0.3787446 2.719562 -0.3239518 -0.8232238 2.672198 0.008228211 0.06803682 2.722643 0.0727325 -0.370084 2.707176 0.1794104 -0.7643723 2.668376 
