-0.1093311 0.7263016 2.732493 -0.1048579 0.5088008 2.716923 -0.1022445 0.2873146 2.710843 -0.2726595 0.5068895 2.71442 -0.3209597 0.329446 2.49985 -0.1713048 0.3941888 2.266442 0.06294373 0.510712 2.719425 0.1286918 0.3057658 2.514463 -0.02278853 0.3937432 2.283058 -0.201903 0.06466356 2.703237 -0.2273821 -0.3768282 2.732504 -0.3139781 -0.8156542 2.680483 0.002640914 0.06699327 2.706287 0.082634 -0.368926 2.709145 0.184181 -0.7635853 2.675643 
-0.1096859 0.7260708 2.747044 -0.1056918 0.5087034 2.727225 -0.1029798 0.2872614 2.718478 -0.2733938 0.5068958 2.720992 -0.2774677 0.3980958 2.410957 -0.1639701 0.4203129 2.152572 0.06201022 0.510511 2.733459 0.08094347 0.3939579 2.419876 -0.01854408 0.4298238 2.158319 -0.2024936 0.06471747 2.705931 -0.2297964 -0.3770737 2.728332 -0.3159465 -0.8155856 2.681889 0.001958164 0.0669212 2.71353 0.07818821 -0.3697621 2.712256 0.1850109 -0.7585103 2.675298 
-0.1113578 0.728153 2.762973 -0.1061168 0.5126865 2.736419 -0.1028109 0.2916083 2.721911 -0.2737855 0.5106539 2.729187 -0.2592169 0.4380348 2.383486 -0.1812236 0.4300438 2.114401 0.06155195 0.5147191 2.743651 0.08198796 0.4304922 2.383941 0.005846397 0.4402952 2.110197 -0.2016995 0.06929121 2.702994 -0.2313368 -0.3724476 2.724844 -0.3166755 -0.8126929 2.682785 0.002689345 0.07176894 2.71181 0.07665315 -0.3652402 2.704842 0.1842936 -0.755313 2.671257 
-0.1160164 0.7318567 2.770936 -0.1094175 0.5180862 2.742322 -0.1048972 0.2972751 2.724247 -0.2770851 0.5152363 2.735207 -0.270112 0.4615169 2.363254 -0.2191683 0.4395821 2.086815 0.05825009 0.520936 2.749438 0.1014904 0.4532462 2.367968 0.04605685 0.4517905 2.085611 -0.2025729 0.07472696 2.701834 -0.2315615 -0.3667032 2.729873 -0.3171161 -0.8122055 2.682197 0.001818959 0.07820102 2.710508 0.07101048 -0.3595762 2.702252 0.1813856 -0.7516404 2.670679 
-0.1175557 0.7322997 2.77542 -0.1103382 0.5205985 2.744882 -0.1052344 0.300029 2.723968 -0.2779807 0.5174445 2.737234 -0.3075528 0.4647538 2.361635 -0.2655988 0.4460034 2.080174 0.05730431 0.5237524 2.75253 0.1377479 0.4686268 2.37349 0.09652359 0.4568264 2.089249 -0.2023124 0.07753714 2.698392 -0.2276421 -0.3644791 2.71942 -0.3168567 -0.8160104 2.678236 0.002051266 0.08138192 2.707715 0.07309224 -0.3561673 2.703617 0.1828632 -0.7583548 2.66919 
-0.1153396 0.7307751 2.767144 -0.108757 0.5186701 2.740695 -0.1045277 0.2978889 2.721696 -0.2764147 0.5161108 2.733114 -0.371272 0.4608806 2.400311 -0.3218962 0.4596763 2.117944 0.05890068 0.5212294 2.748276 0.1938782 0.4713118 2.416733 0.1444478 0.4708225 2.135113 -0.2024906 0.0755477 2.698077 -0.2261692 -0.366815 2.713233 -0.315739 -0.8189017 2.684018 0.001893731 0.07866757 2.707318 0.07425657 -0.3586995 2.704437 0.1821542 -0.7649792 2.671587 
-0.1136772 0.7262124 2.73644 -0.107661 0.5115932 2.724148 -0.1037519 0.2902403 2.714831 -0.2753074 0.5089632 2.716293 -0.4490716 0.4437238 2.484823 -0.3787931 0.471416 2.21268 0.05998545 0.5142233 2.732002 0.2694655 0.4535753 2.514676 0.2143035 0.4791335 2.232866 -0.2020289 0.06728433 2.700727 -0.2242697 -0.3754143 2.705765 -0.3153774 -0.8231765 2.684887 0.002343203 0.07049051 2.710302 0.0682424 -0.3674959 2.693637 0.182333 -0.7633718 2.672612 
-0.1137377 0.7230927 2.707689 -0.1077226 0.5080361 2.708771 -0.1036697 0.2866574 2.709193 -0.2753604 0.504952 2.700892 -0.4690355 0.4243622 2.552902 -0.4024297 0.4815161 2.28583 0.05991516 0.5111202 2.716649 0.2852316 0.4372874 2.579848 0.2226875 0.4828498 2.304443 -0.2017978 0.06339885 2.704813 -0.223454 -0.3793611 2.709985 -0.3153358 -0.8216229 2.686387 0.002564482 0.06715862 2.714417 0.06798553 -0.3704479 2.688922 0.1830126 -0.758993 2.67862 
-0.1098066 0.726631 2.693312 -0.1036598 0.5106563 2.697517 -0.09869111 0.2891937 2.700148 -0.2712818 0.5068023 2.689663 -0.4675199 0.4096783 2.656941 -0.4052875 0.4765109 2.389417 0.06396215 0.5145104 2.70537 0.2821128 0.4196467 2.654421 0.2138789 0.4806716 2.382221 -0.1958947 0.0653818 2.697992 -0.2166121 -0.3774542 2.700203 -0.3118796 -0.8168856 2.674324 0.008449846 0.07008023 2.707567 0.07278562 -0.3672528 2.675191 0.1872812 -0.7469091 2.666908 
-0.1087806 0.7246837 2.66761 -0.1032041 0.5081466 2.682137 -0.09751297 0.2869169 2.691517 -0.2706851 0.5034205 2.672286 -0.4243003 0.3978682 2.750961 -0.399087 0.4705216 2.479833 0.06427699 0.5128728 2.691989 0.2450154 0.4167927 2.763229 0.2023661 0.4659341 2.489972 -0.1939155 0.06280629 2.694891 -0.219228 -0.3792569 2.711255 -0.3144101 -0.8215117 2.677975 0.01027179 0.06856819 2.706901 0.06568122 -0.3702935 2.680006 0.1840228 -0.7504258 2.672723 
-0.1096254 0.7233452 2.654268 -0.1034509 0.5063745 2.67386 -0.0969582 0.2854319 2.688535 -0.2707406 0.5006528 2.661731 -0.3906868 0.3989599 2.800972 -0.3888692 0.4614699 2.531193 0.0638388 0.512096 2.685988 0.1984705 0.3883693 2.818633 0.1813127 0.4403226 2.546246 -0.1924412 0.06100156 2.695817 -0.2188076 -0.3805811 2.721605 -0.3156869 -0.819754 2.681451 0.01151013 0.06797708 2.710603 0.06400452 -0.3713672 2.68434 0.1838869 -0.7510651 2.676901 
-0.1066357 0.7235195 2.6566 -0.100711 0.5056636 2.674856 -0.09414475 0.2846526 2.689621 -0.2677801 0.4997183 2.660161 -0.3708434 0.3839802 2.810982 -0.3626949 0.4417908 2.544842 0.06635817 0.5116089 2.689552 0.1587337 0.3546848 2.827321 0.1450908 0.4096136 2.549728 -0.1894173 0.06001749 2.695429 -0.2197984 -0.3815457 2.718557 -0.3125224 -0.8184422 2.681862 0.01426026 0.06726553 2.713344 0.06600655 -0.3719828 2.683574 0.1861137 -0.752964 2.675343 
-0.1085328 0.7214803 2.64877 -0.1001549 0.5037709 2.673033 -0.09158317 0.283362 2.693776 -0.2669258 0.4957039 2.656231 -0.3639612 0.3640165 2.786475 -0.3265266 0.4221319 2.529428 0.06661601 0.5118379 2.689835 0.1433118 0.3202337 2.799819 0.1069729 0.3866768 2.524576 -0.1846706 0.05803571 2.704276 -0.2206408 -0.383072 2.7287 -0.3120259 -0.820711 2.691969 0.01864767 0.06787054 2.72476 0.06840811 -0.3717119 2.696148 0.1870704 -0.7510215 2.68172 
-0.1110406 0.7142262 2.654347 -0.1019266 0.4960749 2.677893 -0.09390748 0.2756184 2.699025 -0.2688415 0.4884944 2.662151 -0.3754762 0.3170111 2.711244 -0.282319 0.4056138 2.470858 0.06498837 0.5036554 2.693635 0.1456617 0.2936147 2.712401 0.06121572 0.37859 2.460863 -0.1876183 0.05054184 2.710563 -0.2330435 -0.3897349 2.733244 -0.3182959 -0.825842 2.689818 0.01584152 0.05978207 2.729751 0.06202852 -0.3801466 2.700403 0.1805797 -0.7594175 2.675149 
-0.1119108 0.7234425 2.676568 -0.1033691 0.5045248 2.689733 -0.09570479 0.2835931 2.704375 -0.2702407 0.4976361 2.673138 -0.3617207 0.2899944 2.613613 -0.239227 0.400222 2.39106 0.06350246 0.5114136 2.706327 0.1388446 0.2773201 2.620213 0.02631763 0.3817863 2.386511 -0.1897491 0.05846275 2.708902 -0.2351551 -0.3821195 2.725739 -0.3187966 -0.8112515 2.680112 0.01366823 0.06686015 2.729131 0.06485668 -0.3726077 2.701433 0.1815011 -0.7485889 2.671452 
-0.1114211 0.7300027 2.697744 -0.1029927 0.5099075 2.697951 -0.09545945 0.2886665 2.705893 -0.2698944 0.5036284 2.681345 -0.3413596 0.2949977 2.529799 -0.2051344 0.4028827 2.313634 0.06390893 0.5161867 2.714557 0.1274208 0.2856598 2.541616 -0.0002286529 0.3911178 2.310021 -0.1896544 0.06359837 2.703713 -0.2339324 -0.3763347 2.732932 -0.3157524 -0.8129585 2.677189 0.01380204 0.07125279 2.723957 0.07090314 -0.3677668 2.702246 0.1834541 -0.7509343 2.666868 
