-0.1117344 0.7228057 2.721652 -0.1062362 0.5071279 2.709083 -0.1030698 0.2855665 2.707686 -0.2721178 0.5049176 2.683628 -0.2903976 0.3944618 2.398665 -0.1538703 0.4471436 2.159771 0.05964532 0.5093381 2.734537 0.1129042 0.4118042 2.421846 -5.873871E-05 0.4406485 2.169266 -0.2010125 0.0626578 2.690775 -0.2222189 -0.3775395 2.738218 -0.3212383 -0.8224773 2.670547 0.001206026 0.06535226 2.721805 0.07615748 -0.3713266 2.713467 0.1813766 -0.761747 2.674236 
-0.110274 0.7298412 2.739775 -0.1048698 0.5149686 2.718951 -0.1019352 0.2935873 2.711119 -0.2707332 0.513678 2.693284 -0.260192 0.4357286 2.361822 -0.1590939 0.4493772 2.103818 0.0609936 0.5162593 2.744618 0.09045442 0.4419045 2.375439 0.006771385 0.4459885 2.110898 -0.2000974 0.07141928 2.687643 -0.2242536 -0.3680812 2.739997 -0.3222071 -0.816797 2.667037 0.002096193 0.07299259 2.718932 0.07854546 -0.3635266 2.710362 0.1826828 -0.7566676 2.67236 
-0.1093458 0.7285292 2.739328 -0.103118 0.5165386 2.72191 -0.1000099 0.2950715 2.714662 -0.2691655 0.515008 2.697474 -0.2570968 0.465861 2.336416 -0.1874743 0.4495872 2.068005 0.06292965 0.5180691 2.746346 0.09622923 0.4694561 2.351203 0.04252027 0.4516815 2.07643 -0.1981137 0.07267145 2.692519 -0.2229342 -0.3671581 2.742008 -0.3230784 -0.8235285 2.67545 0.004309853 0.07453729 2.722308 0.07697736 -0.3626492 2.723067 0.1841019 -0.7611079 2.677498 
-0.1095362 0.7243022 2.740102 -0.102371 0.5132105 2.720841 -0.0979411 0.2918005 2.711956 -0.2687699 0.5107509 2.69917 -0.2950648 0.4814407 2.333207 -0.2382664 0.4508263 2.056857 0.06402788 0.5156702 2.742512 0.1521 0.4917183 2.352085 0.1163786 0.462607 2.074028 -0.1949499 0.06889113 2.68986 -0.2186979 -0.3717865 2.731215 -0.32187 -0.8291731 2.66664 0.007927513 0.07188997 2.716282 0.07971168 -0.3655182 2.714663 0.1855632 -0.7649716 2.666034 
-0.1099595 0.7287143 2.739494 -0.1025861 0.5161192 2.718976 -0.09727436 0.2947597 2.708948 -0.2692446 0.5130025 2.6995 -0.3505428 0.479225 2.362107 -0.2958997 0.455187 2.08117 0.06407234 0.519236 2.738453 0.205041 0.4933546 2.387032 0.1757729 0.465765 2.105703 -0.1935473 0.07150041 2.687048 -0.2163965 -0.3692434 2.728746 -0.3241121 -0.8230814 2.666349 0.009622047 0.07529997 2.710791 0.07868946 -0.3625706 2.712465 0.182696 -0.7637582 2.667545 
-0.1097333 0.7294461 2.729184 -0.1021053 0.5156994 2.713431 -0.09635657 0.2942684 2.705285 -0.2690015 0.5119991 2.696236 -0.4047592 0.4606026 2.417549 -0.34798 0.4560935 2.134198 0.06479085 0.5193997 2.730626 0.2565322 0.4816886 2.443007 0.2226445 0.4631768 2.158628 -0.1923377 0.07058193 2.686657 -0.2119458 -0.3700057 2.731564 -0.3240325 -0.8267609 2.672699 0.01112207 0.07509291 2.70762 0.07893571 -0.3629991 2.710326 0.1830049 -0.7627941 2.667345 
-0.1113443 0.7259479 2.715518 -0.1012652 0.5105582 2.706545 -0.09347355 0.2891141 2.702016 -0.2682922 0.5049933 2.691285 -0.4403586 0.4462853 2.482746 -0.3943451 0.4484068 2.200071 0.06576185 0.5161231 2.721804 0.2907831 0.4663623 2.515999 0.2398248 0.4564562 2.23531 -0.1874942 0.06427791 2.688186 -0.2056421 -0.3772306 2.722266 -0.3192899 -0.8307325 2.677082 0.01613039 0.07106209 2.706789 0.07422968 -0.3681077 2.698096 0.1862492 -0.7668185 2.670933 
-0.1117796 0.7236212 2.687722 -0.1013541 0.5075781 2.691922 -0.09244379 0.2862698 2.695197 -0.2684219 0.5006394 2.677583 -0.4506552 0.4336265 2.600845 -0.4002634 0.4511476 2.32261 0.0657137 0.5145168 2.706262 0.2874098 0.4641985 2.641016 0.2384085 0.4452235 2.361818 -0.1853608 0.06073227 2.689731 -0.2064382 -0.3810351 2.719012 -0.3239541 -0.8282714 2.673831 0.01829394 0.06919052 2.707211 0.07079761 -0.3705081 2.69101 0.1837668 -0.766256 2.670828 
-0.1101745 0.7168268 2.66431 -0.1011814 0.5006994 2.680732 -0.09197181 0.2796272 2.690761 -0.2682193 0.4930837 2.666247 -0.4288299 0.3983147 2.698411 -0.3883948 0.4597008 2.427294 0.06585652 0.5083151 2.695217 0.2647005 0.4175972 2.728018 0.2161755 0.4396786 2.452675 -0.1845705 0.05391324 2.691961 -0.2072884 -0.3871618 2.729144 -0.3252647 -0.8316924 2.673865 0.01904611 0.06319662 2.709618 0.06988742 -0.3761876 2.683065 0.1830227 -0.7741768 2.674628 
-0.110429 0.7162189 2.652601 -0.1012236 0.4992017 2.675328 -0.09209763 0.2783012 2.689533 -0.2682728 0.4913791 2.661 -0.4074126 0.3696554 2.755699 -0.3730052 0.4552808 2.487443 0.06582561 0.5070243 2.689656 0.2333517 0.3793002 2.780506 0.1782476 0.4391754 2.511334 -0.1847897 0.05263272 2.695005 -0.2133493 -0.388871 2.717932 -0.3242386 -0.8257156 2.676857 0.01884646 0.06216867 2.712471 0.06768408 -0.3770857 2.679579 0.1809342 -0.7656204 2.675471 
-0.1131625 0.7155344 2.655743 -0.1042515 0.498524 2.678959 -0.09625032 0.2776455 2.694949 -0.2712667 0.491383 2.663888 -0.4100282 0.3213613 2.728289 -0.3221112 0.4356779 2.489781 0.06276377 0.5056651 2.694029 0.214661 0.3345849 2.749982 0.1110351 0.427298 2.509188 -0.1900505 0.05241432 2.701753 -0.2210811 -0.387634 2.74095 -0.3262713 -0.8224369 2.682657 0.01355214 0.06111971 2.720125 0.0611274 -0.3784756 2.688896 0.1762697 -0.7618439 2.679968 
-0.1159199 0.7186708 2.676341 -0.1086984 0.5002544 2.691612 -0.1018421 0.2790916 2.703779 -0.275801 0.4942716 2.677027 -0.395518 0.2956874 2.654144 -0.2709661 0.4164769 2.438274 0.05840417 0.5062373 2.706197 0.1878251 0.3097869 2.674008 0.05262585 0.4191137 2.453083 -0.1968415 0.05428203 2.707057 -0.2283631 -0.3867152 2.734102 -0.3287993 -0.8197372 2.680269 0.006870084 0.06157561 2.724837 0.05569481 -0.37803 2.69514 0.1756003 -0.7619447 2.67638 
-0.1182888 0.7229053 2.688087 -0.1118777 0.5038112 2.698447 -0.1063383 0.2825311 2.709687 -0.2790561 0.4989094 2.684336 -0.3717489 0.3023553 2.569584 -0.2226236 0.4132645 2.359634 0.05530072 0.508713 2.712559 0.1594232 0.3088837 2.597012 0.01305861 0.4169925 2.374607 -0.2027001 0.05826312 2.712324 -0.2267079 -0.3835257 2.736012 -0.3263586 -0.8168182 2.681736 0.001102445 0.06423877 2.729527 0.05448744 -0.3751393 2.705298 0.1768788 -0.7575413 2.675521 
-0.119767 0.7186263 2.703508 -0.1133647 0.4999955 2.706875 -0.1085085 0.2785838 2.715736 -0.2806078 0.4957839 2.693296 -0.3398755 0.3241837 2.503801 -0.1886776 0.4128444 2.285013 0.05387836 0.5042071 2.720454 0.1297102 0.3234368 2.527018 -0.01018889 0.4202882 2.294424 -0.2055919 0.05460497 2.716321 -0.222631 -0.3877348 2.73696 -0.323652 -0.8250523 2.683722 -0.001712684 0.05973918 2.732875 0.05813804 -0.3789775 2.712506 0.1794975 -0.7651094 2.675252 
-0.1197447 0.7150524 2.710686 -0.1144705 0.4971059 2.714388 -0.1103142 0.2756975 2.724033 -0.2816662 0.4933448 2.700098 -0.3094294 0.3610989 2.451381 -0.1702882 0.4197013 2.21406 0.05272518 0.500867 2.728678 0.09786188 0.3627109 2.468006 -0.02083613 0.4316218 2.222601 -0.2080691 0.05199661 2.724968 -0.2240592 -0.3900505 2.752554 -0.3223548 -0.8238025 2.686498 -0.004246871 0.05658164 2.742389 0.06798099 -0.3803324 2.72766 0.1796221 -0.7654662 2.682456 
