-0.2473512 0.7539241 2.568672 -0.2455268 0.537751 2.548615 -0.2443777 0.3157022 2.52696 -0.4037345 0.539295 2.524389 -0.5032099 0.3686167 2.420334 -0.3273733 0.4406075 2.203239 -0.08731905 0.536207 2.572841 0.02326141 0.3664664 2.441937 -0.1320452 0.4316827 2.212677 -0.3450625 0.0946472 2.489711 -0.3470981 -0.3369607 2.601872 -0.4993134 -0.812654 2.466997 -0.141395 0.09265959 2.520899 -0.139712 -0.3498815 2.579657 0.03932387 -0.7942605 2.454233 
-0.2502487 0.7565367 2.586361 -0.2474216 0.542132 2.556539 -0.2448364 0.3207363 2.529192 -0.4062147 0.5426991 2.536936 -0.4736916 0.3963703 2.360164 -0.300962 0.447563 2.132455 -0.08862851 0.5415648 2.576141 0.0005466079 0.3906739 2.380934 -0.1436101 0.4429677 2.144359 -0.3444924 0.09970589 2.489223 -0.3502522 -0.3289313 2.612493 -0.5002436 -0.8057356 2.47137 -0.1400101 0.09897554 2.514466 -0.1412864 -0.3432317 2.575742 0.03519118 -0.7900521 2.453817 
-0.2520507 0.7561823 2.604203 -0.2480596 0.5430617 2.565015 -0.2441045 0.3225359 2.531607 -0.4071097 0.5428832 2.547364 -0.4378867 0.4287122 2.314588 -0.2871831 0.458427 2.074069 -0.08900946 0.5432402 2.582667 -0.02976551 0.4318102 2.330449 -0.13791 0.4565654 2.071716 -0.3425003 0.1018952 2.48684 -0.3477299 -0.3246747 2.617603 -0.4973646 -0.8101701 2.47157 -0.1377983 0.1021249 2.509557 -0.1437261 -0.3384233 2.580828 0.03823549 -0.795575 2.454229 
-0.2576535 0.7577326 2.625133 -0.2508862 0.5459026 2.57483 -0.2453821 0.3267948 2.533649 -0.4099689 0.5452118 2.557242 -0.4104483 0.4583565 2.279804 -0.2901908 0.4679156 2.02393 -0.09180354 0.5465934 2.592417 -0.04038599 0.4624038 2.295217 -0.1191588 0.4659834 2.022638 -0.3422502 0.1072425 2.481151 -0.3481953 -0.3190411 2.613282 -0.5003525 -0.8093153 2.465306 -0.1375056 0.1081315 2.503787 -0.1456733 -0.3313657 2.581245 0.04030864 -0.7953729 2.448792 
-0.2599065 0.7539362 2.633606 -0.2519151 0.5460067 2.580354 -0.2456941 0.3274564 2.535963 -0.4110031 0.5450642 2.5627 -0.4072259 0.4886751 2.257913 -0.3134048 0.4749271 1.991109 -0.09282713 0.5469493 2.598009 -0.0361949 0.4947012 2.271116 -0.07932257 0.4751677 1.993731 -0.3418569 0.1082994 2.48021 -0.3488171 -0.3201047 2.605277 -0.4953962 -0.8092733 2.475562 -0.1370891 0.1095126 2.502934 -0.1439112 -0.3296233 2.582853 0.03642068 -0.7978089 2.45742 
-0.2630726 0.7538031 2.637841 -0.2540477 0.5471089 2.580981 -0.2474136 0.3289357 2.534547 -0.413261 0.5457757 2.564498 -0.4246232 0.5033389 2.239472 -0.3514351 0.4841008 1.964102 -0.09483451 0.5484423 2.597463 -0.01010674 0.503345 2.255558 -0.02334124 0.4835715 1.973037 -0.3432514 0.1099042 2.477505 -0.3467138 -0.3174588 2.606351 -0.498287 -0.8110592 2.472538 -0.1383076 0.1116205 2.498721 -0.1435544 -0.3277395 2.577706 0.03078505 -0.7939842 2.457914 
-0.2591572 0.7492468 2.63045 -0.2528484 0.5420119 2.576494 -0.2480811 0.3232267 2.532712 -0.412192 0.5415823 2.561291 -0.4592982 0.5116644 2.227744 -0.3962764 0.4913166 1.948609 -0.09350476 0.5424414 2.591698 0.02946108 0.5141788 2.266769 0.03700007 0.4888293 1.983103 -0.3458723 0.1041652 2.479143 -0.3457656 -0.3212208 2.614367 -0.5015607 -0.8205668 2.473258 -0.1407554 0.1047182 2.498714 -0.1472119 -0.3339753 2.581257 0.03556706 -0.8074487 2.460044 
-0.2570575 0.7465653 2.617753 -0.2524403 0.53807 2.570732 -0.2487471 0.3183254 2.532123 -0.4118523 0.537944 2.5562 -0.504638 0.5163254 2.236873 -0.4426577 0.4898798 1.957716 -0.09302839 0.5381959 2.585264 0.08274175 0.5090978 2.282876 0.1059545 0.4917283 1.99542 -0.3476518 0.09849979 2.484161 -0.3514215 -0.3300097 2.608725 -0.4977655 -0.8175836 2.482334 -0.1424558 0.09866189 2.502867 -0.1440698 -0.3397157 2.58724 0.03479533 -0.8058263 2.459673 
-0.2583332 0.7510779 2.611983 -0.2533014 0.5408121 2.566657 -0.2496854 0.3208113 2.529209 -0.412787 0.5405328 2.552897 -0.5709071 0.5035772 2.268973 -0.5094522 0.4756114 1.990309 -0.09381586 0.5410915 2.580416 0.149688 0.4955288 2.342963 0.1804622 0.494227 2.052145 -0.3487171 0.1006306 2.482906 -0.3487352 -0.3233021 2.613254 -0.4885225 -0.8044825 2.50779 -0.1434216 0.1009902 2.500618 -0.13737 -0.3387325 2.570259 0.01208076 -0.7903351 2.498506 
-0.2560101 0.7531835 2.599014 -0.2521468 0.5413934 2.560531 -0.2500231 0.3208391 2.526429 -0.411622 0.5420008 2.546671 -0.6049527 0.486293 2.301984 -0.5475557 0.4659349 2.021399 -0.09267175 0.5407859 2.574392 0.1743454 0.4782627 2.387966 0.2218174 0.4854499 2.098235 -0.3505417 0.1006759 2.483405 -0.350718 -0.328315 2.600879 -0.4976797 -0.8089702 2.489014 -0.1452568 0.09989383 2.501247 -0.1453909 -0.3399299 2.574035 0.03457924 -0.798942 2.47184 
-0.2542275 0.7559537 2.583035 -0.2510051 0.5430007 2.553387 -0.2496064 0.3217353 2.524494 -0.4104673 0.5438233 2.539367 -0.6384785 0.4641494 2.352987 -0.592487 0.4537119 2.069915 -0.09154294 0.5421781 2.567406 0.1916704 0.4651299 2.446474 0.2633258 0.4617836 2.161973 -0.3508401 0.1009993 2.486578 -0.348915 -0.3306769 2.596923 -0.4982281 -0.8111837 2.481944 -0.1455753 0.09994044 2.504625 -0.1491271 -0.3397811 2.579833 0.04988886 -0.8043796 2.462488 
-0.2526498 0.7566553 2.575033 -0.2503506 0.5436461 2.547275 -0.2494857 0.3221533 2.519838 -0.4097265 0.544872 2.532355 -0.6717378 0.458083 2.415473 -0.6451271 0.4404103 2.132822 -0.09097464 0.5424202 2.562195 0.1978347 0.45956 2.502229 0.2727898 0.4516612 2.216026 -0.3512002 0.1014496 2.482799 -0.3481533 -0.3324746 2.585606 -0.4998213 -0.8128026 2.469114 -0.1460416 0.09987151 2.502005 -0.1501235 -0.3399133 2.577858 0.05213803 -0.8052841 2.44794 
-0.2486646 0.7539857 2.553525 -0.2486408 0.5403886 2.536214 -0.2490821 0.3182304 2.515766 -0.4078834 0.542195 2.520027 -0.6933976 0.4565628 2.478235 -0.672084 0.4396465 2.194495 -0.0893982 0.5385824 2.552401 0.1918893 0.4547597 2.573097 0.2674643 0.4388437 2.287496 -0.3520183 0.09723459 2.484898 -0.3477859 -0.3370984 2.587071 -0.5010504 -0.8198389 2.471557 -0.1470286 0.09490939 2.505736 -0.1485186 -0.3447936 2.582624 0.05331593 -0.8110758 2.450531 
-0.2460849 0.7535951 2.542783 -0.2477822 0.5398767 2.529241 -0.2486271 0.3174313 2.51154 -0.4068888 0.5418691 2.511797 -0.7007077 0.4547906 2.539604 -0.684824 0.4290672 2.255702 -0.08867551 0.5378844 2.546685 0.1664343 0.4443721 2.625041 0.2334203 0.4188112 2.339741 -0.3518774 0.09626825 2.482613 -0.3495843 -0.3398814 2.577072 -0.4979489 -0.8132654 2.470457 -0.1470665 0.09370355 2.505067 -0.1427161 -0.346681 2.577777 0.04864407 -0.8062766 2.446734 
-0.2455953 0.750605 2.528914 -0.2476337 0.5359134 2.522149 -0.2488535 0.3131278 2.509867 -0.4066345 0.5377988 2.503741 -0.6833692 0.4554071 2.590294 -0.6642919 0.4254467 2.305598 -0.08863281 0.5340279 2.540558 0.1332005 0.4316746 2.667017 0.1881449 0.4003965 2.380636 -0.3524089 0.09155571 2.485736 -0.3492164 -0.3451147 2.578207 -0.4995657 -0.8178574 2.473003 -0.1477376 0.08912871 2.509433 -0.1290531 -0.3536506 2.54996 0.01252203 -0.789861 2.521353 
-0.2441637 0.7471625 2.513976 -0.2476593 0.5311294 2.51625 -0.2498719 0.3081332 2.511003 -0.4064037 0.5331849 2.495834 -0.6277282 0.4462363 2.616139 -0.5987352 0.4229955 2.331438 -0.08891499 0.529074 2.536666 0.09255551 0.4213055 2.680999 0.1264618 0.3922635 2.391584 -0.3542619 0.0864599 2.492614 -0.3592455 -0.3549443 2.544497 -0.483938 -0.7931852 2.545485 -0.1499071 0.08381385 2.518896 -0.1325663 -0.3591332 2.565299 0.01144119 -0.7914655 2.513464 
-0.2436745 0.7507688 2.515002 -0.2463231 0.5333588 2.518686 -0.2481516 0.3102464 2.515395 -0.4050294 0.5349664 2.497881 -0.5838686 0.4126161 2.62405 -0.5354543 0.4204722 2.344275 -0.08761688 0.5317512 2.539492 0.07077157 0.4041549 2.677989 0.05824784 0.3887952 2.390102 -0.3521225 0.08816856 2.498713 -0.3605831 -0.3541783 2.550595 -0.4733649 -0.7873157 2.533911 -0.1478377 0.08609929 2.525494 -0.1389325 -0.35675 2.577464 0.03792488 -0.7958112 2.481607 
-0.2437814 0.7547929 2.524036 -0.2461383 0.5367536 2.523756 -0.2481924 0.3136719 2.517689 -0.4050041 0.538747 2.504251 -0.5709447 0.3793172 2.602036 -0.4698575 0.4203756 2.345381 -0.08727246 0.5347602 2.543262 0.06087512 0.3790682 2.648502 -0.006345352 0.3979298 2.377372 -0.352497 0.09187323 2.499068 -0.3569068 -0.3482049 2.568777 -0.4861131 -0.7963091 2.502274 -0.147996 0.08930732 2.524176 -0.1458694 -0.3533545 2.579886 0.04176674 -0.797339 2.464204 
-0.247609 0.7515936 2.536551 -0.2477913 0.5362757 2.530927 -0.2492716 0.3133588 2.52055 -0.4067031 0.5382235 2.511754 -0.5554777 0.3586614 2.555526 -0.407736 0.4296236 2.334903 -0.08887956 0.534328 2.5501 0.05743186 0.3590306 2.607757 -0.06268004 0.408476 2.360726 -0.3530281 0.09169552 2.497834 -0.3545833 -0.3470439 2.577462 -0.4933929 -0.8076785 2.485217 -0.1484756 0.08918838 2.522513 -0.1462713 -0.3536194 2.578326 0.03949637 -0.7998983 2.467588 
-0.2520214 0.7500206 2.553802 -0.2505186 0.5348619 2.5402 -0.2505101 0.3123651 2.523669 -0.4095131 0.5362325 2.52167 -0.5397537 0.3513389 2.502774 -0.3592503 0.4424405 2.306406 -0.09152417 0.5334914 2.558729 0.04920244 0.3490065 2.560871 -0.1010508 0.4215503 2.331059 -0.3528339 0.09075041 2.495213 -0.3501674 -0.3429159 2.597477 -0.4967276 -0.8121931 2.474599 -0.1481693 0.08898619 2.519065 -0.1459806 -0.3528595 2.582174 0.04329619 -0.8025935 2.45717 
