-0.2713118 0.7632679 2.623977 -0.2607455 0.5539787 2.578595 -0.2500583 0.3346984 2.538721 -0.4192091 0.550307 2.556315 -0.4332591 0.4302129 2.321748 -0.2889453 0.4807183 2.078485 -0.1022818 0.5576506 2.600874 -0.01660357 0.4252135 2.354118 -0.1355346 0.4717528 2.102693 -0.3413646 0.1130546 2.484507 -0.368693 -0.3186937 2.591988 -0.4800546 -0.7892272 2.51519 -0.1373778 0.1177813 2.513186 -0.151435 -0.3192572 2.602891 0.03952171 -0.8020246 2.454526 
-0.2731541 0.7595037 2.632031 -0.2613642 0.5521461 2.583305 -0.2504608 0.3331871 2.541523 -0.4196838 0.5487184 2.559953 -0.4096228 0.4621011 2.283378 -0.2832369 0.488096 2.029006 -0.1030447 0.5555738 2.606657 -0.03479788 0.4611078 2.314078 -0.1232564 0.4775445 2.047654 -0.3414524 0.112022 2.48471 -0.3716114 -0.3262012 2.549576 -0.4670904 -0.7684086 2.552004 -0.1376622 0.1164341 2.51477 -0.1482966 -0.3224317 2.595249 0.04149385 -0.8029535 2.451738 
-0.2738797 0.7597755 2.645554 -0.2604506 0.5525692 2.590104 -0.2491604 0.3345226 2.543957 -0.4187025 0.5494288 2.566224 -0.395303 0.4850443 2.250193 -0.2900271 0.4898229 1.987182 -0.1021986 0.5557095 2.613983 -0.04139246 0.4855572 2.289551 -0.09700896 0.4796066 2.012676 -0.3397217 0.114455 2.482441 -0.3684954 -0.3234333 2.557113 -0.4697707 -0.7807547 2.525615 -0.1360188 0.1184972 2.513179 -0.1487885 -0.3203007 2.594143 0.04752196 -0.8022361 2.445979 
-0.2694333 0.7590374 2.653325 -0.2565641 0.5537314 2.59534 -0.2451191 0.3359722 2.54774 -0.4149187 0.5504776 2.572152 -0.3981576 0.5005189 2.235123 -0.3185688 0.4825129 1.963771 -0.0982096 0.5569855 2.61853 -0.0292001 0.5007736 2.269284 -0.0489734 0.476424 1.988834 -0.3355933 0.1161187 2.485215 -0.355469 -0.3119401 2.600499 -0.4806274 -0.7984316 2.502206 -0.1317547 0.1203073 2.515065 -0.1452361 -0.3185056 2.596069 0.04719371 -0.8018349 2.452664 
-0.2656273 0.7581986 2.657718 -0.2541046 0.5539129 2.596543 -0.2426944 0.3363586 2.54792 -0.4125451 0.5506553 2.573938 -0.4220814 0.503755 2.227099 -0.3570332 0.471397 1.950471 -0.09566417 0.5571706 2.619148 0.003400803 0.50438 2.259652 0.007295174 0.473072 1.97522 -0.3332591 0.1167076 2.484748 -0.3566718 -0.315382 2.58825 -0.4910396 -0.8084541 2.480737 -0.1293091 0.120901 2.513846 -0.1416106 -0.3192643 2.587052 0.03741628 -0.7987252 2.456648 
-0.2663125 0.759294 2.64988 -0.2538864 0.5546138 2.592245 -0.2422374 0.3363366 2.547119 -0.4122193 0.5509788 2.568954 -0.4690471 0.4888836 2.222536 -0.4176461 0.4589018 1.941244 -0.09555361 0.5582486 2.615535 0.05619237 0.5011874 2.272322 0.07898734 0.4692201 1.986986 -0.3324952 0.1157199 2.487002 -0.3595333 -0.3176534 2.587418 -0.4924229 -0.8110029 2.480842 -0.1286816 0.120399 2.516983 -0.1428417 -0.3197604 2.590152 0.03711456 -0.8001567 2.460538 
-0.2635777 0.7580016 2.646463 -0.2525934 0.5538929 2.589101 -0.2414972 0.3355232 2.544188 -0.4108466 0.5507665 2.565203 -0.526505 0.4699594 2.231743 -0.4831899 0.4454478 1.947993 -0.09434029 0.5570191 2.612998 0.1061094 0.4905806 2.295671 0.142079 0.4690238 2.009228 -0.3322565 0.1151414 2.483893 -0.3554569 -0.3153059 2.597721 -0.4958475 -0.814585 2.46919 -0.1285456 0.1191657 2.514656 -0.1308652 -0.324055 2.555749 0.005932648 -0.7725276 2.513412 
-0.2602066 0.7608125 2.634753 -0.2512508 0.55439 2.583424 -0.2421665 0.3352401 2.542155 -0.4094985 0.5523571 2.559386 -0.5882537 0.453485 2.253371 -0.5514168 0.4293524 1.965475 -0.09300304 0.5564228 2.607463 0.1485558 0.4737884 2.344317 0.1936965 0.4685821 2.057583 -0.3349355 0.1147818 2.485414 -0.3557204 -0.3139744 2.606782 -0.5027363 -0.8163553 2.467666 -0.1312291 0.1173987 2.516357 -0.1332299 -0.3249007 2.570528 0.00269722 -0.7784264 2.509089 
-0.2568368 0.760559 2.610405 -0.2500533 0.5504223 2.570048 -0.2428333 0.329955 2.536988 -0.4083028 0.5488501 2.545972 -0.6381301 0.4352437 2.29869 -0.6034068 0.4141439 2.008242 -0.0918038 0.5519944 2.594124 0.1752768 0.4553933 2.406146 0.2406679 0.4541672 2.12036 -0.337465 0.1084758 2.488432 -0.3554496 -0.3246425 2.593048 -0.50006 -0.8183032 2.475107 -0.1337616 0.1104996 2.519423 -0.1424779 -0.3294882 2.589929 0.02565988 -0.7997328 2.477264 
-0.2536232 0.7589111 2.598223 -0.2483424 0.5476234 2.560941 -0.242598 0.3268306 2.529217 -0.4064721 0.547083 2.53607 -0.6715592 0.4246334 2.363331 -0.6287466 0.4003398 2.074107 -0.09021264 0.5481638 2.585813 0.1921432 0.4421887 2.473562 0.2644309 0.4419275 2.189526 -0.3386318 0.10569 2.481484 -0.3534992 -0.3250015 2.596623 -0.4989285 -0.8157838 2.464606 -0.1350754 0.1063857 2.513501 -0.1418608 -0.3335646 2.586809 0.03778327 -0.8030315 2.451675 
-0.2509344 0.7588717 2.574651 -0.2472493 0.5456333 2.549403 -0.2425343 0.3239247 2.525488 -0.4053596 0.5449688 2.52439 -0.6917818 0.4213189 2.48216 -0.6435527 0.3894573 2.197204 -0.08913902 0.5462977 2.574417 0.2010683 0.4370918 2.54028 0.2719815 0.4309176 2.258484 -0.3395806 0.1017885 2.485474 -0.3493302 -0.3264385 2.610209 -0.5038375 -0.8203962 2.472278 -0.136058 0.1026437 2.517672 -0.1474328 -0.3359148 2.598964 0.04956332 -0.809209 2.454484 
-0.2495392 0.7562898 2.562356 -0.2463245 0.543743 2.54147 -0.2421478 0.3216893 2.52002 -0.4044165 0.543198 2.516327 -0.6908886 0.4196622 2.552566 -0.6451134 0.3892579 2.269135 -0.08823249 0.544288 2.566612 0.1865358 0.4250457 2.605626 0.2521491 0.4148698 2.325313 -0.3397217 0.09928475 2.482388 -0.3515317 -0.3344505 2.584166 -0.4990791 -0.8157493 2.470061 -0.1362204 0.09998628 2.514753 -0.1467086 -0.3390982 2.594097 0.05160948 -0.8083922 2.441241 
-0.2499332 0.7616726 2.55719 -0.2465963 0.5471807 2.537223 -0.2424132 0.3249675 2.516909 -0.404753 0.5464641 2.512493 -0.6659442 0.4238283 2.611765 -0.6256871 0.3936095 2.328548 -0.08843967 0.5478972 2.561954 0.1507704 0.4240303 2.667277 0.2052027 0.4083528 2.38572 -0.3400232 0.1022932 2.480678 -0.3495418 -0.3319297 2.582346 -0.5007724 -0.8116145 2.471377 -0.1364369 0.1032155 2.512512 -0.1406085 -0.3370146 2.585809 0.04916736 -0.8021404 2.444854 
-0.2539374 0.7545938 2.553666 -0.2489503 0.5406593 2.532495 -0.2446142 0.3184457 2.511901 -0.4070499 0.5398999 2.507401 -0.6109828 0.4194054 2.642373 -0.5836509 0.4090877 2.357642 -0.09085062 0.5414187 2.557589 0.09586039 0.4215169 2.701214 0.1399112 0.4004021 2.418148 -0.3420345 0.0957434 2.475156 -0.3529274 -0.3390627 2.575045 -0.5042491 -0.821367 2.466055 -0.1385218 0.09672093 2.507458 -0.1434005 -0.3433773 2.581983 0.04160689 -0.8111785 2.445514 
-0.2556443 0.7560209 2.551853 -0.2493086 0.5415077 2.531933 -0.2439676 0.3191445 2.513228 -0.4075299 0.5397456 2.507701 -0.5599917 0.3961946 2.657174 -0.5411813 0.4222581 2.37185 -0.09108735 0.5432698 2.556165 0.04742983 0.3952688 2.702091 0.07737909 0.4011833 2.419408 -0.3404645 0.0956471 2.478927 -0.350544 -0.3308975 2.606803 -0.5005265 -0.8150048 2.472999 -0.1367885 0.0979154 2.51012 -0.1389911 -0.342172 2.585039 0.04809213 -0.8036406 2.453941 
-0.2594997 0.7564921 2.559466 -0.2506804 0.5436358 2.535475 -0.2440937 0.3214806 2.514798 -0.4089684 0.5411515 2.511745 -0.5335077 0.3710938 2.638103 -0.4909312 0.4402839 2.359596 -0.09239236 0.5461201 2.559206 0.03520443 0.3786351 2.686049 0.01600964 0.4125841 2.407957 -0.3393845 0.09772647 2.478847 -0.3524121 -0.3261805 2.616297 -0.499471 -0.814382 2.467548 -0.1356294 0.1009244 2.509394 -0.1432831 -0.3386432 2.586869 0.04484212 -0.7999038 2.450927 
-0.2592582 0.7604823 2.575273 -0.2501066 0.5476009 2.544423 -0.2431557 0.3259788 2.519075 -0.408317 0.5454161 2.520142 -0.5357449 0.3445408 2.592556 -0.4499431 0.4545028 2.344628 -0.0918963 0.5497858 2.568705 0.03710924 0.3648221 2.645037 -0.03008766 0.4278522 2.378354 -0.3380318 0.1029505 2.478099 -0.3541787 -0.3264533 2.596397 -0.5024103 -0.8115066 2.464061 -0.1343779 0.1057629 2.509355 -0.1411616 -0.3337716 2.587282 0.03860275 -0.7941151 2.456774 
-0.2618958 0.7577865 2.580668 -0.2541069 0.546433 2.55022 -0.2489637 0.3248422 2.523989 -0.4121903 0.5457392 2.525085 -0.5288571 0.3397789 2.534771 -0.4077599 0.4684534 2.309439 -0.09602353 0.5471268 2.575355 0.03806731 0.355403 2.595025 -0.07075387 0.4445784 2.345103 -0.3455712 0.1028049 2.481579 -0.3613272 -0.3197967 2.621683 -0.5069275 -0.8145136 2.472374 -0.1420698 0.103698 2.513936 -0.1504534 -0.3365473 2.587533 0.02347435 -0.7975376 2.470981 
-0.2623935 0.7599036 2.592379 -0.2554164 0.5469821 2.559754 -0.2506083 0.3256585 2.531236 -0.4134198 0.5468566 2.534089 -0.5134209 0.3478887 2.468393 -0.3645937 0.4802385 2.26042 -0.09741307 0.5471076 2.585419 0.03403876 0.3576988 2.533032 -0.1058797 0.4606498 2.303415 -0.3474925 0.1042541 2.486198 -0.3611424 -0.3253634 2.602505 -0.5006335 -0.8137298 2.473061 -0.1441078 0.1044156 2.519235 -0.1493733 -0.3352301 2.596573 0.03403528 -0.7990242 2.468506 
