-0.2429923 0.7518378 2.556046 -0.2422486 0.5378751 2.538775 -0.2414064 0.3154698 2.521576 -0.399952 0.5393875 2.511496 -0.5166106 0.3620423 2.462717 -0.3447122 0.4783104 2.25102 -0.08454517 0.5363628 2.566054 0.03122867 0.3386712 2.510933 -0.1118115 0.4365595 2.283671 -0.3420736 0.09403799 2.486819 -0.3367246 -0.3270989 2.628929 -0.4872256 -0.813596 2.479515 -0.1390548 0.0920911 2.521936 -0.141285 -0.3450681 2.608825 0.05446352 -0.7988732 2.450276 
-0.2447207 0.7466471 2.571556 -0.2448187 0.5340998 2.546708 -0.2451223 0.3121925 2.523873 -0.4029103 0.5368635 2.521953 -0.5068447 0.3805518 2.408358 -0.3150792 0.4864126 2.20025 -0.08672717 0.5313361 2.571464 0.02006935 0.3613023 2.449491 -0.1335518 0.455955 2.222351 -0.347184 0.0920641 2.485103 -0.3566493 -0.3364089 2.603117 -0.5005066 -0.8122717 2.472301 -0.1436676 0.08850624 2.516971 -0.1494466 -0.3513635 2.589465 0.03984752 -0.8046559 2.443783 
-0.2470279 0.7505162 2.588813 -0.2470847 0.5370663 2.557139 -0.2474642 0.3157058 2.52932 -0.405565 0.5401115 2.53507 -0.4814631 0.4058055 2.348683 -0.290175 0.4923537 2.136738 -0.08860429 0.5340211 2.579208 0.01542471 0.3861991 2.39954 -0.1408469 0.4668841 2.166441 -0.3498476 0.09630534 2.487297 -0.3532822 -0.3276564 2.622781 -0.5013205 -0.8093857 2.473183 -0.14584 0.0923853 2.515707 -0.1438406 -0.3473525 2.590654 0.03910113 -0.7946758 2.449606 
-0.2497741 0.7551789 2.595943 -0.2496317 0.5424597 2.563372 -0.2494814 0.3211046 2.534984 -0.4082942 0.5450339 2.54246 -0.4377415 0.4423981 2.29536 -0.2673049 0.4978409 2.068569 -0.09096935 0.5398855 2.584284 -0.01129407 0.4256027 2.35176 -0.1389466 0.4787801 2.098955 -0.3514393 0.1014061 2.493137 -0.3510371 -0.3206521 2.636364 -0.5033768 -0.8111926 2.47183 -0.147223 0.09809277 2.520054 -0.14488 -0.3411189 2.599023 0.03679355 -0.7920887 2.460778 
-0.2502234 0.7557266 2.609012 -0.2497637 0.543693 2.570688 -0.2493879 0.3228258 2.538693 -0.4085047 0.5463765 2.5503 -0.4093768 0.470202 2.25919 -0.2682819 0.4981058 2.017793 -0.09102269 0.5410095 2.591077 -0.03315369 0.4657952 2.301889 -0.1255116 0.4879994 2.032656 -0.3511738 0.1036856 2.493577 -0.3497818 -0.3230403 2.622709 -0.4991083 -0.811869 2.47044 -0.1468505 0.1002316 2.51982 -0.1462412 -0.3398938 2.594028 0.04245825 -0.7992557 2.452967 
-0.254525 0.7585704 2.628039 -0.2516376 0.5483119 2.57949 -0.2498794 0.32878 2.53996 -0.4104421 0.5506383 2.559507 -0.4007006 0.500107 2.232604 -0.2947392 0.496894 1.973454 -0.09283318 0.5459856 2.599473 -0.02458812 0.4943899 2.27894 -0.0762715 0.4888642 2.0024 -0.3503275 0.1107452 2.48757 -0.3615555 -0.3246536 2.571956 -0.4751119 -0.7784409 2.522757 -0.1459148 0.1077508 2.513292 -0.1429238 -0.3334024 2.581165 0.04348233 -0.7936794 2.450062 
-0.255032 0.7572184 2.634061 -0.2517875 0.5495809 2.582751 -0.2494471 0.3304062 2.540934 -0.4106896 0.5515561 2.563505 -0.4198593 0.5170532 2.213818 -0.3406244 0.496252 1.943462 -0.09288533 0.5476057 2.601997 0.005697716 0.5031908 2.264974 -0.01612349 0.4857689 1.982983 -0.3493787 0.1125028 2.486729 -0.3573414 -0.3174024 2.598191 -0.4785188 -0.7919874 2.513044 -0.1448347 0.1099603 2.511503 -0.1503949 -0.3289168 2.591592 0.05136537 -0.8033932 2.4495 
-0.2565525 0.7568683 2.638581 -0.2517324 0.5508199 2.584021 -0.2490049 0.331987 2.540271 -0.4106208 0.5527163 2.564629 -0.4669325 0.5170209 2.217928 -0.3984569 0.4965142 1.942544 -0.09284402 0.5489236 2.603412 0.05184529 0.5055926 2.276508 0.05631657 0.4871028 1.991671 -0.3485398 0.1143746 2.48404 -0.3545517 -0.3182279 2.589363 -0.4863873 -0.8004972 2.491747 -0.1440149 0.1119336 2.509001 -0.147894 -0.3268868 2.590342 0.0509722 -0.8043271 2.444129 
-0.2572444 0.7574563 2.630811 -0.2517489 0.5506118 2.581453 -0.2483235 0.3312727 2.540303 -0.410833 0.5514473 2.563758 -0.5214524 0.5095001 2.237452 -0.4626727 0.4911602 1.955103 -0.09266472 0.5497763 2.599149 0.1054358 0.5018114 2.302244 0.1240555 0.4821993 2.015229 -0.3472955 0.1124714 2.487763 -0.3464343 -0.3170796 2.606337 -0.4933641 -0.8100843 2.487419 -0.1425008 0.1113958 2.510543 -0.1487229 -0.3263132 2.597713 0.05209196 -0.8061828 2.443838 
-0.2545154 0.7581979 2.618427 -0.2500273 0.5492377 2.576022 -0.2474152 0.3292521 2.538467 -0.4089395 0.5506188 2.556878 -0.5762416 0.4942651 2.257716 -0.522054 0.4807446 1.973916 -0.09111513 0.5478565 2.595165 0.1537021 0.4888941 2.341609 0.1797108 0.4718647 2.0556 -0.347083 0.1101556 2.48859 -0.3456518 -0.3198684 2.607055 -0.498613 -0.814417 2.476686 -0.1425232 0.1083777 2.513233 -0.1467806 -0.3307626 2.592982 0.05026085 -0.8088349 2.44835 
-0.2505601 0.7563106 2.603242 -0.2475631 0.5463464 2.568034 -0.2453252 0.3257505 2.534262 -0.4063946 0.5477732 2.548189 -0.6266278 0.47914 2.312347 -0.5783021 0.4711203 2.024947 -0.08873159 0.5449197 2.587878 0.182843 0.4744422 2.405296 0.2110528 0.4631877 2.118292 -0.3453114 0.1060728 2.487719 -0.3549757 -0.3303552 2.57345 -0.4741041 -0.7870533 2.528215 -0.1408633 0.1042363 2.513263 -0.1406801 -0.3365014 2.583378 0.04581381 -0.80706 2.456871 
-0.2509744 0.7599287 2.58665 -0.2473133 0.5473613 2.55856 -0.2449289 0.3260394 2.530237 -0.406169 0.5481722 2.538849 -0.6528091 0.462568 2.37666 -0.6092927 0.4599008 2.08896 -0.08845748 0.5465503 2.57827 0.204924 0.4567241 2.460149 0.2453513 0.4336234 2.177705 -0.3447859 0.1052396 2.489228 -0.3534815 -0.3217045 2.611162 -0.4814009 -0.797816 2.507562 -0.1403034 0.1041956 2.514601 -0.1435253 -0.3361297 2.587646 0.04864023 -0.8050054 2.456268 
-0.2488542 0.762518 2.568823 -0.2461551 0.5479147 2.548628 -0.2441402 0.3259509 2.526119 -0.4050232 0.5484644 2.528987 -0.6664017 0.450283 2.443821 -0.6287542 0.4461881 2.156201 -0.08728702 0.5473651 2.568269 0.2004635 0.4383636 2.531573 0.2452497 0.4095415 2.244851 -0.3443748 0.1043409 2.490968 -0.3515126 -0.3239504 2.612597 -0.4910547 -0.8073921 2.491267 -0.1398756 0.1036334 2.51625 -0.1495081 -0.3366805 2.588885 0.05296335 -0.8080435 2.457126 
-0.244093 0.7544209 2.544939 -0.2445499 0.5392145 2.536595 -0.2434599 0.3166626 2.52205 -0.4032852 0.539788 2.515924 -0.657226 0.4426602 2.520405 -0.6247427 0.4319645 2.234442 -0.08581453 0.5386409 2.557267 0.1782058 0.423163 2.590781 0.220612 0.3854003 2.302256 -0.3445369 0.09447992 2.4942 -0.3582481 -0.3425955 2.560877 -0.4749494 -0.7881787 2.548306 -0.1402029 0.09374158 2.52081 -0.1278115 -0.3489587 2.560771 0.009275116 -0.7945458 2.521903 
-0.2449936 0.753915 2.539481 -0.2458981 0.5379874 2.532187 -0.2457785 0.3152299 2.519397 -0.4046922 0.539062 2.511984 -0.6216026 0.4333335 2.584194 -0.595373 0.4125917 2.296472 -0.0871039 0.5369127 2.552389 0.1326143 0.4225795 2.64037 0.1673567 0.385609 2.350772 -0.3478619 0.09316414 2.493606 -0.3659451 -0.3456127 2.561637 -0.477695 -0.7899625 2.527947 -0.1434558 0.09178084 2.519611 -0.132082 -0.3509457 2.567887 0.01007549 -0.7877997 2.497979 
-0.2458445 0.7505609 2.538247 -0.2464397 0.5356007 2.530951 -0.246922 0.3127671 2.518535 -0.405283 0.5370476 2.511154 -0.5717738 0.3981853 2.623099 -0.541861 0.4046398 2.342282 -0.08759628 0.5341538 2.550747 0.08583877 0.3937728 2.652647 0.09477029 0.3878881 2.365379 -0.349639 0.09086476 2.493377 -0.3580033 -0.3459181 2.578129 -0.4894721 -0.8051217 2.499061 -0.1451697 0.08900227 2.51886 -0.1468245 -0.3502685 2.590929 0.03593849 -0.8012004 2.470348 
-0.2492315 0.7507417 2.553146 -0.2478428 0.5363846 2.537024 -0.2474044 0.3141097 2.517821 -0.4067484 0.5377389 2.517721 -0.5416036 0.3641928 2.619178 -0.480225 0.4083851 2.346587 -0.08893724 0.5350305 2.556327 0.06840799 0.3708789 2.654325 0.03578274 0.3922224 2.372025 -0.349241 0.09270624 2.486195 -0.3491199 -0.3383463 2.596333 -0.49648 -0.8075591 2.475993 -0.1446911 0.09096307 2.511043 -0.144588 -0.3488718 2.583769 0.04577632 -0.8002625 2.449737 
-0.252186 0.7548625 2.569603 -0.2503102 0.5402943 2.54557 -0.2499413 0.318679 2.52005 -0.4094979 0.5419379 2.528997 -0.5293543 0.3466349 2.578591 -0.4206122 0.4167224 2.330504 -0.09112237 0.5386508 2.562143 0.05814954 0.3504 2.622168 -0.02477389 0.4039108 2.356557 -0.3520441 0.09812176 2.483862 -0.3504129 -0.3331539 2.596243 -0.5042306 -0.80778 2.470753 -0.147101 0.0960058 2.505199 -0.1492293 -0.3421071 2.588688 0.04125014 -0.7980738 2.449429 
-0.250632 0.7530531 2.578824 -0.248158 0.5392309 2.55292 -0.2464738 0.3178568 2.524945 -0.4073446 0.5401361 2.536174 -0.5136828 0.3423111 2.52281 -0.3735225 0.4263476 2.287057 -0.08897144 0.5383259 2.569665 0.04206957 0.3397029 2.567592 -0.07673386 0.4181881 2.319328 -0.347239 0.09706506 2.486192 -0.3414376 -0.33025 2.613114 -0.4928693 -0.8121288 2.476867 -0.1423404 0.09590009 2.507747 -0.1419771 -0.3419176 2.593948 0.04665823 -0.8021887 2.458683 
-0.2496261 0.7540091 2.591495 -0.2478645 0.5390869 2.562575 -0.2454747 0.3178906 2.532966 -0.4070315 0.5396439 2.545568 -0.5028482 0.3456475 2.473423 -0.3379447 0.4342415 2.250803 -0.08869763 0.5385299 2.579583 0.02302718 0.3428538 2.505317 -0.1137812 0.4322556 2.266164 -0.3455243 0.0970527 2.49241 -0.3475224 -0.3326716 2.611783 -0.4966031 -0.8120498 2.477479 -0.1406455 0.09633572 2.514303 -0.1386842 -0.3428256 2.593744 0.04563506 -0.8026011 2.460109 
