-0.114661 0.7274663 2.727507 -0.1065209 0.5128292 2.71647 -0.1001735 0.2913724 2.713887 -0.2738203 0.5081809 2.703874 -0.3166501 0.4004411 2.47184 -0.1635601 0.4463203 2.246019 0.06077853 0.5174774 2.729067 0.1292386 0.4034316 2.482141 -0.01176044 0.4560565 2.248899 -0.1957982 0.06708253 2.703626 -0.2244197 -0.374198 2.733745 -0.3176172 -0.8170645 2.686869 0.008146234 0.07274891 2.718982 0.06712656 -0.366515 2.713233 0.1825311 -0.759253 2.681167 
-0.1165212 0.7287971 2.742704 -0.1071036 0.5143829 2.725467 -0.1004421 0.2930335 2.718171 -0.2742344 0.5098357 2.710827 -0.2777953 0.4401997 2.424422 -0.1492179 0.4600677 2.182077 0.06002727 0.5189301 2.740107 0.1061468 0.4417383 2.432578 -0.007730133 0.4735543 2.179731 -0.1956559 0.06891237 2.701952 -0.2270263 -0.3727259 2.720107 -0.3155334 -0.8133829 2.681674 0.00809467 0.07445595 2.719799 0.06683812 -0.3648919 2.713773 0.1813967 -0.7560467 2.674511 
-0.1174047 0.7292465 2.770349 -0.1072566 0.5178568 2.73945 -0.0994854 0.2972397 2.720687 -0.2744246 0.5131876 2.725113 -0.2514533 0.4975527 2.365861 -0.1726311 0.4829404 2.097916 0.05991133 0.522526 2.753787 0.1055321 0.5021811 2.373897 0.04973486 0.4937589 2.096174 -0.1936065 0.07377658 2.693187 -0.2294736 -0.3671229 2.7212 -0.3134389 -0.8142246 2.678676 0.01017815 0.07946853 2.710664 0.0713542 -0.3595413 2.703138 0.1839006 -0.7615804 2.671095 
-0.1142884 0.7341333 2.774634 -0.1046816 0.5227336 2.741974 -0.09714734 0.3022092 2.72144 -0.2718403 0.5183794 2.727402 -0.2742231 0.5077769 2.36144 -0.2115221 0.488386 2.08499 0.0624772 0.5270877 2.756545 0.1362687 0.5125881 2.375964 0.09292763 0.5000662 2.092227 -0.1915008 0.07903073 2.692025 -0.2258785 -0.362047 2.719945 -0.312354 -0.8112737 2.679128 0.01227458 0.08433872 2.709789 0.07107843 -0.3550221 2.703202 0.1842723 -0.7568476 2.673456 
-0.1121894 0.7298203 2.75676 -0.102314 0.5180535 2.733599 -0.09483375 0.2970652 2.719979 -0.2694753 0.5132842 2.719174 -0.319107 0.5078866 2.372212 -0.2584809 0.4934469 2.093002 0.0648473 0.5228227 2.748024 0.1851372 0.5202973 2.398986 0.1469315 0.4968757 2.115587 -0.1892436 0.07316989 2.697567 -0.2214712 -0.3677743 2.729858 -0.3124751 -0.8226229 2.687172 0.01453665 0.07898392 2.715152 0.07506925 -0.3601725 2.710497 0.1843464 -0.7702136 2.680018 
-0.1124328 0.7270348 2.747814 -0.1014892 0.5151902 2.727067 -0.09286144 0.294092 2.714959 -0.2687666 0.5093395 2.714707 -0.3720454 0.4894357 2.404597 -0.2887993 0.4932171 2.131238 0.06578804 0.5210409 2.739427 0.2390759 0.5051582 2.447483 0.1933376 0.4880533 2.165346 -0.1862043 0.06942723 2.695317 -0.2208531 -0.3718348 2.718462 -0.3123301 -0.820626 2.680063 0.01773699 0.07656029 2.710387 0.07318439 -0.3629151 2.695736 0.1852384 -0.7623522 2.667068 
-0.1107628 0.7315124 2.722844 -0.1008052 0.5165892 2.714117 -0.09259681 0.2952706 2.70844 -0.2682395 0.5106293 2.704371 -0.4304709 0.4726816 2.493299 -0.3515224 0.4798395 2.221183 0.0666291 0.5225492 2.723862 0.2885867 0.4931192 2.549243 0.2438397 0.4669016 2.268888 -0.1864528 0.07031883 2.696823 -0.2226501 -0.3709615 2.718314 -0.3164502 -0.8160567 2.685672 0.01767601 0.07758494 2.708704 0.06557813 -0.3627845 2.693952 0.1819595 -0.7569351 2.670244 
-0.1073719 0.7238191 2.690918 -0.09822032 0.5093127 2.695794 -0.08951771 0.2880864 2.699204 -0.2655189 0.5025547 2.684327 -0.4617819 0.4333739 2.582135 -0.3937159 0.4656045 2.31051 0.06907827 0.5160706 2.707261 0.3112467 0.4775233 2.646142 0.2701759 0.4516267 2.364645 -0.1827874 0.06274104 2.695625 -0.2179532 -0.3788511 2.711814 -0.3129874 -0.825077 2.681884 0.02115718 0.07097933 2.709604 0.066921 -0.3691679 2.685452 0.1859428 -0.767064 2.672862 
-0.1045932 0.7228765 2.674908 -0.09698857 0.5080016 2.683652 -0.08882304 0.2867153 2.690058 -0.2640404 0.5014168 2.669124 -0.4734182 0.428707 2.69006 -0.4275638 0.4513881 2.414966 0.07006327 0.5145865 2.69818 0.3010966 0.4597396 2.731566 0.2655546 0.4273174 2.449673 -0.1824911 0.06141481 2.687607 -0.2244914 -0.3796164 2.702105 -0.3154777 -0.819053 2.673011 0.02117606 0.06944295 2.70532 0.06399411 -0.370691 2.675448 0.1812903 -0.7582853 2.665205 
-0.1048585 0.7196978 2.648401 -0.09768196 0.5056009 2.669405 -0.089545 0.2848369 2.68453 -0.2644879 0.498298 2.65255 -0.464271 0.4333968 2.766015 -0.423066 0.4436222 2.489078 0.06912393 0.5129039 2.68626 0.2704869 0.4383221 2.801799 0.2475017 0.4001612 2.520175 -0.1830806 0.05962152 2.689382 -0.2269942 -0.3810255 2.709193 -0.3184603 -0.8211432 2.684293 0.02026449 0.06852423 2.709929 0.06510197 -0.3718097 2.68637 0.181262 -0.7588047 2.675363 
-0.1025646 0.7108096 2.631058 -0.1017343 0.4955808 2.660449 -0.09959582 0.275325 2.683819 -0.268986 0.4925781 2.647455 -0.4267831 0.4398299 2.836308 -0.3887079 0.420431 2.555929 0.06551731 0.4985833 2.673444 0.1946585 0.4173578 2.85995 0.182485 0.3828673 2.57795 -0.199421 0.05323878 2.699267 -0.2381376 -0.3882093 2.709215 -0.3308835 -0.818933 2.68457 0.004506369 0.0568998 2.71511 0.05534837 -0.3820825 2.680827 0.1698817 -0.7625606 2.674916 
-0.1041113 0.711472 2.625967 -0.1035786 0.4963113 2.660115 -0.1030763 0.2763784 2.686892 -0.2706112 0.4940075 2.644326 -0.4029189 0.3874364 2.814143 -0.3468174 0.4151651 2.549684 0.06345394 0.4986152 2.675904 0.1803032 0.3856544 2.838957 0.1446529 0.3758401 2.563224 -0.20438 0.05504128 2.704046 -0.2316893 -0.3872097 2.707197 -0.3214805 -0.8160022 2.689455 -0.0007678763 0.05784962 2.723293 0.0634311 -0.3790162 2.686524 0.1764944 -0.7567818 2.681236 
-0.1047016 0.7110446 2.632946 -0.1037875 0.4951289 2.663599 -0.1036673 0.2749747 2.688983 -0.2712123 0.4939296 2.653991 -0.3804851 0.3297387 2.768077 -0.3097551 0.4124551 2.525368 0.06363726 0.4963282 2.673209 0.1841249 0.3448089 2.799488 0.1022658 0.3841878 2.540004 -0.2056523 0.05408916 2.708507 -0.2282964 -0.3884985 2.713884 -0.3179916 -0.8193387 2.688817 -0.001441942 0.05555199 2.720227 0.06661505 -0.3804007 2.678758 0.1807221 -0.7596762 2.669473 
-0.1064527 0.7121685 2.64646 -0.1034573 0.4954126 2.671012 -0.1015234 0.2748168 2.691905 -0.270539 0.4926026 2.656808 -0.3831801 0.3043242 2.704083 -0.2740823 0.4155902 2.478363 0.06362429 0.4982227 2.685215 0.1911261 0.3209557 2.733755 0.065576 0.3984069 2.497778 -0.2014298 0.05250819 2.704142 -0.2248445 -0.3901314 2.707553 -0.3151675 -0.8192638 2.6778 0.002250803 0.05593379 2.721457 0.07176653 -0.3804177 2.686805 0.1849737 -0.7593201 2.673995 
-0.109229 0.7184305 2.662707 -0.1049763 0.501776 2.680816 -0.1018092 0.2808645 2.69797 -0.2720272 0.4982036 2.665652 -0.3770803 0.3131539 2.605555 -0.2357738 0.4234316 2.402345 0.06207462 0.5053485 2.69598 0.188073 0.3304877 2.64238 0.03152339 0.4155631 2.423525 -0.2004244 0.05777637 2.705886 -0.2275066 -0.3845392 2.715665 -0.3167242 -0.8116055 2.682312 0.003140202 0.06212964 2.724364 0.07250781 -0.3747783 2.697083 0.1829383 -0.753129 2.674752 
-0.1128364 0.7245568 2.690269 -0.1062432 0.5072502 2.692681 -0.1018534 0.2860184 2.698834 -0.2734694 0.5035586 2.679253 -0.3660981 0.3341188 2.530275 -0.2042727 0.4349009 2.332494 0.06098299 0.5109419 2.706109 0.1734805 0.3541987 2.55718 0.001096313 0.4357187 2.346986 -0.1993763 0.06253669 2.696805 -0.2245182 -0.3798124 2.710668 -0.3152863 -0.8131819 2.671201 0.004448928 0.06703627 2.713171 0.07208933 -0.37029 2.687304 0.1837831 -0.7552519 2.661713 
