-0.2415464 0.7534078 2.572383 -0.2407102 0.5367156 2.553449 -0.2403965 0.3145023 2.533486 -0.3989759 0.5386409 2.529532 -0.5131053 0.3421106 2.504297 -0.3640363 0.4539407 2.279324 -0.08244463 0.5347903 2.577367 0.0565387 0.3463928 2.531156 -0.08957116 0.4418507 2.309514 -0.3419476 0.09352823 2.498128 -0.3535562 -0.341316 2.596975 -0.5008917 -0.8108382 2.461633 -0.1382178 0.09104989 2.528916 -0.1337233 -0.3517667 2.58544 0.03365181 -0.789578 2.461823 
-0.2455469 0.7548112 2.588769 -0.244079 0.5390846 2.561655 -0.241542 0.3175887 2.535326 -0.4024493 0.5400367 2.538385 -0.5045708 0.3615637 2.438163 -0.334194 0.4623433 2.219453 -0.08570866 0.5381325 2.584924 0.03775474 0.3636874 2.461561 -0.1210886 0.4505133 2.241847 -0.3409363 0.09670549 2.49402 -0.3558545 -0.3390771 2.588947 -0.4988844 -0.8090645 2.466603 -0.1370737 0.09547991 2.523974 -0.144341 -0.3447814 2.595222 0.03861304 -0.7936368 2.455708 
-0.2487782 0.7545571 2.596424 -0.2452477 0.5401604 2.566461 -0.2415233 0.3187363 2.539032 -0.4037453 0.5402695 2.544059 -0.4863008 0.388275 2.376599 -0.3130924 0.4683084 2.157599 -0.08675014 0.5400513 2.588863 0.007364388 0.3898481 2.393277 -0.1442006 0.4609275 2.163123 -0.339812 0.09738237 2.497184 -0.3666585 -0.3421308 2.563162 -0.4763815 -0.7863671 2.53085 -0.1357857 0.09724193 2.526021 -0.1417657 -0.3432549 2.597257 0.04003981 -0.7982766 2.459864 
-0.2534026 0.76055 2.618227 -0.2489283 0.5464906 2.576255 -0.2439754 0.3262867 2.541077 -0.4078966 0.545843 2.557926 -0.4587545 0.4242092 2.329302 -0.2969295 0.4750977 2.099405 -0.08995996 0.5471382 2.594584 -0.01791864 0.4208513 2.339609 -0.1518057 0.4732564 2.093381 -0.3413703 0.1056658 2.494099 -0.36557 -0.3294394 2.584913 -0.483298 -0.788741 2.507259 -0.1366746 0.1064997 2.5177 -0.129095 -0.3367259 2.55122 0.006904404 -0.7725199 2.508206 
-0.2564421 0.7594438 2.638642 -0.2509604 0.5482156 2.586708 -0.2451466 0.3295855 2.543251 -0.410138 0.5472799 2.57012 -0.4264247 0.457137 2.301154 -0.2974758 0.4792454 2.050493 -0.09178288 0.5491512 2.603296 -0.04200564 0.4528919 2.300794 -0.1462495 0.482886 2.039268 -0.3417707 0.1103532 2.489118 -0.3605503 -0.3242797 2.586163 -0.4892007 -0.7997779 2.486711 -0.1368949 0.1115574 2.510468 -0.1360617 -0.3285227 2.573035 0.01481186 -0.781877 2.489538 
-0.2593184 0.756432 2.649859 -0.2523404 0.5490937 2.593687 -0.2462644 0.3310916 2.546743 -0.4116117 0.5480651 2.57785 -0.4077213 0.4880722 2.271587 -0.3109409 0.4778932 2.008492 -0.09306904 0.5501224 2.609525 -0.05001172 0.4859382 2.275902 -0.1194017 0.4825925 2.003739 -0.3426877 0.1124275 2.489607 -0.3566273 -0.3207884 2.594712 -0.4952421 -0.8081362 2.480846 -0.1376891 0.1137515 2.509991 -0.1392832 -0.3253604 2.584152 0.02674049 -0.7937941 2.475405 
-0.2611119 0.7575697 2.654481 -0.2531832 0.5511524 2.597192 -0.2466131 0.3334172 2.548756 -0.4124829 0.5498233 2.581558 -0.4123693 0.5020272 2.246319 -0.3355725 0.4767923 1.975373 -0.09388356 0.5524815 2.612825 -0.03901422 0.5024678 2.258468 -0.07325056 0.4822551 1.98074 -0.3425653 0.1148266 2.490259 -0.3514679 -0.3199418 2.590111 -0.498526 -0.8112004 2.473826 -0.1375206 0.1165373 2.510383 -0.1270201 -0.3258462 2.554889 5.818939E-05 -0.768267 2.528524 
-0.2614011 0.7523165 2.648765 -0.2531217 0.5460885 2.592898 -0.2464669 0.3279308 2.546251 -0.4122339 0.544958 2.575486 -0.4381942 0.5100227 2.228646 -0.3746669 0.4758556 1.951609 -0.09400962 0.5472189 2.610311 -0.004518425 0.5097271 2.258233 -0.01457604 0.4831009 1.974377 -0.3422231 0.1090457 2.488396 -0.347462 -0.3246332 2.593557 -0.5009727 -0.8210779 2.466204 -0.1374009 0.1105008 2.510811 -0.1346884 -0.3303836 2.572607 0.01057219 -0.7880553 2.50647 
-0.264165 0.7520512 2.644894 -0.2553637 0.5450518 2.589041 -0.2479875 0.3266717 2.543455 -0.4145203 0.5432236 2.572045 -0.4816081 0.5130019 2.228309 -0.4240817 0.4781159 1.947686 -0.09620713 0.5468798 2.606036 0.04273026 0.5133802 2.269591 0.04663027 0.488698 1.98476 -0.3430444 0.1071151 2.486931 -0.3618674 -0.3316956 2.556866 -0.4787638 -0.7881339 2.526507 -0.1381781 0.1094682 2.508808 -0.132968 -0.3317231 2.57272 0.01946516 -0.7910483 2.482029 
-0.2628352 0.7559438 2.633975 -0.2545684 0.5469654 2.58345 -0.2480391 0.3277979 2.5418 -0.4138645 0.5451897 2.567822 -0.5317856 0.5034896 2.252154 -0.4711766 0.4749786 1.972764 -0.09527224 0.548741 2.599079 0.09938335 0.5097036 2.302788 0.1177485 0.4871591 2.020358 -0.3440373 0.1074876 2.490091 -0.3611876 -0.3286995 2.577791 -0.4819484 -0.7962411 2.51367 -0.1389824 0.1097732 2.51021 -0.1239732 -0.3336283 2.548381 -0.004771584 -0.7700711 2.541368 
-0.2627672 0.7591584 2.618508 -0.253893 0.5482606 2.575818 -0.246242 0.3282909 2.539042 -0.413297 0.5450835 2.561658 -0.5818662 0.4847296 2.288553 -0.5140178 0.4646766 2.008442 -0.09448887 0.5514377 2.589978 0.1462146 0.4938722 2.345895 0.1718059 0.4895325 2.059767 -0.3411921 0.1062763 2.493153 -0.3527708 -0.3305323 2.581609 -0.4851534 -0.8055272 2.497323 -0.13599 0.1103662 2.511381 -0.1233254 -0.3322552 2.562128 0.004492951 -0.7765881 2.520158 
-0.2603641 0.7557183 2.60378 -0.252658 0.5445051 2.566471 -0.2448237 0.3239123 2.533643 -0.4121027 0.5408773 2.552798 -0.635426 0.4803607 2.368265 -0.566834 0.4540015 2.09028 -0.09321332 0.548133 2.580145 0.1856131 0.4824427 2.404942 0.2222649 0.4871837 2.120378 -0.3396067 0.1009847 2.492015 -0.3505717 -0.3337677 2.591031 -0.4919418 -0.8149636 2.482996 -0.134372 0.1056544 2.509616 -0.1375328 -0.3338668 2.581131 0.02884689 -0.7987934 2.479748 
-0.2538421 0.756816 2.585422 -0.2495289 0.5439537 2.556662 -0.2439267 0.3225845 2.529356 -0.4089938 0.5416107 2.542941 -0.6622158 0.469683 2.421642 -0.6059194 0.4557379 2.143293 -0.09006396 0.5462969 2.570383 0.2043062 0.4752195 2.468947 0.2519272 0.4782484 2.186166 -0.3409598 0.09970712 2.493218 -0.3538705 -0.336483 2.586317 -0.4976154 -0.8141181 2.477777 -0.1356893 0.1027232 2.51088 -0.1414197 -0.3364965 2.587324 0.03928276 -0.8044699 2.467531 
-0.2478091 0.7545107 2.5587 -0.2463834 0.5401517 2.543316 -0.2432982 0.3179468 2.524997 -0.405614 0.5392734 2.527153 -0.6761835 0.4783936 2.485327 -0.6244901 0.4640383 2.204652 -0.08715288 0.5410302 2.559479 0.2040836 0.4740584 2.539423 0.2552133 0.4653813 2.256532 -0.3427103 0.09517638 2.496274 -0.365213 -0.3443146 2.566514 -0.4769771 -0.793462 2.527905 -0.1377155 0.09630723 2.517081 -0.1455317 -0.3431223 2.5939 0.0482786 -0.8121871 2.459831 
-0.2419432 0.7559225 2.545372 -0.2429252 0.5403104 2.536661 -0.2416763 0.3176655 2.523386 -0.4021312 0.5404035 2.520121 -0.6730981 0.4827028 2.556668 -0.6377723 0.4598897 2.273831 -0.08371916 0.5402173 2.553201 0.1810369 0.4620237 2.616694 0.2280088 0.4502339 2.332749 -0.3428887 0.09508055 2.499467 -0.3574935 -0.3429855 2.581062 -0.486734 -0.8015285 2.503658 -0.1379663 0.09496067 2.520757 -0.1421113 -0.3458111 2.59029 0.05148904 -0.8072656 2.457996 
-0.2409362 0.7590901 2.538701 -0.2428405 0.5429859 2.533379 -0.2428804 0.3201427 2.522113 -0.4018646 0.543933 2.515208 -0.6525553 0.4858626 2.60032 -0.6223958 0.4593141 2.316211 -0.08381643 0.5420387 2.551551 0.1440113 0.4455018 2.657836 0.1904132 0.4391714 2.377047 -0.3452726 0.09790914 2.499152 -0.3570889 -0.3404368 2.581378 -0.4946426 -0.8048841 2.485931 -0.1405679 0.09668995 2.522543 -0.1454228 -0.3441952 2.592057 0.04426045 -0.8027343 2.456444 
-0.2388724 0.7598168 2.537363 -0.2425753 0.5440961 2.532961 -0.2441459 0.321145 2.523144 -0.4015259 0.5460426 2.514185 -0.5997688 0.4724415 2.619646 -0.5649431 0.4548422 2.336656 -0.08362481 0.5421495 2.551737 0.09601345 0.4092416 2.676905 0.1172937 0.4207785 2.395336 -0.3480171 0.09944668 2.501242 -0.3566234 -0.3339366 2.605138 -0.4978713 -0.8098125 2.478725 -0.1434159 0.09694113 2.52541 -0.143078 -0.3452921 2.585389 0.03559405 -0.798988 2.46371 
-0.2446624 0.7593643 2.552206 -0.2439122 0.5453833 2.539559 -0.2440365 0.3227438 2.524603 -0.4027947 0.5467774 2.520128 -0.5586372 0.4162944 2.61585 -0.5049194 0.4509778 2.339833 -0.08502977 0.5439894 2.55899 0.0735156 0.372629 2.671456 0.04770848 0.4097275 2.39327 -0.3464182 0.1010014 2.497141 -0.3541637 -0.3328798 2.600584 -0.4969685 -0.8126144 2.46573 -0.1419034 0.09920714 2.522153 -0.1401268 -0.3430962 2.582289 0.03922067 -0.7973603 2.458178 
-0.2437468 0.756956 2.551122 -0.2444234 0.5435302 2.542584 -0.2452845 0.3207174 2.529873 -0.4034089 0.5452037 2.524021 -0.5478093 0.3791446 2.581921 -0.4424638 0.4457234 2.330111 -0.08543783 0.5418568 2.561148 0.06026801 0.3498178 2.629212 -0.01598064 0.4095892 2.364938 -0.348471 0.09898164 2.505214 -0.3556587 -0.3357709 2.60574 -0.5043439 -0.8176096 2.475982 -0.14382 0.09682753 2.529109 -0.1452254 -0.3448769 2.593617 0.03342829 -0.8001869 2.472161 
-0.2479297 0.7549667 2.568594 -0.2464638 0.540746 2.552239 -0.246341 0.3185076 2.532664 -0.4052056 0.542462 2.531761 -0.5363637 0.3630416 2.523968 -0.3865455 0.4446792 2.299212 -0.08772197 0.5390299 2.572717 0.04517462 0.3449382 2.560119 -0.07407539 0.4158202 2.31575 -0.3483933 0.09737375 2.499908 -0.3557253 -0.3376241 2.599788 -0.5035781 -0.818405 2.457663 -0.1440433 0.09516464 2.52627 -0.1415967 -0.3476295 2.582332 0.03693999 -0.8015649 2.460269 
-0.252791 0.7519514 2.577326 -0.2497637 0.5374334 2.558661 -0.2477672 0.3152746 2.537682 -0.4085724 0.5378984 2.538624 -0.5091959 0.3665141 2.456996 -0.3427969 0.4505996 2.241321 -0.09095497 0.5369685 2.578698 0.02307437 0.3489748 2.489557 -0.1122571 0.4259022 2.252704 -0.3479825 0.09341505 2.503807 -0.3588514 -0.3423079 2.600237 -0.4994635 -0.8173757 2.47087 -0.1435591 0.09281655 2.529599 -0.1433786 -0.3481607 2.59786 0.03303056 -0.7982791 2.468376 
