-0.09997179 0.716267 2.772653 -0.09146694 0.495861 2.747489 -0.08423331 0.2748501 2.732875 -0.2587397 0.4912364 2.734632 -0.2717375 0.3454873 2.456401 -0.1240408 0.4110544 2.225766 0.07580587 0.5004857 2.760346 0.05753858 0.3696198 2.515926 -0.01224013 0.4055518 2.261874 -0.1789447 0.05102061 2.710425 -0.2077772 -0.3902145 2.738865 -0.3130797 -0.816909 2.685144 0.02494532 0.05665758 2.726097 0.07059916 -0.3833909 2.699882 0.1855178 -0.760216 2.678594 
-0.1028592 0.7187821 2.788578 -0.09434814 0.5022313 2.770128 -0.08561824 0.2814719 2.752647 -0.2596996 0.4978268 2.743173 -0.2293485 0.418055 2.423638 -0.1440629 0.4297422 2.162585 0.07100335 0.5066358 2.797082 0.06871247 0.3427659 2.557969 0.03735655 0.2915788 2.274367 -0.177761 0.05802551 2.718724 -0.2081128 -0.3835006 2.738674 -0.3123781 -0.8124775 2.68335 0.02398437 0.06339941 2.75161 0.07048079 -0.3751117 2.70897 0.185402 -0.7555726 2.683144 
-0.1020545 0.71526 2.785798 -0.09362243 0.5003145 2.772165 -0.085039 0.2793778 2.756744 -0.2586121 0.4959782 2.742455 -0.2316912 0.4520403 2.421815 -0.1703396 0.4436693 2.150802 0.07136724 0.5046507 2.801874 0.0705621 0.3710686 2.550798 0.04722456 0.3213646 2.236594 -0.1769583 0.05579982 2.723226 -0.2085073 -0.385912 2.740569 -0.3126991 -0.8183838 2.686374 0.02404715 0.06108259 2.759421 0.06626056 -0.3770468 2.708516 0.1848031 -0.7619293 2.680145 
-0.1038972 0.7155809 2.792867 -0.09323809 0.5008733 2.774449 -0.08281475 0.2803859 2.754763 -0.2587947 0.4954045 2.748041 -0.2583929 0.4530538 2.429902 -0.2121749 0.4519697 2.153759 0.07231851 0.5063421 2.800857 0.08491275 0.3822856 2.519476 0.06783048 0.3430946 2.204571 -0.1732804 0.05656582 2.718984 -0.2030852 -0.3855223 2.727233 -0.3094493 -0.8168023 2.677215 0.02849763 0.06323105 2.75117 0.07262654 -0.3731604 2.688571 0.1872306 -0.7571685 2.664901 
-0.103548 0.7175152 2.786371 -0.09244034 0.5009046 2.773152 -0.08256754 0.2801193 2.756672 -0.2583694 0.4952924 2.748935 -0.309674 0.4700115 2.448953 -0.2679638 0.4618959 2.170104 0.07348876 0.5065168 2.797369 0.1135288 0.3897467 2.497236 0.1005616 0.3649874 2.186357 -0.1738091 0.05591408 2.725435 -0.2055005 -0.3860238 2.737606 -0.3125578 -0.8184146 2.689701 0.02841962 0.06275398 2.75495 0.06643495 -0.3753535 2.700737 0.1838669 -0.7601557 2.676368 
-0.1001868 0.7122672 2.77079 -0.09196946 0.4949379 2.764197 -0.08471709 0.2738273 2.751134 -0.2587807 0.4905001 2.746701 -0.3963841 0.3794763 2.495263 -0.3724546 0.4838844 2.23477 0.07484179 0.4993756 2.781693 0.1841063 0.3754847 2.502969 0.1849815 0.3939759 2.200209 -0.1791353 0.05001201 2.727408 -0.2040335 -0.3923216 2.736837 -0.3176092 -0.8221349 2.687369 0.02420587 0.05542162 2.748736 0.0648914 -0.3817792 2.688087 0.1815825 -0.7588137 2.671297 
-0.0997146 0.7151639 2.764349 -0.09199712 0.4965982 2.759695 -0.08532977 0.2753769 2.74778 -0.2590343 0.4923983 2.744204 -0.4266841 0.3537335 2.537138 -0.4128645 0.497321 2.290882 0.07504007 0.5007982 2.775186 0.2196717 0.3662087 2.512444 0.2305163 0.4126103 2.21947 -0.1804645 0.05159586 2.726425 -0.2019473 -0.391062 2.730221 -0.3172432 -0.8156558 2.681659 0.02313964 0.05671524 2.745307 0.06838141 -0.3798642 2.683267 0.1823832 -0.7533979 2.667997 
-0.1001183 0.7213762 2.729763 -0.09337109 0.5022942 2.740098 -0.08700377 0.2808173 2.739708 -0.2607474 0.4975021 2.728849 -0.4496202 0.322898 2.637279 -0.4684122 0.4964241 2.415836 0.0740052 0.5070863 2.751348 0.2994021 0.3222111 2.66336 0.3573578 0.4709934 2.423397 -0.1826444 0.05641991 2.732462 -0.2002783 -0.3865183 2.734029 -0.3180299 -0.8153519 2.682194 0.02137149 0.06226103 2.746174 0.06701854 -0.3747162 2.686926 0.1834012 -0.7537059 2.670799 
-0.1023458 0.7212818 2.725843 -0.09662476 0.5023022 2.734576 -0.09182861 0.2807394 2.733662 -0.2641558 0.4987136 2.7254 -0.4458114 0.3084526 2.686152 -0.4946651 0.490428 2.470884 0.07090632 0.5058908 2.743752 0.2857001 0.3091016 2.718688 0.3693262 0.4675809 2.496707 -0.1891498 0.05698909 2.727155 -0.2068046 -0.3859466 2.724046 -0.3214067 -0.8172357 2.67665 0.01508485 0.06136397 2.738342 0.06139921 -0.3752253 2.676765 0.1789544 -0.7594624 2.663099 
-0.1014298 0.7220181 2.712379 -0.09760011 0.5024384 2.726174 -0.09391351 0.2809085 2.73 -0.2652452 0.4995249 2.719016 -0.4248765 0.2967056 2.730589 -0.5039337 0.4738572 2.53051 0.07004502 0.5053518 2.733331 0.2528789 0.3025731 2.775341 0.3597125 0.4709829 2.568952 -0.1924111 0.05760271 2.729464 -0.2050566 -0.3854863 2.724722 -0.317719 -0.8172866 2.686277 0.01195724 0.0611544 2.738189 0.0639998 -0.3752686 2.680449 0.1800022 -0.7594941 2.672301 
-0.1018455 0.7197112 2.70614 -0.09911165 0.5010172 2.721343 -0.09590372 0.2794834 2.726947 -0.2668293 0.4984474 2.715761 -0.3934288 0.2913475 2.771298 -0.4855638 0.472239 2.589987 0.068606 0.503587 2.726924 0.2149487 0.3092923 2.824664 0.3189741 0.4711241 2.607441 -0.1949214 0.05638327 2.72915 -0.2056012 -0.3866649 2.719169 -0.318266 -0.8191833 2.684171 0.00952988 0.05951596 2.735954 0.06545255 -0.376115 2.675852 0.1811063 -0.7572685 2.670482 
-0.1024896 0.7200739 2.700713 -0.1019669 0.5000296 2.718069 -0.1006376 0.2785044 2.725649 -0.2697523 0.4988919 2.714243 -0.3308511 0.283089 2.81708 -0.4132619 0.4681512 2.629728 0.06581845 0.5011674 2.721895 0.1474931 0.2973215 2.859661 0.2323401 0.4585276 2.632187 -0.2015838 0.05628566 2.730897 -0.2050435 -0.3868515 2.730675 -0.3246007 -0.8207635 2.67853 0.002967376 0.05767268 2.735562 0.06388732 -0.3782287 2.682613 0.1780506 -0.7546151 2.669404 
-0.1035206 0.7180307 2.700314 -0.1047917 0.4981581 2.71812 -0.1040092 0.2766571 2.726623 -0.2725872 0.497568 2.718189 -0.3402381 0.258765 2.806559 -0.360448 0.455723 2.614584 0.06300394 0.4987481 2.71805 0.1526491 0.2697238 2.848947 0.1845818 0.4434214 2.622749 -0.2055262 0.0547964 2.735168 -0.2071155 -0.3884323 2.732324 -0.3230498 -0.8207348 2.679835 -0.0009272496 0.05551582 2.735084 0.06472831 -0.3799163 2.684037 0.1792932 -0.7583611 2.671233 
-0.1046614 0.718245 2.709117 -0.105119 0.4989418 2.72298 -0.1048452 0.2773761 2.729509 -0.2729298 0.4987795 2.72451 -0.3401266 0.24789 2.767286 -0.3109921 0.4547024 2.581648 0.06269169 0.4991041 2.721451 0.1648166 0.258855 2.816479 0.1268631 0.4328361 2.606413 -0.2068451 0.05571149 2.736969 -0.2076944 -0.3874965 2.729466 -0.3194034 -0.816713 2.68058 -0.002297576 0.0559093 2.735105 0.06801132 -0.3789706 2.685586 0.1822321 -0.7587042 2.673868 
-0.1056094 0.7184478 2.713512 -0.1063555 0.4996031 2.726447 -0.1060663 0.2780285 2.732932 -0.2740483 0.4995479 2.732039 -0.3405635 0.2489456 2.712145 -0.2538319 0.4487523 2.543481 0.06133727 0.4996583 2.720855 0.1644075 0.2674271 2.765737 0.07224568 0.4370297 2.565603 -0.2080112 0.05642029 2.742826 -0.2074082 -0.3868358 2.735908 -0.3176765 -0.8161012 2.68774 -0.003542901 0.05648755 2.736008 0.06780293 -0.3784985 2.688785 0.1830396 -0.7614753 2.674822 
-0.1036902 0.7162262 2.742826 -0.1044292 0.4961685 2.742164 -0.1039281 0.2746126 2.739147 -0.2721334 0.4958326 2.738986 -0.3080262 0.2596502 2.596541 -0.1769637 0.4534328 2.441427 0.06327505 0.4965045 2.745341 0.1439658 0.2676938 2.63694 0.004534164 0.4468836 2.463329 -0.2056783 0.05285187 2.734192 -0.208065 -0.3904026 2.726163 -0.3112308 -0.8179781 2.679442 -0.001175849 0.05326154 2.738067 0.06994317 -0.3822704 2.695661 0.1857035 -0.7604844 2.673393 
-0.1013277 0.7178202 2.760832 -0.1015806 0.496166 2.748435 -0.1012272 0.2747767 2.739835 -0.2692335 0.4961384 2.742258 -0.2924627 0.2792875 2.550266 -0.1539551 0.4636957 2.383007 0.06607226 0.4961937 2.754613 0.1280327 0.2868848 2.575975 -0.01692159 0.4606243 2.399785 -0.2030447 0.0533705 2.727469 -0.2085783 -0.389766 2.730905 -0.3119502 -0.8162609 2.680882 0.001297247 0.05340413 2.734998 0.07121006 -0.3826281 2.695894 0.1864253 -0.7568117 2.674791 
