-0.2525737 0.7519836 2.625403 -0.2513202 0.5335571 2.590748 -0.2489913 0.3129424 2.557212 -0.4097172 0.5353327 2.568067 -0.4238574 0.3653019 2.334581 -0.2573682 0.4289344 2.105834 -0.09292328 0.5317815 2.613429 -0.03648546 0.3594389 2.36578 -0.1458248 0.4293749 2.111984 -0.3486404 0.09347095 2.509074 -0.3552772 -0.3348627 2.626564 -0.4801583 -0.8035958 2.511137 -0.1446843 0.09118463 2.538278 -0.1460124 -0.3505141 2.602672 0.03786803 -0.8048331 2.461937 
-0.2558944 0.7511325 2.633246 -0.2527921 0.5342986 2.594492 -0.2493987 0.3139489 2.559166 -0.4105537 0.536137 2.567871 -0.4014068 0.4011315 2.302803 -0.257771 0.4385144 2.055881 -0.09503043 0.5324602 2.621114 -0.05222096 0.3982348 2.326406 -0.136278 0.4439775 2.060691 -0.3475571 0.09478256 2.506704 -0.3513445 -0.3356264 2.620893 -0.4892046 -0.8061805 2.486223 -0.1444536 0.0924158 2.540976 -0.1398089 -0.3508903 2.591054 0.03435612 -0.7942895 2.462127 
-0.2575637 0.754874 2.646662 -0.2527691 0.5393304 2.602191 -0.2479917 0.3198158 2.5623 -0.4102946 0.5410222 2.574015 -0.3906823 0.4280475 2.274411 -0.2706345 0.4495849 2.015799 -0.09524347 0.5376385 2.630366 -0.05808898 0.4301331 2.304711 -0.1121781 0.4523027 2.026112 -0.3445813 0.10139 2.504278 -0.3463443 -0.3273336 2.626523 -0.4881876 -0.8011478 2.480356 -0.1418474 0.09921262 2.54054 -0.1391243 -0.3440244 2.592695 0.03814472 -0.7889502 2.458265 
-0.2595352 0.754895 2.65286 -0.2529109 0.5413296 2.607763 -0.2474466 0.3221426 2.566036 -0.4107035 0.5424913 2.580997 -0.3908519 0.4615286 2.252711 -0.2961749 0.4629819 1.984406 -0.09511827 0.5401679 2.634529 -0.03655388 0.463561 2.288851 -0.06204187 0.4649645 2.004563 -0.343531 0.1037032 2.507084 -0.3564481 -0.3317505 2.596639 -0.4716496 -0.7784808 2.532976 -0.1404337 0.1022079 2.541535 -0.1421888 -0.341271 2.592172 0.03413522 -0.7898657 2.462832 
-0.2597055 0.7567211 2.646466 -0.2532133 0.5428361 2.606118 -0.2480429 0.3231329 2.567126 -0.4117789 0.5428429 2.585053 -0.4188738 0.4767286 2.249853 -0.3385481 0.4720767 1.974566 -0.09464761 0.5428293 2.627182 -0.005226913 0.4738173 2.273936 -0.01131638 0.4743747 1.984798 -0.3449879 0.103434 2.514569 -0.3517306 -0.3305815 2.61461 -0.484797 -0.7971625 2.513072 -0.1407571 0.1034253 2.5417 -0.1432642 -0.3402421 2.591107 0.03454756 -0.7937163 2.456579 
-0.2584379 0.7535428 2.643768 -0.2533637 0.538717 2.603118 -0.2486594 0.3192265 2.5628 -0.4124028 0.538481 2.585846 -0.4574525 0.4743736 2.253934 -0.3795095 0.4779081 1.977466 -0.09432456 0.538953 2.62039 0.01878263 0.4544768 2.364869 0.003232163 0.4800492 2.074481 -0.3463063 0.09958415 2.511367 -0.3571375 -0.3403973 2.569263 -0.4729433 -0.7817591 2.537303 -0.1416039 0.09988792 2.533598 -0.1417807 -0.3444675 2.576131 0.03260092 -0.7959814 2.449614 
-0.257673 0.7497272 2.624907 -0.2537708 0.5342702 2.593852 -0.2491848 0.3136967 2.56062 -0.4128542 0.5335755 2.576509 -0.4962251 0.4691882 2.265458 -0.4205533 0.4827442 1.990215 -0.09468745 0.5349647 2.611196 0.07089064 0.4299667 2.373943 0.06937966 0.4553009 2.082967 -0.3469546 0.09267638 2.51623 -0.3620348 -0.3475357 2.580449 -0.4643756 -0.7782072 2.56236 -0.1422429 0.09357017 2.538548 -0.1418031 -0.3502219 2.586679 0.03506096 -0.8015453 2.459295 
-0.254531 0.7422603 2.604982 -0.2513895 0.5266191 2.582742 -0.2472501 0.3051661 2.556258 -0.4105043 0.5257134 2.565447 -0.5371103 0.4520934 2.294725 -0.4584009 0.4835664 2.020645 -0.0922747 0.527525 2.600037 0.1104466 0.4324845 2.408474 0.1143687 0.4519822 2.117995 -0.3455034 0.08313013 2.518645 -0.3696714 -0.35697 2.584829 -0.4558189 -0.7835122 2.560177 -0.140718 0.08429596 2.540904 -0.1378742 -0.3602982 2.580254 0.03584509 -0.8048891 2.461533 
-0.2510326 0.7455264 2.59601 -0.2499506 0.528654 2.575635 -0.2474074 0.3069507 2.550449 -0.4089103 0.5289561 2.556925 -0.5735584 0.4290551 2.341353 -0.4996395 0.4761852 2.064747 -0.09099081 0.5283519 2.594345 0.1377199 0.428236 2.441226 0.1557841 0.4440633 2.154147 -0.3471727 0.08544178 2.513221 -0.3622418 -0.3481595 2.611289 -0.4793054 -0.791672 2.509456 -0.1425559 0.08505291 2.537305 -0.1374934 -0.3592913 2.579711 0.02931987 -0.7920501 2.454992 
-0.2482253 0.7447803 2.582028 -0.2482982 0.5280382 2.566025 -0.2471618 0.3060034 2.543582 -0.4072185 0.5291548 2.546931 -0.5962812 0.4025321 2.404674 -0.5274203 0.466712 2.129371 -0.08937794 0.5269216 2.585119 0.1503586 0.4151146 2.489602 0.1717541 0.4253988 2.203063 -0.3483039 0.08468721 2.508851 -0.366117 -0.352586 2.591368 -0.46779 -0.7845699 2.536166 -0.1437468 0.08324996 2.533428 -0.1437794 -0.3603518 2.582868 0.0378981 -0.8002123 2.452429 
-0.2449719 0.7494578 2.574535 -0.2460716 0.5312285 2.560561 -0.2456193 0.3089957 2.53986 -0.4049582 0.5327125 2.541158 -0.6036391 0.3812699 2.454828 -0.5479518 0.4492977 2.177213 -0.08718499 0.5297444 2.579964 0.1391806 0.391555 2.559792 0.1509825 0.4242857 2.273022 -0.3474259 0.08771809 2.506671 -0.3487498 -0.3357547 2.636358 -0.4839445 -0.7978748 2.502599 -0.1429082 0.08580787 2.531646 -0.1445866 -0.3568794 2.588636 0.04887972 -0.7991499 2.446374 
-0.2436384 0.7469258 2.556419 -0.2451053 0.5282673 2.54857 -0.246121 0.3056057 2.533064 -0.4041443 0.5302525 2.53048 -0.5878963 0.3630665 2.561204 -0.5542747 0.4228621 2.28129 -0.08606622 0.526282 2.56666 0.09705928 0.3631404 2.640435 0.1247581 0.4071807 2.356169 -0.3494972 0.08422194 2.505914 -0.3495174 -0.3441188 2.628528 -0.4994898 -0.8143961 2.470575 -0.1447762 0.0816664 2.5292 -0.1470255 -0.3606368 2.589237 0.04879307 -0.8063827 2.436792 
-0.2440288 0.7511579 2.561743 -0.2457681 0.5325985 2.548886 -0.2470652 0.3101611 2.530481 -0.404817 0.5350127 2.530918 -0.561948 0.3520345 2.596606 -0.5368187 0.4184073 2.319021 -0.0867193 0.5301844 2.566854 0.07602895 0.3555681 2.646725 0.1073855 0.3989838 2.359875 -0.3507286 0.0892774 2.500512 -0.3488074 -0.3399941 2.621507 -0.4974735 -0.8051836 2.468209 -0.1459959 0.08616986 2.523641 -0.1484615 -0.3560129 2.584939 0.05714659 -0.8028353 2.430968 
-0.2440895 0.7458197 2.539395 -0.2467837 0.5279022 2.539058 -0.2491945 0.3050788 2.530076 -0.4056696 0.5303997 2.519747 -0.5315133 0.3395466 2.609798 -0.5075685 0.4172449 2.335118 -0.08789773 0.5254047 2.558368 0.03797426 0.339256 2.662356 0.06808285 0.3952584 2.378206 -0.3538708 0.08386301 2.508664 -0.3512881 -0.3496733 2.612921 -0.500762 -0.8170326 2.479451 -0.1493401 0.08064798 2.533523 -0.1554167 -0.3600715 2.603858 0.05633806 -0.8131919 2.443141 
-0.2409092 0.7442023 2.536221 -0.2453148 0.5268657 2.537454 -0.2491273 0.3039093 2.529845 -0.4041807 0.5302428 2.518103 -0.5077508 0.322778 2.622395 -0.4813366 0.4158314 2.350282 -0.08644885 0.5234887 2.556805 0.01049298 0.3181237 2.669169 0.03340047 0.3929398 2.39009 -0.355189 0.08312631 2.509781 -0.3601335 -0.3567883 2.560602 -0.4799375 -0.7964281 2.534173 -0.1506908 0.07877927 2.53469 -0.1490868 -0.3637853 2.590796 0.05653316 -0.810723 2.440803 
-0.2402844 0.7470298 2.543147 -0.2452062 0.5277905 2.541464 -0.2494073 0.3048837 2.531563 -0.4041715 0.5316051 2.523034 -0.4963807 0.2978945 2.599205 -0.4336033 0.4103796 2.343401 -0.08624098 0.523976 2.559895 -0.002759323 0.285556 2.642091 -0.01930339 0.3877271 2.382157 -0.3559223 0.08443216 2.5098 -0.3565608 -0.3490542 2.600302 -0.4830467 -0.8010373 2.508556 -0.1512944 0.07952182 2.533524 -0.1515276 -0.3624505 2.595189 0.05583043 -0.8066876 2.437656 
-0.2428136 0.7468665 2.556104 -0.2471083 0.5267331 2.54857 -0.2508455 0.3040666 2.534254 -0.4061919 0.5305206 2.531187 -0.4892049 0.2799579 2.557105 -0.3898931 0.4031124 2.320196 -0.08802474 0.5229456 2.565952 -0.004394714 0.2757677 2.588045 -0.06065256 0.3922967 2.340357 -0.3569727 0.08383781 2.508751 -0.3683725 -0.3549289 2.574439 -0.4701759 -0.7915132 2.544025 -0.1521925 0.07896233 2.531127 -0.1504689 -0.3631704 2.592385 0.0533248 -0.8072781 2.436507 
-0.2495188 0.7469524 2.574065 -0.2525526 0.526345 2.560567 -0.2545768 0.304048 2.540849 -0.412066 0.528944 2.54764 -0.4663303 0.2835092 2.478281 -0.3283249 0.4070182 2.254765 -0.09303918 0.5237458 2.573493 -0.0163772 0.2754236 2.507246 -0.1142497 0.4023285 2.272014 -0.3592652 0.08342392 2.512812 -0.3557692 -0.3496203 2.615633 -0.4882974 -0.8067564 2.494387 -0.153937 0.08007834 2.529451 -0.1483388 -0.3614609 2.595049 0.04674251 -0.8028678 2.440171 
-0.2495167 0.7458608 2.589061 -0.2522021 0.5272207 2.568825 -0.2542479 0.3055179 2.543622 -0.4117084 0.5301795 2.555744 -0.4556614 0.2982527 2.430138 -0.3009006 0.4113381 2.213644 -0.09269568 0.5242617 2.581905 -0.01768582 0.2897133 2.460629 -0.1299902 0.4063047 2.226503 -0.3589483 0.08571947 2.51 -0.348914 -0.3420465 2.633121 -0.496039 -0.8105562 2.478334 -0.1536393 0.08191094 2.526837 -0.1452423 -0.3590894 2.595719 0.0453557 -0.8015217 2.440997 
