-0.2549185 0.7512577 2.602687 -0.25026 0.5375802 2.566445 -0.2457895 0.317006 2.533863 -0.4091123 0.5372545 2.546853 -0.467623 0.3775197 2.358779 -0.2831206 0.4487716 2.147348 -0.09140765 0.5379058 2.586036 0.01336022 0.3619719 2.410472 -0.1165727 0.4204085 2.169191 -0.3435734 0.09622226 2.488671 -0.3504023 -0.3327482 2.609882 -0.495843 -0.8070942 2.471955 -0.1390647 0.09664145 2.513893 -0.1467115 -0.3444379 2.581624 0.04024329 -0.7947513 2.44486 
-0.259543 0.7546762 2.631727 -0.2526585 0.5436043 2.579152 -0.2473264 0.324595 2.536913 -0.4110471 0.544193 2.556104 -0.418368 0.4281045 2.295443 -0.2575197 0.4543149 2.057243 -0.09427 0.5430154 2.6022 -0.02512609 0.4185165 2.318638 -0.1168535 0.4396386 2.054272 -0.3439395 0.1059648 2.479839 -0.3589587 -0.3275158 2.573822 -0.4775794 -0.7760026 2.533443 -0.1400489 0.1052068 2.509508 -0.1505808 -0.3324195 2.59634 0.04153673 -0.7973607 2.447005 
-0.2592312 0.7544286 2.6374 -0.2521322 0.5442216 2.58449 -0.2466242 0.3254772 2.540626 -0.4101325 0.5453573 2.558986 -0.3961699 0.4520437 2.272718 -0.2656519 0.4537204 2.017544 -0.09413188 0.5430858 2.609994 -0.04155195 0.4472652 2.285331 -0.1016808 0.4471535 2.010076 -0.3428141 0.1074639 2.480346 -0.3594532 -0.3236358 2.588995 -0.472788 -0.7880044 2.522897 -0.1394182 0.1060019 2.513177 -0.1483191 -0.3327338 2.594748 0.04346409 -0.8000912 2.453023 
-0.2583951 0.7467037 2.626138 -0.2504855 0.5359911 2.583086 -0.2442444 0.3161912 2.544818 -0.4086106 0.5357876 2.558466 -0.3805418 0.473762 2.231166 -0.2918454 0.4521834 1.961069 -0.09236046 0.5361945 2.607707 -0.03063858 0.4780693 2.259822 -0.05501965 0.4545006 1.974404 -0.3397887 0.09626039 2.490702 -0.3590403 -0.3335063 2.601864 -0.4701936 -0.7953848 2.5276 -0.1362178 0.09652229 2.522398 -0.145036 -0.3440803 2.590891 0.04767349 -0.8103068 2.448039 
-0.2598522 0.7445588 2.625102 -0.2517049 0.5335099 2.58164 -0.2454659 0.313701 2.543296 -0.4102442 0.532809 2.559862 -0.3827721 0.4783803 2.222089 -0.3118041 0.4508159 1.944876 -0.09316562 0.5342109 2.603418 -0.01781934 0.4905351 2.259405 -0.02938878 0.457214 1.973138 -0.3412671 0.09344094 2.490936 -0.3617023 -0.3376381 2.601084 -0.4837432 -0.8011629 2.500711 -0.1371868 0.09434322 2.51897 -0.1463625 -0.3468187 2.585354 0.04639342 -0.8062899 2.447257 
-0.2576647 0.7497571 2.623585 -0.2503558 0.5382933 2.579469 -0.2442586 0.3184796 2.541067 -0.4091068 0.5374404 2.559145 -0.4368864 0.4751886 2.222059 -0.3660259 0.454451 1.943562 -0.09160478 0.5391461 2.599793 0.0440927 0.4912684 2.282191 0.04831568 0.4653131 1.994991 -0.340325 0.09811714 2.489586 -0.3528968 -0.32896 2.615943 -0.4901843 -0.8019958 2.485394 -0.1359979 0.0992148 2.515745 -0.1441585 -0.3412141 2.587525 0.04586554 -0.7976832 2.448612 
-0.252758 0.7552589 2.622729 -0.2479575 0.5433049 2.576505 -0.2430003 0.3238691 2.535827 -0.4067542 0.5434553 2.556342 -0.5439496 0.4708106 2.27129 -0.481094 0.4621764 1.99249 -0.08916083 0.5431546 2.596668 0.1417925 0.471292 2.353588 0.1649732 0.4621934 2.064638 -0.3402434 0.10453 2.482172 -0.3588328 -0.3274442 2.584117 -0.4765077 -0.7807674 2.518906 -0.1358428 0.1043364 2.508125 -0.1529114 -0.3347632 2.586541 0.05417851 -0.8067064 2.441163 
-0.2521299 0.7492586 2.605398 -0.2477664 0.5357963 2.565721 -0.2433406 0.3156511 2.529232 -0.406798 0.5356067 2.547575 -0.5909466 0.4588866 2.309643 -0.5283881 0.4605582 2.028611 -0.08873482 0.5359858 2.583866 0.174924 0.454667 2.406292 0.2126654 0.4544916 2.119127 -0.3412764 0.09538388 2.481063 -0.3657098 -0.3410724 2.563644 -0.4663027 -0.7772924 2.551458 -0.136553 0.09562796 2.504422 -0.1514924 -0.3433444 2.584221 0.05359775 -0.8144091 2.438745 
-0.2488723 0.751852 2.586753 -0.246676 0.5370643 2.555703 -0.2437639 0.3160535 2.525171 -0.4057567 0.5374239 2.537926 -0.6329673 0.4559393 2.365325 -0.5660563 0.4532746 2.084364 -0.08759529 0.5367047 2.573479 0.1994693 0.4398386 2.446634 0.2415014 0.4412779 2.15991 -0.3432349 0.09527409 2.483199 -0.3621445 -0.3343148 2.596021 -0.4766289 -0.7881969 2.523421 -0.1384686 0.0948112 2.50608 -0.131768 -0.3472992 2.554499 0.01726895 -0.789705 2.515186 
-0.2456203 0.7574412 2.577916 -0.2456649 0.5424133 2.549275 -0.2450299 0.3210773 2.520794 -0.4047092 0.5442718 2.531284 -0.6674787 0.4544774 2.423159 -0.6174263 0.4402415 2.140323 -0.08662064 0.5405547 2.567265 0.2147404 0.4329137 2.5123 0.2643649 0.4280678 2.228438 -0.3467607 0.1009375 2.480735 -0.3543166 -0.3310948 2.588517 -0.4918605 -0.7953836 2.493188 -0.1420291 0.09854501 2.503894 -0.1358785 -0.3432971 2.560971 0.01901808 -0.7882079 2.495574 
-0.2396293 0.7572275 2.54695 -0.2440593 0.5403128 2.534337 -0.2459458 0.3180733 2.51773 -0.4029753 0.5430803 2.515353 -0.6807817 0.4487673 2.502594 -0.6438418 0.4275838 2.218676 -0.08514335 0.5375451 2.553321 0.2068321 0.4314294 2.579617 0.2641866 0.4120698 2.302186 -0.3501141 0.09761513 2.488905 -0.3602021 -0.3412985 2.553371 -0.4744067 -0.7772456 2.555461 -0.1455505 0.09405263 2.513342 -0.14181 -0.3470024 2.578968 0.02876643 -0.8024687 2.487835 
-0.2378222 0.7521192 2.53149 -0.2438981 0.5344262 2.524821 -0.2473906 0.3117699 2.513081 -0.4025071 0.5380311 2.503635 -0.6649252 0.4499108 2.561291 -0.6242756 0.4234232 2.278081 -0.08528902 0.5308211 2.546006 0.1748822 0.4281897 2.629288 0.2295109 0.4058196 2.349548 -0.3529749 0.09143405 2.487704 -0.3610651 -0.3491141 2.550666 -0.4763477 -0.7931254 2.522469 -0.1487912 0.08679324 2.514977 -0.1268981 -0.3560595 2.545447 0.001432007 -0.7910006 2.535762 
-0.2397584 0.7495623 2.524774 -0.2442381 0.5313342 2.521377 -0.2465019 0.3084211 2.512829 -0.4025583 0.5338373 2.498032 -0.6224837 0.4549675 2.605138 -0.5760365 0.4241585 2.322917 -0.08591786 0.5288312 2.544722 0.1089164 0.397582 2.666159 0.1611315 0.4054829 2.389915 -0.3506684 0.08711908 2.489254 -0.3528234 -0.351504 2.567158 -0.4819105 -0.8037713 2.502902 -0.1468628 0.08389691 2.519306 -0.1256864 -0.3586884 2.563159 0.01230642 -0.7892849 2.518402 
-0.2405147 0.7532317 2.519904 -0.2442201 0.5345116 2.519797 -0.2468239 0.3114538 2.514205 -0.4022232 0.5369931 2.494384 -0.5667591 0.4069979 2.618056 -0.5148214 0.4332789 2.336186 -0.08621695 0.53203 2.54521 0.07543842 0.3802775 2.676076 0.1058386 0.3995867 2.39616 -0.3511214 0.08999328 2.492257 -0.3543324 -0.347856 2.576724 -0.4930379 -0.8043456 2.488167 -0.1477341 0.08679895 2.52497 -0.1353343 -0.3555672 2.57785 0.02283997 -0.7897999 2.494203 
-0.2399181 0.7482345 2.517463 -0.2436418 0.5315471 2.519375 -0.2463629 0.3084196 2.515015 -0.4014969 0.5339879 2.492985 -0.5343795 0.3700012 2.599001 -0.4605379 0.4377635 2.326001 -0.08578663 0.5291064 2.545764 0.06121464 0.3616368 2.669035 0.05572375 0.3998922 2.389159 -0.3506762 0.0868629 2.493672 -0.3486523 -0.3418404 2.61216 -0.496325 -0.8147318 2.479504 -0.147492 0.08372129 2.52764 -0.1402936 -0.3588986 2.582359 0.02911253 -0.7969379 2.478451 
-0.2444812 0.7502556 2.534259 -0.2455824 0.5324337 2.527659 -0.2468306 0.3095579 2.517209 -0.4033678 0.5345774 2.500785 -0.5306823 0.3474932 2.553511 -0.4114065 0.444472 2.306861 -0.08779706 0.53029 2.554533 0.05811568 0.3443252 2.627021 -0.001906841 0.4019623 2.356 -0.3496284 0.08806172 2.489463 -0.3488192 -0.3423081 2.605019 -0.4983268 -0.8126008 2.464343 -0.1465293 0.08530232 2.524055 -0.1383778 -0.358101 2.573523 0.03839201 -0.7973506 2.462827 
-0.2470368 0.7526557 2.55065 -0.2466504 0.5347856 2.537218 -0.2465128 0.3122683 2.52106 -0.4044263 0.536647 2.51024 -0.5283412 0.3387444 2.497265 -0.3675156 0.4484167 2.281158 -0.08887452 0.5329242 2.564196 0.05155852 0.3371639 2.569012 -0.04621496 0.4100037 2.308146 -0.3479206 0.09094904 2.487538 -0.3376834 -0.3287058 2.634368 -0.5014864 -0.8130168 2.464347 -0.1448298 0.08855298 2.522264 -0.1486812 -0.3519219 2.590706 0.05090521 -0.8022103 2.453906 
-0.2497919 0.7517312 2.568309 -0.248651 0.5345875 2.546846 -0.2470557 0.312614 2.524674 -0.4065391 0.536084 2.520505 -0.5121848 0.3473804 2.436639 -0.3262499 0.4504405 2.234861 -0.09076292 0.5330911 2.573188 0.05076624 0.340573 2.508502 -0.08157007 0.41644 2.261597 -0.3470804 0.09160364 2.485548 -0.3533416 -0.3394735 2.586423 -0.4790532 -0.791163 2.517269 -0.1438405 0.08967737 2.519456 -0.1490278 -0.3506666 2.59079 0.04909163 -0.8036045 2.452532 
-0.2536181 0.7522759 2.596214 -0.2495275 0.5371984 2.56136 -0.2462966 0.3165013 2.529868 -0.407698 0.538386 2.536809 -0.4856471 0.3737289 2.371819 -0.2931132 0.4543539 2.166744 -0.0913569 0.5360107 2.58591 0.05329535 0.3591644 2.452196 -0.1004203 0.4250178 2.211946 -0.3448735 0.09656874 2.482574 -0.3495901 -0.3269697 2.614057 -0.4827274 -0.7954379 2.498158 -0.1412581 0.09503987 2.514178 -0.1464061 -0.3454083 2.585995 0.0471485 -0.7960071 2.452387 
