-0.2725488 0.7551498 2.624244 -0.2631701 0.5403652 2.575733 -0.2547402 0.3213648 2.534139 -0.4222957 0.5374761 2.558696 -0.4245168 0.3665454 2.314236 -0.2708516 0.4381319 2.085496 -0.1040445 0.5432545 2.592771 -0.03905232 0.3904982 2.344503 -0.1478524 0.4448974 2.087785 -0.3487302 0.1005046 2.481578 -0.3506138 -0.32463 2.610908 -0.4875284 -0.802139 2.483848 -0.1438904 0.1042238 2.50351 -0.1489511 -0.3348117 2.58392 0.03943205 -0.7917868 2.445575 
-0.2688282 0.7558947 2.632143 -0.2604299 0.544031 2.581135 -0.2526127 0.3253418 2.537457 -0.418914 0.5427321 2.559273 -0.4057236 0.395754 2.2806 -0.2647424 0.4446136 2.039862 -0.1019459 0.5453297 2.602997 -0.05449382 0.4257733 2.308252 -0.1329609 0.4500542 2.039301 -0.3468449 0.1058163 2.479702 -0.3592559 -0.3281076 2.570912 -0.4707911 -0.7743112 2.541797 -0.142746 0.107489 2.507856 -0.152966 -0.3297587 2.596739 0.04525969 -0.7974156 2.450972 
-0.2701855 0.7559679 2.638113 -0.2606042 0.5451199 2.5869 -0.2518747 0.3269623 2.540664 -0.4186862 0.5440372 2.562163 -0.3938382 0.4288584 2.249307 -0.2757606 0.4523987 1.994752 -0.1025222 0.5462027 2.611638 -0.06322479 0.448403 2.292139 -0.108898 0.4530891 2.010421 -0.3448783 0.1081078 2.478508 -0.3591079 -0.3232441 2.585818 -0.4709483 -0.7885369 2.520639 -0.1414124 0.1095015 2.510347 -0.1533007 -0.3283539 2.596341 0.04540087 -0.7993166 2.445825 
-0.2687226 0.7554277 2.641094 -0.2584522 0.546034 2.59054 -0.2493367 0.3281077 2.543165 -0.4164041 0.5450277 2.564777 -0.3894165 0.4569252 2.225656 -0.2929477 0.4599134 1.959442 -0.1005003 0.5470402 2.616303 -0.04961205 0.4712022 2.283583 -0.07050143 0.4556282 1.997238 -0.341862 0.1095338 2.479212 -0.3528122 -0.3201304 2.596344 -0.4794285 -0.799498 2.499614 -0.1385806 0.1108289 2.512369 -0.1497352 -0.3282628 2.591912 0.04630696 -0.8008249 2.446676 
-0.2669255 0.7538717 2.631075 -0.2569878 0.5430833 2.585531 -0.2477994 0.3246505 2.540543 -0.4151949 0.541408 2.561352 -0.4101951 0.4669545 2.214323 -0.3283301 0.4655327 1.939569 -0.09878086 0.5447587 2.609709 -0.01579358 0.4726124 2.280788 -0.02428612 0.4591838 1.992808 -0.3404301 0.1051394 2.479995 -0.3490468 -0.3242105 2.600263 -0.4887766 -0.8118562 2.485728 -0.1367918 0.1072958 2.511117 -0.1495996 -0.3322075 2.588322 0.04500948 -0.8051061 2.445068 
-0.2666988 0.7531018 2.635571 -0.2568044 0.5416287 2.585356 -0.247296 0.3237939 2.53763 -0.4151801 0.5397787 2.562246 -0.457108 0.4674824 2.228168 -0.3810867 0.4640364 1.951362 -0.09842874 0.5434786 2.608465 0.007471031 0.4540369 2.351549 -0.01143534 0.4674425 2.060544 -0.3397149 0.1047685 2.475032 -0.357235 -0.3325054 2.545659 -0.4712749 -0.7826912 2.52761 -0.1358601 0.1071497 2.504778 -0.1533757 -0.3319731 2.583228 0.05453278 -0.8049279 2.432827 
-0.2675999 0.7493955 2.628811 -0.2580816 0.5374177 2.580966 -0.2487593 0.3191342 2.535265 -0.4165781 0.535316 2.558674 -0.4940478 0.4627381 2.243579 -0.4205464 0.4597783 1.963942 -0.09958508 0.5395194 2.603259 0.04085455 0.4289285 2.354923 0.05627132 0.4393662 2.0672 -0.3414447 0.09949812 2.475216 -0.3573362 -0.3371145 2.558181 -0.4797113 -0.8004248 2.509969 -0.1374292 0.1022034 2.503911 -0.1551484 -0.3362393 2.586096 0.04923822 -0.8093401 2.439709 
-0.2652914 0.7466744 2.607942 -0.2575046 0.5332866 2.569589 -0.2491646 0.3137161 2.530906 -0.4160168 0.5311808 2.547368 -0.5415218 0.4448683 2.271788 -0.4791484 0.4543141 1.991562 -0.09899227 0.5353923 2.591811 0.09592902 0.4289657 2.37796 0.1072844 0.4381136 2.088822 -0.3428434 0.09279025 2.47792 -0.3534082 -0.3402364 2.580421 -0.4898947 -0.8112897 2.494605 -0.1388061 0.09550089 2.506524 -0.1516364 -0.3439822 2.583727 0.04901961 -0.8108979 2.445407 
-0.2639474 0.7513158 2.591767 -0.2572162 0.5343731 2.561026 -0.2500596 0.3138658 2.527319 -0.4158405 0.5325038 2.539575 -0.5983735 0.4167161 2.336943 -0.5390453 0.4442154 2.056868 -0.09859195 0.5362423 2.582477 0.1492396 0.415245 2.43873 0.1683432 0.430758 2.151442 -0.344997 0.09215553 2.479806 -0.3617021 -0.3382993 2.581888 -0.475673 -0.7894615 2.527068 -0.1408089 0.09456166 2.507418 -0.1510065 -0.3461576 2.577743 0.05063497 -0.8030373 2.443388 
-0.2620823 0.7519068 2.578906 -0.2561751 0.5351051 2.553356 -0.2499537 0.3139761 2.523917 -0.414728 0.533573 2.531356 -0.6146944 0.3993641 2.394469 -0.5472434 0.4342233 2.118931 -0.09762225 0.5366372 2.575355 0.1531128 0.4061171 2.496357 0.1681701 0.4329964 2.210148 -0.3457806 0.09186102 2.480319 -0.3654071 -0.3457655 2.547059 -0.4679212 -0.7762721 2.564459 -0.1416841 0.09383319 2.508637 -0.1552992 -0.3459886 2.583784 0.05716711 -0.8082526 2.442199 
-0.2598113 0.7520902 2.563979 -0.2553367 0.5350538 2.544145 -0.2500762 0.3133199 2.519654 -0.4138858 0.5337275 2.522096 -0.6183477 0.3871832 2.433733 -0.5508468 0.4306631 2.161555 -0.09678756 0.5363801 2.566193 0.1440561 0.3915582 2.528172 0.1737362 0.4224083 2.245131 -0.3468609 0.09073237 2.480973 -0.3637146 -0.3482805 2.550365 -0.470642 -0.789614 2.534634 -0.1427706 0.09243959 2.509355 -0.1510771 -0.3485954 2.577537 0.05444217 -0.8076598 2.44171 
-0.2557845 0.7517755 2.550015 -0.2527363 0.5343837 2.535226 -0.248259 0.3122192 2.514724 -0.4111784 0.5332954 2.512418 -0.6061832 0.370099 2.498363 -0.558903 0.4215015 2.222232 -0.09429417 0.5354719 2.558035 0.1100189 0.377272 2.60058 0.1407743 0.4197693 2.322018 -0.3457596 0.08935426 2.479542 -0.3570404 -0.3448292 2.575398 -0.4781784 -0.8001207 2.506564 -0.1418039 0.09075514 2.508903 -0.1510229 -0.3498159 2.580219 0.05273087 -0.8078184 2.438047 
-0.2565427 0.7550717 2.532294 -0.2544724 0.5362499 2.525746 -0.2510266 0.3135342 2.512048 -0.412717 0.5352859 2.501614 -0.5705389 0.3545443 2.587828 -0.5397004 0.4165245 2.304065 -0.09622775 0.537214 2.549878 0.06300859 0.3615488 2.639401 0.1046599 0.4228223 2.363803 -0.3494302 0.09019789 2.482818 -0.3623005 -0.3473116 2.564711 -0.4806082 -0.7924886 2.522546 -0.1457316 0.09143892 2.513882 -0.1548234 -0.3500001 2.579913 0.05336069 -0.8042871 2.438529 
-0.2539103 0.7541347 2.520607 -0.2531881 0.5348099 2.52043 -0.2512313 0.3117774 2.512138 -0.411152 0.5343862 2.494546 -0.5293931 0.3256452 2.611446 -0.5009518 0.4155948 2.336227 -0.0952243 0.5352336 2.546314 0.0192429 0.3318787 2.661842 0.0402469 0.4268007 2.390389 -0.3509488 0.08847228 2.487186 -0.350571 -0.3461291 2.5863 -0.4936651 -0.8101456 2.487206 -0.1475999 0.08901768 2.520507 -0.1479822 -0.3526793 2.58522 0.04374561 -0.801564 2.448287 
-0.253657 0.7490714 2.527334 -0.2522422 0.5316143 2.521731 -0.2504944 0.3087761 2.509487 -0.4098361 0.5319161 2.493741 -0.515668 0.3068049 2.595716 -0.4629144 0.4242332 2.336686 -0.09464826 0.5313125 2.549721 0.009646774 0.3104574 2.64743 0.001183313 0.4245826 2.39035 -0.3501844 0.08613212 2.479227 -0.348265 -0.350608 2.569751 -0.4970858 -0.8163885 2.466365 -0.1473087 0.08574358 2.515259 -0.1465596 -0.3572244 2.569909 0.04382774 -0.804319 2.445532 
-0.2523081 0.7500865 2.530197 -0.2510204 0.5317941 2.523713 -0.2495912 0.3089384 2.511243 -0.4089276 0.5322453 2.497551 -0.5078351 0.2944034 2.561366 -0.4138906 0.4275111 2.328027 -0.09311319 0.5313429 2.549875 0.003323738 0.2872274 2.619212 -0.03879719 0.420733 2.375804 -0.3497949 0.08637317 2.481934 -0.3483291 -0.3482812 2.582475 -0.4960657 -0.8107949 2.477362 -0.1465292 0.08579224 2.515611 -0.1461985 -0.3559157 2.579492 0.04702387 -0.8029624 2.445246 
-0.2520707 0.7530199 2.549133 -0.2510915 0.5349778 2.534536 -0.250178 0.312674 2.515446 -0.4094589 0.5363038 2.511515 -0.4929796 0.2927473 2.518179 -0.3693447 0.4342847 2.298185 -0.09272423 0.5336518 2.557557 -0.004404495 0.2805663 2.571124 -0.08240873 0.4232693 2.338698 -0.3512082 0.0912238 2.481538 -0.3510567 -0.3389385 2.599157 -0.4981376 -0.8076664 2.472933 -0.1473208 0.08951665 2.511176 -0.1467092 -0.3524696 2.573699 0.0433282 -0.7977817 2.441006 
-0.2561191 0.7517946 2.558108 -0.2532769 0.5336003 2.541453 -0.2507791 0.3114887 2.519972 -0.411291 0.5342777 2.516074 -0.4824741 0.2938577 2.473104 -0.3365716 0.4360634 2.262132 -0.09526282 0.5329229 2.566831 -0.01368624 0.2792963 2.520574 -0.109713 0.4218689 2.293915 -0.3499809 0.08981306 2.482158 -0.3466593 -0.3442465 2.584244 -0.498084 -0.8166384 2.469768 -0.1465818 0.08894112 2.514825 -0.149483 -0.350899 2.590026 0.04787637 -0.8043576 2.445372 
-0.258021 0.7522822 2.572074 -0.2540857 0.5339005 2.549978 -0.250156 0.3122099 2.524697 -0.4124171 0.5337584 2.526613 -0.4732643 0.3024466 2.419054 -0.3069831 0.4342045 2.218543 -0.09575442 0.5340427 2.573344 -0.0168681 0.2911307 2.463272 -0.1330836 0.4246037 2.242506 -0.3481283 0.09042776 2.484378 -0.3463007 -0.3382276 2.606481 -0.4948096 -0.8115071 2.476283 -0.1443239 0.09061075 2.514454 -0.1475035 -0.3491752 2.590667 0.04930141 -0.8017106 2.441973 
