-0.2511382 0.755765 2.6078 -0.2478979 0.5413407 2.572684 -0.2444324 0.3207501 2.539032 -0.4068527 0.5417168 2.553849 -0.4799025 0.3623044 2.418222 -0.3076934 0.4448001 2.19629 -0.08894306 0.5409647 2.591518 0.01153442 0.3564424 2.453172 -0.1379438 0.4430608 2.219811 -0.3432783 0.1004016 2.493258 -0.3501409 -0.332521 2.600381 -0.4979047 -0.8101702 2.469958 -0.1386555 0.09991758 2.517504 -0.1368068 -0.3396975 2.594895 0.04196623 -0.7979303 2.458959 
-0.252221 0.7606726 2.624432 -0.248144 0.5465375 2.582103 -0.244243 0.3266606 2.544162 -0.4072565 0.5467283 2.564637 -0.4539708 0.3901638 2.36612 -0.2869124 0.4562221 2.136464 -0.08903145 0.5463466 2.599569 -0.006252052 0.3822067 2.403586 -0.145591 0.4584349 2.163336 -0.3427497 0.1069065 2.49498 -0.3598064 -0.3319553 2.562227 -0.4796981 -0.777992 2.528975 -0.1379341 0.1066608 2.517463 -0.1448259 -0.3318544 2.600213 0.04469454 -0.7964996 2.452327 
-0.2545043 0.7652674 2.642253 -0.2496553 0.551313 2.591497 -0.2455549 0.332317 2.548851 -0.4087595 0.5517603 2.573902 -0.4304825 0.4250793 2.332065 -0.2796135 0.4656613 2.090502 -0.09055106 0.5508658 2.609092 -0.02312433 0.4106025 2.365304 -0.1431874 0.4658782 2.108486 -0.3438537 0.1136087 2.494882 -0.3589826 -0.3214108 2.586063 -0.485195 -0.7880364 2.509527 -0.1390554 0.113033 2.51753 -0.1479772 -0.3254323 2.600773 0.03988194 -0.7952562 2.454244 
-0.2561802 0.7586167 2.650674 -0.250205 0.5486684 2.599026 -0.2451731 0.3301097 2.554132 -0.4092881 0.5486649 2.581212 -0.4067461 0.4580321 2.306048 -0.2807999 0.4715286 2.05203 -0.09112193 0.5486718 2.61684 -0.04006737 0.450802 2.324166 -0.132089 0.4746583 2.056658 -0.342529 0.1115488 2.497773 -0.3514301 -0.3216522 2.6009 -0.4897191 -0.8054281 2.494195 -0.1377532 0.1115532 2.520704 -0.1462498 -0.32664 2.605626 0.04679739 -0.8037916 2.455756 
-0.2565903 0.7551269 2.65541 -0.2513412 0.5469522 2.603758 -0.245895 0.3284722 2.55839 -0.4104394 0.5466604 2.586064 -0.3944108 0.4844809 2.280077 -0.2975956 0.4737022 2.015799 -0.09224302 0.5472441 2.621451 -0.04456965 0.4804169 2.297113 -0.0993667 0.4799612 2.019794 -0.342847 0.1098044 2.501634 -0.3539269 -0.3270646 2.588874 -0.495335 -0.8099277 2.484499 -0.1380507 0.11018 2.52441 -0.1430771 -0.3294461 2.601526 0.0399554 -0.8010231 2.461982 
-0.257508 0.7559481 2.657197 -0.2515367 0.5476406 2.605611 -0.2458179 0.3290757 2.560615 -0.4105983 0.5471892 2.587587 -0.4082311 0.5007307 2.259461 -0.3338889 0.4763274 1.986842 -0.0924751 0.5480921 2.623635 -0.0208193 0.5002334 2.283052 -0.04620707 0.4845401 2.000786 -0.3424743 0.1102202 2.504019 -0.362088 -0.3308828 2.555094 -0.4757673 -0.7799385 2.536381 -0.1377239 0.1108013 2.52722 -0.144769 -0.328964 2.603665 0.04199035 -0.8006775 2.461399 
-0.2567252 0.7574009 2.659143 -0.250772 0.5494907 2.605598 -0.2454304 0.3310137 2.560098 -0.4099245 0.5491802 2.588405 -0.4431091 0.5088671 2.256765 -0.3796679 0.4818403 1.980128 -0.09161941 0.5498012 2.622792 0.017601 0.5086095 2.286019 0.01654007 0.490267 2.001174 -0.3425239 0.1123368 2.503531 -0.3618193 -0.3285234 2.563839 -0.4785866 -0.7890794 2.516028 -0.1376536 0.1127365 2.525663 -0.1510288 -0.3260764 2.606399 0.04892931 -0.8017105 2.454802 
-0.2551252 0.7572621 2.650099 -0.2491756 0.5492022 2.601774 -0.2443202 0.3299355 2.560375 -0.4084627 0.5486671 2.585927 -0.4945356 0.5149219 2.267877 -0.4326554 0.4867229 1.989016 -0.08988847 0.5497374 2.617621 0.0693189 0.5143193 2.303503 0.07387038 0.4963524 2.014875 -0.3419886 0.1103243 2.508776 -0.354954 -0.3294346 2.580389 -0.4852443 -0.8031049 2.502502 -0.136941 0.1110132 2.529176 -0.1454622 -0.3285096 2.606697 0.04463602 -0.8030464 2.458165 
-0.2563373 0.7613899 2.645575 -0.2495023 0.5517821 2.598591 -0.2437549 0.3324706 2.557436 -0.4088351 0.5504866 2.583243 -0.5522891 0.5059435 2.291443 -0.493914 0.4833088 2.011035 -0.09016959 0.5530776 2.613939 0.1211394 0.5046787 2.318733 0.1329004 0.488811 2.026171 -0.3405571 0.1123254 2.506402 -0.3605852 -0.3302462 2.549938 -0.4705407 -0.7752324 2.538204 -0.135458 0.1139929 2.526158 -0.1407909 -0.3270217 2.594598 0.04042834 -0.7946748 2.456814 
-0.2536404 0.7564105 2.624818 -0.2481688 0.5450271 2.586618 -0.2428663 0.3248209 2.550828 -0.40751 0.5436748 2.571332 -0.6051425 0.4904719 2.331214 -0.5486869 0.4737288 2.04951 -0.08882751 0.5463796 2.601904 0.137597 0.4780724 2.43077 0.1431898 0.48299 2.138939 -0.3401177 0.1037443 2.505199 -0.3568011 -0.332558 2.586619 -0.4800242 -0.8007104 2.511101 -0.13501 0.1054851 2.524876 -0.1461625 -0.3342914 2.600132 0.04393959 -0.8093241 2.454133 
-0.2500797 0.7565076 2.604959 -0.2463192 0.5430004 2.575356 -0.2417084 0.3219154 2.545719 -0.4056461 0.5417499 2.559897 -0.6440741 0.4692388 2.386102 -0.6041243 0.4613159 2.101759 -0.08699235 0.544251 2.590815 0.1532418 0.4572707 2.50881 0.2003733 0.4593475 2.21964 -0.3396432 0.1000255 2.506132 -0.3570544 -0.3367854 2.590894 -0.4897573 -0.8062849 2.493591 -0.134552 0.1016352 2.526031 -0.1371814 -0.3388253 2.597924 0.03820024 -0.8022584 2.45787 
-0.2444638 0.7567054 2.586992 -0.2436604 0.542661 2.564967 -0.2415744 0.3207599 2.542537 -0.402866 0.5428438 2.548353 -0.6660683 0.4561409 2.444561 -0.6520033 0.4542083 2.158456 -0.0844548 0.5424783 2.581581 0.1497487 0.4311632 2.585561 0.2220207 0.448728 2.301444 -0.3419631 0.09897643 2.509414 -0.3567583 -0.3392672 2.590123 -0.4989328 -0.8103309 2.486117 -0.1370137 0.0987412 2.530802 -0.144893 -0.3397984 2.612931 0.03991232 -0.8036004 2.454632 
-0.2404223 0.7596416 2.577501 -0.2411274 0.5450981 2.557389 -0.2405937 0.3229594 2.536393 -0.4000852 0.546482 2.538705 -0.6765396 0.4450827 2.522264 -0.6793424 0.4359054 2.235212 -0.08216953 0.5437141 2.576072 0.156368 0.4250718 2.632768 0.2324294 0.4392725 2.345481 -0.3423767 0.1017114 2.503371 -0.3523258 -0.3377662 2.579387 -0.498199 -0.8098934 2.469902 -0.1377432 0.09992981 2.527423 -0.128832 -0.3422036 2.567216 0.01148143 -0.7818093 2.513335 
-0.2383456 0.7578135 2.563256 -0.2404229 0.5426465 2.548352 -0.2414087 0.3202383 2.530056 -0.3992919 0.5449466 2.528953 -0.6657714 0.4380501 2.579123 -0.6636378 0.4292823 2.293373 -0.08155384 0.5403466 2.567751 0.1461824 0.412529 2.665368 0.2298092 0.4214716 2.380927 -0.3446415 0.09931024 2.499275 -0.3604237 -0.3431571 2.547778 -0.4798139 -0.7866819 2.522652 -0.1401475 0.09634973 2.524246 -0.1404383 -0.3439554 2.585938 0.01921134 -0.7935874 2.494195 
-0.2368897 0.7528374 2.548138 -0.2406591 0.536464 2.540128 -0.2430812 0.3137159 2.527389 -0.3991363 0.5394549 2.517962 -0.6309337 0.4375624 2.609051 -0.6177604 0.4258678 2.323313 -0.08218189 0.5334731 2.562294 0.123543 0.4072293 2.679661 0.1946115 0.4100071 2.392633 -0.3475142 0.09289296 2.500382 -0.3574233 -0.3473677 2.567739 -0.490137 -0.8060536 2.505997 -0.1434923 0.08904256 2.528918 -0.1445095 -0.3516212 2.594535 0.03895598 -0.8083168 2.477868 
-0.2352705 0.7476819 2.540582 -0.2401377 0.5315759 2.536422 -0.2438256 0.3086677 2.526483 -0.3985573 0.5352041 2.513835 -0.5899655 0.4367872 2.634014 -0.568702 0.4233812 2.349569 -0.08171812 0.5279478 2.55901 0.08377264 0.3891096 2.691814 0.1232038 0.4133849 2.4008 -0.3494665 0.08809444 2.502007 -0.3652198 -0.3538506 2.558413 -0.4762975 -0.7927241 2.540666 -0.1455605 0.08342458 2.53108 -0.1449192 -0.3578647 2.595691 0.04564397 -0.8096474 2.465274 
-0.2351657 0.7509553 2.538931 -0.2389982 0.5329168 2.53566 -0.2424846 0.3099023 2.527341 -0.397205 0.5362905 2.511518 -0.5159408 0.37103 2.655138 -0.4913902 0.4242086 2.375394 -0.08079149 0.5295431 2.559802 0.05118331 0.3640239 2.683213 0.03455054 0.4204857 2.40747 -0.3477946 0.08905914 2.503485 -0.3604112 -0.3469571 2.591892 -0.4913911 -0.808511 2.491361 -0.1441473 0.08471637 2.534561 -0.1360981 -0.3568924 2.598672 0.03621048 -0.7977086 2.466721 
-0.2353562 0.7523035 2.544492 -0.2383002 0.5344897 2.538981 -0.2408577 0.3114919 2.529537 -0.3967057 0.5372748 2.516116 -0.5104834 0.3505138 2.618085 -0.4413708 0.4332818 2.359267 -0.07989464 0.5317046 2.561847 0.0630815 0.3525127 2.6506 -0.01105129 0.4241282 2.396018 -0.3453701 0.09028676 2.505376 -0.3578515 -0.3474609 2.588456 -0.4956065 -0.8106351 2.480646 -0.1414603 0.08670162 2.53481 -0.1360916 -0.3559539 2.591669 0.04252884 -0.7966464 2.45965 
-0.2366679 0.7510319 2.555769 -0.2382797 0.5337216 2.544753 -0.240067 0.3109539 2.531215 -0.3966846 0.5363854 2.521835 -0.5132428 0.3392554 2.567553 -0.3973771 0.4446832 2.330972 -0.07987469 0.5310578 2.567672 0.06403948 0.3417564 2.599308 -0.0524607 0.4338165 2.365638 -0.3438044 0.08990055 2.502926 -0.3563195 -0.3476701 2.58882 -0.4999415 -0.8143181 2.470429 -0.1399045 0.08647165 2.532427 -0.1367839 -0.3562696 2.589332 0.03749159 -0.7965451 2.456305 
