-0.2612917 0.7607487 2.582056 -0.2550384 0.5487128 2.546648 -0.2510424 0.3280664 2.514623 -0.4137563 0.5488536 2.525873 -0.4669397 0.3636323 2.391971 -0.2986116 0.4650076 2.172147 -0.09632058 0.548572 2.567423 0.02645838 0.3582062 2.45241 -0.134697 0.45429 2.213773 -0.3491995 0.1075106 2.469227 -0.3642569 -0.3266214 2.568936 -0.4903095 -0.7987622 2.483722 -0.1448931 0.1073294 2.495969 -0.1524577 -0.3290258 2.589817 0.04418358 -0.795882 2.443049 
-0.264987 0.7564776 2.584063 -0.2582451 0.5470108 2.54792 -0.2531049 0.3263881 2.515087 -0.4170684 0.5462784 2.527976 -0.4640423 0.3858609 2.350901 -0.2850018 0.4666288 2.130423 -0.09942175 0.5477431 2.567863 0.008217644 0.3876087 2.388199 -0.1424327 0.4702617 2.144239 -0.3501869 0.1052941 2.469419 -0.3595529 -0.3288732 2.571222 -0.4972747 -0.8136011 2.480338 -0.1457426 0.1062368 2.495092 -0.1525879 -0.3297854 2.590691 0.04068666 -0.80222 2.448803 
-0.2655137 0.7561229 2.593569 -0.2586976 0.5462313 2.550953 -0.2533551 0.3260522 2.51504 -0.4173287 0.5458742 2.529543 -0.4320059 0.4179201 2.304952 -0.2741108 0.4693938 2.069834 -0.1000665 0.5465883 2.572363 -0.02137805 0.4328126 2.330614 -0.1418745 0.4852425 2.072195 -0.3501128 0.1056434 2.465347 -0.3556871 -0.3243964 2.58321 -0.499058 -0.8118463 2.467503 -0.1459122 0.106103 2.492908 -0.1484537 -0.3301518 2.587653 0.04311203 -0.8026925 2.445646 
-0.2669373 0.7668475 2.628697 -0.2572109 0.5584639 2.567287 -0.2507388 0.3409623 2.518144 -0.4155122 0.5591145 2.543558 -0.3902141 0.474955 2.228486 -0.2652647 0.485374 1.973323 -0.09890967 0.5578133 2.591015 -0.04381119 0.4872254 2.269175 -0.1190583 0.497672 1.994331 -0.3461469 0.1238793 2.453731 -0.3532008 -0.3052683 2.57581 -0.4980065 -0.8082007 2.470609 -0.1423863 0.1230419 2.484272 -0.1500801 -0.3093278 2.594583 0.04152329 -0.7934979 2.45241 
-0.2680666 0.7721413 2.643879 -0.2566323 0.5662718 2.574986 -0.2491135 0.3501096 2.520362 -0.4150867 0.5664969 2.552285 -0.3911279 0.4929896 2.207249 -0.2905492 0.4849904 1.942344 -0.09817796 0.5660467 2.597687 -0.02992506 0.5065991 2.25158 -0.07612921 0.499782 1.968795 -0.3435788 0.1340923 2.451127 -0.3490927 -0.2909819 2.586467 -0.4997297 -0.8048265 2.466574 -0.1396107 0.1338026 2.480349 -0.1483504 -0.3005376 2.582612 0.04526437 -0.7922907 2.443926 
-0.2689557 0.7728676 2.64196 -0.2565595 0.5690861 2.574059 -0.247816 0.352789 2.519855 -0.4150003 0.5683953 2.551259 -0.4210877 0.5064774 2.193113 -0.3449878 0.4817592 1.92029 -0.09811865 0.5697768 2.59686 -0.0009877167 0.5173195 2.241784 -0.01770318 0.4982348 1.95497 -0.3410475 0.1360472 2.450975 -0.3465506 -0.2891587 2.586464 -0.5001001 -0.8120558 2.463442 -0.1370976 0.1369365 2.480325 -0.1537779 -0.2947547 2.591988 0.04478021 -0.7993993 2.445898 
-0.2639439 0.7672438 2.623013 -0.2544468 0.5621731 2.563021 -0.2470869 0.3441265 2.516625 -0.413046 0.5614297 2.541355 -0.4720149 0.5057182 2.196059 -0.4122955 0.4771988 1.918725 -0.09584751 0.5629164 2.584686 0.04853437 0.513181 2.251394 0.06087186 0.4932089 1.96138 -0.3418056 0.1256014 2.456285 -0.3479795 -0.3021367 2.583528 -0.504048 -0.8254646 2.470614 -0.1376485 0.1265583 2.484174 -0.1550624 -0.3065126 2.590659 0.04910582 -0.8161341 2.44732 
-0.261931 0.7631535 2.605537 -0.2526983 0.5567117 2.555097 -0.2456603 0.3373608 2.515307 -0.4115157 0.5552257 2.535197 -0.5134659 0.4928329 2.20302 -0.4650845 0.4729634 1.919722 -0.09388101 0.5581976 2.574997 0.09080514 0.5011191 2.274707 0.1273907 0.4838573 1.986151 -0.3408458 0.1170536 2.462708 -0.3524982 -0.3138541 2.577864 -0.5017144 -0.824071 2.474072 -0.1363986 0.1189665 2.488325 -0.1453584 -0.3164657 2.585375 0.05105048 -0.8134567 2.452385 
-0.2593438 0.7628226 2.595794 -0.2510374 0.5549866 2.548352 -0.2441639 0.3352372 2.510258 -0.4100402 0.5531905 2.530023 -0.591224 0.4739102 2.268009 -0.5421909 0.446795 1.987241 -0.09203459 0.5567825 2.566682 0.1464122 0.4800681 2.336842 0.1958722 0.4622161 2.050064 -0.3396285 0.114332 2.460367 -0.3587864 -0.3235385 2.531656 -0.4767857 -0.784469 2.522536 -0.1349522 0.1166439 2.483961 -0.1512495 -0.3185488 2.581468 0.05731059 -0.8117386 2.441259 
-0.2551205 0.7585813 2.581422 -0.2490878 0.5504004 2.538012 -0.2440015 0.3302047 2.502075 -0.4081741 0.5496139 2.520315 -0.6406028 0.4489568 2.320507 -0.6071011 0.424994 2.03631 -0.0900016 0.551187 2.555709 0.1892166 0.4585343 2.395908 0.2391944 0.4362803 2.112357 -0.3413046 0.1095027 2.454749 -0.3631514 -0.3275167 2.536478 -0.4826848 -0.7992089 2.50083 -0.1365258 0.1105152 2.477529 -0.1525566 -0.3254237 2.572101 0.05234706 -0.8133332 2.439881 
-0.24751 0.758634 2.557245 -0.2451139 0.5472824 2.523907 -0.2430657 0.3261003 2.495044 -0.404266 0.5480366 2.506835 -0.667294 0.4334688 2.38128 -0.6363482 0.4071948 2.096217 -0.08596172 0.5465282 2.54098 0.2021211 0.4457758 2.472929 0.2455392 0.4227838 2.189153 -0.3434533 0.1054037 2.455191 -0.3607702 -0.3297805 2.549406 -0.489661 -0.8062893 2.493677 -0.138582 0.1044329 2.477168 -0.1479597 -0.3323939 2.568438 0.04239241 -0.8096859 2.456296 
-0.2440696 0.7557673 2.546146 -0.2419686 0.5442998 2.514908 -0.240332 0.3229201 2.486904 -0.4010055 0.5454172 2.496781 -0.6736445 0.4272414 2.43262 -0.6401071 0.4007353 2.146936 -0.08293166 0.5431824 2.533036 0.1960604 0.4323832 2.538964 0.2347393 0.4036951 2.253395 -0.341053 0.1022596 2.447232 -0.3529664 -0.3277991 2.562767 -0.4908704 -0.8107446 2.474674 -0.1363378 0.1008213 2.470567 -0.1385027 -0.3375019 2.554519 0.03996275 -0.802407 2.45621 
-0.2392626 0.7525573 2.531098 -0.2380037 0.5411878 2.506016 -0.2375098 0.3192912 2.482439 -0.3968911 0.5428901 2.486666 -0.6558386 0.4301351 2.492804 -0.6185313 0.4051634 2.207272 -0.07911637 0.5394853 2.525367 0.1735139 0.428679 2.601468 0.2054842 0.3884073 2.315044 -0.3392797 0.09849039 2.446407 -0.3532373 -0.3325526 2.559933 -0.4948593 -0.8150669 2.475995 -0.1347521 0.09629898 2.471316 -0.1415865 -0.3391449 2.568281 0.03943983 -0.8049248 2.462171 
-0.2350688 0.7554292 2.520552 -0.2348076 0.5430176 2.500539 -0.2338459 0.3206657 2.48111 -0.3935885 0.544105 2.480235 -0.594712 0.4205369 2.568164 -0.5575951 0.4115502 2.28491 -0.07602682 0.5419304 2.520843 0.1028733 0.4239213 2.656346 0.1155422 0.3849257 2.366895 -0.3350768 0.09901351 2.448613 -0.3592678 -0.3354451 2.54493 -0.4828004 -0.7973135 2.505832 -0.1306914 0.09761391 2.474749 -0.1281941 -0.3431897 2.534784 0.008265839 -0.7787042 2.520787 
-0.2345513 0.7541054 2.518819 -0.2349133 0.5416085 2.499987 -0.2359116 0.3191781 2.481384 -0.3938181 0.5439228 2.480843 -0.5643438 0.3942719 2.580093 -0.5003443 0.4157496 2.305011 -0.07600836 0.5392941 2.519132 0.08395042 0.4084566 2.652166 0.0520707 0.3866276 2.366554 -0.3391891 0.09823741 2.450458 -0.3636106 -0.3369841 2.545118 -0.4942258 -0.8055713 2.494133 -0.1346307 0.0952581 2.475102 -0.1350435 -0.3447643 2.545108 0.004496536 -0.7833818 2.504449 
-0.2350521 0.7520419 2.51792 -0.2348143 0.5390701 2.501849 -0.2358437 0.3164949 2.484973 -0.3935478 0.5413598 2.481332 -0.5491779 0.3656416 2.55753 -0.4370038 0.4284604 2.310634 -0.07608096 0.5367804 2.522366 0.07146674 0.3822238 2.614082 -0.01193917 0.397479 2.342732 -0.3390378 0.09539349 2.454891 -0.3580211 -0.3376217 2.560445 -0.4939243 -0.8112386 2.48908 -0.1347082 0.09244598 2.481302 -0.1386907 -0.3456258 2.563951 0.02713356 -0.7943273 2.479739 
-0.2370972 0.7554563 2.533506 -0.2351841 0.5409247 2.51209 -0.2351091 0.3187571 2.490843 -0.3938304 0.5429024 2.490849 -0.5310813 0.3523121 2.507776 -0.3768016 0.4433739 2.291365 -0.07653789 0.538947 2.53333 0.05174123 0.3586189 2.557048 -0.07378333 0.4128348 2.307805 -0.3371401 0.09786247 2.455925 -0.3586136 -0.3374901 2.551108 -0.4941303 -0.8092256 2.478363 -0.132928 0.09531669 2.483266 -0.1380391 -0.3431285 2.565637 0.03589017 -0.7918907 2.463748 
-0.238826 0.7598934 2.550796 -0.2371753 0.5446554 2.523169 -0.2365073 0.3230547 2.496913 -0.3959747 0.5465541 2.503103 -0.5145598 0.3516688 2.450394 -0.3389755 0.4572113 2.25156 -0.07837579 0.5427566 2.543235 0.03285123 0.3527955 2.488026 -0.1161708 0.4278357 2.254675 -0.3380467 0.102676 2.457743 -0.3602335 -0.3316972 2.557739 -0.4974259 -0.809038 2.476474 -0.1336319 0.1002319 2.483572 -0.1420742 -0.3386865 2.563925 0.03284085 -0.7899597 2.463687 
-0.2408966 0.7623394 2.568418 -0.2390837 0.5479526 2.533694 -0.2377341 0.3270707 2.502134 -0.3984176 0.5490028 2.51953 -0.4903807 0.3714063 2.386201 -0.3008936 0.4743023 2.194499 -0.07974976 0.5469024 2.547858 0.0193257 0.3643273 2.42449 -0.150255 0.444374 2.206079 -0.3390046 0.1068652 2.461452 -0.3666157 -0.3327984 2.51958 -0.4764925 -0.773174 2.539661 -0.1337644 0.1055124 2.479696 -0.1470903 -0.3317302 2.568064 0.03916058 -0.7931648 2.45131 
-0.2464446 0.761494 2.586738 -0.2432384 0.5494077 2.543121 -0.2407726 0.329438 2.505918 -0.4027638 0.5497301 2.530641 -0.4562236 0.4022243 2.324609 -0.2671611 0.4828562 2.121464 -0.08371302 0.5490852 2.555601 0.02891378 0.3828408 2.389506 -0.1543613 0.4463295 2.175156 -0.3409506 0.1096759 2.460684 -0.3688505 -0.3298098 2.52701 -0.478182 -0.7853253 2.519221 -0.1356629 0.1092609 2.476744 -0.1488929 -0.3271632 2.569444 0.03741759 -0.7950212 2.453149 
