-0.09938403 0.7298863 2.769962 -0.09746954 0.5088509 2.743078 -0.09781114 0.2877575 2.728505 -0.2647659 0.5099866 2.72977 -0.2693141 0.3043739 2.457405 -0.1283998 0.4439124 2.252513 0.06982689 0.5077152 2.756386 0.1298936 0.2961055 2.517774 -0.01081599 0.3972228 2.289792 -0.200114 0.0673563 2.705822 -0.2069811 -0.3740505 2.744633 -0.3152545 -0.8172765 2.679174 0.003808488 0.06597196 2.722044 0.06898988 -0.3720944 2.713106 0.185312 -0.7559541 2.676369 
-0.09816656 0.7222409 2.764447 -0.09615032 0.5044993 2.747643 -0.09470052 0.2831688 2.737268 -0.2629604 0.5042469 2.729717 -0.2432128 0.3757273 2.423712 -0.1313613 0.4641161 2.186372 0.0706598 0.5047517 2.765568 0.09388749 0.3695097 2.466424 -7.398224E-05 0.4258052 2.212649 -0.1949627 0.06168443 2.715964 -0.2041065 -0.3803096 2.747142 -0.3120398 -0.8275403 2.691239 0.008461269 0.06199223 2.737823 0.07280347 -0.3761644 2.722517 0.188247 -0.7643046 2.688658 
-0.09598845 0.7224184 2.761635 -0.09401552 0.505523 2.752479 -0.09265347 0.2840686 2.744034 -0.2606135 0.5052622 2.732447 -0.2276178 0.4278731 2.40285 -0.1465966 0.4730253 2.143945 0.07258243 0.5057837 2.772511 0.09443104 0.415746 2.431212 0.03763954 0.4446395 2.162104 -0.1928222 0.06245534 2.723381 -0.209315 -0.3798975 2.739408 -0.3139376 -0.8211365 2.68993 0.01023938 0.06277315 2.747798 0.07252266 -0.374076 2.711688 0.1846728 -0.7599055 2.683903 
-0.09618086 0.7247031 2.775591 -0.09123363 0.5084282 2.760226 -0.08843152 0.2872861 2.745881 -0.2583499 0.5072753 2.745358 -0.2599367 0.4594897 2.386731 -0.2220031 0.4915567 2.112303 0.0758826 0.5095811 2.775095 0.1618267 0.4534127 2.417809 0.1457477 0.4512305 2.135999 -0.1875126 0.06544113 2.722471 -0.2115398 -0.3768189 2.737741 -0.3118336 -0.815356 2.688046 0.01625373 0.06684695 2.7406 0.06936901 -0.3710946 2.699637 0.1831577 -0.76237 2.667907 
-0.09545796 0.726916 2.777747 -0.09066342 0.5105089 2.761299 -0.08798353 0.289473 2.745121 -0.2580065 0.5093783 2.749025 -0.3039824 0.4732552 2.403371 -0.2719168 0.4953522 2.125423 0.07667959 0.5116394 2.773572 0.2038993 0.4411954 2.434405 0.2027321 0.4547977 2.146895 -0.1872955 0.06774811 2.721462 -0.2097587 -0.3747836 2.732679 -0.3098987 -0.8117903 2.683921 0.01668825 0.06912622 2.736423 0.06675661 -0.3694968 2.697479 0.1835967 -0.7563205 2.665175 
-0.09678918 0.72958 2.778326 -0.09170882 0.5130256 2.760949 -0.08831807 0.2920852 2.743486 -0.259133 0.511359 2.749528 -0.3534985 0.4466271 2.428196 -0.3318169 0.5049194 2.152365 0.07571531 0.5146923 2.77237 0.2504429 0.4135973 2.461701 0.2681079 0.4667329 2.18369 -0.186963 0.07012904 2.719063 -0.206731 -0.3726225 2.72812 -0.3111917 -0.8121608 2.682565 0.01710839 0.07216053 2.732984 0.06596756 -0.3666008 2.693145 0.1834957 -0.7557719 2.666231 
-0.09893304 0.7259828 2.768618 -0.09304167 0.5084025 2.755193 -0.08913333 0.2873111 2.739884 -0.2604552 0.5062539 2.743485 -0.3967523 0.4138138 2.460087 -0.3788304 0.5136179 2.196509 0.07437183 0.5105512 2.766902 0.2922175 0.3992997 2.501347 0.3187014 0.4785477 2.234182 -0.1872606 0.06491002 2.717438 -0.2047091 -0.3779857 2.725489 -0.3140424 -0.8209894 2.681858 0.01681066 0.06752916 2.73171 0.06579213 -0.3714467 2.694018 0.1827367 -0.7630341 2.670053 
-0.09761483 0.7254239 2.753764 -0.09212674 0.507848 2.745805 -0.08785202 0.2865677 2.733944 -0.2593761 0.5053538 2.73206 -0.4343969 0.370422 2.550038 -0.4340086 0.4949761 2.294409 0.07512262 0.5103422 2.759549 0.3095874 0.3656341 2.593677 0.3575539 0.4746009 2.340605 -0.1855245 0.06376712 2.713705 -0.2026344 -0.3791777 2.720808 -0.3136313 -0.8185289 2.679513 0.01836993 0.06680777 2.730461 0.06807501 -0.3713494 2.685371 0.1845785 -0.7589232 2.669923 
-0.09310533 0.723432 2.737831 -0.08890364 0.5045514 2.734308 -0.08480995 0.2831233 2.72565 -0.25578 0.5021477 2.716878 -0.4477336 0.3442375 2.611014 -0.4674074 0.5000591 2.376138 0.07797267 0.5069549 2.751737 0.3062585 0.3437898 2.671835 0.3759227 0.4826759 2.441366 -0.1824518 0.06022996 2.706366 -0.1977194 -0.3828039 2.712408 -0.3130969 -0.8237206 2.676782 0.02101927 0.06316069 2.727618 0.07082239 -0.3752568 2.684859 0.1856869 -0.761757 2.668748 
-0.09418094 0.7214112 2.717863 -0.08862651 0.5025794 2.722905 -0.08404756 0.2810707 2.720397 -0.2555665 0.4993197 2.706015 -0.4318553 0.3266111 2.690993 -0.4836332 0.499963 2.473055 0.07831352 0.505839 2.739796 0.278138 0.329903 2.742926 0.3788421 0.4867155 2.539127 -0.1812108 0.05757538 2.707594 -0.1991584 -0.3842537 2.732908 -0.3133256 -0.8227299 2.68579 0.02227355 0.06154858 2.728183 0.06815637 -0.377118 2.683592 0.1848254 -0.7601827 2.673367 
-0.09456934 0.720332 2.707884 -0.08889244 0.501052 2.716393 -0.08367233 0.2795206 2.717394 -0.255735 0.4970402 2.698621 -0.3959366 0.3303115 2.746488 -0.4751517 0.4980965 2.535757 0.0779501 0.5050637 2.734164 0.2335585 0.3249453 2.808469 0.3487803 0.482446 2.600984 -0.1801425 0.05554418 2.707563 -0.1979317 -0.3865686 2.731809 -0.3127013 -0.8200734 2.683248 0.02323807 0.06043443 2.729227 0.06759834 -0.3786367 2.687002 0.184716 -0.7598953 2.672953 
-0.09530346 0.7201694 2.702901 -0.09017029 0.5005164 2.714171 -0.08435219 0.279038 2.718869 -0.2564788 0.4956863 2.692427 -0.3514158 0.2912285 2.806479 -0.4191194 0.4607953 2.587628 0.07613824 0.5053465 2.735915 0.1954958 0.3024602 2.823548 0.2851804 0.4691483 2.606446 -0.1799297 0.05461484 2.71031 -0.203288 -0.384987 2.75663 -0.3136625 -0.8179467 2.685384 0.02286161 0.06050448 2.736825 0.069162 -0.3776757 2.688263 0.1825092 -0.7613241 2.679058 
-0.09692383 0.7218306 2.700397 -0.09297135 0.5016915 2.712857 -0.08806887 0.2801956 2.718975 -0.2591519 0.4973786 2.689875 -0.3347271 0.2504152 2.808448 -0.3621284 0.4335096 2.592713 0.07320926 0.5060045 2.735839 0.1682452 0.2752242 2.826768 0.2179577 0.4550772 2.606485 -0.1844449 0.05607106 2.711087 -0.2089953 -0.3843765 2.751281 -0.3184357 -0.8145328 2.685081 0.01811214 0.06132808 2.739099 0.06374862 -0.3758934 2.682357 0.1772653 -0.7548913 2.675008 
-0.09850101 0.7222485 2.700146 -0.09411218 0.5019436 2.713471 -0.08995495 0.2804285 2.720134 -0.2604072 0.4981504 2.691121 -0.3293545 0.2397133 2.761727 -0.3064602 0.427037 2.562578 0.07218286 0.5057367 2.735821 0.1816643 0.2406903 2.831907 0.1528201 0.4137937 2.612131 -0.1871511 0.05660164 2.713174 -0.2073853 -0.3847806 2.746166 -0.3166372 -0.8159596 2.686249 0.01555571 0.0612253 2.740418 0.0644512 -0.3758956 2.685327 0.1794261 -0.7569646 2.676691 
-0.1017518 0.7255949 2.719044 -0.09699489 0.5039625 2.723827 -0.0915532 0.2824447 2.724691 -0.2630249 0.4997896 2.699654 -0.3301457 0.239333 2.696377 -0.2493029 0.4255034 2.513571 0.06903508 0.5081354 2.748 0.1861444 0.218708 2.789621 0.09729757 0.3845461 2.579751 -0.1873132 0.05838332 2.710821 -0.2040656 -0.3838017 2.73341 -0.3166361 -0.8174602 2.680739 0.01509017 0.06347042 2.740291 0.06799182 -0.3736176 2.688728 0.1810141 -0.7526893 2.673058 
-0.09965941 0.7258587 2.738954 -0.09445818 0.5027889 2.735865 -0.08813779 0.2813703 2.731511 -0.26116 0.4984004 2.717049 -0.3150608 0.2618504 2.5766 -0.1747615 0.4138176 2.394437 0.07224365 0.5071774 2.75468 0.1600138 0.2454091 2.650144 0.01701082 0.3760681 2.445982 -0.1834166 0.05727716 2.715689 -0.200948 -0.3854434 2.725231 -0.3097729 -0.8178292 2.679238 0.01978184 0.06262641 2.738624 0.07205003 -0.375009 2.690865 0.1881802 -0.7554416 2.669355 
-0.0979319 0.7203677 2.748898 -0.09343652 0.498147 2.739151 -0.08708788 0.2767522 2.732099 -0.2604728 0.4938477 2.723748 -0.3025582 0.2779453 2.533803 -0.150749 0.414362 2.341639 0.07359982 0.5024462 2.754554 0.1399798 0.264683 2.588572 -0.004539917 0.3936809 2.375184 -0.1825646 0.05273659 2.715658 -0.2080339 -0.3894834 2.729523 -0.313057 -0.8223135 2.684487 0.02108612 0.05797822 2.734437 0.06654587 -0.3810388 2.693839 0.184745 -0.7615221 2.670329 
-0.09893113 0.7178065 2.764393 -0.09275842 0.4959645 2.743292 -0.08567638 0.2748933 2.730409 -0.2600063 0.491358 2.730401 -0.2853213 0.297299 2.488456 -0.1307237 0.4124764 2.280081 0.07448947 0.500571 2.756183 0.123739 0.2802955 2.53874 -0.01680867 0.4046414 2.315729 -0.1805336 0.05101443 2.709668 -0.2053453 -0.3912885 2.72488 -0.3124127 -0.8195956 2.678768 0.02334496 0.05662985 2.725382 0.06969975 -0.3826751 2.688588 0.1850234 -0.7587969 2.666703 
