-0.1033025 0.7161381 2.749189 -0.09506606 0.4957466 2.733558 -0.08938029 0.2745584 2.722541 -0.262639 0.4917939 2.726434 -0.2537939 0.3712446 2.45647 -0.1242093 0.4145466 2.207354 0.07250688 0.4996993 2.740682 0.1277144 0.348816 2.498126 -0.01183496 0.4036804 2.253429 -0.1857935 0.05096192 2.707183 -0.2129787 -0.3906748 2.733086 -0.3177947 -0.8183695 2.682376 0.0184045 0.0557785 2.715863 0.06553331 -0.3841274 2.690547 0.1893062 -0.7716299 2.650728 
-0.09909672 0.7114898 2.74506 -0.09342324 0.4941105 2.739472 -0.08972453 0.272712 2.731322 -0.2610555 0.4915747 2.732281 -0.2448979 0.4046236 2.423244 -0.1467029 0.4316922 2.161497 0.07420905 0.4966462 2.746663 0.08585632 0.4044078 2.452052 -0.005343323 0.4286869 2.189135 -0.1881826 0.0497683 2.71879 -0.2146621 -0.3922675 2.737866 -0.3165465 -0.8211482 2.694023 0.01613094 0.05285893 2.727554 0.0663838 -0.3869886 2.706245 0.1894897 -0.7814676 2.661932 
-0.1024931 0.7168865 2.761985 -0.09541177 0.499119 2.748505 -0.08978535 0.2781405 2.733973 -0.2630459 0.4953129 2.741479 -0.2569539 0.427314 2.401638 -0.1884323 0.440834 2.131379 0.07222238 0.5029251 2.755532 0.09542497 0.4432016 2.416005 0.04253772 0.4501102 2.141562 -0.1863265 0.05484218 2.715159 -0.2109459 -0.3875537 2.726439 -0.3147219 -0.8159037 2.676084 0.01800862 0.05948158 2.723723 0.07190078 -0.3791009 2.690673 0.1947605 -0.7721521 2.647285 
-0.1052421 0.7147617 2.77818 -0.09647378 0.4992134 2.757689 -0.08877569 0.2787916 2.736294 -0.2640187 0.4941974 2.749083 -0.3327288 0.4538203 2.392421 -0.306048 0.4650717 2.109656 0.07107107 0.5042294 2.766295 0.1703662 0.4548091 2.405245 0.1780746 0.4710982 2.119542 -0.1831989 0.05531238 2.709653 -0.2094191 -0.3868519 2.727478 -0.3121622 -0.821139 2.679186 0.02104367 0.06142706 2.720144 0.06711597 -0.3781124 2.686496 0.1931514 -0.7801988 2.650912 
-0.1053932 0.7126291 2.768544 -0.09610762 0.4962072 2.754461 -0.08789375 0.2754791 2.736544 -0.2636623 0.4906333 2.746315 -0.3639507 0.4362298 2.479827 -0.3246586 0.4686903 2.194457 0.0714471 0.501781 2.762607 0.2191879 0.4454088 2.424125 0.2509114 0.469243 2.140869 -0.1818078 0.05135361 2.713662 -0.2088482 -0.3882231 2.757313 -0.3104395 -0.8222109 2.68823 0.02244801 0.05814841 2.723592 0.06622497 -0.3819742 2.694312 0.1922554 -0.7826209 2.657202 
-0.106054 0.7110699 2.753726 -0.09734866 0.4941215 2.74779 -0.0899936 0.2730274 2.735154 -0.264982 0.4889175 2.741269 -0.4321797 0.4111741 2.484711 -0.4044509 0.4492051 2.205905 0.07028462 0.4993254 2.754311 0.2721186 0.4207245 2.466062 0.3212097 0.4653832 2.18498 -0.1848198 0.04876131 2.718544 -0.2104397 -0.3923652 2.73843 -0.3144312 -0.819721 2.687491 0.01954269 0.05510542 2.726494 0.06263073 -0.3850377 2.695877 0.1925136 -0.7837123 2.654783 
-0.1037767 0.7084263 2.737813 -0.09569499 0.4917039 2.739254 -0.08891019 0.2703722 2.731419 -0.2633336 0.4868044 2.732494 -0.4825936 0.3875898 2.531858 -0.481832 0.4327645 2.255468 0.07194363 0.4966034 2.746015 0.3060558 0.4013596 2.517528 0.3806015 0.4564186 2.242728 -0.1843037 0.04605417 2.719463 -0.2034508 -0.3938802 2.760661 -0.3137224 -0.8222843 2.682722 0.02005295 0.05202682 2.727704 0.06551496 -0.3875521 2.69277 0.1936984 -0.781902 2.655144 
-0.1050256 0.7132857 2.712877 -0.09782666 0.4946571 2.723047 -0.09110288 0.27317 2.721756 -0.2654369 0.489612 2.715656 -0.5404106 0.3731558 2.663964 -0.5530679 0.3942479 2.38151 0.06978352 0.4997022 2.730438 0.3285022 0.3613312 2.652628 0.4101895 0.4264393 2.384686 -0.1865437 0.04860768 2.71596 -0.1951254 -0.3904912 2.773432 -0.3178801 -0.818303 2.681747 0.01778551 0.05475807 2.72497 0.06735795 -0.3845951 2.692562 0.1894416 -0.7748729 2.653774 
-0.1026328 0.7110981 2.706392 -0.09697515 0.4933472 2.717064 -0.09097182 0.2717982 2.717038 -0.264651 0.4888044 2.711073 -0.5386996 0.3780744 2.727487 -0.5369316 0.38462 2.44353 0.07070066 0.49789 2.723055 0.3107565 0.3476697 2.709814 0.3870705 0.4045821 2.44447 -0.1871758 0.04748004 2.71336 -0.190399 -0.3900469 2.782413 -0.319899 -0.822944 2.67738 0.01723879 0.05301819 2.720664 0.06426261 -0.3868937 2.692517 0.1898646 -0.7747232 2.648186 
-0.09845957 0.7096807 2.694153 -0.09507392 0.4918482 2.71043 -0.09050388 0.2703169 2.714377 -0.2628143 0.4883067 2.705878 -0.5078326 0.3855249 2.770259 -0.4933968 0.3831708 2.485774 0.0726664 0.4953896 2.714981 0.2733953 0.3503483 2.778404 0.3325427 0.3986868 2.507232 -0.1881806 0.04662692 2.71555 -0.1894197 -0.3921222 2.777405 -0.3196465 -0.8222639 2.683678 0.0163129 0.05094431 2.721099 0.06483611 -0.3888133 2.692799 0.1897769 -0.7775635 2.652678 
-0.09578294 0.7103659 2.686529 -0.09331378 0.492317 2.706899 -0.0899601 0.2709282 2.715698 -0.2610813 0.4896057 2.702624 -0.4539121 0.3902598 2.81914 -0.4264099 0.3800211 2.535299 0.07445377 0.4950283 2.711173 0.2172021 0.3456773 2.817694 0.2581158 0.3848548 2.534781 -0.1888641 0.04788678 2.721891 -0.1917161 -0.3928279 2.76483 -0.3190229 -0.819954 2.685085 0.01565121 0.0511919 2.727102 0.06658663 -0.3885711 2.703999 0.1901741 -0.7749898 2.660113 
-0.09671515 0.7146839 2.682715 -0.09350434 0.4954622 2.705673 -0.09007368 0.2741809 2.717329 -0.2612732 0.4926336 2.701352 -0.3829564 0.3826303 2.833069 -0.3401454 0.370864 2.552971 0.07426452 0.4982909 2.709995 0.1926649 0.3258142 2.813304 0.1621146 0.3745237 2.535433 -0.1889015 0.05117532 2.726351 -0.1941996 -0.39079 2.751777 -0.3172073 -0.8173203 2.686336 0.01561542 0.05462357 2.731619 0.06557524 -0.385281 2.708634 0.1923737 -0.7716856 2.656565 
-0.09704103 0.71522 2.69081 -0.09385394 0.4963277 2.711102 -0.0905194 0.2749405 2.721149 -0.2616559 0.4936973 2.708832 -0.3818615 0.3477094 2.802625 -0.2708341 0.3653612 2.551121 0.07394803 0.4989581 2.713371 0.1821444 0.3050443 2.786282 0.08707087 0.3690431 2.528521 -0.1894726 0.05194992 2.729813 -0.1969402 -0.3904932 2.751054 -0.3166541 -0.8200297 2.684401 0.01510282 0.05515677 2.73258 0.06349311 -0.3841968 2.699739 0.1921912 -0.7725256 2.651486 
-0.09487623 0.7133411 2.70436 -0.09314323 0.4943638 2.71963 -0.09020056 0.2728469 2.72599 -0.2609648 0.4921114 2.718828 -0.3723989 0.3086775 2.731015 -0.2173948 0.3619553 2.50969 0.07467829 0.4966162 2.720433 0.174556 0.2780099 2.728146 0.03621022 0.3718984 2.502039 -0.1895508 0.04995714 2.731861 -0.1968622 -0.3929123 2.742902 -0.3186176 -0.8243905 2.681517 0.015035 0.05270293 2.732839 0.06401513 -0.3867514 2.701445 0.1923016 -0.7744878 2.650021 
-0.0950013 0.7139915 2.71113 -0.09429212 0.4946015 2.724318 -0.09172795 0.2730303 2.729631 -0.2620568 0.4925696 2.720547 -0.35219 0.303832 2.647003 -0.1840966 0.3715115 2.432425 0.07347251 0.4966334 2.728089 0.164287 0.282012 2.654571 0.001318115 0.3868578 2.4443 -0.1914341 0.05022043 2.732646 -0.2019424 -0.3927738 2.735903 -0.3186332 -0.822428 2.683015 0.01310653 0.05269772 2.737244 0.06388258 -0.3867111 2.707772 0.191269 -0.7740297 2.654785 
-0.09229656 0.7186319 2.735042 -0.09171884 0.4973252 2.733347 -0.09051821 0.2758185 2.730901 -0.2594257 0.4964827 2.72733 -0.3335421 0.3183777 2.572472 -0.1657639 0.3874729 2.35304 0.07598799 0.4981678 2.739364 0.1421943 0.3140453 2.580298 -0.01850548 0.4096784 2.358813 -0.1915424 0.05379816 2.724788 -0.2014666 -0.3893267 2.726177 -0.3180044 -0.8197725 2.671759 0.01290727 0.05482532 2.732124 0.06795558 -0.3843524 2.707772 0.1914019 -0.7708805 2.645074 
