-0.10686 0.7220821 2.768077 -0.10496 0.5014772 2.747566 -0.1014119 0.2805864 2.731047 -0.2724321 0.4995619 2.737205 -0.322132 0.2626708 2.541453 -0.1501328 0.404886 2.360859 0.06251214 0.5033925 2.757926 0.1377148 0.2689493 2.551689 -0.02319452 0.4082935 2.358094 -0.1999186 0.05852855 2.708216 -0.2076871 -0.3845053 2.719775 -0.3083087 -0.8148276 2.684028 0.004190973 0.06086284 2.720843 0.06421705 -0.3777547 2.698273 0.1925874 -0.7680267 2.647138 
-0.1079307 0.722219 2.773985 -0.1040266 0.5032362 2.749326 -0.1002907 0.2824592 2.730662 -0.2715229 0.5012779 2.738965 -0.3051696 0.2975881 2.499437 -0.1445221 0.4156631 2.294118 0.06346975 0.5051945 2.759688 0.1212354 0.2981148 2.50267 -0.03006236 0.430392 2.296007 -0.1986348 0.06048862 2.705682 -0.2082254 -0.3801106 2.744796 -0.3092027 -0.8129815 2.685564 0.00552528 0.06287558 2.718312 0.06410841 -0.3762383 2.703839 0.1942849 -0.7670326 2.64593 
-0.1105734 0.7304271 2.788658 -0.1023654 0.5126901 2.763836 -0.09528874 0.2921897 2.742646 -0.2698134 0.5083349 2.753233 -0.2422898 0.4113922 2.436115 -0.1596194 0.4647727 2.188665 0.06508256 0.5170451 2.774438 0.08606105 0.4025338 2.450665 -0.001676186 0.4716647 2.194375 -0.1902723 0.06903487 2.714993 -0.2067205 -0.3722233 2.739677 -0.3071775 -0.8100224 2.689113 0.0138482 0.07434376 2.727917 0.06476643 -0.3654206 2.706583 0.1946361 -0.765991 2.655829 
-0.1161354 0.7315408 2.797121 -0.1041779 0.5150701 2.77517 -0.09320371 0.2950812 2.750481 -0.2715211 0.5079264 2.76444 -0.2533264 0.4545949 2.423289 -0.2036589 0.4800425 2.152449 0.0631654 0.5222138 2.7859 0.09801137 0.458886 2.433412 0.05502758 0.4839584 2.158258 -0.1842327 0.07073793 2.719251 -0.2048887 -0.3714978 2.729351 -0.3051987 -0.814574 2.687567 0.01977361 0.07944673 2.732332 0.06354433 -0.3605944 2.701815 0.1954094 -0.7711128 2.65368 
-0.1144961 0.7292184 2.800019 -0.1029224 0.5135301 2.776171 -0.09275903 0.2937284 2.749484 -0.2703322 0.5070223 2.766016 -0.2876649 0.4813005 2.428647 -0.245472 0.4834437 2.152171 0.06448732 0.5200381 2.786326 0.1355038 0.4734391 2.437712 0.1049869 0.4908669 2.158547 -0.1846351 0.06996005 2.716607 -0.2053996 -0.3725487 2.725882 -0.3132602 -0.8212158 2.681891 0.01944384 0.0778934 2.728986 0.05993096 -0.3622661 2.695465 0.1911742 -0.7722082 2.647941 
-0.1139866 0.7299569 2.79569 -0.1035842 0.5129661 2.771884 -0.09436095 0.2931344 2.745299 -0.2707705 0.5076106 2.758166 -0.3694077 0.4275725 2.456899 -0.337778 0.4871075 2.18381 0.06360199 0.5183216 2.785602 0.2271322 0.4593646 2.476684 0.2105154 0.4911393 2.197423 -0.1870455 0.07003815 2.710352 -0.2010367 -0.3718585 2.720671 -0.3164707 -0.8181993 2.67267 0.01677014 0.07656708 2.727075 0.05964012 -0.3626597 2.685165 0.1900172 -0.773353 2.647289 
-0.1177184 0.7293677 2.787283 -0.1003886 0.4895192 2.771745 -0.09315532 0.2705859 2.738614 -0.2676027 0.4861093 2.757771 -0.415191 0.4082841 2.478419 -0.3852663 0.4928285 2.211083 0.06682553 0.492929 2.785719 0.2665738 0.4256862 2.501867 0.2682572 0.4936156 2.230417 -0.1878462 0.04957428 2.696966 -0.2057404 -0.3919826 2.720934 -0.3110408 -0.8373964 2.671052 0.01600211 0.05373114 2.714001 0.06149389 -0.3854494 2.674278 0.1897889 -0.795167 2.640221 
-0.1142408 0.7220171 2.755996 -0.1018984 0.497472 2.750729 -0.09270744 0.2768648 2.734305 -0.2692932 0.4912587 2.740511 -0.4692149 0.3625193 2.556064 -0.4680345 0.4911146 2.301244 0.06549639 0.5036852 2.760948 0.3239677 0.3797309 2.602999 0.3636587 0.4783461 2.347564 -0.1855534 0.05247031 2.711651 -0.2035765 -0.387683 2.758123 -0.3098491 -0.816061 2.688815 0.01852045 0.06004495 2.724109 0.06830973 -0.3797402 2.70126 0.1904754 -0.7688812 2.655649 
-0.1060142 0.7181462 2.738448 -0.09753452 0.4966758 2.739579 -0.08977327 0.2755853 2.730198 -0.264905 0.4912759 2.728372 -0.474131 0.344275 2.622544 -0.4818767 0.4831625 2.372133 0.06983595 0.5020757 2.750787 0.3224626 0.3678484 2.668485 0.381563 0.4629359 2.412768 -0.1840238 0.05120364 2.713986 -0.2048908 -0.3901252 2.744124 -0.3098321 -0.8171718 2.682868 0.01999978 0.05778604 2.727648 0.06897453 -0.3812485 2.693036 0.1917183 -0.7722699 2.652358 
-0.1044748 0.7130652 2.720176 -0.09599313 0.4935248 2.727874 -0.08871606 0.272205 2.724814 -0.263243 0.4882044 2.714942 -0.4595989 0.3376613 2.687272 -0.4866298 0.4827173 2.443838 0.07125674 0.4988452 2.740807 0.3046991 0.3533985 2.735742 0.3721364 0.4415178 2.479067 -0.183383 0.04764232 2.713871 -0.2056089 -0.3934241 2.749546 -0.3110099 -0.8205028 2.683662 0.02050506 0.05412822 2.729637 0.06745119 -0.3846231 2.688398 0.1911395 -0.7736726 2.651891 
-0.1023685 0.7168508 2.70904 -0.09417178 0.4979182 2.719484 -0.08702939 0.2764996 2.720288 -0.2614888 0.4924771 2.707402 -0.4247892 0.3228236 2.756136 -0.4658792 0.4743602 2.516419 0.07314526 0.5033593 2.731565 0.2823589 0.3607072 2.786872 0.3398865 0.430986 2.52142 -0.1818683 0.05176471 2.713728 -0.2060414 -0.3885998 2.756949 -0.3122806 -0.8133323 2.681745 0.02209427 0.05839746 2.728455 0.07036784 -0.3800852 2.685082 0.192442 -0.7657522 2.65227 
-0.1024175 0.716352 2.694472 -0.09483725 0.4978724 2.711272 -0.08747283 0.2765583 2.717789 -0.2622784 0.4920117 2.701457 -0.3808546 0.310884 2.795562 -0.4221632 0.4665757 2.557632 0.07260388 0.5037332 2.721087 0.2437165 0.3428842 2.81744 0.2809513 0.4216903 2.544753 -0.1821759 0.05167163 2.718323 -0.2079374 -0.3870707 2.77436 -0.3142107 -0.8178253 2.686038 0.02195906 0.05881677 2.730289 0.06545218 -0.3800462 2.685528 0.190777 -0.7690876 2.655558 
-0.09825947 0.7198126 2.698053 -0.09498097 0.4998403 2.711204 -0.08984958 0.2783549 2.717466 -0.2626002 0.4957457 2.703734 -0.3651554 0.2709391 2.804362 -0.3332497 0.4439805 2.580869 0.07263821 0.5039349 2.718675 0.2059423 0.2752215 2.826956 0.1652071 0.3988849 2.571384 -0.1868846 0.05437373 2.719175 -0.2116955 -0.3857024 2.762507 -0.3178261 -0.814642 2.6841 0.01744819 0.05936519 2.728281 0.06251214 -0.3798856 2.688879 0.1881963 -0.7742031 2.655217 
-0.09635501 0.7184196 2.698477 -0.09370509 0.4983531 2.710214 -0.09011584 0.2768365 2.716991 -0.2612838 0.4953691 2.70143 -0.3650773 0.2589729 2.762674 -0.284316 0.4272803 2.560391 0.07387365 0.5013371 2.718998 0.2108581 0.2545216 2.796762 0.1082495 0.3923881 2.573988 -0.188672 0.05350101 2.718414 -0.2105405 -0.386456 2.766287 -0.3149095 -0.8140919 2.682168 0.01561879 0.0571387 2.729122 0.06481925 -0.3817909 2.691113 0.1885191 -0.7734135 2.657553 
-0.09862103 0.7200672 2.708203 -0.09573372 0.4995673 2.714627 -0.09209972 0.2779855 2.718095 -0.2629692 0.4966174 2.701389 -0.3579938 0.2514541 2.700837 -0.2357103 0.4252442 2.523158 0.07150176 0.5025172 2.727865 0.2161838 0.2244771 2.767511 0.08161341 0.3726454 2.564713 -0.1904326 0.05460515 2.713492 -0.2136019 -0.3866931 2.734493 -0.3133237 -0.8085033 2.683049 0.01350118 0.05820238 2.729635 0.06295221 -0.3809314 2.694238 0.1895581 -0.7655318 2.655376 
-0.09911846 0.7182052 2.71564 -0.09696195 0.497055 2.718283 -0.09487422 0.2754263 2.720325 -0.2642271 0.4953555 2.704829 -0.3384928 0.2567288 2.631416 -0.1959909 0.4305103 2.465666 0.07030319 0.4987545 2.731738 0.2015952 0.239737 2.716762 0.05638461 0.3486881 2.51996 -0.1947227 0.05276195 2.714168 -0.2169327 -0.3888631 2.738721 -0.3171459 -0.8146687 2.685657 0.009149767 0.05483342 2.730566 0.06208369 -0.3844651 2.70493 0.1874727 -0.7776467 2.656864 
-0.098733 0.7162269 2.739044 -0.09647076 0.4946436 2.727596 -0.09478451 0.2731127 2.721622 -0.2639792 0.493637 2.717643 -0.319302 0.2689633 2.531445 -0.1528206 0.4180058 2.35313 0.07103764 0.4956502 2.737548 0.1621144 0.254718 2.580133 -0.002415833 0.3845229 2.390043 -0.1951787 0.05096832 2.709582 -0.21008 -0.3916217 2.724705 -0.310959 -0.8118681 2.683363 0.008982161 0.05219519 2.721713 0.06992098 -0.3863509 2.709335 0.1928788 -0.7743589 2.649412 
-0.09637806 0.7130803 2.74897 -0.09462279 0.4923325 2.733512 -0.09318995 0.2708584 2.725188 -0.2621609 0.4916192 2.723652 -0.3093691 0.295306 2.49331 -0.142104 0.4267561 2.300676 0.07291532 0.4930457 2.743371 0.1303317 0.2843811 2.513273 -0.01267278 0.421288 2.308072 -0.1938639 0.04894968 2.710855 -0.2116603 -0.3936544 2.725898 -0.3098735 -0.8132377 2.689644 0.01034961 0.04981906 2.722872 0.07166933 -0.3889717 2.717651 0.1940867 -0.7809202 2.652405 
