-0.2459291 0.7550933 2.571008 -0.2494688 0.5388727 2.543267 -0.2528983 0.317379 2.516975 -0.4083594 0.5435414 2.524662 -0.4664265 0.3365113 2.356939 -0.2769311 0.4401831 2.151243 -0.09057821 0.5342041 2.561872 0.00356324 0.3209805 2.41561 -0.1094951 0.4197823 2.174276 -0.3585802 0.09888968 2.47871 -0.3529845 -0.3385758 2.566493 -0.4996202 -0.8086962 2.4711 -0.1540756 0.0928807 2.502656 -0.1462033 -0.3480418 2.57175 0.03492102 -0.7965819 2.446326 
-0.2470573 0.7563686 2.587534 -0.2488927 0.5407342 2.54938 -0.2523397 0.3200291 2.517131 -0.4077096 0.54602 2.53018 -0.4446995 0.3742475 2.310463 -0.2646773 0.4461109 2.095307 -0.09007573 0.5354486 2.568579 -0.007206932 0.3534971 2.363316 -0.1213994 0.4351387 2.116264 -0.3579945 0.1027256 2.472527 -0.348978 -0.3325696 2.570242 -0.4988673 -0.8095129 2.464419 -0.1535787 0.09592234 2.497239 -0.1463264 -0.3439424 2.572848 0.03768817 -0.7957776 2.451715 
-0.2487275 0.7504033 2.587302 -0.2495116 0.5358183 2.551645 -0.2517692 0.3149377 2.519965 -0.4081629 0.5404095 2.530939 -0.4218565 0.4071214 2.278726 -0.2549341 0.4558729 2.050857 -0.09086034 0.5312271 2.57235 -0.0196126 0.38775 2.321668 -0.1285271 0.4471224 2.0655 -0.3561372 0.09701204 2.47496 -0.3459556 -0.3360673 2.582057 -0.4988773 -0.8208925 2.471226 -0.1519164 0.09110213 2.501612 -0.1481869 -0.3475402 2.584148 0.04224092 -0.8062241 2.461942 
-0.2523686 0.7561106 2.608389 -0.2503212 0.5427831 2.562532 -0.2495731 0.3229637 2.524079 -0.4086044 0.5463605 2.539002 -0.3736888 0.4577534 2.22995 -0.2488413 0.469261 1.973772 -0.09203806 0.5392056 2.586062 -0.05862709 0.4547083 2.249683 -0.1280052 0.4702547 1.973792 -0.3507031 0.1054469 2.470481 -0.3456152 -0.3276466 2.578414 -0.4991617 -0.8125175 2.464653 -0.146947 0.1008417 2.500771 -0.1412564 -0.3385651 2.578457 0.0290715 -0.7867966 2.46285 
-0.2506362 0.757799 2.615734 -0.2484526 0.5455676 2.568318 -0.2472307 0.3261442 2.527533 -0.4066281 0.5492009 2.544032 -0.3698399 0.476371 2.203481 -0.2633658 0.4721132 1.938176 -0.09027712 0.5419343 2.592604 -0.06031026 0.4803562 2.231354 -0.1048504 0.4731208 1.949857 -0.3478093 0.1090592 2.471118 -0.3522254 -0.3297548 2.544674 -0.475594 -0.7767914 2.532988 -0.1442082 0.1043825 2.502379 -0.138944 -0.3353616 2.578787 0.03004207 -0.7913659 2.461912 
-0.2523178 0.7592793 2.620406 -0.249527 0.5479172 2.572219 -0.2479025 0.3287941 2.529762 -0.407843 0.5512803 2.548804 -0.3849274 0.4906859 2.199253 -0.2974997 0.4737147 1.928079 -0.09121102 0.5445541 2.595633 -0.0441614 0.4946746 2.224679 -0.06821976 0.4744203 1.940387 -0.3481719 0.1118355 2.472235 -0.355778 -0.3245293 2.561311 -0.4786035 -0.7889262 2.520282 -0.144384 0.1075065 2.502374 -0.1412797 -0.3329608 2.574819 0.02546495 -0.7878248 2.463639 
-0.252013 0.7541492 2.612732 -0.2496693 0.5432309 2.568417 -0.2479388 0.3236754 2.528235 -0.4085487 0.5454252 2.549584 -0.4039291 0.4998196 2.19762 -0.3287435 0.4768963 1.921604 -0.09078981 0.5410365 2.58725 -0.01704679 0.5038622 2.22184 -0.02646865 0.4773387 1.936252 -0.3485094 0.1055328 2.475928 -0.3505931 -0.329893 2.571821 -0.485452 -0.8071512 2.503771 -0.1439071 0.1027069 2.50018 -0.1424967 -0.3377258 2.573108 0.02630511 -0.7972737 2.462616 
-0.2517765 0.7587761 2.606986 -0.2507884 0.5463834 2.56589 -0.2500214 0.3264315 2.52782 -0.4100233 0.5486014 2.549866 -0.4817172 0.494202 2.207929 -0.4054897 0.4880053 1.929283 -0.09155351 0.5441655 2.581913 0.06525682 0.4979667 2.251695 0.06670424 0.4824056 1.961923 -0.351726 0.1079069 2.47944 -0.3561689 -0.3339263 2.532471 -0.4748805 -0.775565 2.539789 -0.1467827 0.1050523 2.500062 -0.1396002 -0.3354913 2.572035 0.02481033 -0.789904 2.466795 
-0.2552108 0.757011 2.596519 -0.2530122 0.5428635 2.560434 -0.2514247 0.3223225 2.526145 -0.4123176 0.5441295 2.544916 -0.5263513 0.4865965 2.23145 -0.4566974 0.4884697 1.950679 -0.09370669 0.5415975 2.575951 0.108634 0.4884905 2.282846 0.1102035 0.4793369 1.991792 -0.3523636 0.1025963 2.481869 -0.3561033 -0.338172 2.547086 -0.4774706 -0.7932764 2.526469 -0.147311 0.1009668 2.501842 -0.1411929 -0.3394824 2.574577 0.02541051 -0.7966387 2.465239 
-0.2541273 0.756563 2.590789 -0.2523625 0.5420719 2.55631 -0.2508667 0.3212483 2.523795 -0.4118031 0.5430691 2.542203 -0.5601675 0.4752925 2.263723 -0.4984816 0.4818704 1.982115 -0.09292189 0.5410748 2.570417 0.1408255 0.4747528 2.327913 0.156783 0.4712923 2.037826 -0.3519892 0.1010664 2.482201 -0.3547757 -0.3378945 2.560178 -0.4820495 -0.8000178 2.500355 -0.1467526 0.09978287 2.50036 -0.1419639 -0.3409822 2.571279 0.03252225 -0.7969583 2.456259 
-0.254193 0.7523246 2.579924 -0.2524194 0.5370079 2.549751 -0.2515354 0.3157604 2.520296 -0.4118516 0.5382696 2.535489 -0.600084 0.460649 2.314855 -0.540965 0.47328 2.036256 -0.09298708 0.5357462 2.564014 0.1734124 0.4558755 2.380947 0.1929285 0.4590517 2.090911 -0.3532611 0.095325 2.481662 -0.3638479 -0.3461916 2.541873 -0.4710695 -0.785302 2.541815 -0.1480417 0.09370085 2.500021 -0.1445997 -0.3469477 2.571767 0.02868628 -0.8004658 2.459035 
-0.250053 0.7484964 2.55596 -0.2502041 0.5327398 2.537137 -0.2504846 0.3106769 2.516125 -0.4094043 0.534501 2.520649 -0.6391022 0.4563685 2.376925 -0.5841243 0.4611579 2.095255 -0.09100384 0.5309785 2.553625 0.1831463 0.4368954 2.495954 0.2008218 0.4347217 2.208764 -0.3532382 0.08974771 2.4845 -0.3634286 -0.3499415 2.557967 -0.4753716 -0.7978574 2.522024 -0.1482922 0.08748037 2.505726 -0.1430476 -0.3530716 2.577963 0.03123355 -0.8024144 2.462399 
-0.2448583 0.7481418 2.529521 -0.2468581 0.5303922 2.522718 -0.2487852 0.3076287 2.510288 -0.4056906 0.5328599 2.503121 -0.644067 0.4173744 2.489972 -0.6077594 0.4387119 2.20297 -0.08802556 0.5279244 2.542316 0.1597446 0.4006937 2.57672 0.2252332 0.406984 2.30074 -0.3529497 0.08645369 2.485242 -0.3582208 -0.3508422 2.573765 -0.4910114 -0.808978 2.485311 -0.148475 0.08327687 2.510471 -0.145413 -0.3570268 2.583874 0.0343363 -0.7969489 2.462586 
-0.2448797 0.7455032 2.523282 -0.2473844 0.5286027 2.518337 -0.2496841 0.3056841 2.508064 -0.4060299 0.5312111 2.497251 -0.6225421 0.4011952 2.540476 -0.6015067 0.4273658 2.253117 -0.08873887 0.5259944 2.539422 0.1288624 0.3883395 2.615856 0.2084391 0.3886209 2.339971 -0.354088 0.08444418 2.48422 -0.3573156 -0.3523651 2.575812 -0.4973904 -0.8135186 2.471646 -0.1498795 0.0810867 2.511361 -0.1431006 -0.3602618 2.577718 0.02922226 -0.7948679 2.464115 
-0.2437699 0.7493519 2.519661 -0.2469517 0.5316737 2.516094 -0.2494881 0.3086608 2.50741 -0.4053952 0.5343544 2.493527 -0.5887767 0.3896034 2.588727 -0.5806922 0.4088738 2.298174 -0.0885083 0.5289929 2.538661 0.1034236 0.3811644 2.653426 0.1647374 0.3680629 2.374484 -0.3540004 0.08737321 2.484201 -0.3529525 -0.3470595 2.58621 -0.5010205 -0.811821 2.468822 -0.1500484 0.08392253 2.513249 -0.1441973 -0.3565384 2.58545 0.03064507 -0.7920082 2.461509 
-0.2425116 0.7490939 2.516436 -0.2466235 0.5322002 2.514726 -0.2496105 0.3090976 2.508002 -0.4049 0.5350353 2.490974 -0.5376913 0.3774047 2.636654 -0.5275315 0.3907838 2.348614 -0.08834697 0.5293651 2.538479 0.04210517 0.381288 2.684348 0.08420791 0.3574843 2.398658 -0.3544676 0.08781982 2.48599 -0.3550971 -0.345184 2.591905 -0.4985981 -0.8137321 2.472497 -0.1507275 0.08417041 2.516565 -0.1422985 -0.3577852 2.578498 0.029431 -0.7957217 2.464301 
-0.2419642 0.7474447 2.516239 -0.2460919 0.5306558 2.515379 -0.2488374 0.307515 2.509799 -0.4042008 0.5332231 2.490508 -0.5198497 0.3682034 2.643812 -0.5011944 0.3883863 2.357014 -0.08798295 0.5280885 2.54025 0.01954559 0.3651432 2.683175 0.05124558 0.3607228 2.397615 -0.3533457 0.08602647 2.488212 -0.3560203 -0.3483097 2.589931 -0.4966398 -0.8153844 2.472716 -0.1498201 0.08272173 2.520227 -0.1395402 -0.3594393 2.580793 0.02675836 -0.7929327 2.472392 
-0.244217 0.7469664 2.517651 -0.2458503 0.5293023 2.518641 -0.246809 0.3061333 2.513774 -0.4037722 0.5305497 2.49255 -0.5204336 0.3465973 2.615404 -0.4520815 0.3878192 2.350485 -0.08792844 0.528055 2.544732 0.01976169 0.3435756 2.660097 -0.003901905 0.3705709 2.383762 -0.3494138 0.08376721 2.492114 -0.3582369 -0.3562785 2.553193 -0.4777114 -0.7938706 2.539526 -0.1461215 0.0821615 2.525701 -0.1377565 -0.3601235 2.58587 0.03112903 -0.791803 2.472351 
-0.2475658 0.756658 2.542355 -0.2466586 0.5386877 2.531416 -0.2456953 0.3161149 2.517224 -0.4045031 0.5397008 2.504815 -0.5202032 0.3227872 2.563212 -0.3978194 0.3963848 2.329655 -0.08881406 0.5376745 2.558018 0.03039575 0.3252987 2.62855 -0.04834754 0.3772195 2.365332 -0.3463206 0.0941942 2.48591 -0.3592769 -0.3442775 2.561638 -0.4782216 -0.7883812 2.5101 -0.1431435 0.09289006 2.520152 -0.1388593 -0.3498029 2.577628 0.03270619 -0.7823899 2.45989 
-0.2520627 0.7564468 2.555203 -0.249336 0.5407265 2.540627 -0.2470063 0.3182993 2.52338 -0.4072791 0.5410912 2.51459 -0.5131105 0.3183961 2.512115 -0.3537353 0.4108656 2.302151 -0.09139287 0.5403621 2.566664 0.02869041 0.3161463 2.577271 -0.09008927 0.3894674 2.336622 -0.3463314 0.09610663 2.489376 -0.3532672 -0.3377058 2.588816 -0.4896771 -0.8039986 2.499616 -0.1430217 0.09563733 2.522892 -0.147755 -0.3455216 2.589973 0.02796612 -0.7883046 2.46895 
