-0.09424397 0.7168625 2.752795 -0.09056801 0.4981969 2.747329 -0.08677316 0.2766476 2.744314 -0.2574057 0.4955806 2.729588 -0.2908185 0.3018886 2.525748 -0.1678402 0.4443623 2.321907 0.07626966 0.5008132 2.765069 0.1362371 0.3240495 2.529986 0.02335654 0.4412892 2.298456 -0.1846679 0.05350358 2.730487 -0.1978897 -0.3895532 2.731079 -0.3099249 -0.8164331 2.689172 0.01871125 0.05669292 2.752113 0.07059816 -0.3815595 2.710855 0.197018 -0.7715123 2.659691 
-0.09541696 0.719578 2.766858 -0.09000308 0.5007857 2.755255 -0.08469346 0.2793623 2.748233 -0.2564765 0.4974523 2.734491 -0.2668733 0.3589162 2.471395 -0.1532495 0.4667283 2.24599 0.07647031 0.5041191 2.77602 0.09865454 0.3800539 2.485 0.01724336 0.4528413 2.230551 -0.1808567 0.05590704 2.728553 -0.1989758 -0.3865599 2.742794 -0.3141733 -0.8198608 2.677839 0.022089 0.0599707 2.753867 0.06934857 -0.3788781 2.713031 0.1960248 -0.7706243 2.656079 
-0.09737153 0.7275443 2.793112 -0.09132521 0.5111845 2.77387 -0.08591358 0.2903258 2.7569 -0.2577212 0.5087789 2.752115 -0.2424555 0.4444711 2.422837 -0.1771283 0.4845635 2.161689 0.07507075 0.5135901 2.795624 0.1011736 0.4437727 2.435255 0.06381514 0.4641254 2.159118 -0.1819149 0.06800099 2.726671 -0.2025233 -0.3744397 2.743561 -0.3182677 -0.815928 2.683037 0.02091103 0.07093325 2.753189 0.06570241 -0.3686153 2.716835 0.1924339 -0.7713307 2.654015 
-0.09721798 0.7276666 2.796988 -0.09075047 0.5127357 2.775683 -0.08526819 0.2921348 2.755377 -0.2575948 0.5102094 2.758084 -0.2667699 0.4507662 2.41642 -0.2225472 0.491246 2.14569 0.07609381 0.5152619 2.793283 0.1410457 0.4683542 2.431625 0.1176295 0.4643746 2.151084 -0.1815079 0.06999374 2.72434 -0.2002914 -0.3727415 2.732741 -0.3164748 -0.8191755 2.676138 0.02193613 0.07307419 2.7458 0.06493032 -0.3663562 2.705998 0.1934489 -0.7747131 2.644779 
-0.09672994 0.7260253 2.798949 -0.09193186 0.5107831 2.775489 -0.08795457 0.2904828 2.75178 -0.259061 0.5093651 2.760628 -0.3159107 0.4579019 2.422714 -0.2801362 0.4956822 2.14919 0.07519725 0.5122011 2.79035 0.1849955 0.4536552 2.441333 0.1845168 0.4700963 2.156696 -0.1858451 0.06931826 2.719014 -0.2039587 -0.3735507 2.721878 -0.3192669 -0.8212401 2.676907 0.01789057 0.07104684 2.73713 0.06095753 -0.3683203 2.696529 0.1887384 -0.7789722 2.642416 
-0.09498642 0.7137158 2.763674 -0.08907532 0.4967252 2.757613 -0.08449901 0.2756694 2.745664 -0.2564002 0.4939495 2.74488 -0.4199489 0.4239564 2.468412 -0.403245 0.5042092 2.199385 0.07824962 0.4995008 2.770346 0.2832743 0.413435 2.484096 0.3233131 0.4801728 2.215715 -0.181904 0.05292186 2.725954 -0.1996426 -0.3889821 2.749811 -0.3112026 -0.8286495 2.695004 0.02205858 0.05630528 2.741476 0.06832629 -0.383003 2.703877 0.1927718 -0.7809561 2.660321 
-0.09611457 0.7167198 2.741794 -0.0900439 0.498727 2.74679 -0.0847822 0.2774262 2.743201 -0.2572683 0.4949751 2.732979 -0.4579989 0.3934976 2.514193 -0.4604731 0.5092685 2.25646 0.0771805 0.502479 2.760602 0.31661 0.3891971 2.541073 0.3832373 0.4838677 2.279448 -0.1814473 0.05383838 2.731193 -0.204611 -0.3882929 2.747133 -0.3115415 -0.8160387 2.688632 0.02240632 0.05841217 2.74803 0.06643981 -0.3801907 2.701566 0.1962869 -0.7698779 2.655073 
-0.09549361 0.7192358 2.719637 -0.08859076 0.5013238 2.728302 -0.081888 0.279912 2.728042 -0.2550115 0.4963102 2.707452 -0.4785271 0.3498939 2.646305 -0.4901157 0.4918056 2.39522 0.07782999 0.5063373 2.749152 0.3293746 0.3542786 2.654531 0.4200509 0.4721801 2.400441 -0.176615 0.05544455 2.715076 -0.197424 -0.3872416 2.722553 -0.315111 -0.8239171 2.679271 0.0262445 0.06155588 2.74049 0.06610349 -0.3773738 2.692945 0.1932489 -0.7729585 2.653658 
-0.09801111 0.7206222 2.700769 -0.09038335 0.5020837 2.715414 -0.08318096 0.2807203 2.720315 -0.2569355 0.4962278 2.695684 -0.4592446 0.3434347 2.707143 -0.4842241 0.490326 2.458585 0.07616884 0.5079396 2.735143 0.311703 0.3431531 2.705273 0.4076089 0.4759321 2.459971 -0.1774846 0.05578795 2.713192 -0.2004133 -0.3868299 2.721546 -0.3160765 -0.8203846 2.677275 0.02552755 0.0629257 2.73724 0.06543962 -0.3755365 2.685512 0.1899256 -0.7686431 2.650056 
-0.09987068 0.7218824 2.699338 -0.09174225 0.5028533 2.710607 -0.08444941 0.2813983 2.713983 -0.258644 0.4971073 2.694226 -0.419638 0.3297286 2.751571 -0.45778 0.4934407 2.516571 0.07515948 0.5085994 2.726989 0.2713366 0.3320646 2.761136 0.360359 0.4700422 2.514985 -0.1788993 0.05644049 2.707374 -0.2006961 -0.3862732 2.715278 -0.3140257 -0.8177199 2.678258 0.02458616 0.06344604 2.727346 0.06505694 -0.3759057 2.685149 0.188353 -0.7654793 2.641265 
-0.1006746 0.7198418 2.689622 -0.0930789 0.50053 2.703632 -0.08586905 0.2791228 2.710068 -0.260161 0.4946661 2.689076 -0.3788017 0.3143524 2.778285 -0.4216471 0.4869491 2.546116 0.07400317 0.5063939 2.718188 0.2281844 0.3300456 2.799067 0.2951024 0.4588138 2.545367 -0.1804925 0.05414166 2.707632 -0.2014679 -0.3883426 2.723492 -0.3134004 -0.8194782 2.683296 0.02317408 0.06128955 2.725375 0.06445044 -0.3789626 2.697636 0.1892675 -0.7716625 2.649611 
-0.1035034 0.7216184 2.696341 -0.09768226 0.5012016 2.705092 -0.09081094 0.2796732 2.707842 -0.2651031 0.4958803 2.69476 -0.3522168 0.2716003 2.750075 -0.3367143 0.4678281 2.546506 0.0697386 0.5065229 2.715424 0.1997801 0.2692487 2.76852 0.1886377 0.4362045 2.543979 -0.185987 0.05490135 2.704294 -0.2037705 -0.3878315 2.717303 -0.3150776 -0.8160207 2.683415 0.01810773 0.06138829 2.71689 0.06164341 -0.3790999 2.693208 0.1887208 -0.7719103 2.648769 
-0.1042103 0.7201471 2.70812 -0.09977086 0.5019934 2.710239 -0.09367168 0.2804601 2.708727 -0.2668157 0.4974963 2.695293 -0.3525473 0.2577583 2.69552 -0.2850464 0.4607455 2.51628 0.06727394 0.5064904 2.725184 0.1944468 0.2611699 2.716259 0.1378384 0.4362814 2.50926 -0.1894235 0.05618486 2.698103 -0.2062365 -0.3863836 2.716757 -0.3150226 -0.8129832 2.67556 0.01427853 0.06166875 2.716328 0.0641776 -0.3782545 2.694979 0.1888897 -0.7752885 2.657132 
-0.1044587 0.7200102 2.713524 -0.09977636 0.5011815 2.713138 -0.09290706 0.279655 2.710674 -0.2668407 0.4961679 2.698134 -0.337278 0.255376 2.629767 -0.2323029 0.4564365 2.464174 0.06728801 0.506195 2.728142 0.1797185 0.2580883 2.654135 0.08387508 0.4281885 2.45557 -0.1878457 0.05507332 2.699066 -0.1977359 -0.3835793 2.751861 -0.3123048 -0.8167742 2.682841 0.01577013 0.06118379 2.717352 0.06790239 -0.3784198 2.694059 0.1928229 -0.7732438 2.657389 
-0.1043793 0.7215574 2.725658 -0.09778534 0.5019282 2.717875 -0.09062477 0.2805009 2.711662 -0.2650258 0.4968845 2.704884 -0.3206621 0.2647046 2.566384 -0.1890479 0.451341 2.401289 0.06945506 0.5069718 2.730867 0.161337 0.2665265 2.591066 0.04180047 0.4282108 2.393454 -0.1853982 0.05599953 2.697531 -0.1965908 -0.3848229 2.730342 -0.3109496 -0.814906 2.682402 0.01846976 0.06214784 2.713367 0.06691632 -0.3780858 2.694673 0.1968303 -0.7704145 2.647687 
-0.1049635 0.7329991 2.76059 -0.09543134 0.5108122 2.729521 -0.08686648 0.2902596 2.710728 -0.2628359 0.5052223 2.718829 -0.3001982 0.2961991 2.492599 -0.1431927 0.4430928 2.294095 0.07197322 0.516402 2.740213 0.1303034 0.3071072 2.496257 -0.0005767822 0.453254 2.284626 -0.1803359 0.06629997 2.685418 -0.2009859 -0.3744701 2.724453 -0.3087356 -0.8088732 2.677454 0.02373259 0.07311406 2.698452 0.06750795 -0.3679101 2.69283 0.195728 -0.7629945 2.645209 
