-0.1003589 0.7133611 2.740105 -0.09707519 0.4960512 2.736984 -0.09379706 0.2745159 2.734006 -0.2641304 0.49378 2.722044 -0.3160313 0.3440028 2.527167 -0.1518196 0.3837861 2.297188 0.06997998 0.4983223 2.751924 0.1338642 0.3527022 2.561863 0.009423561 0.3898864 2.317918 -0.1924101 0.05159546 2.721916 -0.2050944 -0.3911599 2.73671 -0.3139085 -0.8166019 2.674166 0.01137221 0.05436591 2.740141 0.06242888 -0.3848795 2.709569 0.1911383 -0.774781 2.652758 
-0.1005064 0.7116046 2.749117 -0.09743725 0.4942349 2.746769 -0.09465966 0.2726876 2.741847 -0.2642596 0.4925373 2.729038 -0.2864989 0.3919899 2.474077 -0.1717479 0.4015029 2.219883 0.06938514 0.4959323 2.764501 0.108948 0.4008634 2.49293 0.03262888 0.4076821 2.228109 -0.1935461 0.05010597 2.726119 -0.2079858 -0.3924088 2.746691 -0.3139249 -0.8195809 2.687769 0.009781954 0.05217494 2.747731 0.06445225 -0.3867353 2.718148 0.1915185 -0.777523 2.662342 
-0.1031904 0.7153141 2.764058 -0.09713887 0.4984271 2.75519 -0.09095316 0.2771822 2.745084 -0.263856 0.494616 2.736581 -0.309739 0.4239849 2.443073 -0.2291017 0.4105209 2.175873 0.06957819 0.5022382 2.7738 0.1299889 0.4344435 2.452446 0.08221899 0.4209982 2.177824 -0.1863723 0.05361464 2.723636 -0.2005002 -0.3890462 2.742494 -0.305684 -0.814544 2.681808 0.01683744 0.0582599 2.746319 0.07481805 -0.3797995 2.711186 0.2000405 -0.7710747 2.652965 
-0.1076494 0.7183491 2.771463 -0.09867859 0.5016725 2.760367 -0.08951793 0.2807079 2.746766 -0.2655076 0.4958081 2.743278 -0.3478881 0.4385061 2.430539 -0.3036881 0.428095 2.152534 0.06815041 0.5075369 2.777456 0.1694794 0.4412094 2.447691 0.1610517 0.4341367 2.163819 -0.1820403 0.05616891 2.722749 -0.2014319 -0.3860618 2.746027 -0.3076058 -0.8164793 2.683767 0.02132574 0.06331772 2.74358 0.06802878 -0.3757685 2.705961 0.2019644 -0.7755165 2.648925 
-0.1086323 0.7164333 2.765164 -0.09844486 0.500455 2.759748 -0.0883258 0.2793389 2.749114 -0.2656093 0.4933853 2.747681 -0.4153966 0.4357233 2.454247 -0.3875931 0.4424784 2.173424 0.06871954 0.5075247 2.771814 0.2482822 0.4316402 2.477339 0.2771654 0.4474732 2.188867 -0.1801335 0.05391217 2.731122 -0.1996333 -0.388636 2.746242 -0.3090488 -0.8202662 2.691225 0.02372007 0.06253351 2.745837 0.06658115 -0.3767548 2.705298 0.1976526 -0.77758 2.655592 
-0.1074271 0.7122493 2.753527 -0.09610546 0.4960187 2.754191 -0.08554097 0.2747864 2.746407 -0.2634793 0.4883189 2.745871 -0.4711647 0.4153396 2.493614 -0.4440652 0.4402317 2.212703 0.07126836 0.5037186 2.762511 0.3061715 0.4178457 2.538168 0.359598 0.4486119 2.250433 -0.1769914 0.04886094 2.733552 -0.1977987 -0.3937203 2.747561 -0.3079158 -0.8230802 2.683363 0.02703848 0.05824712 2.743694 0.06770413 -0.3804146 2.695104 0.1974378 -0.7766657 2.649547 
-0.107169 0.7164925 2.735715 -0.09588776 0.4987989 2.744407 -0.08531149 0.2775007 2.74309 -0.2633244 0.4908428 2.736675 -0.5105701 0.4001617 2.597303 -0.4820572 0.4102717 2.315487 0.07154887 0.5067551 2.752139 0.3250965 0.391432 2.630088 0.3911431 0.4208977 2.341348 -0.1767656 0.05135437 2.737061 -0.1986625 -0.3911296 2.75313 -0.3128117 -0.8160365 2.68798 0.02729516 0.06105072 2.746485 0.06728909 -0.377185 2.693297 0.1932609 -0.7673743 2.652143 
-0.1055361 0.7159789 2.71781 -0.095516 0.4980836 2.731162 -0.08499505 0.276764 2.733643 -0.2630305 0.490051 2.724969 -0.5347669 0.3930686 2.676152 -0.5075352 0.3936325 2.393152 0.07199847 0.5061162 2.737355 0.3235649 0.3742301 2.707045 0.3935437 0.4011906 2.418675 -0.1765696 0.05054871 2.73235 -0.1963542 -0.3920381 2.748697 -0.3153082 -0.8220751 2.678023 0.02762138 0.06034003 2.739898 0.06522197 -0.3775483 2.682155 0.1917909 -0.7697961 2.64409 
-0.1056363 0.7171372 2.709357 -0.09624935 0.4995629 2.722839 -0.08569881 0.2782274 2.726933 -0.2638199 0.4914886 2.718161 -0.5223759 0.3860293 2.757576 -0.5002239 0.3741551 2.473042 0.07132122 0.5076371 2.727517 0.2897893 0.3646211 2.79202 0.334223 0.3640262 2.503924 -0.1772831 0.05197074 2.728177 -0.1950141 -0.3907937 2.741813 -0.3164861 -0.8202218 2.677193 0.02698659 0.06181332 2.733879 0.06531227 -0.3763219 2.678272 0.1905832 -0.7695621 2.64632 
-0.1039985 0.7144997 2.694131 -0.09543218 0.4969734 2.713954 -0.08553798 0.27583 2.723682 -0.2630467 0.4892944 2.709868 -0.4666775 0.3855078 2.805794 -0.4464838 0.3656 2.521528 0.07218232 0.5046524 2.71804 0.2454045 0.3538186 2.820506 0.2723422 0.339577 2.532823 -0.1778049 0.05000627 2.73092 -0.1934541 -0.3927891 2.746159 -0.316415 -0.8227902 2.684928 0.0265173 0.05936699 2.735901 0.06418649 -0.3801774 2.694379 0.1911321 -0.770961 2.655191 
-0.1035001 0.7179645 2.696519 -0.0949811 0.4992503 2.713638 -0.0854767 0.2779844 2.721854 -0.2625877 0.4918652 2.708638 -0.4196125 0.3313234 2.814191 -0.3629258 0.3622337 2.541032 0.07262552 0.5066354 2.718638 0.2057063 0.3219124 2.813755 0.1923624 0.3375992 2.536409 -0.1781323 0.05221709 2.727022 -0.1966037 -0.3905985 2.73343 -0.3152808 -0.8177071 2.676697 0.0261877 0.06121989 2.733117 0.06605273 -0.3786495 2.696366 0.1904575 -0.7664008 2.650797 
-0.1013843 0.7176495 2.697693 -0.09259497 0.4989343 2.71417 -0.08355977 0.2776432 2.722931 -0.2584668 0.4913846 2.694538 -0.4003074 0.3024333 2.777632 -0.2906045 0.3712316 2.533611 0.07327682 0.506484 2.733803 0.187831 0.2929354 2.777356 0.116793 0.3490188 2.516964 -0.1760186 0.05173256 2.719679 -0.1951188 -0.3908258 2.734538 -0.3128678 -0.8194456 2.671953 0.02696938 0.06097163 2.743705 0.06540412 -0.3794256 2.711379 0.1921715 -0.7718737 2.664379 
-0.1008861 0.7153643 2.7083 -0.09267251 0.496461 2.719716 -0.08464301 0.2750323 2.724299 -0.2588228 0.490014 2.699323 -0.3791433 0.2892089 2.711306 -0.2319244 0.3853577 2.494757 0.0734778 0.5029081 2.740108 0.1764227 0.2814768 2.713185 0.05625829 0.3695526 2.482413 -0.1776941 0.0496815 2.716476 -0.2011459 -0.3923082 2.739215 -0.318034 -0.821536 2.67392 0.02446701 0.05752586 2.741288 0.06304643 -0.3825433 2.704563 0.1891062 -0.7772506 2.650547 
-0.09954917 0.7179108 2.733149 -0.0926117 0.4988775 2.731226 -0.08517992 0.2775227 2.727836 -0.2593489 0.4935323 2.714721 -0.3821581 0.3073287 2.636678 -0.2067474 0.3877201 2.429034 0.07412551 0.5042228 2.747731 0.1705263 0.2931848 2.636106 0.01848811 0.3864014 2.420053 -0.17931 0.05291208 2.714392 -0.2055524 -0.3890692 2.735507 -0.3159144 -0.8155013 2.676021 0.02381374 0.0594238 2.734499 0.06532882 -0.3807231 2.702091 0.1912526 -0.7730165 2.645153 
-0.09637757 0.714159 2.745568 -0.09166275 0.4961633 2.738194 -0.087046 0.274881 2.72935 -0.2587647 0.4932337 2.724262 -0.3506185 0.3341928 2.559829 -0.1830591 0.4011464 2.345454 0.07543921 0.4990928 2.752125 0.1647511 0.3233802 2.578485 0.004724487 0.4016548 2.356668 -0.1842415 0.05181389 2.712019 -0.208646 -0.3898302 2.740617 -0.3175139 -0.8194208 2.676653 0.01938296 0.05538371 2.728995 0.06115184 -0.3852007 2.704182 0.1896421 -0.781535 2.644478 
