-0.2619818 0.7530923 2.608298 -0.2550209 0.5394359 2.569603 -0.2488077 0.3193933 2.532876 -0.4145039 0.5371847 2.55611 -0.4833961 0.3598869 2.377936 -0.3001791 0.4454646 2.167014 -0.09553801 0.541687 2.583096 0.02742259 0.364764 2.427588 -0.1447165 0.4300662 2.207237 -0.3452351 0.09790202 2.487465 -0.35462 -0.3282885 2.618121 -0.4934397 -0.8070428 2.481977 -0.1399536 0.1007997 2.504833 -0.1521767 -0.335714 2.59734 0.03984834 -0.7999414 2.452818 
-0.2602012 0.7551948 2.626178 -0.2528479 0.5419714 2.57693 -0.2471773 0.3231292 2.533866 -0.4121297 0.5409303 2.561247 -0.4506475 0.390914 2.332949 -0.2814219 0.4522037 2.105818 -0.09356613 0.5430126 2.592613 0.01175713 0.3864136 2.381812 -0.1444871 0.4412106 2.150031 -0.3440326 0.1036168 2.480707 -0.3496449 -0.3243186 2.60668 -0.496531 -0.8066998 2.467877 -0.1389808 0.1049571 2.500897 -0.1480573 -0.3330038 2.586601 0.04387869 -0.7982672 2.451937 
-0.2594369 0.7549675 2.633619 -0.2535286 0.5439332 2.582289 -0.2482584 0.325277 2.537942 -0.4125852 0.5437139 2.564468 -0.4268124 0.4209534 2.296467 -0.2765497 0.4613904 2.057996 -0.09447196 0.5441524 2.60011 -0.01661253 0.4187107 2.341414 -0.1421366 0.4540942 2.091781 -0.345363 0.1064796 2.482126 -0.3442501 -0.3115386 2.635572 -0.5017554 -0.8118653 2.470724 -0.1406135 0.106762 2.505066 -0.1492014 -0.3319073 2.587356 0.03728203 -0.7973889 2.466619 
-0.2554852 0.7561846 2.638334 -0.2520142 0.5460591 2.587135 -0.2488301 0.327409 2.542442 -0.4109477 0.5475962 2.568291 -0.4043962 0.4509845 2.262722 -0.2805327 0.4660736 2.008526 -0.09308064 0.544522 2.605978 -0.03829778 0.4548503 2.301704 -0.1272051 0.4675443 2.036826 -0.3479379 0.1097482 2.485623 -0.3499956 -0.3144237 2.621785 -0.5052947 -0.8110981 2.471144 -0.1433539 0.1077697 2.509878 -0.1523359 -0.3307387 2.593164 0.0367041 -0.8000869 2.464541 
-0.2576131 0.7563932 2.642204 -0.25289 0.5470947 2.590461 -0.2489651 0.3286255 2.544859 -0.4119404 0.5479872 2.572497 -0.3927088 0.4734867 2.234877 -0.296577 0.468594 1.969805 -0.09383956 0.5462024 2.608425 -0.0366578 0.4889279 2.285849 -0.09451994 0.4791702 2.010177 -0.3474023 0.1107305 2.487695 -0.3430964 -0.3152254 2.619542 -0.5038306 -0.8146982 2.469401 -0.1426781 0.1095819 2.510818 -0.1511649 -0.3282532 2.597642 0.0443858 -0.7987405 2.450814 
-0.2580551 0.7542596 2.642132 -0.2532219 0.546084 2.591159 -0.2490287 0.3275615 2.545777 -0.4124279 0.5464695 2.574592 -0.4078562 0.4932393 2.219946 -0.3343067 0.4716979 1.946297 -0.09401593 0.5456985 2.607726 -0.010329 0.5059687 2.267411 -0.04048 0.4921612 1.987129 -0.347303 0.109287 2.489733 -0.3413975 -0.3153483 2.626523 -0.5050687 -0.8177851 2.466703 -0.1423679 0.1087908 2.511058 -0.1475036 -0.3301038 2.592473 0.04316983 -0.8020633 2.450164 
-0.2566594 0.7498251 2.632094 -0.2531399 0.5404011 2.585372 -0.2496187 0.3210957 2.544053 -0.412465 0.5407477 2.569956 -0.4409123 0.5051097 2.216471 -0.3813246 0.480747 1.938488 -0.0938147 0.5400546 2.600789 0.03135104 0.5124961 2.267701 0.02912237 0.5075031 1.985176 -0.3486407 0.1020134 2.492812 -0.3476683 -0.3255856 2.62024 -0.5009235 -0.8194478 2.473421 -0.1435545 0.1015673 2.512656 -0.1347084 -0.3403905 2.567283 0.006976425 -0.7854836 2.510224 
-0.2555263 0.7468051 2.62656 -0.2519051 0.5359566 2.580475 -0.2484857 0.316315 2.540882 -0.4112328 0.5362618 2.565021 -0.486955 0.5095577 2.225717 -0.4285367 0.4926056 1.945413 -0.09257735 0.5356513 2.595928 0.08067618 0.5137515 2.284832 0.100439 0.5191584 1.999746 -0.3476095 0.09686992 2.491344 -0.3478397 -0.3328984 2.611555 -0.4992755 -0.8187383 2.470708 -0.1425231 0.09647697 2.511236 -0.1336041 -0.3449856 2.573214 0.01259546 -0.7877142 2.493395 
-0.2556198 0.7471519 2.624316 -0.2508268 0.5353762 2.577492 -0.2468653 0.3157945 2.537542 -0.4099612 0.5356464 2.560227 -0.538477 0.507776 2.251354 -0.4801069 0.4959105 1.970878 -0.09169243 0.5351059 2.594757 0.1328362 0.5078766 2.31793 0.1720219 0.5184842 2.035172 -0.345331 0.09638672 2.486479 -0.3593915 -0.3389964 2.578532 -0.4766651 -0.7923642 2.515853 -0.1404765 0.09603888 2.508705 -0.1341793 -0.3447299 2.577311 0.01982481 -0.7892531 2.477895 
-0.2535569 0.7487392 2.614679 -0.2492942 0.5362802 2.571067 -0.2459715 0.3163842 2.532822 -0.4083206 0.5370502 2.552823 -0.58274 0.5058964 2.278163 -0.5216113 0.5013483 1.999241 -0.09026789 0.5355101 2.589311 0.1734153 0.4999336 2.366457 0.215045 0.5256246 2.083067 -0.345 0.0969838 2.482835 -0.3562968 -0.3283455 2.610735 -0.4831458 -0.7998436 2.496704 -0.1402974 0.09599259 2.50632 -0.1379412 -0.3446163 2.577167 0.02407469 -0.7944517 2.47033 
-0.2488833 0.7509774 2.600362 -0.2469405 0.5380174 2.562231 -0.2451405 0.3175773 2.527292 -0.4058319 0.5397801 2.542924 -0.6218802 0.50046 2.329075 -0.5531099 0.4988368 2.050271 -0.08804914 0.5362547 2.581538 0.1966981 0.4924581 2.458211 0.2339338 0.5099582 2.177261 -0.3456076 0.09827171 2.479925 -0.3524519 -0.3261822 2.614436 -0.4918393 -0.80543 2.479774 -0.1410733 0.09600267 2.504779 -0.1418509 -0.343994 2.579781 0.02516953 -0.7926986 2.46683 
-0.248172 0.752126 2.584214 -0.2452641 0.5381833 2.553526 -0.2430467 0.3169319 2.524699 -0.4041029 0.5391732 2.533711 -0.6469464 0.4867363 2.399523 -0.581381 0.4932805 2.122121 -0.08642532 0.5371934 2.573342 0.2023395 0.479223 2.522613 0.2529042 0.5008726 2.244114 -0.3430595 0.09631758 2.483118 -0.3463587 -0.3290018 2.616906 -0.49456 -0.8133081 2.47605 -0.138599 0.09504341 2.508625 -0.1410228 -0.3445471 2.586251 0.03345894 -0.7973219 2.46904 
-0.2441717 0.7491949 2.550119 -0.242774 0.5337061 2.537046 -0.241377 0.3114845 2.520413 -0.4014917 0.534264 2.516262 -0.6550066 0.4763941 2.475246 -0.6055469 0.4827834 2.194045 -0.08405624 0.5331482 2.557831 0.1946324 0.4680847 2.582816 0.2433496 0.4908459 2.298244 -0.3421339 0.08962195 2.490403 -0.3503342 -0.3425529 2.59736 -0.4946169 -0.8163688 2.48521 -0.1378259 0.08890381 2.517158 -0.1485899 -0.3507359 2.593549 0.04426961 -0.8083249 2.46714 
-0.2438032 0.7494044 2.534588 -0.2430225 0.5332131 2.528649 -0.2414899 0.3105369 2.516993 -0.4017941 0.533188 2.508253 -0.6474959 0.4806919 2.536615 -0.6079192 0.4822969 2.253015 -0.08425096 0.5332383 2.549046 0.1853219 0.4650474 2.618912 0.228344 0.4749219 2.32937 -0.3421448 0.08784442 2.492209 -0.3529656 -0.3477553 2.585739 -0.498746 -0.8140967 2.477263 -0.1377697 0.08787677 2.518464 -0.1464293 -0.3535259 2.583589 0.04483923 -0.8026363 2.458621 
-0.2409495 0.7498307 2.51632 -0.2424632 0.5326788 2.520632 -0.2425994 0.3097447 2.516861 -0.401151 0.5331317 2.499594 -0.6097651 0.443358 2.601313 -0.5951717 0.4728675 2.317768 -0.0837754 0.532226 2.54167 0.1521452 0.4550116 2.657445 0.1978289 0.4549976 2.369174 -0.3448704 0.08710214 2.49955 -0.354181 -0.3463707 2.603803 -0.5030979 -0.8144051 2.479067 -0.1406009 0.0865192 2.526631 -0.1537427 -0.3538105 2.598189 0.04455183 -0.8051589 2.46283 
-0.2406885 0.7511612 2.516183 -0.2425435 0.5339645 2.519586 -0.242885 0.3108881 2.516285 -0.4010493 0.5345379 2.497243 -0.5693807 0.4211815 2.63314 -0.5548567 0.4658072 2.350946 -0.08403769 0.5333911 2.54193 0.09957056 0.4270033 2.67623 0.1361787 0.4453523 2.390796 -0.3452466 0.08818074 2.498602 -0.3500734 -0.3483155 2.589978 -0.5015467 -0.813745 2.465424 -0.1412066 0.08744264 2.527365 -0.1492058 -0.3548294 2.585533 0.04660307 -0.8019848 2.458063 
-0.2404854 0.7513031 2.515603 -0.2415551 0.5335025 2.520078 -0.2422802 0.3103476 2.518057 -0.3999808 0.5342249 2.497158 -0.5591865 0.3920944 2.619546 -0.5003048 0.4581588 2.348361 -0.08312944 0.5327802 2.542998 0.07378659 0.3949981 2.673105 0.0714006 0.438004 2.392194 -0.34497 0.08765761 2.501285 -0.363914 -0.35246 2.565294 -0.4781691 -0.7947564 2.528845 -0.1410406 0.08672786 2.530789 -0.1447533 -0.3561794 2.585413 0.04177139 -0.8001705 2.467601 
-0.2424386 0.7493376 2.523837 -0.2414039 0.5325585 2.524171 -0.2409102 0.3094245 2.519528 -0.3997828 0.532692 2.500912 -0.5480949 0.3665428 2.583286 -0.4480173 0.4508323 2.327115 -0.08302495 0.5324249 2.547431 0.07889189 0.3635031 2.645561 0.01496835 0.4303345 2.38002 -0.3423522 0.08637663 2.499915 -0.3585575 -0.3461939 2.599951 -0.480104 -0.8018954 2.506223 -0.1384808 0.0862047 2.529855 -0.1401989 -0.3574452 2.578702 0.04435632 -0.8007534 2.458176 
-0.2446874 0.7538071 2.545432 -0.2431884 0.5368713 2.534985 -0.2416999 0.3141241 2.522858 -0.4016966 0.5370291 2.512629 -0.545069 0.3467866 2.531644 -0.4100303 0.4418992 2.296082 -0.08468012 0.5367134 2.557341 0.07142403 0.3497358 2.58278 -0.0378362 0.4286869 2.33491 -0.3422314 0.09147852 2.496342 -0.3551924 -0.3389567 2.609219 -0.4897389 -0.8027079 2.482715 -0.1381914 0.09127527 2.52512 -0.1392856 -0.3523305 2.575003 0.03468945 -0.7905417 2.459308 
-0.2466863 0.7543635 2.556238 -0.2455612 0.5374674 2.542277 -0.2446706 0.3148817 2.526694 -0.403908 0.5384737 2.51885 -0.5310197 0.3528869 2.464817 -0.3699222 0.4393896 2.244713 -0.08721446 0.5364609 2.565703 0.05722377 0.3473738 2.512902 -0.07452746 0.4299501 2.272309 -0.345698 0.09294385 2.496034 -0.3511928 -0.3339749 2.6233 -0.5003753 -0.8119293 2.475335 -0.1418619 0.09164832 2.526191 -0.1454394 -0.3505895 2.586263 0.0310518 -0.7979427 2.461091 
