-0.09849275 0.7168646 2.75066 -0.08771122 0.4962949 2.736269 -0.07848925 0.2751235 2.726103 -0.2552699 0.4890887 2.741048 -0.2841837 0.3651865 2.460619 -0.1422228 0.4138239 2.222347 0.07984743 0.5035011 2.73149 0.1544173 0.3325938 2.485157 -0.01700221 0.3894716 2.260973 -0.1714018 0.04955954 2.718851 -0.1849205 -0.3916818 2.758772 -0.3152418 -0.8270333 2.681042 0.03286723 0.05834451 2.713025 0.07604528 -0.3825176 2.696848 0.1983727 -0.7805688 2.650713 
-0.09386266 0.7198535 2.772832 -0.08883899 0.5024162 2.75433 -0.08438124 0.2814573 2.737998 -0.2563569 0.4983789 2.763227 -0.2648234 0.430565 2.411404 -0.1853926 0.4483737 2.145422 0.07867891 0.5064534 2.745433 0.08282946 0.4196278 2.408818 -0.01498304 0.4451964 2.145729 -0.1820178 0.05803799 2.727088 -0.1992517 -0.3838628 2.757514 -0.325069 -0.8216779 2.687535 0.02217085 0.06295902 2.716242 0.06358344 -0.3779655 2.6961 0.1858929 -0.776561 2.655326 
-0.09275123 0.7197528 2.776931 -0.08922558 0.5033725 2.759638 -0.08574238 0.2825637 2.740933 -0.2568363 0.5000723 2.767384 -0.2809032 0.4587767 2.404694 -0.2194803 0.4592631 2.129742 0.07838515 0.5066727 2.751892 0.08042306 0.4468209 2.392409 0.01451847 0.458845 2.120986 -0.1844121 0.05974349 2.72695 -0.1958382 -0.382829 2.746218 -0.3198662 -0.824115 2.681537 0.01989369 0.06376613 2.717508 0.07013942 -0.3762813 2.70033 0.1916916 -0.7762375 2.651814 
-0.09095996 0.7162128 2.779918 -0.08735585 0.5007512 2.761399 -0.08398946 0.280101 2.740714 -0.2550242 0.4975604 2.768149 -0.3169455 0.4688842 2.401846 -0.2739528 0.4671728 2.119986 0.08031253 0.503942 2.75465 0.1192173 0.4569151 2.388205 0.07471576 0.470982 2.107788 -0.1828154 0.0575061 2.724142 -0.1905478 -0.385158 2.745111 -0.3176427 -0.8291521 2.674031 0.0215693 0.06139563 2.715914 0.07366633 -0.3782436 2.69383 0.1966465 -0.7853897 2.652187 
-0.09209486 0.7150703 2.780415 -0.08711105 0.4999793 2.762168 -0.08285853 0.2793919 2.740831 -0.2548125 0.4962 2.767816 -0.3539756 0.4357476 2.412964 -0.3458956 0.4700051 2.13205 0.08059037 0.5037585 2.75652 0.1716109 0.4684588 2.392604 0.1468829 0.4756489 2.107734 -0.1808233 0.05650108 2.722937 -0.188042 -0.3864462 2.737443 -0.3191318 -0.8289652 2.676714 0.02361125 0.0611082 2.716052 0.07355537 -0.3787847 2.693286 0.1945198 -0.7807944 2.654528 
-0.09313608 0.7134491 2.769175 -0.08745422 0.4979765 2.757417 -0.08149679 0.2770904 2.740438 -0.2551808 0.4933016 2.759385 -0.4310357 0.4349079 2.45349 -0.4288029 0.4610112 2.166381 0.08027237 0.5026515 2.75545 0.2412597 0.4581905 2.425329 0.2461738 0.4781027 2.137987 -0.1777966 0.05335414 2.724657 -0.180544 -0.3844902 2.780114 -0.3210385 -0.8321279 2.677678 0.02671787 0.0590544 2.722258 0.07334083 -0.3806814 2.691782 0.1943441 -0.7803065 2.659899 
-0.09469041 0.7087099 2.754539 -0.08759168 0.4921831 2.750852 -0.08061295 0.2710411 2.738494 -0.2553236 0.4867983 2.752492 -0.4880217 0.4284575 2.50174 -0.4882255 0.4495173 2.209197 0.08014026 0.497568 2.749213 0.2750496 0.4446718 2.541256 0.2752184 0.4747073 2.252931 -0.1758588 0.04661723 2.727134 -0.1823149 -0.3929307 2.775819 -0.3220719 -0.8362032 2.676434 0.02859035 0.05318083 2.725136 0.07194158 -0.3862616 2.68696 0.1940619 -0.783019 2.655711 
-0.09627139 0.7108831 2.737722 -0.08818348 0.4929191 2.742974 -0.08038054 0.2715934 2.736941 -0.2559129 0.4869785 2.743973 -0.5305226 0.4232377 2.561865 -0.5355665 0.434997 2.268569 0.07954592 0.4988597 2.741974 0.3248077 0.4181825 2.610174 0.3136353 0.4602142 2.323569 -0.1748079 0.04664687 2.731517 -0.1859096 -0.3937529 2.775934 -0.3254254 -0.8307007 2.677854 0.02965271 0.05388844 2.730299 0.0720415 -0.3851587 2.686557 0.1941358 -0.7748681 2.657083 
-0.09820154 0.7139757 2.727815 -0.08905651 0.4955637 2.73629 -0.08088113 0.2741445 2.73321 -0.2567848 0.4893594 2.737099 -0.5412628 0.4146202 2.620932 -0.5547067 0.4338773 2.332299 0.07867181 0.5017679 2.735481 0.3375603 0.3816172 2.650395 0.3409606 0.4509595 2.367779 -0.1749377 0.04894388 2.730623 -0.1869223 -0.3883156 2.797379 -0.3248569 -0.8290624 2.669834 0.02952616 0.05650693 2.729637 0.0703816 -0.3828161 2.686733 0.1939221 -0.7711747 2.6508 
-0.09517967 0.7159457 2.711374 -0.08903439 0.4977698 2.72402 -0.08240868 0.2762654 2.725127 -0.2567984 0.4927533 2.724354 -0.5345851 0.4169191 2.744489 -0.5469725 0.4213334 2.459581 0.07872964 0.5027863 2.723687 0.3208714 0.3861396 2.74483 0.3191567 0.435573 2.46281 -0.1780455 0.05170318 2.726438 -0.1799712 -0.3847665 2.802282 -0.3262344 -0.8273324 2.675549 0.02647955 0.05781897 2.726031 0.06837941 -0.3818174 2.687459 0.1907732 -0.7756737 2.653449 
-0.09502434 0.715727 2.705638 -0.08932813 0.4978228 2.719225 -0.08380414 0.2762688 2.721595 -0.2571182 0.4936356 2.718876 -0.4982957 0.4204612 2.786746 -0.4951842 0.4211456 2.503033 0.07846199 0.5020099 2.719573 0.3014325 0.3810683 2.772911 0.3028163 0.4357178 2.487783 -0.1805522 0.05216263 2.723753 -0.1791393 -0.3852407 2.794844 -0.3263335 -0.8285763 2.669669 0.02399193 0.05726706 2.724178 0.06878217 -0.3820865 2.685486 0.1916682 -0.7760345 2.648078 
-0.09662879 0.7166587 2.69327 -0.09009778 0.4979585 2.712576 -0.0846118 0.2765682 2.720279 -0.2578906 0.4937715 2.711738 -0.4463021 0.3513403 2.812392 -0.4173234 0.4183567 2.544793 0.07769503 0.5021455 2.713413 0.2672086 0.3570282 2.788456 0.2478984 0.4256575 2.506843 -0.1813989 0.05262593 2.727472 -0.1791923 -0.3866563 2.784988 -0.3262527 -0.8305536 2.6779 0.02314726 0.05773006 2.728494 0.07012919 -0.3818758 2.696209 0.1947322 -0.7742795 2.652282 
-0.09798999 0.7152925 2.686586 -0.09119753 0.4975774 2.70832 -0.08586833 0.276292 2.719122 -0.258978 0.4934331 2.706195 -0.4122917 0.3076255 2.831311 -0.3419166 0.4032827 2.579094 0.07658296 0.5017218 2.710446 0.2530926 0.332005 2.806728 0.180129 0.4080927 2.542286 -0.1828086 0.05248039 2.728629 -0.1821819 -0.3884161 2.771046 -0.3276033 -0.8321503 2.675246 0.02173035 0.05753276 2.73122 0.06941412 -0.3817612 2.695607 0.1938777 -0.776072 2.652709 
-0.09672391 0.7130437 2.692758 -0.0881742 0.494881 2.709031 -0.08112758 0.2735305 2.717558 -0.2558564 0.4893754 2.704682 -0.3984832 0.2754655 2.809433 -0.2774675 0.3928699 2.58951 0.07950794 0.5003867 2.713379 0.2628568 0.3028208 2.813282 0.1304557 0.3829699 2.580736 -0.1762992 0.04882381 2.723435 -0.174379 -0.393161 2.75237 -0.3205781 -0.8356534 2.667351 0.02813726 0.05553621 2.728736 0.07786082 -0.383434 2.691741 0.2020689 -0.7749393 2.646008 
-0.09902042 0.7168124 2.705825 -0.08903383 0.4974423 2.716348 -0.08083668 0.2760287 2.720026 -0.2567286 0.491196 2.714063 -0.4008445 0.2639726 2.739975 -0.226551 0.3760385 2.557809 0.07866087 0.5036886 2.718634 0.2527164 0.285258 2.736727 0.07295943 0.3800086 2.548662 -0.1748569 0.05080765 2.722311 -0.179041 -0.3913624 2.750732 -0.3251263 -0.8300229 2.673141 0.02957783 0.05842245 2.725098 0.0766412 -0.3809951 2.689943 0.1962651 -0.7710786 2.646591 
-0.09980746 0.7235066 2.711866 -0.09042384 0.5021662 2.720428 -0.08231217 0.2806949 2.722852 -0.2581428 0.4960125 2.719451 -0.3889272 0.27249 2.664988 -0.1926372 0.3636591 2.488425 0.07729506 0.5083197 2.721405 0.230814 0.2791352 2.66015 0.03333447 0.3801563 2.484985 -0.1764263 0.05547295 2.724682 -0.1822189 -0.3862897 2.75959 -0.3268213 -0.826823 2.672516 0.02802532 0.06297429 2.725873 0.07133891 -0.3774413 2.702137 0.1933861 -0.7699434 2.650393 
-0.1011007 0.7278751 2.724917 -0.09169085 0.5052411 2.724177 -0.08260714 0.2838301 2.722091 -0.2593881 0.4983597 2.724324 -0.3891597 0.2839748 2.611226 -0.1937966 0.3672645 2.42227 0.0760064 0.5121225 2.724029 0.1963923 0.2945557 2.585064 -0.0009588318 0.3953393 2.405863 -0.1757386 0.0582247 2.720095 -0.1790106 -0.3840658 2.74844 -0.3234277 -0.8279899 2.666485 0.02869175 0.06661344 2.719915 0.07275262 -0.3738178 2.696199 0.196135 -0.7736108 2.64435 
-0.09999382 0.7203451 2.731849 -0.08936964 0.5000299 2.726749 -0.07929721 0.2786632 2.722756 -0.2570381 0.4924116 2.726151 -0.3740557 0.3085226 2.554976 -0.1940006 0.3792783 2.344845 0.07829881 0.5076482 2.727347 0.1870013 0.3126754 2.53038 -0.0162491 0.3984067 2.346845 -0.1714223 0.05265285 2.7184 -0.1786149 -0.3896219 2.747116 -0.3162267 -0.8349351 2.675848 0.0329727 0.0619399 2.719128 0.07445282 -0.3789382 2.698873 0.2000307 -0.7818049 2.649866 
