-0.2510296 0.7496845 2.549127 -0.2485438 0.5340011 2.532498 -0.2465243 0.311862 2.51241 -0.4073716 0.5343601 2.512561 -0.5181056 0.3590869 2.409578 -0.3331589 0.4568446 2.206573 -0.08971597 0.5336421 2.552436 0.06204694 0.3604983 2.445045 -0.09679917 0.4355429 2.210686 -0.3467261 0.089954 2.479491 -0.3597863 -0.348085 2.557374 -0.4791371 -0.7936552 2.511171 -0.1422835 0.0894919 2.505154 -0.1373938 -0.3526542 2.566617 0.03566391 -0.7948916 2.455257 
-0.2560575 0.7564582 2.58584 -0.2518111 0.5409628 2.550454 -0.2486408 0.3200383 2.51961 -0.4111116 0.5408459 2.534919 -0.4623206 0.4015508 2.310903 -0.2765786 0.4610913 2.099227 -0.0925106 0.5410798 2.56599 0.02196819 0.4008431 2.342756 -0.1275398 0.4507946 2.10115 -0.347986 0.09903851 2.478767 -0.3464599 -0.3296791 2.59814 -0.4926784 -0.8055058 2.482555 -0.1429551 0.09918903 2.498763 -0.1401167 -0.3411555 2.571853 0.03261665 -0.7912078 2.460887 
-0.2567246 0.7533338 2.585954 -0.2525988 0.5387245 2.553909 -0.2494481 0.31748 2.524939 -0.4113635 0.5390698 2.534005 -0.4311859 0.4292942 2.278448 -0.2629553 0.4671954 2.052798 -0.09383397 0.5383793 2.573813 -0.00654261 0.4359023 2.301378 -0.128688 0.4669693 2.047292 -0.348513 0.09645779 2.483154 -0.3461288 -0.3345228 2.596759 -0.4987505 -0.8163202 2.481194 -0.1440817 0.09601315 2.508783 -0.1448432 -0.343 2.58936 0.03372609 -0.800444 2.47492 
-0.254915 0.7498619 2.586004 -0.2504476 0.5362549 2.557139 -0.2471007 0.3146868 2.530546 -0.4090908 0.5363909 2.53604 -0.4076014 0.4576533 2.253206 -0.2608563 0.4761606 2.011095 -0.09180447 0.5361189 2.578239 -0.02578201 0.4689469 2.266685 -0.1233713 0.482477 2.001554 -0.3458397 0.09320627 2.490375 -0.3411514 -0.334475 2.616443 -0.4974498 -0.8191088 2.476621 -0.1416679 0.09303116 2.51753 -0.1364588 -0.3483666 2.581651 0.03490388 -0.7971282 2.472705 
-0.2529027 0.7563134 2.603538 -0.2488041 0.5429441 2.564949 -0.2460932 0.3222441 2.532256 -0.4074353 0.5441484 2.543665 -0.3932916 0.4788248 2.231594 -0.2731748 0.482783 1.976787 -0.09017295 0.5417398 2.586233 -0.03688651 0.4959742 2.254362 -0.105599 0.4939406 1.978366 -0.3454703 0.1023192 2.485866 -0.3504004 -0.3284143 2.601241 -0.4971459 -0.8038132 2.466702 -0.1412944 0.1007692 2.513261 -0.1411818 -0.3411333 2.575283 0.03709134 -0.7893394 2.45472 
-0.2532259 0.7547603 2.612806 -0.2490955 0.5440111 2.569603 -0.2462481 0.3238744 2.533172 -0.4079639 0.5451751 2.550153 -0.3961677 0.4904266 2.215306 -0.2918762 0.4882345 1.951968 -0.09022722 0.5428469 2.589054 -0.02646481 0.5204704 2.245682 -0.067551 0.5007623 1.965224 -0.345651 0.1044871 2.484222 -0.3588952 -0.3311003 2.576861 -0.4749601 -0.7789829 2.518285 -0.1411504 0.1029886 2.50926 -0.1492651 -0.3363898 2.585633 0.04049411 -0.7973177 2.452498 
-0.2535646 0.7542136 2.61694 -0.2490677 0.544647 2.572392 -0.2461455 0.3247446 2.534353 -0.4081959 0.5455016 2.555227 -0.4075963 0.4997197 2.210165 -0.3153847 0.4916929 1.94039 -0.0899396 0.5437924 2.589557 -0.008743652 0.5282269 2.253837 -0.03442213 0.5069366 1.967576 -0.3456452 0.1053924 2.485267 -0.3516677 -0.3260322 2.596366 -0.4813667 -0.7951589 2.504006 -0.1408013 0.1042922 2.507363 -0.1451835 -0.335316 2.583896 0.03805034 -0.7979738 2.453846 
-0.2530648 0.7521698 2.611274 -0.2490828 0.5420902 2.56963 -0.2461846 0.3218168 2.533674 -0.4083946 0.5425228 2.554138 -0.4636571 0.5071865 2.218279 -0.3854748 0.5002773 1.940478 -0.08977103 0.5416574 2.585122 0.05130521 0.5248035 2.268948 0.03820047 0.5136153 1.98546 -0.345814 0.101822 2.487748 -0.3444376 -0.329282 2.602752 -0.4973078 -0.8147182 2.478798 -0.140759 0.1012651 2.507688 -0.1442641 -0.3386081 2.583589 0.03962415 -0.8033797 2.462158 
-0.2499063 0.7488171 2.597853 -0.2485206 0.5358468 2.564419 -0.2470872 0.3148289 2.533372 -0.4078052 0.5370394 2.548575 -0.525161 0.4883013 2.24955 -0.439529 0.5017351 1.978254 -0.08923598 0.5346542 2.580263 0.09982905 0.5187019 2.315963 0.08551546 0.5142035 2.029279 -0.3481712 0.09457862 2.492127 -0.3608465 -0.3406386 2.578128 -0.4821791 -0.7935358 2.534993 -0.1431364 0.09304339 2.512522 -0.150727 -0.3466782 2.588989 0.05002384 -0.8126073 2.449572 
-0.2497234 0.7483211 2.592466 -0.2484178 0.5343826 2.561624 -0.2472476 0.3132064 2.531565 -0.4078028 0.5355509 2.546823 -0.564575 0.4781496 2.285277 -0.4830166 0.5065027 2.011441 -0.08903287 0.5332143 2.576426 0.1324221 0.5043551 2.349456 0.1270176 0.5045245 2.062169 -0.3486614 0.09278213 2.49198 -0.3508993 -0.3367967 2.604886 -0.4861274 -0.8013769 2.50737 -0.1434934 0.09127829 2.511034 -0.1427055 -0.3498948 2.57816 0.05210022 -0.8084043 2.44637 
-0.249645 0.7530163 2.579676 -0.2476319 0.5383423 2.555681 -0.2455375 0.3166462 2.530096 -0.4070263 0.5385386 2.540932 -0.6002855 0.467573 2.337121 -0.5250745 0.5028989 2.062703 -0.08823761 0.538146 2.570431 0.1607107 0.4891805 2.402729 0.1538289 0.49312 2.114585 -0.3460328 0.09507654 2.495018 -0.3462643 -0.3325433 2.618831 -0.4906984 -0.8044991 2.490817 -0.1408534 0.09482385 2.514004 -0.1442862 -0.3456244 2.586052 0.05936377 -0.805274 2.449404 
-0.2488034 0.7508439 2.564877 -0.2460446 0.5362227 2.547554 -0.2438914 0.3140479 2.526772 -0.4054008 0.5360981 2.532375 -0.6276481 0.4612908 2.406049 -0.5673624 0.4953095 2.12834 -0.08668829 0.5363473 2.562732 0.1763487 0.4775864 2.477362 0.1713547 0.4826733 2.19029 -0.3443023 0.09179299 2.496221 -0.3459017 -0.3370874 2.617939 -0.4964327 -0.8156825 2.476595 -0.1391743 0.09195332 2.51576 -0.1304799 -0.3512447 2.54875 0.02064955 -0.786873 2.51633 
-0.24229 0.7476868 2.532968 -0.2424854 0.5320945 2.533886 -0.2423533 0.3094111 2.525506 -0.4018345 0.5325741 2.51863 -0.6428298 0.4631476 2.48504 -0.5894838 0.4853372 2.204685 -0.08313624 0.531615 2.549142 0.1716713 0.4677899 2.548163 0.1738281 0.4641928 2.261116 -0.3447816 0.08703641 2.507308 -0.3502362 -0.3469083 2.608553 -0.5020531 -0.8209535 2.481287 -0.139661 0.08641904 2.526946 -0.1292028 -0.3570827 2.567037 0.01350272 -0.7890385 2.513983 
-0.2386469 0.7489077 2.516009 -0.2411189 0.5316303 2.52588 -0.2420508 0.3086955 2.523846 -0.4003457 0.5324458 2.50944 -0.6344386 0.4650912 2.553519 -0.5869109 0.4693323 2.27144 -0.08189212 0.5308148 2.54232 0.153812 0.4498773 2.609574 0.1648235 0.4455095 2.322811 -0.3454668 0.08628561 2.511231 -0.3536305 -0.3515951 2.593554 -0.4989688 -0.8133469 2.479036 -0.1404987 0.08523574 2.532395 -0.1397346 -0.3574495 2.58411 0.03216249 -0.7979365 2.477338 
-0.2367558 0.747281 2.507525 -0.240617 0.5302143 2.521806 -0.2419933 0.3071686 2.52365 -0.3995725 0.5310398 2.50304 -0.5997465 0.4355659 2.603249 -0.5656252 0.4616672 2.317853 -0.08166156 0.5293885 2.540572 0.1068775 0.4369182 2.648283 0.1224399 0.4323573 2.361746 -0.3456859 0.08465448 2.513415 -0.3485221 -0.3469947 2.622314 -0.5003394 -0.8144178 2.473746 -0.1410533 0.08359155 2.537574 -0.1373173 -0.3601145 2.58288 0.03297142 -0.7975318 2.473126 
-0.2366663 0.7470294 2.502783 -0.2407549 0.5296902 2.520625 -0.242452 0.3066246 2.525533 -0.3994226 0.530435 2.499607 -0.5618933 0.4092982 2.627613 -0.5288616 0.4544066 2.340635 -0.08208714 0.5289454 2.541643 0.06991665 0.4164434 2.67314 0.07426725 0.4257595 2.386667 -0.3462752 0.08403841 2.516912 -0.3525662 -0.3490237 2.622538 -0.4966291 -0.8099962 2.479282 -0.1420231 0.08307973 2.543969 -0.139114 -0.3610775 2.586986 0.02832844 -0.7924688 2.478879 
-0.2376155 0.745581 2.508947 -0.2403905 0.529144 2.523689 -0.2422836 0.3060045 2.527407 -0.3990333 0.5301351 2.502398 -0.5379397 0.3761548 2.613828 -0.4815724 0.4527385 2.346199 -0.08174773 0.5281529 2.54498 0.05896268 0.3862168 2.659105 0.02138502 0.4211231 2.383126 -0.3462748 0.08350278 2.517423 -0.3469839 -0.3468049 2.63449 -0.499497 -0.8112156 2.473408 -0.1420784 0.08222708 2.544828 -0.1371052 -0.3626671 2.579595 0.03011365 -0.7943408 2.474611 
-0.2393199 0.747902 2.52051 -0.2405654 0.5302482 2.529863 -0.2418793 0.3070774 2.529784 -0.3991509 0.5311896 2.508103 -0.5314653 0.3530729 2.568922 -0.4264486 0.4558748 2.324235 -0.08197987 0.5293069 2.551623 0.05048528 0.3626121 2.605563 -0.030918 0.4242611 2.338787 -0.3452586 0.08451239 2.515701 -0.3607307 -0.3530377 2.586331 -0.4791058 -0.7944189 2.52917 -0.1411276 0.08330072 2.54371 -0.1365833 -0.3615643 2.580092 0.03351886 -0.7936741 2.465733 
