-0.1325078 0.7249929 2.782777 -0.1193391 0.5089673 2.743918 -0.1060097 0.2902209 2.711605 -0.2852418 0.5024452 2.719634 -0.2982047 0.402652 2.422109 -0.1553545 0.4394608 2.191751 0.04656356 0.5154893 2.768203 0.08648114 0.4065129 2.449184 -0.03669353 0.4673162 2.209074 -0.1937831 0.06750002 2.664492 -0.2262807 -0.3742158 2.679039 -0.3313615 -0.8184206 2.671067 0.008422639 0.07544924 2.694091 0.04808021 -0.3656765 2.68611 0.1676257 -0.7733845 2.661026 
-0.1327218 0.7282211 2.812832 -0.1190699 0.5160678 2.757561 -0.1061585 0.3003453 2.71081 -0.2850832 0.5113477 2.733493 -0.2775894 0.4528369 2.399992 -0.1778818 0.4572315 2.145073 0.04694341 0.5207879 2.781629 0.08573689 0.4592486 2.417146 0.006426712 0.4901569 2.15202 -0.1944275 0.08174599 2.64939 -0.2200148 -0.3603147 2.667746 -0.3253568 -0.8092958 2.658626 0.007933103 0.08749953 2.678728 0.05377704 -0.3524045 2.65594 0.1712669 -0.7679281 2.648897 
-0.1280117 0.7228257 2.808863 -0.1157065 0.5148009 2.759072 -0.1031711 0.299145 2.710121 -0.2822945 0.5095568 2.739515 -0.2986517 0.4839632 2.383485 -0.2372092 0.4780024 2.108618 0.05088151 0.5200449 2.778629 0.1371787 0.5065603 2.40329 0.1005675 0.5084881 2.120589 -0.1921732 0.08029281 2.64925 -0.2016071 -0.3622568 2.657377 -0.3183799 -0.8257934 2.680333 0.01090164 0.08668546 2.67309 0.05640043 -0.3532273 2.644152 0.1771969 -0.7799861 2.660421 
-0.1261745 0.7159043 2.796345 -0.113561 0.5064479 2.749724 -0.100721 0.2903227 2.702584 -0.2804295 0.5001365 2.733209 -0.3448076 0.47397 2.408737 -0.2803057 0.470715 2.130803 0.05330744 0.5127594 2.766239 0.1926064 0.5012957 2.433142 0.1695414 0.5056762 2.146987 -0.1896002 0.07035013 2.645376 -0.2032257 -0.3724152 2.647619 -0.3160093 -0.8300086 2.676709 0.01383841 0.07804477 2.665511 0.06353544 -0.3615976 2.638689 0.1750321 -0.7857676 2.656098 
-0.117835 0.7169164 2.77868 -0.1072992 0.5048045 2.739496 -0.09704361 0.2874487 2.697886 -0.2744113 0.4996772 2.725092 -0.3878725 0.4564567 2.452898 -0.3178173 0.4604889 2.177063 0.05981298 0.5099317 2.753901 0.2438357 0.4846742 2.480567 0.2229648 0.500768 2.196709 -0.1886443 0.06696784 2.647496 -0.2015555 -0.37587 2.656436 -0.3163615 -0.8234257 2.682913 0.01506817 0.07321808 2.665055 0.06594187 -0.3662575 2.63697 0.1747684 -0.7808836 2.663889 
-0.1181445 0.7140914 2.751267 -0.1056937 0.5009974 2.725329 -0.09448509 0.2821854 2.693626 -0.2730201 0.4937732 2.716032 -0.4277678 0.4316236 2.51139 -0.3522944 0.4551765 2.235644 0.06163279 0.5082216 2.734627 0.2815705 0.4674636 2.538312 0.2555175 0.4955441 2.258193 -0.1853106 0.05896817 2.656254 -0.1998829 -0.3821963 2.688774 -0.3133491 -0.8255368 2.688654 0.0187575 0.06777865 2.667593 0.0737982 -0.3712591 2.64044 0.175419 -0.7789505 2.665687 
-0.1120347 0.7211406 2.716991 -0.1011909 0.5053911 2.703396 -0.09060104 0.2852172 2.681531 -0.2686983 0.4980274 2.696416 -0.460429 0.3806472 2.624097 -0.3884806 0.4634787 2.362008 0.06631638 0.5127547 2.710375 0.3079046 0.435626 2.655324 0.2887218 0.4795124 2.376939 -0.1820899 0.06055588 2.655414 -0.1961713 -0.3818373 2.67641 -0.3218517 -0.8216526 2.671343 0.02206766 0.06953067 2.663921 0.07164054 -0.3701907 2.637227 0.1730012 -0.7716417 2.665972 
-0.1094287 0.723545 2.707438 -0.09926911 0.5072275 2.695671 -0.08933362 0.2867517 2.67591 -0.2667662 0.500401 2.687621 -0.4472196 0.370331 2.690039 -0.3876173 0.4735296 2.430836 0.06822797 0.514054 2.703722 0.2929474 0.4298066 2.714654 0.2715511 0.4787702 2.440514 -0.1814845 0.0621152 2.651242 -0.1952423 -0.3799002 2.680034 -0.3197587 -0.8177835 2.668067 0.02268823 0.07043649 2.661055 0.07066541 -0.3698364 2.643086 0.1731353 -0.767764 2.661539 
-0.1077878 0.7237195 2.68317 -0.09794945 0.5063905 2.683669 -0.08824839 0.2854165 2.674321 -0.2654898 0.4993346 2.676592 -0.4085779 0.3561437 2.758015 -0.3819441 0.4756428 2.500329 0.06959085 0.5134463 2.690746 0.2535031 0.4119275 2.782332 0.2478345 0.4659324 2.505991 -0.1806639 0.06014204 2.66066 -0.197632 -0.3791843 2.712149 -0.3183588 -0.8201411 2.684045 0.02356918 0.06874318 2.669287 0.06984456 -0.3716651 2.649153 0.1751457 -0.7685328 2.671943 
-0.1061283 0.7181831 2.652045 -0.09600804 0.5007594 2.669966 -0.0859113 0.2799691 2.674815 -0.2634059 0.4929037 2.660834 -0.3693767 0.350133 2.79249 -0.3691363 0.4766905 2.540399 0.07138986 0.5086151 2.679098 0.2071662 0.3803951 2.823204 0.2207696 0.4569889 2.550333 -0.177854 0.05439014 2.674099 -0.2044758 -0.3861946 2.70217 -0.3163089 -0.821851 2.690249 0.02622495 0.06396722 2.685231 0.07707053 -0.3760898 2.669025 0.175756 -0.7701828 2.679802 
-0.1036501 0.7128379 2.638703 -0.09594588 0.4950643 2.666516 -0.08768166 0.2742236 2.680397 -0.2635964 0.48873 2.665552 -0.3337499 0.3144746 2.788903 -0.3459509 0.4493407 2.538733 0.07170457 0.5013986 2.667479 0.1676313 0.3346672 2.803803 0.1478546 0.4411423 2.541244 -0.1815695 0.04952339 2.69369 -0.2201856 -0.3901454 2.670453 -0.3229657 -0.8201928 2.680195 0.02273461 0.05724257 2.694864 0.06964651 -0.3819941 2.661732 0.1699012 -0.7792477 2.666515 
-0.1073993 0.7133536 2.649309 -0.09780698 0.4963161 2.674415 -0.08977939 0.2752324 2.686217 -0.2654969 0.4901403 2.672787 -0.3503697 0.2952354 2.732956 -0.3145919 0.4492688 2.49904 0.0698829 0.5024918 2.676042 0.1833203 0.3168366 2.744413 0.1037752 0.4330616 2.499337 -0.1839413 0.0503853 2.697028 -0.2261032 -0.3899249 2.682433 -0.3232946 -0.8165569 2.678175 0.0204377 0.05791222 2.699012 0.06922843 -0.3818793 2.677686 0.1691078 -0.7722327 2.672106 
-0.1099163 0.717401 2.673617 -0.1007794 0.4995181 2.687114 -0.09175323 0.2782542 2.692197 -0.2683742 0.4925745 2.682465 -0.3636221 0.2975741 2.652998 -0.2764743 0.453152 2.441612 0.0668155 0.5064617 2.691764 0.1887192 0.3199672 2.661706 0.05932873 0.4349377 2.435062 -0.1848873 0.05275775 2.694446 -0.2281354 -0.3878814 2.681139 -0.3224071 -0.8168387 2.672827 0.01943311 0.0612229 2.700114 0.06352533 -0.3785752 2.66956 0.1736876 -0.7691396 2.665576 
-0.1103387 0.7180724 2.696253 -0.1025599 0.5008276 2.699268 -0.09443947 0.2794828 2.697968 -0.2699767 0.4947385 2.690262 -0.3622254 0.3282278 2.565474 -0.2263273 0.4513213 2.362789 0.06485692 0.5069167 2.708273 0.1834395 0.3465485 2.581355 0.02725252 0.442394 2.359245 -0.1883861 0.05442569 2.691178 -0.228181 -0.3865599 2.695342 -0.325806 -0.8189691 2.672932 0.01574804 0.06185025 2.702158 0.0560973 -0.3786787 2.67556 0.1711159 -0.7670715 2.663764 
-0.1168185 0.7195815 2.727556 -0.1082065 0.5025799 2.71378 -0.09991834 0.2816426 2.702691 -0.275449 0.4969171 2.701607 -0.3330165 0.3870477 2.489727 -0.1946725 0.4520213 2.266088 0.05903598 0.5082428 2.725954 0.1378095 0.3963478 2.508189 0.01083421 0.4498964 2.264619 -0.1935637 0.05725369 2.684182 -0.2282103 -0.3844048 2.689247 -0.3279302 -0.8205318 2.666107 0.01030338 0.06415671 2.699022 0.05198075 -0.3764192 2.67384 0.1678892 -0.7680073 2.661245 
-0.1202422 0.7232686 2.753222 -0.1115982 0.5082654 2.727868 -0.1034737 0.2880101 2.70762 -0.2787841 0.5033477 2.71428 -0.3059661 0.434997 2.444343 -0.1915053 0.4568622 2.200552 0.05558769 0.5131832 2.741456 0.1119427 0.4392047 2.449106 0.01835567 0.4532645 2.188466 -0.1972377 0.06475773 2.67909 -0.2240768 -0.3771669 2.694545 -0.3251243 -0.8152215 2.666453 0.006539107 0.07075176 2.695652 0.05128687 -0.3698624 2.688103 0.1692906 -0.7640235 2.660326 
