-0.255413 0.7530655 2.570626 -0.2528968 0.5374987 2.550884 -0.2503617 0.3155305 2.528466 -0.4111805 0.5380933 2.527097 -0.4955913 0.3262239 2.459057 -0.3137661 0.4256213 2.260971 -0.09461308 0.536904 2.574671 0.0258083 0.3215461 2.522637 -0.1168737 0.3998748 2.293163 -0.3497101 0.09394513 2.490737 -0.356428 -0.3400122 2.592546 -0.498205 -0.812115 2.482938 -0.1459432 0.09317963 2.521359 -0.1465454 -0.3489512 2.582227 0.02701024 -0.7974851 2.460566 
-0.2631938 0.7614608 2.600934 -0.2573525 0.5450476 2.570055 -0.2520209 0.3243015 2.538232 -0.4159946 0.5442809 2.548795 -0.478658 0.3453107 2.38927 -0.2766 0.4341834 2.201249 -0.09871034 0.5458143 2.591315 0.01494366 0.3391315 2.451149 -0.1472196 0.4162811 2.227613 -0.348783 0.103062 2.492726 -0.3466813 -0.3268099 2.611465 -0.5013629 -0.805631 2.464718 -0.1445956 0.1040489 2.52009 -0.143302 -0.3373263 2.586738 0.02803339 -0.7831762 2.458666 
-0.2610919 0.7599749 2.602479 -0.2570763 0.5454831 2.572228 -0.2531744 0.3246374 2.540409 -0.4158529 0.5455996 2.551949 -0.4658188 0.3581616 2.362147 -0.2640338 0.4361041 2.16869 -0.09829965 0.5453664 2.592508 0.00748362 0.3520589 2.423069 -0.1507768 0.4239629 2.194963 -0.3514622 0.1038668 2.495538 -0.3436703 -0.3230271 2.624645 -0.5012526 -0.8113066 2.473268 -0.1470829 0.1037167 2.521642 -0.147768 -0.338113 2.585451 0.02213605 -0.7913428 2.46881 
-0.2610013 0.7582803 2.62129 -0.256257 0.5447902 2.577663 -0.2523523 0.3250977 2.539059 -0.4149541 0.5456442 2.556752 -0.4398917 0.3890713 2.323565 -0.257158 0.4402052 2.10859 -0.09755991 0.5439363 2.598575 -0.01024386 0.3885384 2.374049 -0.1464797 0.4381761 2.131109 -0.3505858 0.1059547 2.486997 -0.3453169 -0.3257437 2.598448 -0.4984252 -0.8109635 2.460687 -0.1463095 0.1048555 2.513914 -0.1423653 -0.3374196 2.574388 0.02807794 -0.7923704 2.458392 
-0.2610775 0.755779 2.637382 -0.2555855 0.5450544 2.586075 -0.2504154 0.3264415 2.541499 -0.41355 0.5465602 2.56037 -0.3909425 0.4374937 2.268396 -0.2554083 0.4489303 2.017457 -0.09762093 0.5435488 2.61178 -0.04528335 0.4391548 2.308533 -0.1348573 0.4557054 2.038301 -0.3469213 0.1087977 2.480377 -0.3430485 -0.3186365 2.608403 -0.5014614 -0.814057 2.464159 -0.1435696 0.1068594 2.513468 -0.1444214 -0.3335805 2.585502 0.03292933 -0.7931103 2.460451 
-0.2622021 0.7575006 2.648729 -0.2547784 0.5479194 2.59241 -0.2490632 0.3300774 2.544257 -0.4125921 0.5496761 2.565732 -0.3699597 0.4562376 2.240701 -0.2565658 0.4573723 1.979921 -0.09696476 0.5461627 2.619088 -0.05263164 0.4730836 2.282777 -0.1172119 0.4649247 2.004706 -0.3449124 0.1133661 2.478935 -0.3436237 -0.3122733 2.613116 -0.4973171 -0.8074515 2.469065 -0.1417836 0.1111049 2.513274 -0.1437764 -0.3296141 2.584115 0.03592136 -0.7908003 2.457316 
-0.2604386 0.7572188 2.644886 -0.2542782 0.5484387 2.593716 -0.2490891 0.3301364 2.547526 -0.4121273 0.5502976 2.567199 -0.3644761 0.4766211 2.222841 -0.2774162 0.4631763 1.951854 -0.09642893 0.5465799 2.620234 -0.04831191 0.4970444 2.263376 -0.07955105 0.471008 1.982444 -0.3454894 0.1130303 2.484269 -0.3434187 -0.3127946 2.618155 -0.5017391 -0.8138495 2.47408 -0.1423107 0.1106377 2.518402 -0.1447752 -0.3303234 2.587994 0.02901813 -0.7924837 2.467376 
-0.2620109 0.7571977 2.652475 -0.2548472 0.5488033 2.595646 -0.2491687 0.3314495 2.545322 -0.4129445 0.5504599 2.570652 -0.3772592 0.490324 2.214926 -0.3081976 0.4678327 1.938178 -0.09674994 0.5471469 2.62064 -0.02067668 0.5060067 2.255186 -0.02717114 0.4765806 1.972443 -0.345247 0.1151619 2.478911 -0.3464941 -0.3167355 2.589159 -0.4958405 -0.8086277 2.470527 -0.1417335 0.1130295 2.511085 -0.1451632 -0.3280173 2.580241 0.03184401 -0.7916188 2.451317 
-0.2576179 0.7554829 2.646289 -0.2511188 0.5473445 2.591444 -0.2467179 0.3295484 2.542845 -0.4098731 0.548556 2.571638 -0.4246 0.4886354 2.217483 -0.3480688 0.4748591 1.940848 -0.09236456 0.546133 2.61125 0.01919135 0.5070225 2.255112 0.01771073 0.479329 1.967197 -0.3445458 0.1125324 2.481493 -0.3449819 -0.3170554 2.601372 -0.4948241 -0.8144988 2.477525 -0.1400879 0.1109722 2.507 -0.1428767 -0.3297692 2.578154 0.02930475 -0.7920709 2.456229 
-0.2552397 0.7572129 2.634171 -0.2498173 0.5471297 2.585161 -0.2453911 0.3285162 2.540457 -0.4087083 0.5478127 2.566089 -0.480289 0.4863119 2.250233 -0.3956167 0.4744237 1.973858 -0.09092626 0.5464467 2.604233 0.08010539 0.5050198 2.288054 0.0876774 0.4796355 1.999583 -0.3432031 0.1103421 2.483481 -0.3439713 -0.3196184 2.602902 -0.4969998 -0.8156355 2.475435 -0.1387267 0.1094631 2.508025 -0.142665 -0.3306924 2.582629 0.03121129 -0.7944977 2.461669 
-0.2522431 0.7525221 2.609618 -0.2489299 0.5392134 2.571972 -0.246815 0.3192368 2.535097 -0.4077966 0.5409348 2.552591 -0.5431582 0.470163 2.295129 -0.4584104 0.4662634 2.017313 -0.09006327 0.5374919 2.591353 0.1315431 0.4880044 2.334503 0.1529515 0.4726049 2.046999 -0.346937 0.100368 2.485749 -0.3496134 -0.332767 2.592769 -0.5048618 -0.825703 2.471 -0.1424629 0.09815235 2.510694 -0.1519969 -0.3414475 2.587843 0.03412472 -0.8088015 2.458992 
-0.2472225 0.7552602 2.597843 -0.2470705 0.5411494 2.564002 -0.2471656 0.3206132 2.530184 -0.4057062 0.5444363 2.543012 -0.5900964 0.4595975 2.32656 -0.5148715 0.4605669 2.045795 -0.08843482 0.5378624 2.584991 0.1702562 0.4784905 2.398726 0.1976358 0.4635538 2.113987 -0.3493634 0.1021926 2.482857 -0.3532021 -0.334332 2.574413 -0.4999805 -0.8105366 2.470491 -0.1451578 0.0979614 2.509876 -0.1443054 -0.3432493 2.57639 0.03174925 -0.795441 2.458336 
-0.2457979 0.7536113 2.582396 -0.2463831 0.5388279 2.554116 -0.2472799 0.3176862 2.524361 -0.4050299 0.5422954 2.533127 -0.6305475 0.4422994 2.371777 -0.5775496 0.4524457 2.088929 -0.08773638 0.5353603 2.575105 0.1996287 0.4747454 2.467857 0.2239696 0.4507915 2.182987 -0.3502761 0.09877609 2.481097 -0.3500555 -0.3366753 2.578444 -0.4981818 -0.8155903 2.471453 -0.1460773 0.09431296 2.508114 -0.1465366 -0.3457073 2.582496 0.03232727 -0.8002848 2.458324 
-0.2435828 0.7567085 2.575222 -0.2447951 0.541824 2.549373 -0.245271 0.3203966 2.521474 -0.4033369 0.5449188 2.527515 -0.6517797 0.4301521 2.424373 -0.6169209 0.4392232 2.139517 -0.08625323 0.5387291 2.571231 0.2048062 0.4583724 2.513926 0.2263345 0.445879 2.22769 -0.3477852 0.1009612 2.479506 -0.3453807 -0.3354014 2.573208 -0.4971343 -0.8114022 2.470522 -0.1437087 0.09697745 2.507642 -0.1377183 -0.3445239 2.571998 0.03298141 -0.7916539 2.467575 
-0.2405187 0.7498845 2.543086 -0.2437485 0.5329674 2.530672 -0.2459536 0.310531 2.51314 -0.4020657 0.5363798 2.507291 -0.65846 0.4118024 2.519833 -0.6545008 0.4146409 2.231775 -0.08543122 0.5295551 2.554052 0.1901856 0.4275804 2.606969 0.2252514 0.4201052 2.315963 -0.350059 0.09029096 2.480559 -0.3505453 -0.3446098 2.580422 -0.5042228 -0.819249 2.467214 -0.1462587 0.08589826 2.510657 -0.1426038 -0.3563564 2.570097 0.02505795 -0.7956279 2.4718 
-0.2380291 0.7466732 2.529565 -0.2438259 0.5287168 2.522955 -0.2478256 0.3060058 2.509751 -0.4020824 0.5329625 2.49928 -0.6327339 0.3904056 2.559918 -0.6372616 0.4096484 2.276136 -0.08556952 0.5244712 2.546629 0.1745905 0.4212864 2.640471 0.207918 0.3961736 2.349983 -0.3536808 0.08602741 2.48131 -0.3533913 -0.3463989 2.591408 -0.5011869 -0.816829 2.474278 -0.1499696 0.08056226 2.511785 -0.146513 -0.3613067 2.574753 0.02551205 -0.7961358 2.469024 
-0.2360479 0.7453129 2.522802 -0.2430973 0.526906 2.518985 -0.2479964 0.3040552 2.508012 -0.4010534 0.5316328 2.493512 -0.5953776 0.3832138 2.597949 -0.6033652 0.3996349 2.310816 -0.08514117 0.5221791 2.544458 0.1332834 0.4026333 2.661227 0.1699563 0.3810137 2.372005 -0.3545643 0.0842468 2.480642 -0.3524916 -0.3499049 2.584003 -0.4986597 -0.813561 2.472107 -0.1512268 0.0781619 2.513434 -0.1419894 -0.3638657 2.574858 0.02785428 -0.7943031 2.465097 
-0.234148 0.7411029 2.510424 -0.2423779 0.5234185 2.514518 -0.2478936 0.3004167 2.509126 -0.4000578 0.527975 2.487368 -0.5507166 0.3696287 2.627965 -0.5440562 0.3972082 2.339233 -0.08469798 0.5188619 2.541668 0.09161121 0.3847961 2.673611 0.1007082 0.3852032 2.385517 -0.3548968 0.08034763 2.486259 -0.3532836 -0.3545357 2.586874 -0.4977145 -0.8177831 2.479012 -0.1519218 0.07448221 2.521209 -0.1418479 -0.3670685 2.586106 0.03237703 -0.7991384 2.463009 
-0.236452 0.739969 2.504237 -0.2430482 0.5229243 2.513469 -0.2478059 0.2998298 2.512019 -0.4006914 0.5264651 2.485929 -0.5283986 0.3445754 2.618096 -0.4834482 0.4027111 2.340078 -0.08540504 0.5193835 2.541008 0.06929831 0.3688961 2.67631 0.04645654 0.3873231 2.386953 -0.3540234 0.07901413 2.492845 -0.3527507 -0.3567149 2.589899 -0.4967863 -0.8157626 2.479288 -0.1511037 0.07445639 2.528294 -0.1384897 -0.3682674 2.583468 0.03238121 -0.7927694 2.467711 
-0.2398466 0.7374887 2.510155 -0.2440205 0.521207 2.516405 -0.2473415 0.2980798 2.51289 -0.4016335 0.523991 2.488583 -0.5287029 0.3237833 2.58556 -0.4314383 0.4056517 2.329868 -0.08640756 0.5184228 2.544226 0.05414623 0.3444521 2.642661 -0.008213604 0.3970986 2.364425 -0.3521033 0.07674455 2.49147 -0.3520436 -0.3612673 2.577007 -0.4958996 -0.8159828 2.470975 -0.1492215 0.07316087 2.527282 -0.136906 -0.370049 2.579 0.03216469 -0.7956682 2.459809 
-0.2398335 0.7337295 2.515326 -0.2441551 0.5176992 2.521612 -0.2468275 0.294519 2.518235 -0.4021136 0.5199816 2.495769 -0.5194324 0.3099409 2.511651 -0.3647038 0.4205952 2.288082 -0.08619659 0.5154167 2.547454 0.03928455 0.3156179 2.572145 -0.06768643 0.4074367 2.315375 -0.3511656 0.07280782 2.498225 -0.3538667 -0.364516 2.587014 -0.50248 -0.8187478 2.475044 -0.1478341 0.06986976 2.531491 -0.136645 -0.3733989 2.583511 0.03126694 -0.7952352 2.464382 
-0.2430626 0.7368786 2.532695 -0.2465941 0.518978 2.530638 -0.2476888 0.2960306 2.521318 -0.4045302 0.5208415 2.504607 -0.5117146 0.3189673 2.460335 -0.3330019 0.430254 2.247282 -0.08865802 0.5171145 2.556668 0.0391454 0.3193117 2.520072 -0.09999125 0.4086991 2.280691 -0.3504331 0.07428253 2.495246 -0.3691195 -0.3637941 2.576944 -0.4768281 -0.8028012 2.513106 -0.1471339 0.07188373 2.528753 -0.1356308 -0.371761 2.577378 0.02911746 -0.7896538 2.463232 
-0.2486877 0.7396135 2.559365 -0.2483857 0.5217469 2.543173 -0.2465493 0.2996795 2.523612 -0.4064252 0.5226804 2.517738 -0.500382 0.3329975 2.409184 -0.3118272 0.4350118 2.193571 -0.09034613 0.5208133 2.568607 0.03155466 0.3331423 2.461008 -0.1116022 0.4084596 2.224067 -0.3464321 0.07821295 2.48768 -0.3704747 -0.3598188 2.569282 -0.4640046 -0.7902306 2.533034 -0.1429939 0.07701123 2.520421 -0.1361543 -0.3651288 2.580703 0.03434515 -0.7902041 2.455645 
