-0.1191081 0.7191198 2.757314 -0.1106358 0.4964902 2.748241 -0.1017758 0.2752215 2.743178 -0.2780021 0.4900382 2.737337 -0.3448409 0.3119781 2.564491 -0.1596025 0.4452467 2.390682 0.05673061 0.5029423 2.759146 0.152394 0.3019622 2.599422 -0.0301076 0.4297291 2.39476 -0.1949295 0.05002001 2.731469 -0.2147699 -0.3928469 2.730901 -0.3178592 -0.8191479 2.672034 0.00909766 0.05788536 2.744762 0.06257832 -0.3796656 2.69753 0.1920491 -0.7703207 2.646633 
-0.1181916 0.7164299 2.768605 -0.1091785 0.4954666 2.754735 -0.09974707 0.2742727 2.746137 -0.2764665 0.4887975 2.7428 -0.3284095 0.331481 2.512249 -0.1433909 0.4503851 2.325723 0.05810953 0.5021355 2.76667 0.1407072 0.32199 2.549712 -0.03202075 0.4423958 2.328355 -0.1922835 0.04901396 2.730264 -0.2113103 -0.393158 2.748208 -0.3161813 -0.8218698 2.676662 0.01165212 0.0571439 2.744813 0.07082484 -0.3808282 2.714736 0.194712 -0.7773901 2.653773 
-0.1218976 0.7211603 2.784748 -0.1095645 0.5013779 2.762498 -0.09825006 0.2805423 2.748759 -0.2768272 0.4935266 2.750951 -0.3017126 0.3577445 2.472637 -0.1395731 0.4633331 2.264337 0.05769829 0.5092291 2.774045 0.1278477 0.3509908 2.50984 -0.02520803 0.4551431 2.27163 -0.188889 0.05492108 2.727982 -0.21138 -0.387448 2.739432 -0.3150304 -0.8160304 2.67715 0.01501771 0.06449237 2.742059 0.07127213 -0.3740962 2.712728 0.1974344 -0.7714711 2.649604 
-0.120788 0.7139039 2.793818 -0.107873 0.4971038 2.771618 -0.09646008 0.2764438 2.754811 -0.2750112 0.4894715 2.758326 -0.2758395 0.3913612 2.446817 -0.1443537 0.469303 2.216621 0.05926515 0.5047361 2.78491 0.107939 0.3945082 2.474424 -0.003687607 0.4638468 2.212627 -0.186927 0.05113161 2.729902 -0.2085828 -0.3912568 2.745686 -0.3177449 -0.8267558 2.681647 0.01683269 0.06043623 2.746107 0.0660115 -0.3793632 2.722778 0.1983577 -0.7834683 2.65322 
-0.1183635 0.7174203 2.810853 -0.1047365 0.5017216 2.784997 -0.09181087 0.2819178 2.760218 -0.2718112 0.4934529 2.771193 -0.2702062 0.4540861 2.425466 -0.1982203 0.4821379 2.161101 0.06233825 0.5099903 2.798801 0.1242389 0.4478814 2.435851 0.07517081 0.4811684 2.157572 -0.1807222 0.05707405 2.727025 -0.2030571 -0.3844439 2.758416 -0.3172013 -0.8170526 2.668938 0.02295168 0.06715406 2.743854 0.07064087 -0.3713497 2.701154 0.200046 -0.7698562 2.649619 
-0.1156957 0.7185691 2.826876 -0.1018472 0.504248 2.790977 -0.08918421 0.2855171 2.758512 -0.2689674 0.4965948 2.777354 -0.3011046 0.4560466 2.433221 -0.2440011 0.4766857 2.15865 0.06527307 0.5119012 2.804599 0.1591162 0.4574372 2.437436 0.1375469 0.4886064 2.155146 -0.1783863 0.06212138 2.717745 -0.1992864 -0.3798363 2.744262 -0.3197592 -0.8193282 2.665561 0.02534383 0.0714511 2.734352 0.06640095 -0.3679779 2.693857 0.1994509 -0.7713754 2.641511 
-0.1135564 0.7192089 2.834379 -0.1000235 0.5061921 2.794183 -0.08769495 0.2881153 2.757189 -0.2671025 0.4991963 2.779743 -0.3465388 0.4575162 2.442103 -0.297899 0.4807951 2.164236 0.06705548 0.5131881 2.808623 0.2080694 0.4582278 2.450724 0.2039132 0.4972465 2.168253 -0.177208 0.06577416 2.711393 -0.195481 -0.3767256 2.727485 -0.3198662 -0.8195329 2.668064 0.0264751 0.07430272 2.728997 0.06498732 -0.3654853 2.68913 0.1956623 -0.7724867 2.648159 
-0.1118881 0.7145464 2.817147 -0.09932233 0.5003596 2.784947 -0.08813264 0.2814737 2.752541 -0.2666382 0.4934153 2.77408 -0.3992191 0.4482208 2.467566 -0.3647843 0.4884355 2.186517 0.06799349 0.507304 2.795815 0.255582 0.4571528 2.476872 0.2672632 0.4982556 2.192924 -0.1789495 0.05835401 2.713509 -0.1979877 -0.3839217 2.735348 -0.3202768 -0.829519 2.678321 0.02506364 0.06682141 2.72676 0.06283368 -0.3730305 2.686419 0.1943423 -0.7811465 2.648026 
-0.1110048 0.7222791 2.799735 -0.09892178 0.5059452 2.774591 -0.08829437 0.2863599 2.746764 -0.2663172 0.499131 2.764432 -0.4832976 0.4202996 2.534148 -0.4433331 0.4916858 2.258247 0.06847361 0.5127593 2.78475 0.3306519 0.4412936 2.547972 0.3560429 0.5045849 2.269632 -0.1796938 0.06262147 2.712746 -0.194061 -0.3783306 2.754269 -0.3221893 -0.8191706 2.670661 0.02435986 0.07092787 2.725129 0.06912201 -0.3676242 2.678447 0.1923778 -0.7650348 2.648981 
-0.1069062 0.7255276 2.789309 -0.09956463 0.4912895 2.766569 -0.08709675 0.2718949 2.737773 -0.2669362 0.4830103 2.75718 -0.504154 0.4106501 2.578074 -0.4674795 0.491651 2.308624 0.06780696 0.4995687 2.775957 0.3448209 0.4251475 2.608478 0.3685969 0.5019723 2.332884 -0.1766495 0.04745375 2.703256 -0.1877244 -0.3932658 2.748884 -0.3179094 -0.8396891 2.665528 0.0273918 0.05754689 2.714701 0.07350668 -0.3810856 2.669908 0.1938498 -0.7833304 2.64522 
-0.1041166 0.7205575 2.763614 -0.09642234 0.4942344 2.75275 -0.08622257 0.2738201 2.735004 -0.2638955 0.4871718 2.744213 -0.5165539 0.4123051 2.646074 -0.487784 0.4834487 2.376122 0.07105086 0.5012969 2.761288 0.3474347 0.4200953 2.678213 0.3672697 0.4909965 2.400249 -0.1781036 0.04910091 2.712055 -0.1976718 -0.3922935 2.744226 -0.3224308 -0.8226144 2.686315 0.02605799 0.05771065 2.722462 0.07018726 -0.3820836 2.690784 0.1890853 -0.7678112 2.663586 
-0.1030681 0.7194164 2.740762 -0.09576663 0.4962271 2.739742 -0.08657016 0.2752592 2.730182 -0.2632428 0.4896446 2.730779 -0.4967894 0.3971602 2.713049 -0.4885541 0.484827 2.445869 0.07170948 0.5028095 2.748704 0.3397063 0.4075391 2.719601 0.3544669 0.4867511 2.444662 -0.179453 0.05027925 2.715159 -0.1978472 -0.3900186 2.760264 -0.3233608 -0.8239658 2.680876 0.02470562 0.05830342 2.726085 0.06690877 -0.381834 2.6951 0.1908329 -0.7673827 2.657511 
-0.1062277 0.7191725 2.724616 -0.09765299 0.4982975 2.729648 -0.08897171 0.2769273 2.725715 -0.2651052 0.4919011 2.720062 -0.4209512 0.333543 2.81351 -0.4336645 0.4673428 2.56106 0.06979919 0.5046941 2.739233 0.2736727 0.3771323 2.809644 0.290759 0.463007 2.54604 -0.1823567 0.05165822 2.71594 -0.1986585 -0.3893696 2.752654 -0.3263945 -0.8253109 2.672617 0.0217758 0.05945589 2.727625 0.06353121 -0.3799079 2.68622 0.1904355 -0.7664349 2.655065 
-0.1069486 0.7191896 2.71176 -0.09853555 0.4985191 2.724316 -0.08957016 0.2771739 2.726611 -0.2658305 0.4916228 2.712724 -0.3980134 0.308298 2.812749 -0.3849049 0.4673193 2.576512 0.06875935 0.5054154 2.735907 0.2362996 0.3480369 2.832331 0.2398367 0.4454888 2.572936 -0.1825834 0.05162494 2.721841 -0.1992158 -0.388775 2.76701 -0.3232196 -0.8262985 2.680754 0.02137388 0.06003259 2.735972 0.06495146 -0.3791112 2.693778 0.1940013 -0.7707984 2.66221 
-0.1090066 0.7168311 2.706351 -0.09991737 0.4967591 2.721257 -0.08981255 0.2755348 2.728053 -0.2666678 0.488634 2.704706 -0.407866 0.2734455 2.813359 -0.3360606 0.4393286 2.598853 0.06683303 0.5048842 2.737808 0.2320465 0.2960863 2.833724 0.1734827 0.4264828 2.600594 -0.1813912 0.04935593 2.724757 -0.2002583 -0.3921839 2.741171 -0.3187746 -0.8248834 2.678336 0.02197571 0.05926517 2.744942 0.06507796 -0.3793713 2.697441 0.1938483 -0.7699702 2.662904 
-0.1105751 0.7150125 2.712641 -0.1007417 0.4954198 2.722589 -0.09056606 0.2741188 2.728622 -0.2659959 0.487107 2.696388 -0.4110326 0.2543398 2.778967 -0.2817861 0.4176629 2.595332 0.06451248 0.5037327 2.74879 0.227508 0.2647851 2.803616 0.1130835 0.4081847 2.599623 -0.1812643 0.04774356 2.718661 -0.2063669 -0.3941448 2.725504 -0.3168298 -0.8233892 2.670085 0.02048345 0.05789212 2.750648 0.06320251 -0.3801421 2.697641 0.1912386 -0.771 2.657168 
-0.1104711 0.7117049 2.716312 -0.1022512 0.4925252 2.728506 -0.09413724 0.2711635 2.735893 -0.2684639 0.485759 2.708318 -0.3809901 0.2466486 2.707521 -0.2225355 0.4052221 2.545979 0.0639615 0.4992914 2.748695 0.2012781 0.2514187 2.725345 0.04903856 0.3981892 2.560309 -0.187308 0.04567862 2.730979 -0.2173353 -0.3958075 2.748419 -0.3211676 -0.8234711 2.690886 0.01526136 0.05392484 2.755583 0.061066 -0.3833119 2.698693 0.1887444 -0.7782655 2.656683 
-0.1117661 0.7164168 2.737138 -0.1041746 0.4958578 2.739927 -0.09689781 0.2744534 2.739752 -0.2710885 0.4903831 2.72589 -0.3589296 0.2502584 2.632682 -0.1846579 0.4070981 2.474708 0.06273933 0.5013326 2.753963 0.1799917 0.2428773 2.657928 0.0187993 0.4002093 2.493409 -0.191348 0.04971223 2.731022 -0.2161571 -0.3924628 2.736186 -0.3190258 -0.8176815 2.679805 0.0121059 0.05638551 2.748131 0.06313238 -0.3805115 2.69315 0.1902012 -0.7711812 2.645369 
-0.1118851 0.7203571 2.75848 -0.1049289 0.4986774 2.748077 -0.09798178 0.2774534 2.740305 -0.2721543 0.4938377 2.73636 -0.3292519 0.2661639 2.567982 -0.1594286 0.4204157 2.39723 0.06229641 0.5035172 2.759794 0.1609222 0.2497474 2.609356 0.00775029 0.403369 2.426485 -0.192896 0.05328131 2.725395 -0.2137548 -0.3891947 2.735488 -0.3154029 -0.8182206 2.674721 0.0108268 0.05917737 2.739669 0.06588512 -0.3787705 2.702808 0.1930406 -0.7710868 2.642947 
