-0.2603177 0.7576349 2.58338 -0.2521861 0.5422063 2.556875 -0.2453385 0.3204534 2.532409 -0.4101882 0.5401447 2.531338 -0.4958048 0.3696867 2.396095 -0.2954266 0.4660281 2.201638 -0.09418403 0.544268 2.582412 0.04334106 0.359237 2.458422 -0.1104087 0.4443524 2.230778 -0.3401885 0.09737343 2.491507 -0.3528454 -0.3282663 2.623824 -0.5003347 -0.8052346 2.478227 -0.1367932 0.1000274 2.524381 -0.1535947 -0.3398862 2.598285 0.03569074 -0.7970782 2.457546 
-0.2567472 0.7523473 2.603222 -0.2513126 0.538743 2.567143 -0.2470308 0.3179432 2.535551 -0.4093791 0.5392731 2.542016 -0.4713964 0.3943507 2.343014 -0.2720935 0.4643382 2.140588 -0.09324615 0.538213 2.592271 0.03644969 0.384666 2.410748 -0.119078 0.451015 2.176291 -0.3444929 0.09748451 2.487784 -0.3502278 -0.3266487 2.625923 -0.5011544 -0.8124 2.466486 -0.141005 0.09680214 2.520132 -0.1523859 -0.34361 2.592091 0.03744313 -0.8044598 2.449073 
-0.2596249 0.7537683 2.612652 -0.2541011 0.5405003 2.57326 -0.2500537 0.3200464 2.538937 -0.4120174 0.5416642 2.547162 -0.4306867 0.4326706 2.299508 -0.2494525 0.468901 2.078202 -0.0961848 0.5393364 2.599357 0.02115974 0.4127563 2.367421 -0.1189389 0.4608653 2.119057 -0.3476385 0.1003415 2.487818 -0.3500569 -0.3264545 2.617929 -0.5040728 -0.8123922 2.469109 -0.1443743 0.09884337 2.52141 -0.1475438 -0.342234 2.589708 0.03596124 -0.7955805 2.45346 
-0.2579415 0.7540863 2.633482 -0.2525194 0.5434179 2.585979 -0.2487866 0.3240479 2.545086 -0.4102762 0.5457733 2.558944 -0.3786588 0.472663 2.255644 -0.2515824 0.4727702 2.000857 -0.09476256 0.5410626 2.613014 -0.04195026 0.4776852 2.295135 -0.116775 0.4761552 2.018226 -0.3465853 0.1061938 2.486792 -0.344903 -0.3213336 2.615017 -0.4998526 -0.809943 2.472414 -0.1435223 0.103162 2.521592 -0.1480549 -0.3368564 2.596781 0.04045077 -0.7974461 2.453441 
-0.2605669 0.751945 2.637776 -0.2533433 0.5429785 2.589459 -0.2486503 0.3239695 2.546674 -0.4113306 0.5446115 2.563771 -0.3738431 0.4923338 2.235834 -0.2750605 0.4728279 1.970937 -0.09535585 0.5413457 2.615146 -0.0424865 0.4998383 2.273062 -0.0891317 0.4802857 1.992406 -0.3456441 0.1060116 2.487356 -0.3441121 -0.3221703 2.613592 -0.4984317 -0.8144596 2.467668 -0.1422708 0.1039096 2.520423 -0.1483413 -0.336336 2.5943 0.04552223 -0.8015748 2.446958 
-0.2612916 0.7568893 2.639921 -0.2537908 0.5480608 2.591263 -0.248567 0.3291979 2.547708 -0.4119993 0.5491228 2.566952 -0.39243 0.4991649 2.22343 -0.3150453 0.4735479 1.950868 -0.09558226 0.5469989 2.615574 -0.02024905 0.5069196 2.267523 -0.04560056 0.4844567 1.983228 -0.3451709 0.1110185 2.488505 -0.3455684 -0.3182784 2.610952 -0.5017059 -0.8111285 2.470204 -0.1415156 0.1096515 2.519799 -0.1470069 -0.3309904 2.591382 0.04290837 -0.7954203 2.448932 
-0.2592073 0.7551836 2.639989 -0.2520915 0.5469981 2.591184 -0.2465474 0.3281107 2.547738 -0.4104918 0.5475611 2.568135 -0.414719 0.5075779 2.225224 -0.3502296 0.4745227 1.947478 -0.09369119 0.5464352 2.614234 0.009874382 0.5139652 2.264747 3.176785E-05 0.4871895 1.980775 -0.3429531 0.1095855 2.489457 -0.3527977 -0.3269181 2.573531 -0.4757569 -0.7823966 2.522044 -0.1390534 0.1088609 2.519127 -0.1431584 -0.3331564 2.581069 0.03854646 -0.7963703 2.460096 
-0.2582608 0.7567528 2.640527 -0.251199 0.5482169 2.590053 -0.2454338 0.3294435 2.546041 -0.4098476 0.5483097 2.56881 -0.4793647 0.5047888 2.241122 -0.4164082 0.4693392 1.96215 -0.09255041 0.5481241 2.611296 0.06493366 0.5134819 2.277866 0.07219923 0.4935568 1.991917 -0.3417818 0.1107298 2.488356 -0.3502724 -0.322102 2.591856 -0.4818135 -0.793341 2.504956 -0.1375554 0.1106103 2.515703 -0.1441969 -0.3314131 2.577759 0.04154295 -0.7975376 2.456454 
-0.2585607 0.7555038 2.63129 -0.2513281 0.5451074 2.584893 -0.2454725 0.3258478 2.543449 -0.4102414 0.544471 2.565807 -0.5386636 0.4978819 2.263055 -0.4787831 0.4679492 1.982491 -0.09241478 0.5457437 2.603979 0.1239846 0.5062564 2.315927 0.1462482 0.4909385 2.029646 -0.3419023 0.1061787 2.48972 -0.349121 -0.326918 2.595094 -0.4916126 -0.8087931 2.490395 -0.1373316 0.1069979 2.514289 -0.1453799 -0.3344547 2.580223 0.03875458 -0.8022557 2.45702 
-0.2589261 0.7581536 2.615111 -0.2512679 0.5454611 2.57553 -0.2448494 0.3253188 2.539388 -0.4103449 0.5437312 2.557815 -0.61516 0.4774684 2.308249 -0.5520441 0.4564169 2.02765 -0.09219083 0.547191 2.593244 0.1880002 0.4950697 2.398476 0.2201893 0.4858234 2.112653 -0.3408128 0.1040632 2.491846 -0.34046 -0.3230798 2.619979 -0.5010593 -0.815533 2.473079 -0.1360489 0.10629 2.514648 -0.1488882 -0.3332026 2.591828 0.05244711 -0.8043458 2.445563 
-0.2559267 0.7583966 2.601082 -0.2498239 0.5456463 2.567148 -0.2436415 0.3248689 2.535148 -0.4089262 0.5437301 2.549629 -0.6480762 0.470233 2.352116 -0.5836899 0.4486618 2.07166 -0.09072153 0.5475624 2.584667 0.201503 0.4810381 2.448232 0.2488475 0.4790637 2.161999 -0.3398575 0.1028585 2.491873 -0.3448527 -0.3282025 2.606004 -0.4981108 -0.8137418 2.470915 -0.1350608 0.1053249 2.514423 -0.1495702 -0.3348986 2.587062 0.05466499 -0.806543 2.442468 
-0.2540053 0.7612678 2.584584 -0.2481821 0.5469342 2.557662 -0.2426949 0.3254553 2.531084 -0.4073486 0.5450245 2.540716 -0.6690274 0.4626099 2.407555 -0.6099985 0.4515846 2.126327 -0.0890156 0.548844 2.574609 0.2107617 0.4720266 2.491611 0.2645839 0.4743924 2.207928 -0.3396497 0.1027472 2.493599 -0.3469948 -0.3274446 2.611754 -0.4983267 -0.8138822 2.470677 -0.1347658 0.1052055 2.515413 -0.1475448 -0.3354614 2.585788 0.05162804 -0.804908 2.444844 
-0.250161 0.7553577 2.558798 -0.2458401 0.5401021 2.544351 -0.2415643 0.3178355 2.526815 -0.4050264 0.5383649 2.527555 -0.6785098 0.4603019 2.47678 -0.624683 0.4461652 2.196166 -0.08665375 0.5418394 2.561146 0.2128849 0.4685161 2.5163 0.2561753 0.4724823 2.232958 -0.3397433 0.09445081 2.49847 -0.3558111 -0.3430972 2.57156 -0.4767387 -0.7932801 2.535553 -0.1348337 0.09668707 2.52009 -0.1478175 -0.3436444 2.592593 0.04858856 -0.8124086 2.448609 
-0.2481015 0.7509532 2.537428 -0.2449596 0.5351545 2.532692 -0.2413992 0.3124207 2.522517 -0.4040947 0.5333999 2.515415 -0.6397657 0.4451587 2.556387 -0.6009449 0.4514282 2.272014 -0.08582447 0.5369092 2.549968 0.1749312 0.4657498 2.610149 0.2113432 0.4628238 2.326867 -0.3402616 0.0885575 2.501223 -0.3562623 -0.3463311 2.593139 -0.4823443 -0.8028868 2.516098 -0.1354159 0.0908161 2.523462 -0.144657 -0.3502361 2.591909 0.04674147 -0.809814 2.449836 
-0.2474431 0.7491344 2.519243 -0.2453446 0.5322059 2.524338 -0.2423159 0.3092487 2.521433 -0.4045343 0.5302616 2.507593 -0.5973699 0.4310704 2.620191 -0.5772019 0.4501846 2.334883 -0.08615492 0.5341502 2.541083 0.1329772 0.4423838 2.654577 0.1815192 0.4504984 2.376568 -0.3417454 0.08504019 2.50775 -0.3553532 -0.3472497 2.61408 -0.491886 -0.8075085 2.4977 -0.1368289 0.08754294 2.529305 -0.1437244 -0.3537906 2.596297 0.04176004 -0.8057494 2.454077 
-0.2504947 0.7474902 2.512116 -0.2472401 0.529563 2.519864 -0.2442167 0.3064368 2.52063 -0.406497 0.5273499 2.50381 -0.5380943 0.411771 2.659571 -0.5244256 0.4508362 2.37769 -0.08798309 0.5317761 2.535918 0.06524333 0.4098425 2.683652 0.09118863 0.4376948 2.404048 -0.3436953 0.08188623 2.511064 -0.3523382 -0.3489472 2.626559 -0.4982536 -0.8084337 2.473047 -0.1386913 0.08473504 2.531729 -0.1495552 -0.3578098 2.589325 0.05648251 -0.8069715 2.440935 
-0.2498085 0.7494945 2.514152 -0.2462488 0.530685 2.521919 -0.2433381 0.3075121 2.52244 -0.4054883 0.5285701 2.505668 -0.5235114 0.3839124 2.642299 -0.4845411 0.4497601 2.361725 -0.08700942 0.5327998 2.53817 0.04464691 0.3843953 2.679945 0.043158 0.4322434 2.40334 -0.342917 0.082978 2.512502 -0.3504955 -0.3457223 2.636087 -0.4972743 -0.8102813 2.4717 -0.1379378 0.08570035 2.533421 -0.1470038 -0.3568515 2.591496 0.05752411 -0.8055949 2.448326 
-0.2493985 0.7503117 2.514591 -0.2451722 0.5313811 2.524349 -0.2419618 0.3082058 2.526518 -0.404324 0.5289261 2.507323 -0.521261 0.3569559 2.598128 -0.4425099 0.4439827 2.324711 -0.08602033 0.5338359 2.541374 0.04731575 0.3591978 2.643967 -0.004591171 0.426998 2.379839 -0.3411865 0.08345039 2.51773 -0.350198 -0.3477985 2.632082 -0.499322 -0.8131976 2.471258 -0.1363165 0.08661049 2.539645 -0.1432313 -0.3564526 2.593975 0.05297183 -0.8033875 2.455009 
-0.2520869 0.7492687 2.526326 -0.2460207 0.5314138 2.530004 -0.2411003 0.3082999 2.527985 -0.4051869 0.5280549 2.513282 -0.525138 0.335979 2.562078 -0.4075293 0.4413234 2.308172 -0.08685452 0.5347727 2.546726 0.04215205 0.3430971 2.601979 -0.04048992 0.428638 2.343939 -0.3386238 0.08302417 2.515204 -0.3496331 -0.3488581 2.627382 -0.4959577 -0.8112614 2.467499 -0.1337359 0.08734796 2.53673 -0.1395431 -0.35629 2.586214 0.047763 -0.799911 2.449496 
-0.2571894 0.7507015 2.555683 -0.2498752 0.5336975 2.545378 -0.2428901 0.3112454 2.53252 -0.4090411 0.529658 2.528798 -0.5235765 0.3334916 2.497056 -0.3565779 0.439101 2.278473 -0.0907094 0.5377371 2.561958 0.04057172 0.338545 2.533973 -0.07882008 0.427373 2.294692 -0.3383475 0.08619327 2.50899 -0.3496328 -0.3441522 2.626984 -0.4984781 -0.8092472 2.462299 -0.1334626 0.0913931 2.530332 -0.1444232 -0.3514972 2.585033 0.04737195 -0.7992796 2.444798 
