-0.2486001 0.7524237 2.570675 -0.2471884 0.5362219 2.549207 -0.2467842 0.3141521 2.527735 -0.4055623 0.5381758 2.526017 -0.5110104 0.3689469 2.402401 -0.3387744 0.4408527 2.185452 -0.0888145 0.534268 2.572397 0.04110725 0.3661823 2.448467 -0.09808748 0.4328747 2.209381 -0.3483123 0.09333991 2.491337 -0.3539257 -0.3374125 2.606063 -0.4990832 -0.8103049 2.470615 -0.1444474 0.09082471 2.521188 -0.1474939 -0.3512877 2.582771 0.03576357 -0.8014772 2.453009 
-0.2536178 0.7481717 2.595468 -0.2493682 0.5348234 2.562237 -0.2472442 0.3137708 2.531847 -0.4081263 0.5361021 2.54184 -0.4705322 0.4057547 2.32561 -0.3021096 0.4526711 2.101407 -0.09061015 0.5335447 2.582633 0.008248513 0.4030263 2.366859 -0.1213251 0.4454699 2.118895 -0.3473046 0.09354132 2.488328 -0.3583712 -0.3395 2.585542 -0.4770651 -0.7906485 2.522973 -0.1429358 0.09189527 2.514585 -0.144292 -0.3485889 2.586761 0.03979143 -0.8023002 2.455466 
-0.255111 0.7499056 2.608762 -0.2509191 0.5366426 2.568638 -0.2478667 0.3161607 2.534351 -0.4099689 0.5372223 2.550751 -0.4352996 0.4338993 2.29881 -0.2956841 0.4609017 2.05766 -0.0918694 0.536063 2.586526 -0.01840782 0.4289913 2.330417 -0.117479 0.4549776 2.06996 -0.3471918 0.09605191 2.48855 -0.3587416 -0.3345028 2.600309 -0.4830956 -0.7964748 2.505993 -0.1424368 0.09530564 2.511577 -0.1447546 -0.3443549 2.588749 0.03757606 -0.7956833 2.454114 
-0.2573207 0.7533669 2.624911 -0.2518054 0.5420065 2.575711 -0.2480931 0.3226671 2.535084 -0.4110268 0.5423416 2.559353 -0.4086816 0.4659711 2.27691 -0.2991246 0.4689545 2.017501 -0.09258389 0.5416713 2.59207 -0.0337354 0.4614728 2.291704 -0.1037103 0.4663583 2.018507 -0.3468553 0.1035435 2.483928 -0.3504373 -0.3217002 2.615598 -0.4922428 -0.7984871 2.481772 -0.1419062 0.103112 2.504985 -0.1488292 -0.3349759 2.590103 0.04210963 -0.7927545 2.447967 
-0.2577154 0.7555145 2.6325 -0.2523145 0.545866 2.580684 -0.2482757 0.3269324 2.537669 -0.4115655 0.5461065 2.564508 -0.406344 0.4909833 2.25947 -0.3196199 0.4756159 1.989141 -0.09306352 0.5456255 2.596861 -0.02537107 0.4867332 2.275363 -0.0711431 0.474224 1.993683 -0.3467278 0.1081536 2.484243 -0.3452378 -0.3160506 2.621191 -0.4966218 -0.8058643 2.477515 -0.1417461 0.1078441 2.505064 -0.1469472 -0.33045 2.589591 0.03897263 -0.7940619 2.457855 
-0.2570976 0.7555742 2.636792 -0.2518848 0.5473279 2.583121 -0.247842 0.3288488 2.537719 -0.4112036 0.5476086 2.567585 -0.4231767 0.5034927 2.251749 -0.3497147 0.4792945 1.977461 -0.09256592 0.5470473 2.598658 0.0008098297 0.5018604 2.27219 -0.02315541 0.4831835 1.98886 -0.3463379 0.1105504 2.482317 -0.3573155 -0.3235255 2.57141 -0.4741072 -0.7764031 2.533251 -0.1412607 0.1101891 2.502316 -0.1482698 -0.3283291 2.585711 0.04289006 -0.7990494 2.449625 
-0.2577655 0.7508348 2.629413 -0.252032 0.5410771 2.578614 -0.2481249 0.3221304 2.53543 -0.4113709 0.5412642 2.563249 -0.460586 0.5057478 2.250861 -0.3893353 0.4834383 1.973262 -0.09269308 0.5408901 2.593979 0.04040692 0.5089346 2.28858 0.02840198 0.4921867 2.000191 -0.3467699 0.1033041 2.482357 -0.3577625 -0.3284723 2.587666 -0.4766766 -0.7976413 2.522118 -0.1416655 0.1030633 2.502134 -0.150016 -0.3346639 2.589473 0.04330284 -0.8098227 2.450491 
-0.2583683 0.7523617 2.626401 -0.2528802 0.542915 2.576546 -0.2486776 0.3239866 2.533177 -0.4121543 0.5430284 2.56054 -0.5221438 0.4951856 2.263207 -0.4515215 0.4876854 1.983742 -0.09360598 0.5428016 2.592552 0.1056018 0.5049845 2.319155 0.107064 0.5028419 2.030796 -0.3469886 0.1051312 2.479505 -0.350007 -0.3225942 2.604712 -0.4905493 -0.8045669 2.483319 -0.1419616 0.1049852 2.500109 -0.1502934 -0.3317606 2.592214 0.05009872 -0.8045788 2.437159 
-0.2582412 0.7516558 2.616722 -0.2523646 0.5412834 2.571318 -0.2475672 0.3219043 2.530394 -0.4117363 0.5405887 2.55636 -0.5575646 0.4910864 2.287092 -0.4932904 0.4832115 2.00536 -0.09299295 0.5419781 2.586277 0.1453076 0.5000029 2.365067 0.1570956 0.5016913 2.074972 -0.3453469 0.102078 2.479841 -0.3465783 -0.3296506 2.59112 -0.4943911 -0.813354 2.477343 -0.1401925 0.1029723 2.499096 -0.1488176 -0.3343643 2.588392 0.05160599 -0.8078495 2.442455 
-0.2544989 0.7503701 2.602891 -0.2494799 0.5400133 2.563311 -0.2456873 0.3199407 2.526345 -0.4089774 0.5395373 2.549781 -0.6002637 0.4735309 2.328548 -0.5367194 0.4736677 2.046682 -0.0899823 0.5404893 2.576841 0.1726726 0.4965147 2.409027 0.1839406 0.5067672 2.12098 -0.3445527 0.09956168 2.48067 -0.3458292 -0.3274198 2.608864 -0.4967305 -0.8146743 2.475343 -0.1392367 0.1001744 2.498087 -0.1327017 -0.3412338 2.552942 0.01317137 -0.7852485 2.512044 
-0.2493719 0.7546452 2.576267 -0.2461924 0.5414827 2.54874 -0.2439161 0.3200386 2.521262 -0.4057735 0.541405 2.536145 -0.6508045 0.4596283 2.433382 -0.5952432 0.4597858 2.149999 -0.08661123 0.5415602 2.561335 0.2001796 0.4826352 2.505743 0.2247621 0.5015841 2.222285 -0.3443488 0.09854452 2.485678 -0.346119 -0.3270538 2.619993 -0.5011186 -0.8157409 2.469101 -0.1389307 0.09864438 2.501891 -0.1493704 -0.3379705 2.588766 0.03661444 -0.7983605 2.470134 
-0.2485028 0.7578381 2.563143 -0.2459964 0.5437087 2.541185 -0.2443875 0.3217783 2.517896 -0.4056233 0.5438123 2.52917 -0.6608938 0.4663094 2.485188 -0.610491 0.4645466 2.200997 -0.08636966 0.5436051 2.553201 0.1985981 0.4788232 2.562863 0.2353234 0.4949501 2.282691 -0.3455174 0.09991464 2.486874 -0.3462384 -0.3253827 2.622437 -0.498749 -0.8105314 2.474773 -0.1400396 0.09978128 2.502341 -0.1508996 -0.3378583 2.586967 0.04415053 -0.8012901 2.461837 
-0.2471163 0.7500609 2.539097 -0.2455015 0.5353263 2.528181 -0.244376 0.3127986 2.513016 -0.4050923 0.5353707 2.515686 -0.6619585 0.4731633 2.54259 -0.6220436 0.4576042 2.258923 -0.08591066 0.5352818 2.540677 0.1777868 0.4714027 2.60493 0.226955 0.4774567 2.323774 -0.3459664 0.0902995 2.489808 -0.3578606 -0.3440855 2.580719 -0.4768426 -0.7952572 2.53403 -0.1405348 0.09024231 2.505893 -0.1340101 -0.351333 2.556691 0.01019965 -0.7902058 2.525459 
-0.2450036 0.7495559 2.529074 -0.2445175 0.5332267 2.521369 -0.2434077 0.3104353 2.50931 -0.4038236 0.533269 2.505924 -0.6345072 0.4796022 2.596288 -0.6006602 0.4588594 2.312123 -0.08521139 0.5331843 2.536814 0.139864 0.4696807 2.656466 0.1917088 0.4637941 2.374888 -0.3448478 0.08767118 2.487309 -0.3576989 -0.3495183 2.570028 -0.4795657 -0.7984436 2.510551 -0.1397479 0.08761661 2.507195 -0.1321996 -0.3542211 2.563471 0.01664568 -0.7884647 2.503759 
-0.2441156 0.748742 2.522058 -0.2435037 0.5325068 2.518111 -0.242331 0.3095294 2.509282 -0.4025683 0.5323727 2.500372 -0.589276 0.4458172 2.622635 -0.5657786 0.4578573 2.333852 -0.08443926 0.532641 2.535851 0.103408 0.444824 2.683733 0.1374628 0.4505175 2.398175 -0.3435375 0.08646554 2.489035 -0.3552324 -0.3499051 2.579188 -0.4845199 -0.8041 2.496249 -0.1387791 0.08663821 2.51187 -0.1452673 -0.3522108 2.587295 0.03944356 -0.7989112 2.477411 
-0.242971 0.7501526 2.519558 -0.2425068 0.5335422 2.518374 -0.2407011 0.3104642 2.511709 -0.4012514 0.5328649 2.498034 -0.5551554 0.4149195 2.633812 -0.5245404 0.4576094 2.346436 -0.08376233 0.5342195 2.538715 0.08168439 0.4159005 2.690375 0.08571362 0.4429733 2.404578 -0.3410713 0.08695033 2.491952 -0.3494281 -0.3482122 2.589465 -0.4894184 -0.8084519 2.487181 -0.1367192 0.08782222 2.518137 -0.1280263 -0.354483 2.55992 0.01212546 -0.7860611 2.525758 
-0.2443672 0.7520458 2.526817 -0.242186 0.5350288 2.523692 -0.2400078 0.31198 2.515597 -0.4007729 0.5342652 2.502058 -0.5490729 0.3844545 2.615409 -0.4766271 0.4635913 2.346575 -0.08359919 0.5357923 2.545326 0.08184418 0.3919545 2.668206 0.03117525 0.4410938 2.388869 -0.3398912 0.08843993 2.493579 -0.3662778 -0.3476614 2.582219 -0.4702576 -0.7896842 2.526907 -0.1357681 0.08942278 2.521425 -0.1333199 -0.3532751 2.569686 0.02200534 -0.7920288 2.498037 
-0.2457315 0.7593641 2.546931 -0.2423852 0.5420143 2.534745 -0.2396351 0.3193573 2.520426 -0.4009269 0.5414742 2.512693 -0.5545277 0.3662212 2.574207 -0.4331656 0.4671544 2.331457 -0.08384359 0.5425543 2.556797 0.08442916 0.3754824 2.622112 -0.01908504 0.4425822 2.358498 -0.3389189 0.09635282 2.491915 -0.3597152 -0.3395377 2.584432 -0.4837382 -0.7961765 2.498961 -0.1348511 0.09704794 2.520299 -0.1358133 -0.3460858 2.56976 0.02642899 -0.784186 2.480741 
-0.2487416 0.7583822 2.566536 -0.2443907 0.5430584 2.545348 -0.2404833 0.321027 2.524148 -0.4028909 0.5424067 2.522961 -0.5457572 0.3666047 2.510109 -0.3855909 0.4712826 2.288716 -0.0858904 0.5437101 2.567736 0.07722105 0.3677461 2.563059 -0.05722948 0.4506486 2.312402 -0.3385867 0.09857626 2.488538 -0.351687 -0.331175 2.605265 -0.4920276 -0.8078244 2.481428 -0.1345653 0.09941507 2.517355 -0.1491452 -0.3404586 2.586564 0.03753046 -0.7950343 2.460986 
