-0.1093539 0.7245921 2.769694 -0.1019327 0.5046355 2.752085 -0.09553705 0.2834767 2.74071 -0.269287 0.500367 2.740979 -0.3120899 0.2948797 2.515358 -0.1428465 0.4360637 2.331023 0.06542154 0.5089038 2.763192 0.1450601 0.2819459 2.555855 -0.004067658 0.4127862 2.351163 -0.1911063 0.0597173 2.722567 -0.2101474 -0.383007 2.730837 -0.3105232 -0.8124308 2.679342 0.01282356 0.06491859 2.736101 0.06959149 -0.3736748 2.710379 0.1961475 -0.7687219 2.648138 
-0.1116098 0.7270712 2.784794 -0.1033578 0.5086442 2.76087 -0.09642488 0.28779 2.744662 -0.2706584 0.504297 2.748546 -0.276027 0.3634268 2.480682 -0.1497308 0.4580412 2.254963 0.0639428 0.5129915 2.773194 0.103047 0.3574867 2.499929 -0.007695656 0.4490029 2.267255 -0.1914473 0.06428652 2.720943 -0.2108932 -0.3785272 2.723892 -0.3114817 -0.8133607 2.683457 0.01246341 0.06958516 2.735964 0.0645581 -0.3696926 2.709434 0.1942119 -0.769568 2.652217 
-0.1146264 0.7298717 2.803344 -0.1045673 0.5128573 2.77293 -0.09586912 0.2926777 2.750259 -0.2718224 0.5075687 2.760122 -0.2560063 0.425206 2.456357 -0.1706676 0.469988 2.202804 0.06268783 0.5181458 2.785738 0.08853211 0.4162509 2.452452 0.00830587 0.4689152 2.198859 -0.1891081 0.06927498 2.719782 -0.2073972 -0.3736344 2.719273 -0.3097496 -0.812485 2.682878 0.01476614 0.07572139 2.735395 0.06582819 -0.3635209 2.705122 0.1965724 -0.7649732 2.649105 
-0.1093245 0.7230512 2.802617 -0.100607 0.5081092 2.777077 -0.09348306 0.2878951 2.753487 -0.2680389 0.5038307 2.766453 -0.2580083 0.4691064 2.439687 -0.1990769 0.4777399 2.171779 0.06682479 0.5123875 2.787701 0.09676059 0.4591199 2.439737 0.04442373 0.4731704 2.170693 -0.1884179 0.06507323 2.723422 -0.2080525 -0.3777292 2.729151 -0.3093619 -0.820443 2.685666 0.01569973 0.07028905 2.736373 0.06391212 -0.3690124 2.702084 0.1945602 -0.7789826 2.651806 
-0.1082092 0.7173765 2.802792 -0.09954897 0.5032824 2.77892 -0.09160493 0.2832263 2.753814 -0.2670727 0.4982257 2.770235 -0.2820141 0.4905596 2.439344 -0.2358894 0.4774708 2.164548 0.06797474 0.5083391 2.787605 0.1308708 0.4635539 2.43986 0.1022618 0.4730886 2.165259 -0.1857715 0.06008804 2.723413 -0.204416 -0.3827966 2.723468 -0.3073828 -0.8206023 2.683994 0.01844974 0.06625247 2.734 0.06649137 -0.3723837 2.692093 0.1965771 -0.7743131 2.649032 
-0.1093544 0.7136139 2.801891 -0.1012435 0.4973033 2.778518 -0.09348831 0.2773986 2.751762 -0.2686372 0.4927801 2.767175 -0.3532485 0.4538875 2.459084 -0.3012115 0.4815686 2.191645 0.06615013 0.5018265 2.789861 0.1948084 0.4286893 2.484282 0.1802837 0.460028 2.20167 -0.1877595 0.05473698 2.718093 -0.2079914 -0.3877441 2.73368 -0.3125805 -0.8183716 2.679636 0.01629332 0.06025072 2.73192 0.06358474 -0.3788248 2.69315 0.1928193 -0.7704598 2.649516 
-0.1112712 0.7182615 2.800915 -0.1028659 0.5007513 2.778058 -0.09511632 0.2808856 2.750922 -0.2702599 0.4962652 2.766602 -0.3911235 0.4179434 2.475054 -0.3309524 0.5032874 2.220886 0.06452819 0.5052374 2.789515 0.2469041 0.4168413 2.512662 0.2375856 0.4733023 2.232751 -0.1893951 0.05828554 2.716803 -0.2068047 -0.3844752 2.72056 -0.3111345 -0.812529 2.681708 0.01466165 0.06375422 2.730768 0.06359827 -0.3748199 2.68849 0.1910879 -0.7655307 2.648774 
-0.1102227 0.7158316 2.77991 -0.1022924 0.4971128 2.768435 -0.09512176 0.2765455 2.748997 -0.2698136 0.4924689 2.759332 -0.431506 0.3854324 2.509028 -0.3593992 0.5102428 2.273944 0.06522886 0.5017567 2.777537 0.2820051 0.4019639 2.549336 0.2864047 0.4955765 2.282782 -0.1900693 0.05314731 2.724012 -0.2014416 -0.3890466 2.745255 -0.3099224 -0.8211743 2.691188 0.01416696 0.05880899 2.735109 0.0649375 -0.3797319 2.694562 0.1918632 -0.7724614 2.65479 
-0.1099114 0.7157404 2.768906 -0.1022304 0.4967477 2.761665 -0.09520526 0.2758803 2.745265 -0.2698044 0.4920253 2.753481 -0.4612442 0.3582104 2.564013 -0.3846456 0.5059082 2.341598 0.06534351 0.50147 2.76985 0.2995106 0.3899889 2.597667 0.3227615 0.5160977 2.348365 -0.1903179 0.05213472 2.723876 -0.2035637 -0.3905097 2.733965 -0.3094364 -0.8165581 2.683849 0.0139577 0.05789131 2.733852 0.06588741 -0.3788707 2.679911 0.1924245 -0.7701523 2.650466 
-0.1060793 0.719466 2.746891 -0.099221 0.5022718 2.74842 -0.09389684 0.2809351 2.738629 -0.2664651 0.4988436 2.734974 -0.4588481 0.33958 2.693997 -0.3991702 0.4975761 2.461835 0.06802309 0.5057 2.761865 0.2983422 0.3557196 2.713149 0.3461329 0.5227208 2.48785 -0.1905001 0.05750903 2.720644 -0.2040156 -0.3854924 2.720399 -0.3086417 -0.8132938 2.686389 0.01335469 0.06168768 2.737033 0.06388778 -0.3748983 2.679589 0.1891839 -0.7702173 2.654219 
-0.1019774 0.7196278 2.732399 -0.09759576 0.501793 2.739845 -0.09330869 0.2802994 2.735534 -0.2649139 0.4988036 2.727041 -0.4404138 0.3307822 2.738506 -0.3895285 0.5013402 2.516593 0.06972236 0.5047823 2.752648 0.2736816 0.344368 2.755571 0.3167226 0.5235133 2.535201 -0.1909988 0.05698395 2.723421 -0.202592 -0.3861388 2.724298 -0.3092236 -0.8172022 2.687292 0.01295562 0.06062781 2.739028 0.06731982 -0.3757803 2.683476 0.1898248 -0.7702304 2.656093 
-0.1024888 0.7156422 2.715651 -0.09756202 0.4983102 2.730968 -0.09336351 0.2768155 2.732797 -0.2650065 0.4950461 2.72004 -0.4166716 0.3233659 2.766751 -0.3695823 0.5061957 2.545492 0.06988252 0.5015744 2.741897 0.2438743 0.3362108 2.793789 0.2777863 0.5136899 2.567119 -0.1912293 0.0533311 2.727965 -0.20557 -0.3897155 2.724939 -0.3086011 -0.8184965 2.691803 0.01289929 0.05731041 2.741288 0.06678749 -0.3779165 2.677062 0.1915431 -0.7728981 2.656803 
-0.1027185 0.7164335 2.706776 -0.0993579 0.4970145 2.725334 -0.09518539 0.2755449 2.730888 -0.2667508 0.493566 2.71358 -0.3893448 0.2996898 2.782372 -0.341277 0.5025238 2.58205 0.06803496 0.5004629 2.737088 0.2228808 0.2899152 2.84187 0.2256787 0.4675669 2.613019 -0.19304 0.05197354 2.729277 -0.2099356 -0.3909679 2.723278 -0.3090353 -0.8142961 2.688939 0.01101426 0.05617721 2.743606 0.06586722 -0.3788481 2.678419 0.1888852 -0.7684083 2.656592 
-0.1005835 0.7126466 2.711095 -0.1006674 0.4939102 2.725043 -0.09872652 0.272404 2.732206 -0.266633 0.4917111 2.702008 -0.3728389 0.253781 2.757338 -0.2711389 0.4572101 2.581343 0.06529827 0.4961094 2.748077 0.2063072 0.2558898 2.795936 0.1202201 0.4329926 2.600383 -0.1981073 0.04955519 2.725307 -0.2144579 -0.3921815 2.75294 -0.3106024 -0.8168746 2.678192 0.004536015 0.05224031 2.753432 0.06358866 -0.3829274 2.693737 0.1878835 -0.7686627 2.658186 
-0.1033495 0.7126164 2.715004 -0.1029719 0.4929394 2.726253 -0.1009424 0.2713769 2.732156 -0.2687107 0.4907435 2.700812 -0.372422 0.2463182 2.718954 -0.2196978 0.4205882 2.55735 0.06276688 0.4951354 2.751694 0.1951624 0.2514521 2.741469 0.07375939 0.4290068 2.569218 -0.1998622 0.04847681 2.722563 -0.2160381 -0.3938724 2.741172 -0.3102289 -0.8162124 2.681217 0.0020365 0.05115186 2.753555 0.06224255 -0.3838175 2.693 0.1917191 -0.7702303 2.652335 
-0.1081819 0.7163428 2.736459 -0.1050776 0.4949496 2.737573 -0.1020471 0.2734388 2.736031 -0.2716529 0.492801 2.718866 -0.3583632 0.2442728 2.664958 -0.1873273 0.408614 2.508436 0.06149776 0.4970983 2.75628 0.1789313 0.2546096 2.678719 0.03337674 0.4317858 2.51968 -0.2005855 0.05061783 2.723082 -0.2162496 -0.3920077 2.738927 -0.3098149 -0.8134285 2.683522 0.002552361 0.05323807 2.745894 0.06641812 -0.3819784 2.691251 0.1949618 -0.769483 2.642422 
