-0.2435225 0.7476927 2.580408 -0.2451928 0.5293533 2.560714 -0.2463048 0.3072622 2.538612 -0.403879 0.5322238 2.539855 -0.4618839 0.3266701 2.388051 -0.2848493 0.4327734 2.186202 -0.08650652 0.5264828 2.581574 -0.001143967 0.3149323 2.436148 -0.1353399 0.4147931 2.205055 -0.3495488 0.0870185 2.503085 -0.3499593 -0.3417593 2.626064 -0.4975537 -0.8120221 2.467021 -0.1452849 0.08332355 2.529936 -0.1422386 -0.3591107 2.58715 0.03531236 -0.7974325 2.462662 
-0.2445495 0.7517188 2.591252 -0.2468579 0.5328304 2.565763 -0.248067 0.3110705 2.540548 -0.4053112 0.5362457 2.543325 -0.4414251 0.3458242 2.347523 -0.2693453 0.4339192 2.130883 -0.08840447 0.529415 2.588202 -0.007556595 0.3389757 2.404083 -0.1431758 0.4197393 2.16083 -0.3512647 0.09150888 2.50089 -0.3538191 -0.3374715 2.623861 -0.4966426 -0.8057454 2.470256 -0.1472877 0.08711234 2.529775 -0.1432893 -0.3550456 2.590225 0.03247667 -0.7929496 2.457302 
-0.2504205 0.7587735 2.61412 -0.2493427 0.5408976 2.575082 -0.2482936 0.320233 2.541762 -0.4076801 0.5436687 2.551744 -0.4091025 0.3841967 2.306895 -0.253969 0.4372014 2.063258 -0.09100537 0.5381263 2.59842 -0.03788476 0.3892497 2.344779 -0.1420607 0.4337924 2.080745 -0.3491565 0.1013522 2.493421 -0.3675595 -0.3344198 2.58519 -0.4631132 -0.7673884 2.539791 -0.1453324 0.09778485 2.523464 -0.148111 -0.3429402 2.594009 0.04683241 -0.7954165 2.444162 
-0.2518778 0.7608153 2.627099 -0.2501163 0.5434854 2.58156 -0.2478519 0.3236233 2.543479 -0.4082429 0.5461403 2.55683 -0.3970314 0.4050813 2.287455 -0.255787 0.4418955 2.034534 -0.09198979 0.5408305 2.606291 -0.04692221 0.4071392 2.329397 -0.1404921 0.4383439 2.059658 -0.3473623 0.10547 2.48948 -0.3682049 -0.3312267 2.578041 -0.4575078 -0.7582536 2.550589 -0.1438127 0.1020525 2.521314 -0.1482399 -0.3386635 2.592226 0.0450743 -0.7958163 2.443396 
-0.2528806 0.758746 2.634089 -0.2508951 0.5441833 2.587066 -0.2476029 0.3249702 2.545409 -0.4087871 0.5467877 2.560882 -0.3840001 0.429527 2.265734 -0.2553109 0.4446002 2.008258 -0.09300307 0.5415787 2.61325 -0.05944572 0.4335807 2.301707 -0.1305248 0.4463216 2.024736 -0.3459344 0.1074335 2.486899 -0.3540944 -0.3195751 2.610494 -0.4757429 -0.7852311 2.514677 -0.1426868 0.1040809 2.520605 -0.1517411 -0.3349765 2.600318 0.04888283 -0.8010021 2.437555 
-0.2535132 0.7572525 2.637079 -0.2506766 0.5446635 2.591579 -0.2473471 0.3254509 2.549718 -0.4084453 0.5474096 2.56465 -0.3809978 0.4432648 2.251857 -0.2739715 0.4471366 1.985588 -0.09290779 0.5419175 2.618508 -0.0612254 0.4577875 2.28387 -0.1099882 0.4511306 2.000665 -0.3455586 0.1080056 2.490526 -0.3503214 -0.3184218 2.619392 -0.4882254 -0.8005317 2.494748 -0.1424768 0.1044708 2.525189 -0.151326 -0.3357744 2.59822 0.04657333 -0.8026161 2.44571 
-0.2551125 0.7547737 2.638574 -0.2509433 0.5434124 2.594335 -0.2465249 0.3243348 2.55179 -0.4089293 0.5452141 2.568651 -0.384507 0.4561315 2.238433 -0.2982242 0.4468807 1.965359 -0.0929573 0.5416108 2.620019 -0.0521188 0.4713951 2.279426 -0.08333407 0.4575427 1.994044 -0.3437923 0.1064168 2.492714 -0.3457116 -0.3216779 2.617652 -0.4950295 -0.8106387 2.477737 -0.1404207 0.1040977 2.525776 -0.1474508 -0.3375045 2.590129 0.04523326 -0.8013766 2.448655 
-0.2534802 0.7559597 2.639838 -0.2508387 0.5444604 2.595244 -0.2479675 0.3255184 2.551853 -0.409221 0.5469247 2.57233 -0.3982589 0.4570675 2.234232 -0.320096 0.4480889 1.957895 -0.09245632 0.5419961 2.618158 -0.03256458 0.4766902 2.279724 -0.0537319 0.4608332 1.990177 -0.3470476 0.1081627 2.493712 -0.3514442 -0.322435 2.610302 -0.5006505 -0.80778 2.477279 -0.1431451 0.1049901 2.523212 -0.1500056 -0.3371783 2.584028 0.03637564 -0.7976089 2.455968 
-0.2511878 0.7536168 2.640023 -0.249035 0.5413008 2.594102 -0.2468543 0.3226599 2.549122 -0.4078454 0.5437977 2.574265 -0.4488187 0.4517685 2.232326 -0.3876485 0.4516592 1.95228 -0.09022452 0.5388038 2.613938 0.0248571 0.4694177 2.290427 0.01723259 0.4680834 2.002438 -0.3468808 0.1056261 2.491375 -0.3610253 -0.3248911 2.600655 -0.4746991 -0.7897036 2.520046 -0.1424666 0.1024121 2.516909 -0.1463964 -0.3392096 2.582189 0.03868626 -0.7978054 2.453412 
-0.2513578 0.750849 2.631119 -0.2499528 0.5372438 2.589363 -0.2485656 0.3181027 2.546921 -0.4087292 0.5401354 2.569243 -0.4899102 0.4408884 2.257657 -0.4174469 0.4491522 1.980753 -0.09117632 0.5343521 2.609483 0.06242781 0.4552076 2.318704 0.07025699 0.4629553 2.030998 -0.3493655 0.1008226 2.49153 -0.358227 -0.3297608 2.605051 -0.4878175 -0.80654 2.497234 -0.1449915 0.09710056 2.517428 -0.1376356 -0.3467019 2.554843 0.007269394 -0.7828704 2.513646 
-0.2514856 0.7570054 2.625984 -0.2502682 0.5406833 2.586519 -0.2488351 0.3212292 2.545708 -0.4090412 0.5434045 2.566311 -0.5259554 0.4209453 2.295316 -0.4506161 0.4392292 2.020363 -0.09149517 0.5379622 2.606727 0.094213 0.4401068 2.362341 0.1056431 0.4604591 2.076422 -0.3495891 0.1035263 2.491892 -0.3534203 -0.3277669 2.605026 -0.4913875 -0.8051643 2.483911 -0.1452151 0.1000236 2.517904 -0.1336072 -0.3437777 2.559685 0.01017262 -0.7778595 2.498546 
-0.2491767 0.7523501 2.60054 -0.2484528 0.5368611 2.573768 -0.2478996 0.3159094 2.542538 -0.4072022 0.5393538 2.553321 -0.5754883 0.3992375 2.36282 -0.4976553 0.4350907 2.086859 -0.08970342 0.5343685 2.594215 0.1320525 0.4170265 2.434834 0.1457435 0.4470333 2.155178 -0.3495206 0.09656192 2.498147 -0.3512631 -0.3284101 2.626961 -0.4831134 -0.8017977 2.506522 -0.1451723 0.0933533 2.524467 -0.1431201 -0.3492961 2.576241 0.03253165 -0.7971647 2.469372 
-0.2470322 0.7484846 2.584794 -0.247871 0.5335852 2.563735 -0.247571 0.3120151 2.537313 -0.4065327 0.5358905 2.542603 -0.5922533 0.3836263 2.406904 -0.5103329 0.4295872 2.135314 -0.08920944 0.53128 2.584868 0.1330158 0.4005062 2.482416 0.1544315 0.4367196 2.204824 -0.3493898 0.09192876 2.49729 -0.3506116 -0.3371616 2.615709 -0.4902577 -0.8094513 2.483828 -0.1451522 0.08896135 2.524493 -0.1443424 -0.3541262 2.575995 0.03894444 -0.8006161 2.45667 
-0.2481689 0.7482851 2.567423 -0.2481144 0.5316752 2.554178 -0.2477952 0.3094929 2.533944 -0.4066805 0.5334398 2.5323 -0.5936387 0.3733231 2.438943 -0.5155876 0.4274446 2.167092 -0.08954843 0.5299104 2.576056 0.1339932 0.389743 2.512214 0.1666244 0.422922 2.235072 -0.3495338 0.08844638 2.499628 -0.3475313 -0.3386706 2.626965 -0.4978289 -0.8138869 2.477684 -0.1454183 0.08617477 2.527791 -0.1499843 -0.3558858 2.587931 0.05070622 -0.8054036 2.446626 
-0.2458097 0.7499363 2.554389 -0.2461518 0.5323058 2.545278 -0.245265 0.3096885 2.529347 -0.4044756 0.5333638 2.52168 -0.5841669 0.3603333 2.535217 -0.5352585 0.4134139 2.257342 -0.08782796 0.5312477 2.568876 0.1012374 0.363934 2.594056 0.1234063 0.4189997 2.30994 -0.3462802 0.08775215 2.498228 -0.3476689 -0.3476197 2.594297 -0.5014654 -0.8157324 2.465058 -0.1424763 0.08639021 2.528605 -0.1489919 -0.3562774 2.585485 0.05950449 -0.806709 2.437652 
-0.243752 0.7508149 2.53622 -0.2447868 0.5321462 2.537586 -0.2445735 0.3092196 2.529333 -0.4030483 0.5328847 2.513549 -0.5615924 0.359174 2.587099 -0.5217926 0.4122293 2.303741 -0.08652534 0.5314078 2.561622 0.06810762 0.3519595 2.631031 0.1084985 0.4080202 2.345759 -0.3462199 0.08676826 2.505609 -0.3512765 -0.3501242 2.595649 -0.4983875 -0.8144069 2.479049 -0.1425006 0.0858177 2.53655 -0.1520485 -0.356628 2.595072 0.05960918 -0.808153 2.447753 
-0.2430041 0.7501011 2.525633 -0.2453423 0.5303531 2.532162 -0.245717 0.3072725 2.528271 -0.4034495 0.5310551 2.507137 -0.5363089 0.3515967 2.611544 -0.5013152 0.4142342 2.328408 -0.08723513 0.5296512 2.557186 0.03854011 0.3399699 2.657513 0.07817143 0.4041934 2.373651 -0.3478541 0.08464371 2.508275 -0.352408 -0.3536029 2.592264 -0.5023456 -0.8168312 2.474 -0.1443295 0.08374009 2.540488 -0.1536182 -0.359719 2.590379 0.05799558 -0.8098726 2.443848 
-0.2408621 0.751719 2.521836 -0.2445682 0.5309879 2.530332 -0.2455543 0.3078318 2.528522 -0.4027386 0.5318866 2.505704 -0.5201495 0.3357974 2.620266 -0.4660865 0.4137586 2.336744 -0.08639786 0.5300891 2.55496 0.02327564 0.3229858 2.665245 0.03740826 0.4011618 2.388816 -0.3483413 0.08525415 2.51086 -0.349584 -0.3499341 2.608977 -0.5028308 -0.8152365 2.470755 -0.1447394 0.08409729 2.542562 -0.1514072 -0.359929 2.587879 0.05951665 -0.8065465 2.441534 
-0.2403678 0.7532014 2.518938 -0.2439452 0.5326698 2.529316 -0.2452403 0.3094772 2.528925 -0.4022438 0.5336299 2.505533 -0.5140697 0.3138962 2.605131 -0.4290811 0.4136729 2.341987 -0.08564667 0.5317097 2.553098 0.01414417 0.3029951 2.646109 -0.01156899 0.4061215 2.385809 -0.3484205 0.08690263 2.513228 -0.3513682 -0.3517618 2.593229 -0.4977548 -0.8107756 2.476964 -0.1446502 0.08566673 2.543842 -0.1519569 -0.3582478 2.590561 0.06004581 -0.8063816 2.443017 
-0.2437188 0.7528986 2.533998 -0.2456782 0.5335874 2.535327 -0.2466628 0.310549 2.528862 -0.4039034 0.5349888 2.511078 -0.506525 0.304942 2.566562 -0.3888993 0.418863 2.3245 -0.08745309 0.5321862 2.559576 0.007579979 0.2875036 2.615064 -0.05071357 0.4079483 2.364085 -0.3494843 0.08841251 2.50679 -0.3495277 -0.3425687 2.617766 -0.4979088 -0.8117034 2.467371 -0.1458103 0.08660867 2.538005 -0.1529383 -0.3572602 2.585408 0.05681409 -0.806032 2.437035 
-0.2475696 0.7542717 2.552798 -0.2485523 0.5345883 2.545252 -0.2501444 0.311788 2.532553 -0.4070903 0.5369722 2.523303 -0.4886553 0.2965052 2.500649 -0.3390715 0.4257085 2.277582 -0.09001443 0.5322043 2.567201 0.01436917 0.2788551 2.55228 -0.1023182 0.4119565 2.33233 -0.3537825 0.0905221 2.505726 -0.3541978 -0.3408366 2.61747 -0.500621 -0.8105791 2.470474 -0.1496904 0.08745325 2.533982 -0.1457686 -0.3561113 2.575548 0.02643246 -0.7949673 2.481581 
-0.2469933 0.7554834 2.560424 -0.2483656 0.5363925 2.5509 -0.249261 0.3137048 2.535962 -0.4071577 0.5383747 2.530869 -0.4863431 0.3037617 2.45733 -0.3161347 0.42587 2.241632 -0.08957347 0.5344104 2.57093 0.01417026 0.2884182 2.513134 -0.1132156 0.410313 2.290668 -0.352362 0.0922928 2.508131 -0.3479554 -0.3371852 2.628064 -0.498419 -0.8123682 2.471616 -0.1479508 0.08974122 2.533916 -0.144482 -0.3534377 2.583268 0.04276599 -0.7992095 2.469443 
