-0.1060046 0.7187175 2.755779 -0.1019676 0.4996826 2.737824 -0.0969044 0.2788936 2.722148 -0.2695823 0.496368 2.730371 -0.3374742 0.3014117 2.55172 -0.1590568 0.4126812 2.358889 0.0656471 0.5029973 2.745276 0.1515011 0.2880685 2.590772 0.002565888 0.4167885 2.382387 -0.1939858 0.0560846 2.701931 -0.1969486 -0.3845506 2.747051 -0.3216341 -0.8255325 2.667468 0.01030348 0.06012451 2.711015 0.07076246 -0.3784012 2.71174 0.1906262 -0.7749242 2.646532 
-0.107397 0.7227591 2.767336 -0.1012468 0.5037749 2.744666 -0.09571352 0.2831209 2.725918 -0.2687779 0.5003626 2.735383 -0.3169879 0.330422 2.504058 -0.1491074 0.429729 2.294012 0.0662844 0.5071872 2.753949 0.1398475 0.3221712 2.532991 0.0009019775 0.4377824 2.309533 -0.1922906 0.06038709 2.701511 -0.195651 -0.3807794 2.743122 -0.3204216 -0.8223086 2.67076 0.01193004 0.06454676 2.712827 0.07138859 -0.3744577 2.713073 0.1930876 -0.772503 2.652989 
-0.1065133 0.7270214 2.774079 -0.1000066 0.509473 2.753484 -0.09410141 0.2888756 2.733348 -0.267476 0.5059459 2.743012 -0.2749892 0.3867071 2.460031 -0.1450361 0.4551728 2.221608 0.06746285 0.5130001 2.763956 0.1144279 0.3855895 2.482999 0.01028703 0.4625195 2.232637 -0.1902684 0.06612851 2.70683 -0.195993 -0.3747135 2.752342 -0.3195581 -0.8195724 2.678907 0.01387584 0.07042795 2.719595 0.06672245 -0.3694367 2.712882 0.1971645 -0.7745739 2.656854 
-0.1083129 0.7180364 2.788527 -0.09902961 0.5030243 2.764607 -0.08973268 0.2830586 2.739356 -0.2665773 0.4968044 2.757102 -0.2647704 0.4524421 2.405508 -0.1921203 0.4827952 2.13364 0.06851809 0.5092441 2.772113 0.1260856 0.4606327 2.43148 0.09352045 0.4776702 2.155138 -0.1825583 0.0593018 2.709529 -0.1954221 -0.3810662 2.751906 -0.3206769 -0.8270994 2.671132 0.02168674 0.06688396 2.718678 0.06728739 -0.3726175 2.68671 0.1933316 -0.7775109 2.648495 
-0.1109413 0.718937 2.79421 -0.1001986 0.5028394 2.768398 -0.09005689 0.2831663 2.740836 -0.2677702 0.4959051 2.762006 -0.2953943 0.4547263 2.395757 -0.2563865 0.4831381 2.113146 0.0673729 0.5097738 2.77479 0.1635342 0.469311 2.415234 0.1592357 0.4759297 2.137193 -0.1820526 0.05926663 2.709378 -0.1945941 -0.3786878 2.771546 -0.3217931 -0.8259411 2.671812 0.02222229 0.06771982 2.71717 0.06680407 -0.372517 2.693964 0.1912063 -0.7727301 2.648505 
-0.1126038 0.7238656 2.797058 -0.1018334 0.5073541 2.769078 -0.09222424 0.2879175 2.739408 -0.2693831 0.5010409 2.761506 -0.3483511 0.4393612 2.48949 -0.2933148 0.4801033 2.207808 0.06571621 0.5136673 2.77665 0.1853987 0.4582824 2.518499 0.174352 0.4783309 2.229519 -0.1847409 0.06463283 2.705122 -0.1974767 -0.3742315 2.763567 -0.3238275 -0.8215834 2.669231 0.01951085 0.07232893 2.714354 0.06188352 -0.3682641 2.691419 0.1886314 -0.7711771 2.647189 
-0.1124981 0.7252839 2.787978 -0.1017786 0.5093744 2.764253 -0.09263418 0.2896354 2.736697 -0.2693442 0.5033543 2.756652 -0.4344814 0.4151467 2.492244 -0.410912 0.4487689 2.204277 0.06578695 0.5153944 2.771854 0.2603177 0.4342273 2.534842 0.2574778 0.4502099 2.243451 -0.1856231 0.06622706 2.704508 -0.1950341 -0.3731705 2.761056 -0.3209597 -0.8238844 2.673627 0.01864366 0.07356569 2.713774 0.06267666 -0.3668248 2.688989 0.1897959 -0.7746539 2.648426 
-0.1107054 0.7236653 2.763942 -0.1014263 0.5073216 2.750519 -0.09276572 0.2868077 2.731613 -0.2690261 0.5013288 2.743643 -0.4862215 0.4055599 2.539623 -0.480396 0.4409424 2.254515 0.06617345 0.5133144 2.757396 0.3091768 0.4201286 2.58392 0.3274906 0.4403377 2.293979 -0.186262 0.06264105 2.708515 -0.1936997 -0.377502 2.759975 -0.3206748 -0.8278253 2.679632 0.01805181 0.06994665 2.716898 0.06358338 -0.3701341 2.689075 0.1897364 -0.7785652 2.654129 
-0.1118305 0.7245758 2.741425 -0.1025629 0.5076087 2.737667 -0.09375057 0.2866214 2.72624 -0.2701435 0.5012932 2.730567 -0.5126149 0.3992835 2.602309 -0.5042866 0.4350433 2.315255 0.06501772 0.5139242 2.744767 0.3255837 0.4035605 2.645468 0.365972 0.4223964 2.359998 -0.1870834 0.06178467 2.710486 -0.1951249 -0.378935 2.757106 -0.3208583 -0.8244854 2.677783 0.01720697 0.06948365 2.719142 0.06242418 -0.370434 2.688184 0.1928011 -0.7739281 2.651245 
-0.1118891 0.7184827 2.709283 -0.1027918 0.4995776 2.715958 -0.09451554 0.2781855 2.71337 -0.2703575 0.4934023 2.708361 -0.467657 0.3815739 2.757076 -0.4552862 0.4121603 2.47013 0.06477387 0.5057528 2.723555 0.2726424 0.3758873 2.780865 0.2921878 0.3999613 2.501935 -0.1883765 0.05302939 2.70615 -0.1953035 -0.3895302 2.725187 -0.3198558 -0.8263178 2.672733 0.01589799 0.06055747 2.715412 0.06477652 -0.3788268 2.682295 0.190798 -0.7799371 2.649808 
-0.1098487 0.720368 2.704591 -0.1017526 0.5011936 2.711558 -0.09390444 0.2797211 2.710099 -0.2692895 0.495312 2.703166 -0.431008 0.330204 2.799821 -0.4030252 0.4123083 2.529582 0.06578423 0.5070753 2.719951 0.2378193 0.351941 2.806431 0.2380515 0.3903365 2.527727 -0.1881769 0.05466354 2.703525 -0.1962899 -0.3878627 2.726048 -0.3161755 -0.8194422 2.674976 0.01606438 0.06183371 2.713756 0.06685434 -0.3776757 2.685941 0.1936266 -0.7770342 2.65072 
-0.1101331 0.7218474 2.702246 -0.1024989 0.5018907 2.71043 -0.09479368 0.2803861 2.710839 -0.2699292 0.4960477 2.700241 -0.401014 0.3071094 2.798908 -0.3482461 0.413001 2.547301 0.06493134 0.5077337 2.720619 0.2063998 0.3154626 2.809715 0.1752833 0.3868819 2.543445 -0.1891482 0.05531981 2.705037 -0.2004164 -0.3855647 2.74554 -0.314658 -0.8188803 2.681315 0.01497138 0.06244322 2.717458 0.06589648 -0.3773722 2.695664 0.1901398 -0.7750475 2.653894 
-0.1093734 0.7201189 2.701065 -0.1024199 0.5005619 2.710075 -0.09582914 0.279024 2.712347 -0.269577 0.4954471 2.696248 -0.3800274 0.2820703 2.762943 -0.2854212 0.4195192 2.538163 0.06473713 0.5056766 2.723903 0.217293 0.2741897 2.801835 0.1189442 0.3730498 2.567872 -0.1911483 0.0543679 2.706187 -0.2014003 -0.3860995 2.753055 -0.3163381 -0.8197156 2.681053 0.01267158 0.06060442 2.723048 0.06413503 -0.3789899 2.697923 0.1903311 -0.7801716 2.657689 
-0.1093799 0.7250944 2.719491 -0.1027107 0.5038022 2.720824 -0.09580771 0.2823557 2.717194 -0.2696255 0.4988706 2.704264 -0.360464 0.2700004 2.685472 -0.2220848 0.4146794 2.487978 0.06420423 0.5087339 2.737384 0.1976931 0.2696331 2.789423 0.09005095 0.3565028 2.565182 -0.1906449 0.05790318 2.703471 -0.2006189 -0.3838957 2.732014 -0.3161652 -0.8168367 2.678247 0.01283534 0.06391515 2.723659 0.06436159 -0.3755216 2.695805 0.1945185 -0.7713644 2.649173 
-0.109835 0.7298543 2.738703 -0.1024243 0.5075889 2.72898 -0.09389748 0.2864721 2.718635 -0.2694843 0.5018426 2.714104 -0.3307682 0.2825255 2.60024 -0.1624777 0.4198039 2.419487 0.06463557 0.5133353 2.743855 0.181733 0.2760044 2.686676 0.02376331 0.3747897 2.490307 -0.1871921 0.06185297 2.699224 -0.1990432 -0.3798003 2.732506 -0.3144175 -0.8177599 2.676231 0.01645087 0.06885766 2.717358 0.06725819 -0.3708011 2.691611 0.1957325 -0.7663748 2.643477 
