-0.09998427 0.7295675 2.776575 -0.09963532 0.5136634 2.748518 -0.101377 0.2929963 2.728349 -0.2674327 0.5149288 2.749163 -0.2789502 0.4011541 2.579256 -0.2130786 0.3892178 2.292279 0.06816213 0.5123979 2.747872 0.09847407 0.3874282 2.431391 -0.02134239 0.4275447 2.182815 -0.2053726 0.07310049 2.708575 -0.1964016 -0.3689694 2.738708 -0.3185633 -0.8192892 2.687233 -0.0008649693 0.0715582 2.707788 0.06190543 -0.3670326 2.699819 0.1920085 -0.7677151 2.649359 
-0.1022601 0.7286218 2.78054 -0.09773111 0.5152287 2.756643 -0.09447215 0.2946973 2.734806 -0.265483 0.5123971 2.760206 -0.2397451 0.467793 2.446054 -0.1961115 0.436551 2.143588 0.07002078 0.5180604 2.753081 0.07861146 0.458105 2.373328 0.02899823 0.451684 2.095914 -0.1934512 0.0724401 2.71514 -0.1872353 -0.3705257 2.725026 -0.3093384 -0.82188 2.688657 0.01102478 0.0758917 2.710798 0.07070924 -0.3631865 2.699241 0.2000225 -0.7717201 2.64882 
-0.09976529 0.7311748 2.779804 -0.09391052 0.5167887 2.75539 -0.0889518 0.29628 2.733342 -0.2616921 0.5129564 2.755983 -0.289936 0.4934464 2.39677 -0.2554196 0.480657 2.092814 0.07387111 0.5206209 2.754797 0.1396529 0.484277 2.35984 0.1263588 0.4706196 2.076195 -0.1862648 0.07343547 2.711656 -0.1929985 -0.3694569 2.726945 -0.3116584 -0.8189376 2.684068 0.01827864 0.07810734 2.710933 0.06692645 -0.3621598 2.693913 0.1964541 -0.7692811 2.648681 
-0.1015536 0.7316682 2.779355 -0.09344687 0.5161628 2.753916 -0.08621916 0.2959129 2.730065 -0.2611891 0.5106481 2.75401 -0.3739835 0.4781116 2.417691 -0.3337715 0.4849306 2.121987 0.07429535 0.5216776 2.753822 0.2251636 0.4605702 2.392955 0.2389933 0.4782886 2.105295 -0.1812394 0.0723015 2.706272 -0.1901456 -0.370681 2.720484 -0.3104533 -0.8199042 2.685838 0.02325649 0.07902458 2.706157 0.06791025 -0.3618057 2.691694 0.1982546 -0.7721633 2.643056 
-0.1018011 0.7314684 2.769688 -0.09362877 0.5158811 2.749627 -0.08561496 0.2953795 2.728601 -0.2613579 0.5098718 2.74872 -0.4385 0.4840617 2.463844 -0.3985306 0.4895503 2.172492 0.07410039 0.5218905 2.750533 0.2765738 0.4387784 2.450982 0.2893555 0.4707742 2.164153 -0.1798343 0.07121506 2.707022 -0.1923449 -0.3696228 2.745158 -0.3126748 -0.821056 2.687554 0.02463194 0.07854062 2.708127 0.0635313 -0.3625014 2.687116 0.1956887 -0.7728257 2.646509 
-0.1033165 0.7265978 2.755294 -0.09453459 0.5095686 2.740897 -0.08557854 0.2888043 2.723493 -0.262172 0.5030956 2.736738 -0.4892856 0.4645554 2.559927 -0.4484418 0.4625814 2.274189 0.07310286 0.5160415 2.745056 0.2927948 0.3865314 2.536271 0.331301 0.4559164 2.261947 -0.178819 0.06409389 2.703554 -0.1928973 -0.3776273 2.732861 -0.3145113 -0.8276016 2.68343 0.02557399 0.07198603 2.708625 0.06206533 -0.3686736 2.678389 0.1931016 -0.7782291 2.645267 
-0.09939017 0.7246921 2.727984 -0.09163142 0.5064276 2.725023 -0.08453314 0.2851163 2.715961 -0.2588534 0.5015809 2.712403 -0.4943945 0.3924413 2.676227 -0.4930469 0.4453035 2.393467 0.07559054 0.5112743 2.737643 0.3201298 0.3778279 2.662541 0.3570579 0.4487348 2.388197 -0.1793535 0.06085113 2.699208 -0.1878251 -0.3802456 2.740395 -0.316249 -0.8220808 2.683564 0.0244838 0.06675903 2.714591 0.06365095 -0.3734944 2.680909 0.1921703 -0.7711715 2.647177 
-0.09855734 0.7224454 2.713443 -0.09170079 0.5038934 2.716448 -0.08477048 0.2824517 2.712359 -0.2588778 0.4989134 2.7028 -0.4637126 0.3727317 2.729612 -0.4683806 0.4474415 2.448706 0.07547623 0.5088734 2.730096 0.30005 0.372902 2.718272 0.321498 0.4456137 2.444741 -0.1797166 0.05797527 2.699953 -0.1904561 -0.3826844 2.746031 -0.313842 -0.8215221 2.688628 0.02403623 0.06404485 2.716587 0.06322887 -0.3761697 2.681924 0.1913948 -0.7722088 2.648599 
-0.09663273 0.7215865 2.706672 -0.09092671 0.5027162 2.712328 -0.08416658 0.2812065 2.710679 -0.2581472 0.4977126 2.698944 -0.4168543 0.3498645 2.771305 -0.412893 0.4502072 2.493425 0.07629377 0.5077199 2.725712 0.2615269 0.3524526 2.754635 0.2766501 0.432023 2.484459 -0.1793195 0.05664722 2.700874 -0.1926252 -0.3799832 2.771785 -0.310808 -0.817643 2.690363 0.02450662 0.06274622 2.717187 0.06617843 -0.3771233 2.680937 0.1913874 -0.773053 2.646902 
-0.09616777 0.7206745 2.702285 -0.09133273 0.5019629 2.709505 -0.08522194 0.2804165 2.710408 -0.2584109 0.4972927 2.694325 -0.386441 0.3259427 2.79515 -0.3616076 0.4378959 2.528589 0.07574546 0.5066332 2.724686 0.2302503 0.3307154 2.774812 0.2211352 0.4236879 2.501481 -0.1809504 0.05602338 2.702057 -0.1938867 -0.3831056 2.75602 -0.3122335 -0.8132824 2.687406 0.02272807 0.06171668 2.720563 0.0631246 -0.3784604 2.686581 0.1891761 -0.769406 2.649527 
-0.09555104 0.7206448 2.700091 -0.09119105 0.5015294 2.708802 -0.08555581 0.2799734 2.711648 -0.257997 0.4970572 2.69093 -0.3886076 0.2841719 2.803913 -0.3109148 0.4041106 2.558133 0.07561488 0.5060016 2.726675 0.2176099 0.2983453 2.774401 0.1501161 0.3993032 2.521691 -0.1816015 0.05569125 2.703598 -0.1967763 -0.385295 2.736689 -0.3124452 -0.8141547 2.689157 0.02176035 0.06114352 2.725387 0.06433865 -0.3789825 2.693452 0.1900293 -0.7712675 2.652904 
-0.09536712 0.7194163 2.699501 -0.09122506 0.5001979 2.711039 -0.08601845 0.2786495 2.715529 -0.2583071 0.4959662 2.695981 -0.3961442 0.2604007 2.764988 -0.2639046 0.3763654 2.546439 0.075857 0.5044297 2.726097 0.2053185 0.2766839 2.740204 0.08781006 0.3832023 2.51504 -0.182659 0.05452156 2.71084 -0.2002186 -0.3867101 2.745155 -0.3129463 -0.8170735 2.696053 0.02103536 0.05968056 2.729197 0.06576312 -0.3802387 2.697273 0.1902966 -0.774817 2.654854 
-0.09544528 0.7188727 2.708704 -0.09083405 0.4982876 2.716813 -0.0857774 0.2767042 2.718357 -0.2580597 0.4943765 2.703176 -0.3760847 0.2557097 2.695493 -0.215063 0.3619497 2.490959 0.07639162 0.5021989 2.73045 0.1911467 0.2703324 2.679104 0.03625435 0.3762032 2.47775 -0.1826425 0.0527368 2.71159 -0.2008356 -0.3893415 2.731302 -0.3109428 -0.8177438 2.692653 0.02120093 0.0575045 2.728214 0.06502707 -0.382594 2.697453 0.1961636 -0.7768471 2.646535 
-0.09921552 0.7133896 2.716109 -0.09511894 0.4921089 2.720762 -0.09003901 0.2704993 2.720778 -0.2627267 0.4882663 2.714062 -0.3162829 0.2824362 2.542873 -0.1285466 0.3773984 2.346824 0.07248877 0.4959514 2.727462 0.2037105 0.2732011 2.608669 0.02050554 0.3504111 2.404304 -0.1870824 0.04654843 2.716712 -0.2017224 -0.3959545 2.736006 -0.3101048 -0.8203298 2.69014 0.01716419 0.05123093 2.724877 0.0671409 -0.3886499 2.702376 0.1954133 -0.7804907 2.644787 
-0.1007313 0.7163634 2.727485 -0.09497602 0.4942425 2.720727 -0.08993679 0.2726622 2.717955 -0.2625933 0.4905221 2.71341 -0.2866362 0.3052145 2.480436 -0.09219214 0.38853 2.287075 0.07264119 0.497963 2.728044 0.1844357 0.2984354 2.545217 -0.0003101654 0.3578517 2.33395 -0.1870465 0.0488145 2.710725 -0.2034199 -0.3935283 2.733689 -0.3111541 -0.813596 2.681375 0.01725138 0.05334911 2.719643 0.07006791 -0.3861489 2.695711 0.1940615 -0.7758484 2.642829 
-0.1019362 0.7222359 2.753198 -0.09468938 0.5004678 2.728308 -0.08903598 0.2794564 2.715666 -0.2621837 0.4967399 2.718577 -0.2818273 0.3340285 2.436767 -0.1052384 0.4043114 2.22223 0.0728049 0.5041956 2.738039 0.1589071 0.3306159 2.496356 0.004382904 0.3889943 2.262959 -0.1854763 0.0561729 2.697093 -0.2014466 -0.3859348 2.724923 -0.3095299 -0.8070751 2.673048 0.01871118 0.06071739 2.708956 0.07066815 -0.3792204 2.694784 0.1939417 -0.7666128 2.637345 
