-0.1074144 0.7260972 2.761894 -0.1016951 0.5039388 2.739624 -0.09559741 0.2829059 2.725311 -0.2693929 0.4996719 2.734071 -0.3087446 0.3588336 2.493131 -0.1507738 0.4100998 2.272713 0.06600263 0.5082056 2.745176 0.1305341 0.3229403 2.514899 -0.01100433 0.4149772 2.286353 -0.1917124 0.05927235 2.707614 -0.1969745 -0.3835555 2.725796 -0.3135193 -0.8155223 2.686809 0.01271303 0.06447365 2.714382 0.06759815 -0.3749816 2.697328 0.1942579 -0.765519 2.64516 
-0.1086408 0.7286571 2.770386 -0.100617 0.5090833 2.747913 -0.09204997 0.2881912 2.732275 -0.2682718 0.5029189 2.743141 -0.2698762 0.4024193 2.439565 -0.1473012 0.4339049 2.194334 0.06703781 0.5152477 2.752686 0.08776366 0.3879685 2.445436 -0.01917643 0.4402414 2.194842 -0.1856795 0.06354147 2.713726 -0.1944851 -0.3786229 2.7421 -0.3085321 -0.8157588 2.69558 0.01871351 0.07105661 2.719545 0.07098541 -0.3689157 2.706949 0.1983108 -0.7637451 2.652736 
-0.1088107 0.7298604 2.775136 -0.0999958 0.5134485 2.754166 -0.09057521 0.292643 2.737425 -0.2676331 0.5066603 2.749366 -0.2439388 0.4417091 2.402785 -0.1605765 0.4495805 2.139152 0.0676415 0.5202367 2.758966 0.0673812 0.4339848 2.404217 0.002281776 0.4478072 2.137746 -0.1833311 0.0676999 2.717759 -0.1983389 -0.3746516 2.740204 -0.3129381 -0.8158549 2.691777 0.02102185 0.07597487 2.72361 0.06664498 -0.3642993 2.70201 0.1954747 -0.7667472 2.651856 
-0.1072787 0.7270908 2.779013 -0.09810465 0.5129098 2.758065 -0.08919235 0.2921729 2.740002 -0.2657647 0.5065261 2.753354 -0.2529693 0.4578551 2.379892 -0.1942483 0.4579116 2.105868 0.06955542 0.5192937 2.762775 0.08669059 0.465992 2.376111 0.04948948 0.4576761 2.099167 -0.1824723 0.06754491 2.719069 -0.1986399 -0.3750406 2.736874 -0.3142768 -0.8201618 2.690183 0.02191214 0.07532701 2.724812 0.06153095 -0.3653884 2.699747 0.1984672 -0.7759806 2.647094 
-0.1039154 0.7280044 2.781446 -0.09469498 0.5137843 2.760189 -0.0859884 0.2931035 2.741242 -0.2623487 0.507621 2.754934 -0.305983 0.4624267 2.373945 -0.26517 0.4691606 2.091001 0.07295882 0.5199476 2.765444 0.1129481 0.464827 2.483671 0.07265744 0.4704741 2.196654 -0.1794718 0.06866605 2.719092 -0.1963431 -0.3740514 2.733878 -0.311067 -0.8188819 2.687958 0.02490818 0.07617947 2.725498 0.06476845 -0.3647192 2.702949 0.1982841 -0.7748142 2.649133 
-0.1035327 0.7303684 2.781166 -0.09452525 0.5163782 2.759897 -0.08664761 0.2957624 2.739835 -0.2622288 0.5107545 2.755888 -0.3669953 0.4632163 2.393475 -0.3270915 0.4701507 2.105217 0.07317828 0.5220018 2.763907 0.2077912 0.4564542 2.544394 0.1636721 0.4354426 2.264131 -0.1809935 0.07171883 2.717328 -0.2000507 -0.3709223 2.732593 -0.3150571 -0.8179496 2.687202 0.02345358 0.0785746 2.722215 0.06034217 -0.3626131 2.699641 0.1921882 -0.7734377 2.64544 
-0.1023927 0.7315112 2.780528 -0.09319708 0.5168486 2.759388 -0.08553004 0.2963066 2.738413 -0.2609184 0.5113546 2.755847 -0.4339989 0.4626092 2.444737 -0.3936206 0.46515 2.156608 0.07452425 0.5223426 2.762928 0.2523943 0.4437263 2.609697 0.241121 0.4171359 2.333145 -0.1800934 0.07241596 2.715281 -0.1936731 -0.3703387 2.732465 -0.3138666 -0.8208018 2.685933 0.02436737 0.0791134 2.719597 0.06177983 -0.3620482 2.696872 0.1957417 -0.7748792 2.64674 
-0.1012591 0.7263149 2.76023 -0.09193678 0.5099434 2.750473 -0.08422604 0.2889487 2.736758 -0.2596705 0.5042247 2.74832 -0.4854683 0.457783 2.531865 -0.4481965 0.4505844 2.245682 0.07579689 0.5156623 2.752625 0.2882267 0.4278871 2.617851 0.2926561 0.4141531 2.330916 -0.1787573 0.06446805 2.72173 -0.1911923 -0.3785143 2.730085 -0.3135431 -0.8296968 2.693439 0.02572666 0.07143985 2.724354 0.06288708 -0.3696027 2.698965 0.1947715 -0.7778833 2.650937 
-0.0976429 0.723475 2.733981 -0.09071935 0.5050983 2.735703 -0.08375188 0.2836917 2.730102 -0.2583334 0.4999938 2.728975 -0.5019115 0.3987274 2.661967 -0.4987536 0.4450475 2.383571 0.07689472 0.5102028 2.74243 0.3210143 0.3909379 2.657957 0.3541587 0.4324878 2.372884 -0.1789555 0.05917358 2.7204 -0.191404 -0.3820526 2.756784 -0.3171073 -0.8277963 2.683739 0.02538668 0.06539655 2.728603 0.06285784 -0.3744957 2.689169 0.1928773 -0.779108 2.651411 
-0.09690183 0.7202832 2.716442 -0.09080676 0.5014482 2.725405 -0.08433444 0.2799802 2.725338 -0.2584142 0.4965522 2.718087 -0.4869659 0.3978709 2.723486 -0.4815115 0.4475958 2.443656 0.07680073 0.5063443 2.732724 0.3084976 0.3714614 2.701476 0.3431238 0.4400163 2.425439 -0.1800176 0.05552823 2.720809 -0.1932622 -0.3866128 2.7431 -0.3168913 -0.8257218 2.686536 0.02429339 0.06149637 2.729731 0.06486274 -0.3778639 2.687179 0.1911241 -0.7775669 2.651652 
-0.09704053 0.7259818 2.717172 -0.09151987 0.5066536 2.723743 -0.08535554 0.2851417 2.7215 -0.2590603 0.5020812 2.714858 -0.4514724 0.3719284 2.77674 -0.4484349 0.4364495 2.50068 0.07602055 0.511226 2.732629 0.2847586 0.3537386 2.737239 0.3267169 0.428373 2.462463 -0.1813134 0.06084276 2.71384 -0.1921611 -0.3816684 2.73431 -0.3186912 -0.8192188 2.679597 0.02293099 0.06641685 2.724673 0.06398859 -0.3726967 2.679771 0.1912469 -0.7659175 2.644702 
-0.09615091 0.724665 2.707539 -0.09104012 0.5060045 2.717972 -0.08484099 0.2844991 2.72002 -0.2583603 0.5012111 2.705994 -0.4042765 0.3499932 2.811368 -0.4016011 0.430474 2.542118 0.07628004 0.5107979 2.72995 0.2423403 0.3293384 2.790122 0.2704371 0.4105379 2.516234 -0.1806425 0.06007155 2.714765 -0.1863156 -0.3818455 2.746193 -0.3175407 -0.8250429 2.685707 0.02335881 0.06591579 2.729369 0.06485787 -0.3735273 2.688183 0.193726 -0.7724158 2.656578 
-0.0961642 0.7233357 2.699815 -0.09207717 0.5037609 2.71357 -0.08554625 0.2822827 2.719272 -0.2591873 0.4984598 2.699068 -0.3673338 0.278019 2.856894 -0.3199721 0.397922 2.602509 0.07503295 0.509062 2.728072 0.1885776 0.2880792 2.837535 0.1551656 0.3891824 2.579078 -0.1808597 0.05757387 2.716137 -0.1906054 -0.3851748 2.733602 -0.3181583 -0.8251624 2.689268 0.02282906 0.06403536 2.733813 0.06504904 -0.374478 2.684287 0.1928309 -0.7719415 2.648588 
-0.09580656 0.7197573 2.700356 -0.09164836 0.4997593 2.713519 -0.08546875 0.2782678 2.719631 -0.2584221 0.4946141 2.695682 -0.3646709 0.2750128 2.849443 -0.2907181 0.3731708 2.603811 0.07512543 0.5049044 2.731357 0.1927796 0.2470622 2.835849 0.1123755 0.3721282 2.599856 -0.1809547 0.05363989 2.714869 -0.193101 -0.3890421 2.734122 -0.3182139 -0.8282092 2.684452 0.02237642 0.0599129 2.736617 0.0640538 -0.3792121 2.692473 0.1943369 -0.7777449 2.649285 
-0.09636603 0.7240567 2.709129 -0.0913358 0.5028214 2.719188 -0.08511316 0.2812813 2.722176 -0.2582186 0.4979037 2.70211 -0.3794491 0.247029 2.791333 -0.2525715 0.3690605 2.581316 0.07554708 0.5077391 2.736267 0.198837 0.2300434 2.786404 0.06926068 0.3688131 2.583504 -0.1805979 0.05674408 2.714755 -0.196117 -0.38588 2.733616 -0.3192172 -0.822032 2.685748 0.02281687 0.06273834 2.735572 0.06563278 -0.3763368 2.691776 0.1943578 -0.7704871 2.645702 
-0.09877574 0.7249867 2.724497 -0.09244735 0.5038152 2.728518 -0.08478468 0.2823367 2.727163 -0.2596799 0.4981028 2.716496 -0.3667927 0.2510633 2.717154 -0.2049067 0.3689725 2.520893 0.0747852 0.5095275 2.74054 0.187355 0.2389688 2.715173 0.02694858 0.3728069 2.536448 -0.1790958 0.05737491 2.718478 -0.193257 -0.385069 2.742066 -0.3157585 -0.8229334 2.690654 0.02485183 0.06434134 2.733139 0.06659439 -0.3754798 2.697016 0.1959816 -0.7705571 2.644939 
-0.1020152 0.7264579 2.74129 -0.09886259 0.5054094 2.735161 -0.09448471 0.2840167 2.728087 -0.2663937 0.5022463 2.730476 -0.35799 0.2565761 2.639416 -0.176325 0.3610634 2.446219 0.06866851 0.5085725 2.739847 0.1773333 0.2535263 2.635615 -0.00552536 0.3700202 2.45674 -0.1923053 0.0606945 2.718155 -0.2095547 -0.3817566 2.739695 -0.3288218 -0.8179309 2.687165 0.01209161 0.06455363 2.723871 0.05065427 -0.3760063 2.693913 0.1833267 -0.776395 2.638438 
-0.09854173 0.7269958 2.760598 -0.09782588 0.5073314 2.739353 -0.096981 0.2863152 2.725187 -0.26551 0.5068266 2.737229 -0.3356977 0.2865684 2.5729 -0.1764121 0.3636003 2.349988 0.06985822 0.5078362 2.741478 0.1666005 0.2937617 2.567538 -0.008474747 0.3810767 2.363353 -0.1983018 0.06499144 2.709726 -0.2025758 -0.3776401 2.730554 -0.3227421 -0.8177695 2.678721 0.006029572 0.06560655 2.712315 0.05945606 -0.3735148 2.688209 0.1896672 -0.778802 2.635244 
