-0.2527264 0.7574618 2.609647 -0.2485576 0.5436658 2.569311 -0.2441787 0.3233685 2.53453 -0.4067381 0.5443963 2.54477 -0.4498276 0.4093615 2.313421 -0.2524614 0.4607098 2.1052 -0.09037702 0.5429353 2.593853 0.03981387 0.384433 2.40112 -0.1124261 0.4381611 2.154622 -0.3416049 0.1035414 2.483954 -0.3483593 -0.3219338 2.61408 -0.4866507 -0.8017042 2.48846 -0.1379948 0.1026011 2.515544 -0.1496805 -0.3347103 2.602687 0.04960652 -0.7966486 2.451203 
-0.2539151 0.7577484 2.625861 -0.2477341 0.5457481 2.577353 -0.2425825 0.326398 2.53705 -0.4057802 0.5467018 2.551962 -0.4048981 0.4376692 2.258213 -0.2115642 0.4706251 2.043941 -0.08968794 0.5447944 2.602745 0.0287739 0.42321 2.351774 -0.1097158 0.4494911 2.093635 -0.3391525 0.1076616 2.480404 -0.3591138 -0.3260591 2.572418 -0.4693658 -0.7754641 2.531675 -0.1357094 0.106434 2.51309 -0.1483285 -0.3320149 2.595132 0.04645452 -0.8002694 2.448454 
-0.2540417 0.7537124 2.632993 -0.2487228 0.5431311 2.58375 -0.2436673 0.3239199 2.542282 -0.4067981 0.5442564 2.558531 -0.4119263 0.4766541 2.288963 -0.2899156 0.4619397 2.041506 -0.09064743 0.5420058 2.60897 0.002333305 0.4430511 2.329501 -0.08812481 0.4608847 2.053416 -0.340351 0.1054329 2.484582 -0.3560309 -0.3175113 2.616215 -0.4796232 -0.7940266 2.516281 -0.1368726 0.1039844 2.517046 -0.147442 -0.3359179 2.591505 0.0374072 -0.8019931 2.459906 
-0.2579276 0.755098 2.636532 -0.2509036 0.5455247 2.587029 -0.2451413 0.32653 2.544334 -0.4092146 0.5459734 2.563361 -0.4154534 0.4961478 2.304314 -0.3201948 0.4628058 2.018499 -0.09259264 0.545076 2.610697 -0.01084202 0.4820234 2.292243 -0.06104312 0.4713633 2.010401 -0.3412764 0.1078242 2.486405 -0.3555198 -0.3205692 2.604558 -0.4876387 -0.7994983 2.495847 -0.1374815 0.1072465 2.516873 -0.1449205 -0.333666 2.585825 0.04067287 -0.7985068 2.455768 
-0.2580043 0.7541468 2.639799 -0.2511795 0.5461728 2.586637 -0.2451804 0.3276227 2.5417 -0.4098778 0.5460817 2.565895 -0.433249 0.5070869 2.283666 -0.3534594 0.4682696 1.986355 -0.09248123 0.5462639 2.60738 0.009557915 0.5019964 2.272115 -0.01929058 0.4789716 1.988524 -0.3413379 0.1090141 2.48341 -0.3486437 -0.3177048 2.610819 -0.4924147 -0.8067533 2.48002 -0.1370248 0.1091314 2.510115 -0.1467854 -0.3313164 2.582037 0.04561386 -0.8014995 2.445705 
-0.2565194 0.7530904 2.630926 -0.250205 0.5443454 2.581066 -0.2442043 0.325222 2.539025 -0.4091637 0.5435678 2.56243 -0.4696037 0.5115299 2.265327 -0.3940093 0.4731195 1.963904 -0.09124614 0.545123 2.599702 0.04379885 0.507015 2.266552 0.02792439 0.4842936 1.98061 -0.3405125 0.1055981 2.48499 -0.3551613 -0.3298486 2.568475 -0.4733844 -0.7808578 2.539019 -0.1358948 0.106599 2.508979 -0.1419781 -0.3340251 2.580397 0.03974292 -0.8027325 2.45909 
-0.2564461 0.7520669 2.626493 -0.2497765 0.5434439 2.577592 -0.2435521 0.324259 2.535809 -0.4089679 0.5420683 2.561093 -0.5198013 0.5017619 2.269169 -0.4426631 0.4689438 1.967672 -0.0905851 0.5448194 2.59409 0.09090086 0.5035114 2.293265 0.09068188 0.4823292 2.007195 -0.3397866 0.1041888 2.483407 -0.3544569 -0.3298961 2.579634 -0.476391 -0.7911417 2.518142 -0.1348688 0.1059594 2.504645 -0.1416866 -0.3349268 2.574526 0.04080376 -0.8017315 2.455284 
-0.2560769 0.7532057 2.616768 -0.2501248 0.5424652 2.571394 -0.2440121 0.3227969 2.532254 -0.4092101 0.5411757 2.553787 -0.5734088 0.4888895 2.29407 -0.497153 0.4586824 1.992408 -0.0910394 0.5437547 2.589002 0.1369411 0.4932503 2.333626 0.1465275 0.470543 2.046049 -0.3402828 0.1022986 2.481781 -0.3447641 -0.3234185 2.609152 -0.4910558 -0.8067591 2.489245 -0.135516 0.1039584 2.504445 -0.1483536 -0.3355477 2.581308 0.04474103 -0.8060452 2.457607 
-0.2509479 0.7535218 2.600915 -0.2467249 0.5417504 2.562611 -0.2422272 0.3213672 2.527692 -0.4058649 0.5412306 2.545393 -0.6216987 0.4764432 2.331037 -0.56157 0.4517708 2.0278 -0.08758496 0.5422701 2.579829 0.1724775 0.4766285 2.372798 0.1915704 0.4659872 2.082182 -0.340151 0.1006495 2.481693 -0.3461622 -0.3317599 2.585604 -0.4991314 -0.8145806 2.478856 -0.1353081 0.1013185 2.503855 -0.1434547 -0.3395348 2.573053 0.04140294 -0.8036681 2.459326 
-0.2489107 0.7517682 2.585001 -0.2452338 0.538491 2.553445 -0.2418934 0.3174783 2.522712 -0.4044888 0.5383292 2.537299 -0.6558344 0.4607122 2.371521 -0.6061226 0.445457 2.068543 -0.08597881 0.5386526 2.569592 0.2047541 0.4608244 2.414891 0.2328586 0.4550107 2.128288 -0.341052 0.09636167 2.481586 -0.3496905 -0.3386448 2.577462 -0.4980384 -0.8157561 2.476377 -0.136054 0.09656979 2.50237 -0.1448036 -0.3445579 2.570197 0.03534474 -0.8007621 2.463473 
-0.2446523 0.7514708 2.558991 -0.2438421 0.5369118 2.540414 -0.2425559 0.3149401 2.519219 -0.4029975 0.5376211 2.523328 -0.6759495 0.4443777 2.41477 -0.6464561 0.4324095 2.112184 -0.08468665 0.5362025 2.5575 0.214848 0.4468912 2.471419 0.2493424 0.44504 2.182617 -0.343706 0.09342488 2.487026 -0.3484531 -0.3374681 2.600536 -0.5032391 -0.8166776 2.478189 -0.1388335 0.09251186 2.50902 -0.1459678 -0.3480992 2.580438 0.03625189 -0.8010587 2.46763 
-0.2401322 0.7512916 2.537516 -0.2419321 0.5359812 2.527859 -0.2425641 0.3134595 2.513159 -0.4009718 0.5376263 2.509794 -0.6789969 0.4457049 2.48089 -0.651772 0.4352353 2.182098 -0.08289245 0.5343362 2.545923 0.2099039 0.4489303 2.530689 0.2418678 0.4410885 2.242266 -0.3455582 0.09199661 2.486831 -0.3489635 -0.3436538 2.580249 -0.5036159 -0.8172852 2.4682 -0.140834 0.089879 2.510086 -0.1418925 -0.3524799 2.568619 0.03454762 -0.7976472 2.465053 
-0.2412997 0.7507939 2.518283 -0.2434751 0.5347285 2.515773 -0.2448657 0.3118806 2.505993 -0.40262 0.5364732 2.498646 -0.6539834 0.4348419 2.539945 -0.6232469 0.4421199 2.247442 -0.08433025 0.5329838 2.5329 0.1899671 0.4474753 2.580339 0.2185877 0.4318699 2.293329 -0.348684 0.09015565 2.485189 -0.3526987 -0.3459719 2.57852 -0.5009875 -0.8142596 2.472571 -0.1438284 0.0879098 2.507235 -0.1457436 -0.3535696 2.57257 0.03430188 -0.7974868 2.456642 
-0.2440519 0.7475482 2.500165 -0.2459811 0.53001 2.505195 -0.2472974 0.3069796 2.501813 -0.4052539 0.5311916 2.489264 -0.6194665 0.4249029 2.577462 -0.5963625 0.4460429 2.289528 -0.0867082 0.5288286 2.521125 0.143507 0.4457551 2.630172 0.1684865 0.4312252 2.343584 -0.3511264 0.08470958 2.488178 -0.3607438 -0.3561984 2.545683 -0.4814847 -0.7960275 2.532677 -0.1461011 0.08318859 2.508685 -0.147878 -0.3579369 2.57691 0.04235857 -0.8054733 2.453697 
-0.2443527 0.7473585 2.491099 -0.2465428 0.5284008 2.499719 -0.2479571 0.3052761 2.499248 -0.4059083 0.5294427 2.484711 -0.5752246 0.4024446 2.616223 -0.5587634 0.4496371 2.330943 -0.08717725 0.5273588 2.514728 0.09476224 0.4203838 2.653572 0.1194635 0.4275475 2.366217 -0.3519415 0.0828221 2.489116 -0.3598821 -0.357264 2.557704 -0.4838617 -0.8016892 2.510782 -0.1468015 0.08148085 2.508435 -0.1429011 -0.3605743 2.569991 0.0435921 -0.8035719 2.458883 
-0.2468338 0.7516194 2.495089 -0.2462721 0.5324411 2.501132 -0.2462987 0.3092799 2.498902 -0.4054859 0.5326253 2.484616 -0.5521092 0.3807122 2.613122 -0.5119576 0.4564514 2.338126 -0.08705822 0.5322571 2.517649 0.07138295 0.3957018 2.646303 0.06347401 0.4333112 2.359542 -0.3488027 0.08623718 2.486041 -0.3541746 -0.3522039 2.566544 -0.4848914 -0.8019897 2.49236 -0.1438479 0.08600024 2.507303 -0.1360326 -0.3560763 2.568706 0.03908928 -0.7929082 2.460443 
-0.2456679 0.7506735 2.498621 -0.2450528 0.5330498 2.503953 -0.2450167 0.3098627 2.501187 -0.4042414 0.5332325 2.487133 -0.5480569 0.3598549 2.580583 -0.4639286 0.4596351 2.323576 -0.08586422 0.5328672 2.520772 0.07018275 0.3728506 2.624229 0.01149527 0.4376378 2.347508 -0.347434 0.08679318 2.487597 -0.3505937 -0.3503731 2.576164 -0.4926529 -0.8086528 2.482757 -0.1425272 0.08655807 2.509246 -0.1427586 -0.3546208 2.576771 0.04239006 -0.8006495 2.460219 
-0.2475417 0.7482574 2.508347 -0.2457963 0.5315309 2.510321 -0.2453076 0.3084156 2.504321 -0.404847 0.5316682 2.492258 -0.5495164 0.3494175 2.534299 -0.419495 0.4567235 2.29766 -0.0867456 0.5313935 2.528384 0.08010182 0.3579337 2.572129 -0.03142763 0.4347652 2.316022 -0.3471887 0.08538864 2.486695 -0.3518731 -0.3497195 2.58522 -0.4957519 -0.8130084 2.475131 -0.1424491 0.08521182 2.509947 -0.1404351 -0.3565874 2.573653 0.03761023 -0.7994488 2.457806 
-0.2491158 0.7488202 2.529207 -0.2474687 0.5319142 2.522252 -0.2460307 0.3091844 2.509355 -0.4063157 0.5320315 2.502515 -0.5352221 0.3501815 2.463158 -0.3685042 0.4575061 2.253259 -0.08862167 0.5317969 2.541988 0.07608605 0.3569921 2.503075 -0.07137635 0.4329368 2.264966 -0.3468335 0.08653009 2.483755 -0.3599274 -0.3537665 2.543269 -0.4780582 -0.7899848 2.533953 -0.1423521 0.08637909 2.509161 -0.140126 -0.3552523 2.574345 0.04135429 -0.7988772 2.450759 
