-0.107401 0.7261802 2.734582 -0.09800138 0.5075346 2.737062 -0.08866575 0.2862555 2.745798 -0.2655122 0.5001758 2.729675 -0.2966877 0.3779933 2.473149 -0.1535712 0.4030925 2.230249 0.06950949 0.5148933 2.744449 0.1107936 0.380915 2.448626 -0.03345554 0.4415362 2.21023 -0.1814391 0.06049078 2.750031 -0.2032391 -0.3821287 2.760072 -0.3170424 -0.8242193 2.686727 0.02277881 0.0694621 2.759036 0.06604205 -0.370697 2.732422 0.199633 -0.7689857 2.659166 
-0.1093275 0.7231097 2.736226 -0.0982003 0.5063445 2.743131 -0.08754872 0.2851118 2.751805 -0.2656347 0.4979656 2.735033 -0.2713462 0.4194943 2.424577 -0.1635569 0.4295162 2.166045 0.06923406 0.5147234 2.75123 0.09639384 0.43596 2.400817 0.01054426 0.4629838 2.137212 -0.1789518 0.05877191 2.755543 -0.2053761 -0.3836621 2.762512 -0.3182913 -0.8256752 2.682387 0.02515752 0.06898615 2.765415 0.06522238 -0.3712849 2.734313 0.200013 -0.7799872 2.653482 
-0.1100784 0.7202989 2.737593 -0.09924656 0.5037006 2.74587 -0.08863661 0.2823877 2.752093 -0.266781 0.495512 2.740294 -0.2681922 0.4582604 2.38879 -0.1960655 0.4467938 2.118017 0.06828788 0.5118891 2.751446 0.1161792 0.4709652 2.37991 0.06782672 0.4729738 2.104442 -0.1801524 0.05608325 2.754917 -0.2126673 -0.385915 2.753528 -0.3205819 -0.8261682 2.680808 0.02409909 0.06606641 2.761716 0.06850394 -0.3733566 2.724724 0.1962561 -0.7841742 2.645849 
-0.1081817 0.7197801 2.748267 -0.09836444 0.50218 2.749515 -0.08912569 0.2807989 2.749494 -0.2659558 0.4951865 2.743768 -0.3180924 0.4786284 2.373378 -0.2659394 0.4613102 2.095418 0.06922693 0.5091734 2.755261 0.1393764 0.4817231 2.475334 0.0901728 0.4833041 2.189659 -0.1820347 0.0551554 2.745971 -0.2118313 -0.3870333 2.739569 -0.3230637 -0.8261587 2.66777 0.02226086 0.06368048 2.752976 0.07524691 -0.3744573 2.712501 0.1923466 -0.7805204 2.642533 
-0.1089658 0.7146887 2.744078 -0.09830204 0.4972408 2.747923 -0.08860102 0.275844 2.746044 -0.2657946 0.4899679 2.740131 -0.3760345 0.482306 2.392693 -0.3323863 0.4663717 2.111966 0.06919058 0.5045137 2.755715 0.2004191 0.4665644 2.500035 0.1233631 0.4807197 2.220937 -0.1809953 0.05001398 2.739415 -0.2047198 -0.3925411 2.731974 -0.3185448 -0.830258 2.673291 0.02319531 0.05888043 2.748914 0.08026496 -0.3786461 2.706722 0.1970146 -0.7828667 2.648085 
-0.1070465 0.7122516 2.732984 -0.09609322 0.4950557 2.74317 -0.08639925 0.273626 2.742797 -0.2635739 0.4877375 2.734957 -0.431519 0.4746544 2.441342 -0.3868327 0.4632609 2.159979 0.07138753 0.5023741 2.751383 0.2810692 0.4531521 2.519172 0.2564003 0.4641655 2.239174 -0.1787846 0.04773573 2.737418 -0.1993163 -0.3948984 2.725528 -0.3175974 -0.8268426 2.677924 0.02537407 0.05665669 2.747429 0.07818752 -0.3800881 2.694156 0.1962124 -0.7807521 2.651585 
-0.1056243 0.7073798 2.715942 -0.09416485 0.4912204 2.733547 -0.08461992 0.2698403 2.737404 -0.2616757 0.4838649 2.725905 -0.471252 0.4638222 2.539171 -0.4232254 0.4475444 2.259158 0.07334595 0.4985758 2.741189 0.3220415 0.4435819 2.577086 0.3411762 0.4615092 2.299087 -0.177176 0.04397696 2.736603 -0.1989544 -0.3986202 2.724077 -0.320286 -0.8295399 2.676147 0.02702605 0.05294351 2.745918 0.07704106 -0.3830631 2.684372 0.1951632 -0.7764785 2.653027 
-0.1047143 0.7066642 2.679161 -0.09367035 0.4900413 2.710415 -0.08378246 0.2691335 2.724331 -0.2612403 0.4821998 2.705002 -0.4872775 0.4511813 2.693041 -0.4428811 0.4516335 2.410869 0.07389962 0.4978828 2.715828 0.343043 0.4359232 2.695024 0.3682886 0.4563265 2.416025 -0.1760393 0.04344591 2.734946 -0.2005941 -0.3976084 2.763953 -0.3197225 -0.8216743 2.681064 0.02825021 0.05300572 2.741546 0.07922429 -0.3826893 2.677762 0.1922128 -0.768591 2.652719 
-0.1041308 0.7037971 2.65953 -0.09428234 0.4881363 2.697779 -0.08472974 0.2676782 2.717505 -0.2618188 0.4802997 2.691329 -0.4761573 0.4421036 2.74802 -0.4478527 0.435628 2.463821 0.07325409 0.4959728 2.704228 0.3145041 0.4384472 2.753012 0.3265266 0.4532253 2.467527 -0.1772948 0.0424436 2.7333 -0.19921 -0.398957 2.764012 -0.3196579 -0.8231186 2.679472 0.02694058 0.05199676 2.741163 0.07579917 -0.3848169 2.68381 0.1902231 -0.7715896 2.652686 
-0.100057 0.7020369 2.651214 -0.09229812 0.4864492 2.69184 -0.08413847 0.2661771 2.714521 -0.2598693 0.4795551 2.685172 -0.4485798 0.4485537 2.804015 -0.4207335 0.4272648 2.519688 0.07527305 0.4933433 2.698509 0.2662514 0.3917217 2.795999 0.2644152 0.4380602 2.514419 -0.1781183 0.04170296 2.733138 -0.19789 -0.4003876 2.741464 -0.3200029 -0.8217896 2.678897 0.02616071 0.05010726 2.741267 0.07270242 -0.3872341 2.685768 0.1915006 -0.7736875 2.653139 
-0.0995854 0.7026818 2.645554 -0.09176464 0.4852305 2.687531 -0.08422617 0.2651845 2.712766 -0.2592424 0.4784985 2.678861 -0.4013055 0.4347878 2.814005 -0.3731118 0.4098597 2.530208 0.07571317 0.4919624 2.696202 0.213111 0.3508484 2.815495 0.2051839 0.4209577 2.531131 -0.1787765 0.04103487 2.732715 -0.1999086 -0.4013936 2.73495 -0.3192468 -0.8211914 2.677612 0.02540108 0.04924196 2.743286 0.07170603 -0.3885676 2.691282 0.1913814 -0.7742655 2.654533 
-0.09953506 0.7066866 2.652239 -0.0908642 0.4881883 2.690476 -0.08318701 0.2679015 2.71367 -0.2557278 0.479785 2.665234 -0.3555475 0.404821 2.787523 -0.3022265 0.3945717 2.512333 0.07399938 0.4965916 2.715718 0.212252 0.3160665 2.779087 0.1216012 0.3915535 2.519788 -0.176506 0.04246684 2.721399 -0.1978896 -0.4001603 2.722608 -0.3170146 -0.821322 2.662705 0.02548643 0.05276268 2.752326 0.07128606 -0.3849494 2.698916 0.1931769 -0.7711855 2.6613 
-0.1030251 0.7125891 2.675548 -0.09239283 0.4936374 2.7043 -0.08254661 0.2728638 2.719079 -0.2581338 0.4847959 2.682644 -0.3463688 0.3659781 2.737739 -0.2421438 0.3781267 2.476804 0.07334816 0.5024789 2.725956 0.202038 0.2859552 2.721021 0.06288965 0.3686267 2.490086 -0.1734919 0.04671346 2.720688 -0.2014412 -0.3950175 2.737387 -0.3177332 -0.8207085 2.673216 0.02809108 0.05746694 2.747027 0.07220648 -0.3798473 2.68923 0.1950495 -0.7705807 2.645391 
-0.1031107 0.713367 2.697236 -0.09402975 0.4936762 2.71453 -0.0848041 0.2725393 2.720831 -0.2606276 0.4862765 2.698759 -0.339838 0.3215944 2.655846 -0.1972426 0.3696698 2.416465 0.07256806 0.5010759 2.7303 0.202843 0.2757306 2.654659 0.03811108 0.3586441 2.437721 -0.1770515 0.04689531 2.717527 -0.2066535 -0.3949929 2.732618 -0.3238573 -0.8257207 2.671895 0.02589459 0.05590947 2.736738 0.06511334 -0.3825819 2.685057 0.1911331 -0.7797644 2.64051 
-0.1010127 0.7151718 2.719109 -0.09286161 0.4948651 2.721495 -0.0859196 0.2735688 2.720252 -0.2600252 0.4896815 2.710768 -0.317034 0.3228771 2.568915 -0.1504527 0.381814 2.341161 0.07430201 0.5000487 2.732222 0.1834052 0.2846951 2.587111 0.01273024 0.3676497 2.371127 -0.1808203 0.04911442 2.712474 -0.2090573 -0.3930474 2.724806 -0.3238089 -0.8236621 2.671435 0.02286509 0.05543053 2.725544 0.06461982 -0.3833686 2.678571 0.1908308 -0.7746416 2.641723 
