-0.2471407 0.7561865 2.600085 -0.2457853 0.5414671 2.566665 -0.244507 0.3204411 2.535873 -0.4044684 0.5434626 2.545753 -0.4498669 0.3668097 2.352258 -0.2757525 0.4378633 2.130667 -0.08710223 0.5394714 2.587578 -0.009507774 0.3569413 2.382903 -0.1443899 0.4369315 2.14486 -0.3453676 0.1006996 2.49162 -0.3508132 -0.327071 2.615649 -0.5002252 -0.8143125 2.471908 -0.1410896 0.09813061 2.518542 -0.1399973 -0.3438653 2.581132 0.02976129 -0.7960555 2.459003 
-0.2488726 0.757243 2.611076 -0.2467925 0.5428151 2.570053 -0.2450401 0.3222992 2.535766 -0.4056024 0.5446589 2.550078 -0.4464027 0.3864951 2.319281 -0.2703233 0.4380411 2.093927 -0.08798258 0.5409713 2.590028 -0.008240394 0.3848652 2.349217 -0.1532731 0.4430562 2.107911 -0.3454987 0.1029701 2.488623 -0.3470427 -0.3216059 2.624414 -0.4990514 -0.8122616 2.466922 -0.1410766 0.1005968 2.514335 -0.1414956 -0.3403963 2.583528 0.02792497 -0.7908868 2.457029 
-0.2500504 0.7576079 2.626074 -0.2469094 0.5455178 2.575875 -0.2444628 0.3259311 2.536294 -0.4056408 0.5474641 2.555266 -0.4186907 0.4212388 2.296644 -0.2661008 0.4441662 2.054878 -0.0881781 0.5435715 2.596484 -0.04261021 0.4214392 2.307116 -0.1624709 0.4594809 2.05022 -0.344177 0.1075971 2.483449 -0.3458965 -0.3181431 2.616706 -0.498121 -0.8106337 2.465283 -0.1398553 0.1050918 2.509977 -0.142353 -0.3344527 2.587559 0.03118254 -0.7911851 2.451752 
-0.2479545 0.7589093 2.633074 -0.2455777 0.5471193 2.582654 -0.2433297 0.3279512 2.540618 -0.404137 0.5496764 2.560842 -0.3863336 0.4521136 2.266821 -0.2660639 0.4546587 2.010139 -0.08701848 0.5445622 2.604465 -0.05629556 0.4582232 2.27757 -0.1391224 0.4697486 2.007201 -0.3431359 0.1104289 2.484544 -0.3444445 -0.3132198 2.624706 -0.4991893 -0.8128023 2.467318 -0.1390276 0.1071372 2.512621 -0.1418669 -0.3324478 2.590332 0.02829678 -0.7912886 2.464695 
-0.2516625 0.7613647 2.646572 -0.2468568 0.5514889 2.590756 -0.243843 0.3331734 2.544586 -0.4054643 0.5538485 2.569245 -0.3781723 0.4845583 2.242417 -0.2834633 0.4685994 1.975613 -0.0882493 0.5491294 2.612266 -0.05065309 0.4861079 2.251787 -0.1030381 0.4823818 1.973221 -0.3429101 0.1163764 2.484572 -0.3430054 -0.3080759 2.622653 -0.5029023 -0.8113714 2.465629 -0.1387482 0.1133392 2.512261 -0.1430001 -0.3272882 2.583656 0.03050548 -0.789461 2.461663 
-0.2540528 0.7588199 2.641924 -0.2495938 0.5507702 2.591434 -0.2451461 0.3319673 2.547505 -0.4086232 0.5511843 2.573269 -0.3975408 0.5098813 2.215593 -0.3300321 0.4865134 1.93857 -0.09056448 0.550356 2.609599 -0.02366001 0.5162923 2.232922 -0.03803015 0.4962939 1.946847 -0.343045 0.1134309 2.491886 -0.3473296 -0.3180132 2.604515 -0.4978901 -0.8139237 2.474148 -0.1383517 0.1128978 2.515267 -0.142041 -0.3290033 2.577657 0.0315538 -0.7960608 2.466364 
-0.2527341 0.7598795 2.642016 -0.2489508 0.5516468 2.589801 -0.2449046 0.3328657 2.545666 -0.4079785 0.5523863 2.571555 -0.432222 0.5179746 2.212311 -0.370446 0.4917261 1.932132 -0.08992319 0.5509074 2.608046 0.01321551 0.5226042 2.236494 0.009820965 0.5027067 1.946784 -0.3432068 0.1145604 2.48979 -0.3465508 -0.3162656 2.605802 -0.498671 -0.8129209 2.467501 -0.13851 0.1136087 2.513275 -0.1427604 -0.3278307 2.57931 0.03298531 -0.7962431 2.460147 
-0.251751 0.7590336 2.641546 -0.2483304 0.5515138 2.58744 -0.2449391 0.33292 2.542319 -0.4075446 0.5524448 2.570963 -0.4781141 0.51649 2.220669 -0.4214379 0.4976785 1.937684 -0.08911612 0.5505828 2.603918 0.05510562 0.5232959 2.257748 0.05709617 0.5079557 1.967165 -0.3440252 0.1149255 2.486593 -0.3444811 -0.3134317 2.611593 -0.5016177 -0.8146317 2.464572 -0.1390704 0.113727 2.507804 -0.1445484 -0.3276178 2.574708 0.03146217 -0.7943791 2.457081 
-0.2507316 0.7623322 2.632934 -0.2471991 0.5529106 2.582365 -0.244522 0.3338212 2.539816 -0.4066071 0.5537899 2.567808 -0.5420171 0.5163649 2.232673 -0.4886193 0.5039309 1.94998 -0.08779112 0.5520313 2.596923 0.1217882 0.5115813 2.310683 0.1351602 0.50559 2.020625 -0.3444425 0.1152978 2.487898 -0.3380106 -0.31112 2.618975 -0.505128 -0.8190028 2.470488 -0.1392475 0.1141659 2.506636 -0.1547474 -0.3245152 2.587485 0.05070137 -0.8083101 2.451652 
-0.2509168 0.7533494 2.619992 -0.2467363 0.542547 2.574076 -0.2435686 0.3228934 2.534597 -0.4062498 0.5426463 2.560725 -0.5849961 0.5026742 2.253826 -0.5417053 0.500185 1.967573 -0.08722279 0.5424479 2.587427 0.1564056 0.500302 2.336837 0.1829619 0.4980232 2.049767 -0.3430692 0.1033035 2.486525 -0.3432983 -0.3280048 2.599559 -0.4993622 -0.8241224 2.469975 -0.1377327 0.1031758 2.503711 -0.1497216 -0.3368795 2.577331 0.05213132 -0.8157976 2.447136 
-0.2475253 0.7483307 2.604522 -0.2454394 0.53614 2.564744 -0.244018 0.3157646 2.529586 -0.4049194 0.537299 2.551031 -0.6270043 0.4958428 2.296416 -0.5836293 0.4925234 2.010203 -0.08595943 0.534981 2.578456 0.1821979 0.480647 2.382901 0.2293769 0.4870889 2.096158 -0.3452409 0.09613527 2.485603 -0.3491924 -0.3344853 2.6022 -0.5030534 -0.8202401 2.470257 -0.1399525 0.09464338 2.503254 -0.1527492 -0.3449659 2.57972 0.0515784 -0.8154314 2.448083 
-0.24613 0.7451937 2.586288 -0.2453966 0.5317608 2.554906 -0.2452059 0.3106674 2.524744 -0.4046934 0.5337427 2.539371 -0.6660321 0.4924445 2.360705 -0.6221732 0.4841439 2.075123 -0.08609987 0.5297788 2.570441 0.1990697 0.4758029 2.448932 0.2468619 0.4751604 2.15956 -0.3475474 0.09084964 2.484582 -0.3578883 -0.3470558 2.55759 -0.482851 -0.7949077 2.533494 -0.142483 0.08829831 2.50458 -0.1505326 -0.3509061 2.583996 0.04787286 -0.8122986 2.451097 
-0.2457894 0.7601391 2.576876 -0.2452368 0.5450965 2.548011 -0.2445264 0.3237027 2.51985 -0.4047043 0.5463369 2.534236 -0.6777644 0.4651172 2.435673 -0.6540048 0.4776671 2.153044 -0.08576924 0.543856 2.561786 0.2097621 0.4551976 2.50221 0.2482737 0.463994 2.214988 -0.3464456 0.1031073 2.482823 -0.352112 -0.3316815 2.580129 -0.4906068 -0.7980526 2.498953 -0.1411863 0.1015106 2.500554 -0.1536301 -0.3353313 2.590556 0.04810921 -0.799148 2.4472 
-0.2396667 0.7624821 2.554935 -0.2425504 0.5463186 2.537278 -0.2440698 0.3241567 2.517658 -0.4019226 0.5487075 2.522571 -0.6684115 0.4485782 2.490849 -0.6545916 0.4714079 2.209535 -0.08317816 0.5439298 2.551985 0.1983549 0.4500804 2.541074 0.2260226 0.4540126 2.251726 -0.3481643 0.1035322 2.488572 -0.3498608 -0.3322656 2.583416 -0.4962666 -0.8087732 2.489087 -0.1430141 0.1004572 2.507503 -0.1533561 -0.3376337 2.592039 0.04647893 -0.8058057 2.447303 
-0.23828 0.7537854 2.535989 -0.2418391 0.5381602 2.526252 -0.2446861 0.3155646 2.512104 -0.4010405 0.5412335 2.509935 -0.6482341 0.4428106 2.550424 -0.6412295 0.4621654 2.268942 -0.08263768 0.5350869 2.542569 0.1766495 0.4450201 2.580522 0.1996558 0.4426851 2.292038 -0.3500003 0.09494704 2.487453 -0.3508742 -0.3434864 2.569508 -0.4985863 -0.8206726 2.474073 -0.1450659 0.09099086 2.508457 -0.1511804 -0.349433 2.57946 0.04663344 -0.8153556 2.448127 
-0.2371217 0.7507836 2.526512 -0.2416166 0.5347193 2.519824 -0.2451698 0.3119053 2.508468 -0.400681 0.5381511 2.50226 -0.6051263 0.4189146 2.586203 -0.5901039 0.4566892 2.304914 -0.08255212 0.5312876 2.537388 0.1433146 0.4365017 2.613753 0.1572526 0.4313677 2.3287 -0.3510986 0.09130002 2.485808 -0.3530862 -0.3473393 2.5679 -0.5009471 -0.817678 2.469464 -0.1463473 0.0868826 2.508417 -0.1445949 -0.3542373 2.575723 0.04009123 -0.8045669 2.45255 
-0.2364301 0.753147 2.521273 -0.2410704 0.5355675 2.51662 -0.2455081 0.3126244 2.507574 -0.3999619 0.5394999 2.497652 -0.5585709 0.3869666 2.611091 -0.5397909 0.4509152 2.328448 -0.08217897 0.5316351 2.535588 0.1056486 0.4017425 2.636369 0.09952462 0.4276231 2.354043 -0.3522122 0.0922123 2.48632 -0.3531143 -0.3440272 2.580098 -0.5015253 -0.814598 2.470574 -0.1476795 0.08715034 2.510736 -0.1496013 -0.3528167 2.585469 0.04236089 -0.8029677 2.450622 
-0.2364285 0.7514315 2.518154 -0.2407105 0.5346672 2.514859 -0.2451601 0.3116468 2.50708 -0.3994381 0.5385426 2.494545 -0.5267895 0.3594869 2.602531 -0.4894335 0.4468744 2.32696 -0.08198287 0.5307918 2.535174 0.07381788 0.365868 2.635684 0.04695371 0.4221462 2.357978 -0.3517697 0.09112074 2.486226 -0.3513373 -0.3431545 2.588891 -0.5017558 -0.8183414 2.468946 -0.1474496 0.08613215 2.512376 -0.1449508 -0.3544783 2.583605 0.04158537 -0.8036421 2.454301 
-0.2374153 0.7503862 2.517598 -0.2410823 0.5329672 2.515096 -0.2454733 0.3099127 2.507756 -0.3996826 0.5367909 2.493778 -0.5093949 0.3392439 2.589247 -0.4494606 0.4452652 2.325336 -0.08248191 0.5291435 2.536414 0.05790491 0.3454338 2.62535 0.01319606 0.4198771 2.354043 -0.3519413 0.08931921 2.486696 -0.3542111 -0.3465097 2.582783 -0.498264 -0.8144245 2.473992 -0.1477875 0.08439728 2.514138 -0.1421044 -0.3571168 2.579449 0.0383435 -0.8005492 2.458103 
-0.2435662 0.7529663 2.543812 -0.2444448 0.5360621 2.527614 -0.2466121 0.3137698 2.510164 -0.4033059 0.5391288 2.508278 -0.5012637 0.3266693 2.535631 -0.3928662 0.4471664 2.295205 -0.08558372 0.5329952 2.54695 0.05188884 0.329673 2.574644 -0.03511738 0.4229944 2.317955 -0.3510321 0.09345161 2.480267 -0.3524812 -0.3429995 2.573879 -0.497132 -0.8091791 2.467829 -0.1465267 0.08950362 2.505159 -0.1383699 -0.3518695 2.571508 0.03360078 -0.7893012 2.452206 
-0.2477009 0.7548937 2.562501 -0.247005 0.5379872 2.539997 -0.2485436 0.3161307 2.516136 -0.4061326 0.5409302 2.522895 -0.4838322 0.3216751 2.457671 -0.3294774 0.4449753 2.239625 -0.08787733 0.5350443 2.557099 0.04245644 0.3269093 2.498911 -0.08238629 0.4270975 2.259543 -0.3524984 0.09616833 2.481267 -0.3484991 -0.3377589 2.584971 -0.4969173 -0.8118472 2.476691 -0.147666 0.09238013 2.503282 -0.1507016 -0.3455641 2.588972 0.0428366 -0.8010461 2.453556 
-0.2464775 0.7543674 2.574292 -0.2465308 0.5385378 2.547283 -0.247759 0.3170355 2.520124 -0.4059722 0.5410829 2.533736 -0.4814532 0.3338642 2.41534 -0.3060164 0.4428013 2.206489 -0.08708939 0.5359926 2.56083 0.0376907 0.3374286 2.453949 -0.1044962 0.4319268 2.221128 -0.3516299 0.09717174 2.484244 -0.3485028 -0.3317419 2.606173 -0.4952279 -0.8111476 2.475888 -0.1463446 0.09389482 2.501686 -0.1425782 -0.3457103 2.578119 0.04551965 -0.8004237 2.449417 
