-0.2490149 0.7519737 2.598177 -0.2483396 0.5385607 2.558882 -0.2479077 0.318444 2.523014 -0.407806 0.540466 2.545268 -0.4682285 0.35643 2.367684 -0.2825547 0.444432 2.160816 -0.08887327 0.5366552 2.572495 0.02834537 0.3552155 2.407963 -0.1211311 0.4415952 2.178866 -0.3500981 0.09955347 2.478386 -0.3495041 -0.3303169 2.597925 -0.4960024 -0.8116767 2.4656 -0.1448532 0.09710114 2.495907 -0.1421376 -0.3419469 2.576144 0.04115112 -0.7967804 2.448227 
-0.2477579 0.7523589 2.601094 -0.2477348 0.5389122 2.562085 -0.2490292 0.3185869 2.526898 -0.4066356 0.5427585 2.543846 -0.4431245 0.3872294 2.325817 -0.2650802 0.4507959 2.108733 -0.08883394 0.5350658 2.580324 0.006162254 0.381602 2.358953 -0.1352864 0.4532047 2.122488 -0.352639 0.1007382 2.479968 -0.3493412 -0.323166 2.61821 -0.5017825 -0.8138455 2.469821 -0.1480082 0.09578492 2.503456 -0.1466829 -0.3426592 2.587265 0.03165149 -0.7978077 2.46954 
-0.2503286 0.7605025 2.617084 -0.2498735 0.5473522 2.570997 -0.2496313 0.3276011 2.531941 -0.4079051 0.551573 2.546268 -0.4375092 0.4200801 2.272751 -0.251725 0.4521426 2.052092 -0.09184194 0.5431313 2.595726 -0.01123606 0.4220709 2.308301 -0.1459961 0.4672043 2.057251 -0.3510946 0.1105665 2.47697 -0.3366685 -0.3139979 2.61351 -0.5020427 -0.8129734 2.463925 -0.1476835 0.1051337 2.5088 -0.1436003 -0.33424 2.587666 0.03489339 -0.7909828 2.464564 
-0.2544132 0.7604046 2.629089 -0.2514715 0.5493097 2.577311 -0.2489308 0.3304298 2.533889 -0.4092256 0.5527718 2.550629 -0.3997327 0.4515155 2.261399 -0.2503917 0.4608382 2.019413 -0.09371744 0.5458475 2.603993 -0.03609351 0.454554 2.29116 -0.1351458 0.475342 2.026195 -0.3479105 0.1137778 2.473296 -0.3384161 -0.3116224 2.607977 -0.4998619 -0.8146771 2.458596 -0.1448697 0.1093218 2.507638 -0.1402422 -0.3316876 2.576132 0.03801199 -0.7941111 2.460457 
-0.2574454 0.7582815 2.635077 -0.2518906 0.5484573 2.58229 -0.2481081 0.3300157 2.536683 -0.409851 0.551078 2.556638 -0.3893787 0.4712605 2.240207 -0.2722981 0.4671326 1.982326 -0.09393016 0.5458367 2.607943 -0.04305736 0.4812731 2.271074 -0.1075086 0.4856026 1.995116 -0.3459804 0.1132605 2.474567 -0.3397306 -0.3122211 2.609412 -0.4961068 -0.8139727 2.470897 -0.1426707 0.1098876 2.507585 -0.1401514 -0.3315435 2.57387 0.03426549 -0.7955669 2.465735 
-0.2584036 0.7549102 2.638579 -0.2525066 0.5475168 2.585499 -0.2481129 0.3293441 2.538572 -0.4106157 0.5496766 2.560654 -0.3896986 0.4906273 2.22512 -0.2959749 0.4708287 1.958224 -0.09439761 0.5453569 2.610344 -0.03953604 0.5036353 2.254038 -0.0827449 0.4942269 1.973943 -0.3454739 0.1125614 2.475655 -0.3386129 -0.3120745 2.61323 -0.4994957 -0.8149239 2.468904 -0.1419645 0.1097815 2.507633 -0.1426805 -0.3312806 2.576531 0.03424623 -0.7976739 2.462437 
-0.2618525 0.7609363 2.640817 -0.2548043 0.5523888 2.586793 -0.2498867 0.3342569 2.539657 -0.4132585 0.5536853 2.564262 -0.4298525 0.5018138 2.212062 -0.3529027 0.4834594 1.936381 -0.09635007 0.5510924 2.609324 0.002729713 0.5148187 2.25451 -0.01706416 0.505885 1.971176 -0.3469605 0.1169595 2.478019 -0.3442715 -0.3112022 2.603779 -0.4989782 -0.8062129 2.472769 -0.1429775 0.1152906 2.507023 -0.1425062 -0.326004 2.574603 0.02976398 -0.7892721 2.46507 
-0.260725 0.7547197 2.632443 -0.2549149 0.5454323 2.581395 -0.2508132 0.3266732 2.537249 -0.4136904 0.5465153 2.561276 -0.4799021 0.5058895 2.212535 -0.4116839 0.4939338 1.932159 -0.09613937 0.5443492 2.601514 0.05188896 0.5274266 2.271256 0.04563481 0.5143986 1.986661 -0.348906 0.1086112 2.480154 -0.3457513 -0.3188766 2.608525 -0.4986993 -0.8186545 2.472343 -0.1445169 0.107217 2.506053 -0.1451736 -0.3338202 2.575375 0.03136284 -0.8044646 2.460872 
-0.2603484 0.7554604 2.618255 -0.2553199 0.5440593 2.575556 -0.2516414 0.3243228 2.536827 -0.4143432 0.5445881 2.557451 -0.514914 0.51392 2.224761 -0.452276 0.5032673 1.942169 -0.09629662 0.5435305 2.59366 0.08997995 0.5252395 2.288632 0.0871558 0.518692 2.002671 -0.3503124 0.1049265 2.486446 -0.3485488 -0.32627 2.601122 -0.5013071 -0.8163487 2.476395 -0.1456134 0.1042458 2.50975 -0.1406581 -0.3375416 2.573517 0.03633006 -0.8026555 2.463614 
-0.2597792 0.7545809 2.602662 -0.2550478 0.5413313 2.568022 -0.2514569 0.3207099 2.534894 -0.4143024 0.5411322 2.552086 -0.5669158 0.5094329 2.256871 -0.5102687 0.5020617 1.972575 -0.09579326 0.5415305 2.583958 0.1420291 0.5216488 2.338321 0.1468579 0.5211664 2.052298 -0.3503668 0.09996028 2.49151 -0.3461303 -0.3290118 2.614386 -0.5020373 -0.8203154 2.472613 -0.1453651 0.1002167 2.512024 -0.1420389 -0.3408464 2.580781 0.03392182 -0.8003557 2.465736 
-0.2541162 0.7555226 2.591223 -0.2527597 0.5401888 2.560932 -0.2513111 0.3189555 2.531443 -0.4122306 0.5409822 2.547147 -0.6349646 0.4936068 2.326474 -0.5837273 0.4971229 2.046127 -0.0932887 0.5393955 2.574718 0.1867733 0.4959147 2.405313 0.2132966 0.5066714 2.119858 -0.3524974 0.09823274 2.493081 -0.3516933 -0.3381089 2.585234 -0.5002892 -0.812113 2.475587 -0.1472275 0.09721156 2.510826 -0.1429015 -0.3447093 2.574059 0.03574109 -0.7983857 2.459754 
-0.2518441 0.7527881 2.580083 -0.2510629 0.5374503 2.555247 -0.2505068 0.3158111 2.528984 -0.4105284 0.5386962 2.541357 -0.648982 0.4903058 2.349733 -0.5982811 0.4946622 2.068443 -0.09159754 0.5362045 2.569137 0.197387 0.4824563 2.443146 0.2317306 0.4975926 2.159406 -0.3525823 0.09497373 2.493781 -0.3464784 -0.3419977 2.583773 -0.5023542 -0.8175593 2.472531 -0.1473192 0.09337009 2.51166 -0.1475851 -0.347313 2.582659 0.04308859 -0.8055022 2.454892 
-0.2477313 0.7569317 2.557081 -0.2486166 0.5399949 2.543943 -0.2492353 0.317684 2.525558 -0.4080173 0.5416453 2.529349 -0.6670093 0.478166 2.398868 -0.6303341 0.488199 2.117723 -0.08921585 0.5383445 2.558536 0.2016759 0.4707155 2.486561 0.2522552 0.4838726 2.207757 -0.3524469 0.0964354 2.497781 -0.3501503 -0.3423747 2.578715 -0.4969976 -0.809688 2.479426 -0.147261 0.09431088 2.516566 -0.1425223 -0.3472426 2.581671 0.04114607 -0.7998914 2.46194 
-0.246579 0.7520059 2.536065 -0.2474883 0.5346909 2.532204 -0.2488075 0.3119448 2.520732 -0.4067789 0.5364443 2.516476 -0.683029 0.475601 2.462431 -0.6537003 0.4776049 2.17924 -0.08819764 0.5329376 2.547931 0.193813 0.45734 2.535776 0.2458655 0.4658513 2.25516 -0.3526505 0.0903272 2.499137 -0.349023 -0.3479831 2.583299 -0.4987534 -0.8191749 2.477078 -0.1476028 0.08807012 2.519382 -0.1472246 -0.3530492 2.587714 0.04322124 -0.8096654 2.454834 
-0.245738 0.7478491 2.526052 -0.2475441 0.5309789 2.525354 -0.2492064 0.3080278 2.516778 -0.4068104 0.5327818 2.509356 -0.6805157 0.4688026 2.529706 -0.6521857 0.4575236 2.246805 -0.08827774 0.529176 2.541353 0.1714047 0.4331683 2.58388 0.2205872 0.4445125 2.299072 -0.3533742 0.086237 2.497905 -0.3510589 -0.3526304 2.579499 -0.501475 -0.8181123 2.471633 -0.1483633 0.0839162 2.518499 -0.1432207 -0.3584828 2.577112 0.03904667 -0.8048778 2.455629 
-0.2462648 0.7467465 2.521033 -0.2493008 0.5289598 2.521254 -0.2513993 0.3059172 2.513815 -0.4085875 0.5309849 2.505471 -0.6542494 0.4624054 2.591837 -0.617789 0.44263 2.309388 -0.09001403 0.5269347 2.537038 0.1357112 0.4195812 2.634915 0.1868741 0.4220337 2.34781 -0.3560175 0.0841779 2.496217 -0.3527266 -0.353521 2.583819 -0.5075148 -0.8185692 2.469753 -0.1509782 0.08157115 2.516534 -0.1474305 -0.3601574 2.580495 0.04028761 -0.8047085 2.4568 
-0.2453253 0.7483571 2.519033 -0.2497481 0.5301977 2.520352 -0.2531827 0.3070989 2.514766 -0.4089364 0.5330639 2.503758 -0.6166239 0.4552098 2.616908 -0.5696911 0.4292613 2.335803 -0.09055974 0.5273316 2.536945 0.09735578 0.3952837 2.648946 0.1367147 0.4060104 2.359563 -0.3590768 0.08584483 2.498501 -0.3538595 -0.3505142 2.59242 -0.5075039 -0.8150864 2.467028 -0.1541581 0.08215532 2.519861 -0.1448275 -0.3594644 2.584166 0.03376283 -0.7976003 2.466227 
-0.2427001 0.7469465 2.512559 -0.2487201 0.5291751 2.518158 -0.2540249 0.3060542 2.516143 -0.4077579 0.5331169 2.500377 -0.5286558 0.3708058 2.620485 -0.4862675 0.4160662 2.340245 -0.08968238 0.5252333 2.53594 0.05433773 0.364317 2.652499 0.05956971 0.393628 2.367196 -0.3616889 0.0854703 2.502683 -0.3665155 -0.3564353 2.548859 -0.4765695 -0.793229 2.535656 -0.1569705 0.08039627 2.525572 -0.1429178 -0.3619746 2.581655 0.03962534 -0.7992898 2.459866 
-0.245132 0.7513613 2.522812 -0.2497861 0.5328113 2.523894 -0.2544991 0.3097272 2.518767 -0.4089031 0.5365661 2.506788 -0.5193358 0.3394072 2.596251 -0.441196 0.4101642 2.328124 -0.09066905 0.5290565 2.541001 0.05116094 0.3446541 2.635753 0.01995382 0.3923492 2.360913 -0.3616232 0.08905981 2.50263 -0.3669497 -0.3531078 2.555558 -0.4773325 -0.7948725 2.521464 -0.1568012 0.0842265 2.52465 -0.146535 -0.3570074 2.590149 0.04441098 -0.7975711 2.448809 
-0.2465105 0.7529795 2.528425 -0.2501789 0.5337215 2.528648 -0.2540769 0.3106251 2.522626 -0.4096 0.5368778 2.514909 -0.5066785 0.3192105 2.557623 -0.3941228 0.407769 2.312468 -0.09075791 0.5305653 2.542387 0.04907015 0.3293207 2.608364 -0.02085097 0.3951531 2.341335 -0.3606043 0.08956062 2.507759 -0.3623784 -0.3505642 2.577295 -0.4821723 -0.8027273 2.506884 -0.1553453 0.08549684 2.525449 -0.144981 -0.3563916 2.587293 0.04508485 -0.7989331 2.453656 
-0.2493885 0.7552758 2.547712 -0.2521175 0.5370925 2.539448 -0.2543272 0.3143742 2.526444 -0.4118609 0.5391387 2.531549 -0.4949683 0.3177006 2.504304 -0.3515503 0.411743 2.277701 -0.09237416 0.5350465 2.547348 0.04590512 0.3180707 2.567635 -0.06317449 0.3977019 2.316866 -0.3594102 0.09297356 2.508352 -0.3554498 -0.3426189 2.601071 -0.4909138 -0.8056967 2.48798 -0.1536635 0.09033818 2.518527 -0.1444272 -0.3516324 2.580527 0.04702939 -0.7967654 2.443013 
-0.2501432 0.7557263 2.557881 -0.2529326 0.5373943 2.546977 -0.2544949 0.3147848 2.531427 -0.412834 0.5388799 2.541774 -0.4820063 0.3218655 2.456155 -0.3121381 0.4152315 2.24448 -0.09303115 0.5359087 2.552179 0.04592998 0.3200206 2.522309 -0.09307279 0.4037135 2.286167 -0.3589469 0.09313115 2.512529 -0.3519271 -0.3388314 2.621677 -0.4950085 -0.8133399 2.479909 -0.1531674 0.09121928 2.519225 -0.1454004 -0.3496138 2.588851 0.0433466 -0.7994851 2.456182 
