-0.09768096 0.7194834 2.764432 -0.09456511 0.5001658 2.742075 -0.09202025 0.2789962 2.728614 -0.2621075 0.4988408 2.732173 -0.2881849 0.3506523 2.461164 -0.1415899 0.4496379 2.241272 0.07297724 0.5014908 2.751978 0.06516599 0.4297631 2.474192 -0.006336212 0.4648997 2.23053 -0.1915921 0.05701888 2.709116 -0.2123602 -0.3854982 2.724618 -0.3093192 -0.8055398 2.685944 0.01264132 0.05863405 2.721187 0.07210137 -0.3803072 2.708047 0.1956487 -0.7709578 2.648435 
-0.09725116 0.7264571 2.783197 -0.09251071 0.5092468 2.761036 -0.08892395 0.2885231 2.742086 -0.2584161 0.5084571 2.738833 -0.2643882 0.4026695 2.423618 -0.1568443 0.4807685 2.188522 0.07339469 0.5100365 2.783239 0.09622914 0.3983511 2.426792 0.013063 0.4797599 2.183781 -0.1867365 0.06731683 2.709565 -0.2077703 -0.3750385 2.729297 -0.3074405 -0.802507 2.686293 0.01606214 0.06828211 2.736706 0.06996214 -0.3714745 2.724605 0.1976 -0.7692379 2.665073 
-0.1044407 0.7217416 2.797198 -0.09564383 0.5073671 2.770183 -0.08801175 0.2873411 2.744914 -0.2623136 0.5036556 2.752161 -0.2891285 0.4784416 2.40641 -0.2327386 0.5078896 2.135969 0.07102595 0.5110786 2.788206 0.1365278 0.4535647 2.417928 0.1099393 0.5077653 2.145102 -0.1819211 0.06505394 2.708666 -0.2111942 -0.3766809 2.730009 -0.3107916 -0.8143974 2.688215 0.02116181 0.06957634 2.730625 0.06225907 -0.3697785 2.692067 0.1936187 -0.7804743 2.647522 
-0.1060853 0.7244869 2.809039 -0.09623871 0.5105336 2.773971 -0.08758332 0.2913254 2.742947 -0.2632196 0.5061153 2.758605 -0.3241133 0.4702558 2.405206 -0.2854616 0.5169805 2.132188 0.07074215 0.5149519 2.789338 0.1767177 0.4562462 2.420447 0.1775673 0.5199494 2.144437 -0.180671 0.06942491 2.702559 -0.2061373 -0.3726442 2.722886 -0.3108834 -0.8103635 2.679258 0.02281514 0.07480919 2.721285 0.06575526 -0.3647766 2.685283 0.194357 -0.7728701 2.643964 
-0.1068363 0.7216399 2.805455 -0.09675661 0.5073574 2.772639 -0.08814295 0.2880071 2.742206 -0.2640053 0.5024933 2.76036 -0.3760506 0.4661239 2.426104 -0.3544355 0.5234715 2.154405 0.07049211 0.5122215 2.784918 0.2178641 0.4406278 2.448724 0.2564137 0.524765 2.171757 -0.1814584 0.06569251 2.704289 -0.205789 -0.3764589 2.725112 -0.3142945 -0.821077 2.685426 0.02239982 0.07162134 2.719255 0.06253313 -0.3688254 2.691043 0.1924721 -0.7787609 2.649623 
-0.1034385 0.7184745 2.775557 -0.09406191 0.5024334 2.758903 -0.08650877 0.2819307 2.73877 -0.2615139 0.4976217 2.748781 -0.461486 0.417012 2.48603 -0.469105 0.5278601 2.226007 0.07339011 0.5072452 2.769025 0.3002411 0.4066778 2.52543 0.3924886 0.5228086 2.265237 -0.1810117 0.05849532 2.712468 -0.2055557 -0.3840202 2.718512 -0.3145268 -0.8204013 2.693665 0.02310044 0.06436049 2.724806 0.06516611 -0.3756685 2.691407 0.1919247 -0.7754249 2.656676 
-0.1017869 0.7174637 2.757234 -0.09376936 0.5002794 2.748965 -0.08648706 0.2792919 2.73567 -0.2612697 0.4953264 2.739545 -0.4892279 0.3879956 2.531014 -0.5000286 0.5248331 2.286738 0.07373102 0.5052325 2.758384 0.3256344 0.3928504 2.572718 0.4272562 0.5250512 2.321441 -0.1812953 0.05528549 2.716634 -0.2047057 -0.3866088 2.737992 -0.3154915 -0.8201415 2.688754 0.02288579 0.06132321 2.728116 0.06408712 -0.3783614 2.689532 0.1937363 -0.7763473 2.655514 
-0.09887315 0.7177024 2.739068 -0.0925741 0.4988192 2.738136 -0.08585551 0.2775375 2.730155 -0.2600598 0.4940909 2.728237 -0.5026218 0.3715037 2.593009 -0.5312937 0.5138548 2.34986 0.07491156 0.5035474 2.748034 0.3278095 0.3649192 2.658855 0.4332073 0.4983038 2.410244 -0.1812216 0.05337384 2.716142 -0.2032456 -0.3889793 2.73051 -0.3140434 -0.8188848 2.683299 0.02294771 0.05913769 2.728209 0.06422884 -0.3801096 2.684948 0.1950215 -0.7753344 2.651194 
-0.09550071 0.7209315 2.713192 -0.09137967 0.5013039 2.72117 -0.08615931 0.2797927 2.720443 -0.2587344 0.4973998 2.708992 -0.4634152 0.3468835 2.728506 -0.5132575 0.5060612 2.497409 0.07597508 0.505208 2.733347 0.2904435 0.3434722 2.769454 0.3943749 0.4775456 2.520015 -0.1829432 0.05590198 2.712294 -0.2028819 -0.3845376 2.754825 -0.3159036 -0.8159335 2.684169 0.02106526 0.06066113 2.727139 0.06508265 -0.3786415 2.687084 0.1918743 -0.773012 2.652192 
-0.09216271 0.7179472 2.696052 -0.09017516 0.4988253 2.712479 -0.08648966 0.2774657 2.719242 -0.2575956 0.4956865 2.700977 -0.4241928 0.334431 2.76627 -0.465639 0.4993542 2.539562 0.07724535 0.5019642 2.723981 0.2577374 0.3362479 2.804717 0.3496982 0.470588 2.551486 -0.1848519 0.05419278 2.718995 -0.2075738 -0.3869243 2.753769 -0.3155337 -0.8167002 2.688808 0.01924351 0.05801926 2.733017 0.06354995 -0.3810617 2.690759 0.190931 -0.7747911 2.65739 
-0.09342887 0.7201487 2.696981 -0.09134906 0.4998882 2.711777 -0.08709464 0.2784424 2.718369 -0.2586723 0.4962954 2.699068 -0.3929342 0.2877718 2.829831 -0.4070295 0.4470175 2.593723 0.07597418 0.5034811 2.724486 0.2203671 0.3151263 2.821365 0.2858513 0.4564418 2.566796 -0.1848303 0.05480661 2.717214 -0.2082039 -0.3865433 2.750336 -0.3133076 -0.8148891 2.683277 0.01914981 0.05918667 2.732707 0.06522306 -0.3794571 2.687866 0.1922688 -0.7699009 2.653434 
-0.09424455 0.7215654 2.707456 -0.09016979 0.5013045 2.713547 -0.08592109 0.2797669 2.715937 -0.2562536 0.4978811 2.691457 -0.3880712 0.2620333 2.810774 -0.340013 0.4299391 2.591834 0.07591403 0.504728 2.735637 0.2082976 0.2752521 2.821549 0.2069855 0.4349473 2.579536 -0.1830649 0.05613939 2.704841 -0.206685 -0.3858811 2.71928 -0.3118989 -0.8139203 2.674151 0.01972013 0.06031932 2.731812 0.06484094 -0.3784359 2.686986 0.1937535 -0.7704004 2.650977 
-0.09991392 0.7166625 2.721328 -0.0943965 0.4969559 2.719535 -0.08947245 0.2753962 2.717256 -0.2591257 0.4936147 2.688455 -0.3796037 0.2373068 2.712507 -0.240598 0.4169578 2.554012 0.07033272 0.5002972 2.750616 0.2096108 0.2405562 2.746408 0.08303361 0.4070093 2.559647 -0.1848471 0.05180217 2.696053 -0.2109992 -0.3860806 2.753337 -0.3156814 -0.8205016 2.687152 0.01575027 0.05587089 2.7339 0.06346708 -0.3836475 2.701496 0.1912108 -0.7758052 2.651579 
-0.1009428 0.7148265 2.729524 -0.09479965 0.4959066 2.724082 -0.0892444 0.2743879 2.719391 -0.2606429 0.4922551 2.700115 -0.3563545 0.2436931 2.64524 -0.2027109 0.4248003 2.495941 0.07104362 0.499558 2.748049 0.1907539 0.2397369 2.680193 0.04441104 0.4034187 2.509847 -0.1848146 0.05064276 2.700086 -0.2112459 -0.3875474 2.7586 -0.3140333 -0.8196123 2.687744 0.01743628 0.05509588 2.729315 0.06982419 -0.3840721 2.699454 0.1943774 -0.7724253 2.646137 
-0.09994026 0.7185924 2.754214 -0.09326592 0.4979649 2.733714 -0.08696067 0.2770082 2.719994 -0.25988 0.4943267 2.715737 -0.3353427 0.2574668 2.579607 -0.1754598 0.4340886 2.426658 0.07334812 0.5016031 2.751692 0.1662164 0.2567413 2.612087 0.0106674 0.4177873 2.437282 -0.1822038 0.05383405 2.695317 -0.2086957 -0.386092 2.738649 -0.3109632 -0.8175117 2.679582 0.02089297 0.05826892 2.717231 0.07154616 -0.3813664 2.691352 0.1949477 -0.7686741 2.639307 
