-0.1080766 0.7323281 2.779707 -0.09854725 0.5094482 2.751481 -0.09008354 0.2889642 2.732681 -0.2659646 0.5039076 2.74109 -0.2765114 0.3112529 2.475634 -0.1250528 0.4662591 2.286077 0.0688701 0.5149888 2.761872 0.1258363 0.2820642 2.537793 -0.01576032 0.4232139 2.331339 -0.1836569 0.06510331 2.707547 -0.2057279 -0.3773105 2.722784 -0.3142824 -0.8129568 2.67465 0.02041725 0.07185704 2.720214 0.06896263 -0.3681239 2.697024 0.192794 -0.7619575 2.646493 
-0.1057079 0.7241006 2.790793 -0.09661447 0.5050117 2.763335 -0.08847699 0.2847768 2.740837 -0.2640328 0.4999248 2.752576 -0.2482506 0.3991241 2.460313 -0.1463269 0.4879836 2.231165 0.07080385 0.5100985 2.774094 0.1059221 0.3650354 2.4884 0.0007936325 0.4587175 2.24683 -0.1823811 0.06144147 2.711782 -0.2046161 -0.377464 2.759683 -0.3124124 -0.822824 2.684066 0.02170204 0.06764233 2.724897 0.06523788 -0.3730894 2.706752 0.1930909 -0.7746698 2.658949 
-0.1033168 0.7170324 2.797807 -0.09505513 0.5018482 2.771697 -0.08744142 0.281873 2.746167 -0.2625247 0.4972395 2.761463 -0.259129 0.4350658 2.440156 -0.1917159 0.4988211 2.190043 0.0724144 0.5064569 2.781931 0.1114568 0.4225135 2.456205 0.0457833 0.4800364 2.196564 -0.1819037 0.05908867 2.7144 -0.2052752 -0.3816037 2.744951 -0.3128699 -0.819936 2.681532 0.02224832 0.06470683 2.726876 0.06673283 -0.3752084 2.697242 0.1919435 -0.7731618 2.656114 
-0.1034465 0.714968 2.800412 -0.09537739 0.4998838 2.775415 -0.08816019 0.2799242 2.749243 -0.2628249 0.4956734 2.764626 -0.2900606 0.4470346 2.437077 -0.2489583 0.5064504 2.175242 0.07207008 0.5040942 2.786205 0.1442314 0.4467551 2.449109 0.1179326 0.4899234 2.175116 -0.1830068 0.05739827 2.716494 -0.2073021 -0.3842164 2.736456 -0.3152728 -0.8189794 2.684047 0.02112086 0.06253096 2.729647 0.06540609 -0.376958 2.693363 0.1910753 -0.7722912 2.656339 
-0.09914278 0.7108301 2.801679 -0.09205336 0.4955535 2.77637 -0.08566417 0.2756324 2.749485 -0.2594402 0.4921463 2.764463 -0.3355255 0.4420179 2.454534 -0.3141021 0.5121899 2.182956 0.0753335 0.4989608 2.788277 0.1846195 0.4458779 2.456057 0.1974916 0.4992676 2.182335 -0.1813052 0.05363442 2.715343 -0.2050821 -0.3873782 2.74802 -0.3123863 -0.8209073 2.682319 0.02275523 0.05778822 2.729859 0.06806698 -0.3815596 2.692268 0.1942319 -0.7758013 2.653494 
-0.09643616 0.7120533 2.790287 -0.08972493 0.494863 2.772308 -0.08385465 0.2744221 2.750371 -0.2571291 0.4915747 2.760555 -0.4022605 0.4160076 2.479767 -0.3868207 0.5225985 2.219878 0.07767922 0.4981512 2.784062 0.2513118 0.4159409 2.500026 0.2825947 0.5029812 2.231797 -0.1800208 0.051977 2.72127 -0.2023788 -0.3898624 2.744148 -0.3132662 -0.8172296 2.688662 0.02405208 0.05598555 2.735598 0.06790284 -0.3834163 2.696526 0.1935936 -0.7713324 2.657384 
-0.09791848 0.7120708 2.764595 -0.0908434 0.4943558 2.760641 -0.08438682 0.2733571 2.74868 -0.2581388 0.4901663 2.747743 -0.4446611 0.3890282 2.538865 -0.4392489 0.5235186 2.28942 0.07645204 0.4985453 2.773539 0.2931228 0.3944444 2.559536 0.326961 0.4978133 2.298017 -0.1799054 0.04980461 2.728858 -0.2027117 -0.3915114 2.761057 -0.3126587 -0.8179598 2.689956 0.02404493 0.05491209 2.744581 0.06796083 -0.3839028 2.699626 0.1926356 -0.7708377 2.660806 
-0.1006115 0.7158896 2.74275 -0.09238352 0.4979515 2.748541 -0.08535367 0.2766989 2.744666 -0.2597565 0.4928334 2.737132 -0.4692915 0.365488 2.597418 -0.4588287 0.5334305 2.374696 0.07498943 0.5030696 2.75995 0.3170964 0.3737509 2.629785 0.3685812 0.4881786 2.379026 -0.1803466 0.05232645 2.733836 -0.2034446 -0.3896528 2.745371 -0.3142993 -0.8138557 2.687148 0.02369893 0.05856595 2.747745 0.06808653 -0.3792842 2.694929 0.1905105 -0.7667426 2.655085 
-0.09804742 0.7220196 2.730826 -0.09078606 0.5022595 2.740007 -0.08336028 0.2808677 2.739041 -0.2581673 0.4966941 2.728846 -0.4586433 0.3532423 2.680705 -0.4597842 0.5325277 2.462844 0.07659516 0.507825 2.751169 0.3045499 0.3668777 2.718894 0.3628215 0.4940326 2.474514 -0.1779558 0.05608371 2.731272 -0.1991087 -0.3863404 2.733133 -0.3120757 -0.8144495 2.678009 0.02608686 0.06286819 2.744878 0.06987511 -0.3747574 2.68941 0.1927796 -0.7643806 2.649602 
-0.09533438 0.7201528 2.701124 -0.09153422 0.5009094 2.721916 -0.085724 0.2796577 2.731362 -0.2587092 0.4959317 2.708155 -0.3804081 0.3248093 2.802666 -0.4214969 0.5033382 2.581476 0.07564077 0.505887 2.735677 0.2336393 0.3554705 2.827715 0.2946429 0.4718353 2.575919 -0.1818329 0.05537131 2.732419 -0.2032239 -0.3869564 2.746291 -0.3190633 -0.8174595 2.677274 0.02200539 0.06144058 2.749198 0.06505068 -0.3756224 2.689761 0.188627 -0.7693841 2.652879 
-0.09414661 0.7203329 2.699506 -0.09132077 0.5014141 2.720918 -0.0867632 0.2801509 2.73211 -0.2582957 0.4971549 2.704709 -0.3511091 0.2830201 2.847828 -0.3827629 0.4586343 2.620572 0.07565414 0.5056733 2.737128 0.2067279 0.3166665 2.841367 0.2456884 0.4468779 2.589976 -0.1839831 0.05629147 2.733422 -0.2015971 -0.3864063 2.736413 -0.3187306 -0.8181072 2.683707 0.01957177 0.0614838 2.753183 0.06524118 -0.3762329 2.700759 0.1890068 -0.7695405 2.65793 
-0.09372351 0.7198121 2.6987 -0.09182585 0.5009454 2.721001 -0.08820597 0.279709 2.73367 -0.2587506 0.49724 2.703989 -0.3360449 0.2431706 2.842947 -0.343567 0.421734 2.615813 0.07509892 0.5046508 2.738014 0.2078622 0.2938293 2.823678 0.1967125 0.4340647 2.579729 -0.1863227 0.05621434 2.735969 -0.2027128 -0.3865755 2.730599 -0.3171079 -0.8175836 2.685409 0.01715054 0.060731 2.756706 0.06441599 -0.3761831 2.698943 0.1903017 -0.7735507 2.657003 
-0.09306381 0.7221621 2.70831 -0.09275622 0.5036141 2.726392 -0.0902896 0.2822393 2.736942 -0.2598478 0.5010125 2.710869 -0.3465309 0.2310934 2.783977 -0.2939508 0.405964 2.575425 0.07433535 0.5062156 2.741915 0.2079218 0.2784074 2.769849 0.1458937 0.4256 2.544327 -0.1896708 0.05927875 2.73803 -0.207589 -0.3834703 2.72838 -0.3182204 -0.816186 2.684499 0.01402485 0.0624502 2.756954 0.06427069 -0.3740831 2.698488 0.1892272 -0.7696822 2.654491 
-0.09760036 0.7241762 2.733614 -0.09513599 0.5046942 2.738839 -0.09207231 0.2832407 2.740548 -0.2625113 0.5022889 2.727201 -0.3403691 0.2366233 2.68498 -0.2362315 0.4074471 2.493511 0.07223929 0.5070996 2.750478 0.1888589 0.2721245 2.671922 0.08314336 0.4200132 2.466049 -0.1910509 0.06032066 2.735161 -0.2037029 -0.3826338 2.72491 -0.3163116 -0.8180791 2.67834 0.01303362 0.06325352 2.749352 0.06553297 -0.3732689 2.692629 0.1921984 -0.7714024 2.646016 
-0.09618479 0.7163916 2.746764 -0.09391925 0.4978616 2.744089 -0.09039125 0.2763833 2.74103 -0.261027 0.495406 2.729151 -0.3166367 0.2617767 2.592494 -0.1993651 0.4202682 2.405589 0.07318847 0.5003172 2.759027 0.1674758 0.2870988 2.594965 0.04409582 0.4251297 2.382923 -0.1887243 0.05340822 2.728865 -0.1985547 -0.3897174 2.723079 -0.3115581 -0.8249245 2.677812 0.01499779 0.05640181 2.747076 0.06580471 -0.3816312 2.703286 0.1956835 -0.7795004 2.654041 
