-0.2582333 0.7526661 2.570859 -0.2505078 0.5368205 2.553204 -0.2430439 0.3146894 2.534817 -0.4093107 0.5331068 2.533606 -0.5077337 0.3482095 2.432527 -0.3190706 0.4390118 2.224809 -0.09170492 0.5405343 2.572803 0.0298368 0.3493111 2.463498 -0.1018456 0.4309245 2.227818 -0.3378066 0.0901676 2.503813 -0.3485195 -0.3391043 2.625824 -0.4993306 -0.8102312 2.45859 -0.1333532 0.09494891 2.529045 -0.1476136 -0.3461665 2.595162 0.04566478 -0.7986076 2.453299 
-0.259453 0.7533947 2.607773 -0.2511475 0.5399606 2.570696 -0.2431361 0.3191885 2.540018 -0.4100124 0.536887 2.551327 -0.4519445 0.3950613 2.338878 -0.2718818 0.4523897 2.11061 -0.0922827 0.5430341 2.590065 0.01044595 0.3863165 2.383136 -0.127753 0.4457748 2.137925 -0.3373702 0.09643828 2.496874 -0.3481393 -0.3317675 2.622437 -0.4971038 -0.8061004 2.463735 -0.1328792 0.1003945 2.521806 -0.1445965 -0.3406217 2.589969 0.04564279 -0.7963462 2.445898 
-0.2595851 0.7554413 2.614917 -0.2518054 0.5423231 2.575218 -0.2441621 0.3217553 2.542402 -0.410218 0.5402048 2.55256 -0.4224472 0.4250174 2.303428 -0.2587329 0.4601572 2.062536 -0.09339277 0.5444415 2.597877 -0.01225555 0.4211734 2.344075 -0.1215277 0.4562722 2.086546 -0.3384971 0.09982379 2.494999 -0.3460311 -0.3256313 2.629618 -0.4996073 -0.8095138 2.46471 -0.1345404 0.1025511 2.524172 -0.1522512 -0.3364878 2.602285 0.04115254 -0.8001134 2.452065 
-0.2583209 0.7530159 2.618992 -0.2500516 0.5421503 2.579677 -0.2423715 0.321564 2.546619 -0.4081907 0.540328 2.555098 -0.3947206 0.4530088 2.275207 -0.2549632 0.4644575 2.022864 -0.09191238 0.5439726 2.604256 -0.03062817 0.4580861 2.304548 -0.1151181 0.4685572 2.037949 -0.3364677 0.099805 2.497742 -0.3561886 -0.3347994 2.583788 -0.47542 -0.7849305 2.531843 -0.1329154 0.1021506 2.52938 -0.1468561 -0.3383452 2.599717 0.04252963 -0.8025271 2.454567 
-0.2599847 0.7573411 2.639031 -0.2504391 0.5480412 2.587807 -0.2418999 0.3291075 2.546101 -0.4085329 0.5466367 2.56281 -0.3798456 0.484496 2.248099 -0.2770252 0.4673754 1.98298 -0.09234529 0.5494457 2.612804 -0.02580268 0.4890506 2.288786 -0.08058337 0.4775907 2.011456 -0.3351036 0.1092698 2.488308 -0.3579626 -0.323379 2.588706 -0.4778447 -0.7864904 2.505112 -0.1316177 0.1110776 2.520482 -0.1465811 -0.3307259 2.581806 0.04623155 -0.7946364 2.438284 
-0.2587177 0.7600263 2.640556 -0.2505167 0.550761 2.590185 -0.2427658 0.331824 2.547818 -0.4090416 0.5493969 2.568233 -0.3919284 0.5002497 2.229064 -0.3148559 0.4695892 1.956129 -0.09199181 0.5521251 2.612138 -0.004405533 0.5025197 2.271396 -0.02697463 0.4818309 1.990785 -0.3370581 0.1120089 2.491319 -0.3504864 -0.3130516 2.620639 -0.488564 -0.8002433 2.495775 -0.1329714 0.1137651 2.519582 -0.1527127 -0.3258404 2.593294 0.04259218 -0.7990886 2.450691 
-0.2603482 0.7603012 2.640321 -0.2517709 0.551854 2.588973 -0.2446588 0.3329583 2.54602 -0.4104385 0.550827 2.567935 -0.4284568 0.5061294 2.223058 -0.3654134 0.4705079 1.945669 -0.09310316 0.552881 2.610011 0.03780817 0.5107512 2.273194 0.03842387 0.4856459 1.988192 -0.3396588 0.1134016 2.489528 -0.3608565 -0.321582 2.566007 -0.4724593 -0.7719136 2.542611 -0.1354349 0.1147235 2.516606 -0.1510045 -0.3257006 2.587058 0.04403276 -0.8014299 2.443311 
-0.2607876 0.7586319 2.631125 -0.2520586 0.5485282 2.583733 -0.2448316 0.3292282 2.542845 -0.4108001 0.5471302 2.563172 -0.4973698 0.4947864 2.233761 -0.4401768 0.47249 1.951246 -0.0933171 0.549926 2.604293 0.09869578 0.4994344 2.290045 0.1374201 0.4875601 1.997948 -0.3397706 0.1090284 2.488724 -0.3489684 -0.3211749 2.60112 -0.4870176 -0.8064871 2.49893 -0.1354384 0.1108278 2.51519 -0.1293669 -0.3325443 2.556339 0.007257477 -0.7818134 2.510214 
-0.2604971 0.7561198 2.626696 -0.2516184 0.5460454 2.58042 -0.2445433 0.3267724 2.539249 -0.410355 0.5447987 2.55978 -0.5436257 0.4884311 2.254453 -0.4883341 0.4695709 1.971609 -0.09288187 0.5472921 2.601059 0.1429 0.4911449 2.318653 0.1863042 0.4861351 2.026062 -0.3396322 0.1066971 2.484795 -0.347585 -0.3234898 2.600677 -0.4975851 -0.8133661 2.477875 -0.1353042 0.1083018 2.511363 -0.1377684 -0.3337612 2.567133 0.02708038 -0.7949821 2.471324 
-0.2592519 0.7534839 2.616371 -0.251628 0.5420306 2.573043 -0.2452809 0.322306 2.53425 -0.4104627 0.5409525 2.553162 -0.5928043 0.4737145 2.296222 -0.5368496 0.4628407 2.011725 -0.09279335 0.5431088 2.592925 0.1769592 0.4705781 2.364312 0.2515129 0.4799171 2.078473 -0.3411634 0.1018874 2.482661 -0.3517177 -0.3281698 2.600453 -0.4974456 -0.8152741 2.476147 -0.1367041 0.1032752 2.508252 -0.141962 -0.3373429 2.576143 0.03251446 -0.8027728 2.457882 
-0.2534321 0.7523481 2.593725 -0.2481992 0.5391296 2.56127 -0.2426897 0.3182681 2.530358 -0.4071368 0.5378273 2.542248 -0.6313789 0.4568429 2.343107 -0.5727866 0.4509516 2.05934 -0.08926147 0.5404319 2.580292 0.1985013 0.450806 2.425658 0.2896001 0.4700491 2.143238 -0.3394766 0.09656829 2.487202 -0.3481965 -0.3373699 2.589706 -0.4972807 -0.8185559 2.477195 -0.134884 0.09824467 2.511689 -0.1434527 -0.3405657 2.590986 0.0472699 -0.8089038 2.451439 
-0.2510088 0.75215 2.571353 -0.2468785 0.5383778 2.549538 -0.2422018 0.3166466 2.525877 -0.4058205 0.5370532 2.530535 -0.6601885 0.4404215 2.408051 -0.607188 0.438851 2.126675 -0.08793651 0.5397023 2.568542 0.2037511 0.4374037 2.498827 0.3041343 0.4584162 2.220118 -0.3398225 0.09406301 2.489985 -0.3511254 -0.3421843 2.582514 -0.4998519 -0.8176351 2.471609 -0.1352277 0.09576796 2.514447 -0.1453918 -0.3438675 2.590137 0.0508586 -0.8074046 2.446263 
-0.2462275 0.7574723 2.552704 -0.2448247 0.5415766 2.539939 -0.2420192 0.3192063 2.523088 -0.4036459 0.5410878 2.519947 -0.669118 0.4427274 2.48053 -0.6198884 0.4385356 2.197337 -0.08600342 0.5420654 2.55993 0.1883544 0.4221857 2.562394 0.2871633 0.4476024 2.286797 -0.3414374 0.09652129 2.49337 -0.3541845 -0.3416396 2.576622 -0.497867 -0.809607 2.4748 -0.1369899 0.09715056 2.519104 -0.1484558 -0.3431182 2.591526 0.04883647 -0.8035815 2.450912 
-0.2438297 0.7544251 2.533877 -0.2437042 0.5379442 2.529725 -0.2422431 0.3151685 2.518796 -0.4024899 0.5378984 2.509429 -0.6665651 0.4408683 2.548267 -0.6206068 0.4299804 2.26675 -0.08491851 0.53799 2.550021 0.1731721 0.4155883 2.603688 0.2682393 0.4375296 2.326798 -0.3429788 0.09236321 2.494805 -0.351537 -0.3462139 2.577069 -0.4991492 -0.8181806 2.469658 -0.1385853 0.09242216 2.520931 -0.1458908 -0.3486245 2.589239 0.04173063 -0.8052212 2.452954 
-0.2433164 0.7469784 2.516462 -0.2432616 0.5304631 2.520378 -0.2423036 0.3074653 2.516282 -0.4019378 0.5301695 2.499248 -0.6122993 0.4229467 2.594625 -0.5950097 0.4270334 2.307565 -0.08458541 0.5307567 2.541509 0.1255676 0.4032813 2.652845 0.2183643 0.4209833 2.3764 -0.3434734 0.08427846 2.498585 -0.349135 -0.3547456 2.579078 -0.5017905 -0.8230931 2.470399 -0.1392176 0.08465633 2.525786 -0.144258 -0.3573314 2.587984 0.04253378 -0.8095153 2.460418 
-0.2431353 0.7450708 2.507752 -0.2433604 0.5281528 2.51627 -0.2428287 0.3050564 2.516396 -0.4018602 0.5277625 2.493877 -0.5626653 0.404485 2.629303 -0.5589167 0.4255908 2.339903 -0.08486062 0.5285431 2.538664 0.07576694 0.3906285 2.673419 0.1554414 0.4094073 2.3935 -0.3443131 0.08170883 2.502108 -0.3516017 -0.3547651 2.594725 -0.5014704 -0.8185655 2.469333 -0.1402811 0.08221127 2.530935 -0.1377062 -0.3612171 2.580251 0.03453761 -0.7988277 2.467437 
-0.2449692 0.7445176 2.502181 -0.2438814 0.5265822 2.514071 -0.2425652 0.3034063 2.516805 -0.4024291 0.525377 2.492018 -0.5164344 0.3840988 2.654763 -0.5015013 0.4235957 2.3693 -0.08533366 0.5277873 2.536125 0.02441878 0.3634278 2.68407 0.07952319 0.3972388 2.399493 -0.3432925 0.0794548 2.505345 -0.357666 -0.3592355 2.586317 -0.4974121 -0.8138287 2.471201 -0.1392056 0.08100613 2.533732 -0.1405452 -0.3627037 2.582488 0.04110735 -0.8003391 2.457828 
-0.2437111 0.7460873 2.509132 -0.2429172 0.5279439 2.517853 -0.2419029 0.3047432 2.518092 -0.4014812 0.5271997 2.495891 -0.5107158 0.3620527 2.640894 -0.4695887 0.4215221 2.364482 -0.08435323 0.5286881 2.539815 0.01270985 0.3477111 2.663551 0.04302228 0.3999111 2.380502 -0.3429435 0.08106351 2.504196 -0.3694233 -0.3603609 2.556661 -0.4777848 -0.7973316 2.524216 -0.1388335 0.08202145 2.532467 -0.1434285 -0.3613053 2.584589 0.03809352 -0.7981445 2.45758 
-0.2476605 0.7480624 2.530096 -0.2440848 0.5306544 2.528083 -0.2410539 0.3077374 2.52039 -0.4026299 0.5292602 2.506018 -0.5188578 0.3435239 2.588463 -0.4288609 0.4233258 2.331681 -0.08553982 0.5320486 2.550148 0.01985768 0.3303579 2.617768 -0.001254042 0.4032177 2.338376 -0.3400665 0.08392311 2.498495 -0.3677724 -0.3571857 2.557147 -0.4664251 -0.7856345 2.537351 -0.1359795 0.08571785 2.526899 -0.1424941 -0.3572616 2.58188 0.04371374 -0.7968858 2.447843 
-0.2459603 0.7475209 2.540073 -0.2441396 0.5315716 2.533567 -0.2427017 0.3087316 2.522447 -0.402541 0.5316998 2.510514 -0.5214128 0.3347582 2.541219 -0.3934866 0.4294333 2.305885 -0.08573812 0.5314433 2.556619 0.02844083 0.3141827 2.586897 -0.03595321 0.4072096 2.322034 -0.3432205 0.08597423 2.496489 -0.3629929 -0.3452537 2.599413 -0.4838078 -0.7976975 2.513023 -0.1393072 0.08580913 2.526165 -0.1477495 -0.3565488 2.585675 0.03510204 -0.8001983 2.45196 
-0.2519992 0.7525448 2.563546 -0.2486496 0.5362505 2.546942 -0.245477 0.3140213 2.52819 -0.4071097 0.5359017 2.524266 -0.5092178 0.3378851 2.468119 -0.3464874 0.4386748 2.255902 -0.09018946 0.5365993 2.569617 0.04071093 0.3190849 2.53294 -0.06384694 0.4055781 2.288187 -0.3442902 0.09156761 2.494844 -0.3551322 -0.3376608 2.611135 -0.491415 -0.8012833 2.493359 -0.1403187 0.09201664 2.524032 -0.1433876 -0.3506913 2.581328 0.03319371 -0.7904348 2.455221 
-0.2516454 0.7524447 2.583348 -0.2482976 0.5365008 2.557747 -0.2449108 0.3148956 2.532644 -0.4068191 0.5365998 2.535485 -0.4841153 0.3589484 2.403556 -0.3054914 0.4453745 2.196182 -0.08977609 0.5364018 2.580008 0.03284687 0.3390355 2.466979 -0.09645212 0.4112608 2.229218 -0.3435507 0.09335405 2.493214 -0.3462003 -0.3327679 2.622716 -0.4959177 -0.8101477 2.476379 -0.1394973 0.09322667 2.521869 -0.1428532 -0.3495016 2.579241 0.03542918 -0.7961149 2.457508 
