-0.3248831 0.6188617 2.779277 -0.3037097 0.4058355 2.779384 -0.2838207 0.1912739 2.772578 -0.4697406 0.3913642 2.750413 -0.515982 0.101487 2.758301 -0.4627872 -0.1981719 2.699466 -0.1376789 0.4203067 2.808355 0.05899681 0.2872427 2.963006 0.2656805 0.4300528 3.043303 -0.3615303 -0.03179443 2.748741 -0.4071771 -0.456021 2.810177 -0.4547592 -0.8124405 2.710171 -0.1663332 -0.01478107 2.782801 -0.0861603 -0.4384181 2.781047 -0.01057743 -0.7903832 2.732409 
-0.3249722 0.608855 2.758734 -0.3024431 0.3969579 2.772361 -0.2822072 0.1826025 2.776154 -0.4687628 0.3807912 2.746045 -0.5146173 0.0990412 2.754019 -0.4609848 -0.200643 2.69525 -0.1361233 0.4131247 2.798676 0.07357001 0.3356953 2.965535 0.2512459 0.5212079 3.034818 -0.3597747 -0.04125981 2.764472 -0.4010855 -0.4666839 2.820617 -0.4509344 -0.8194598 2.728317 -0.1641678 -0.02224626 2.795421 -0.0830446 -0.4456934 2.790168 -0.00495198 -0.8006136 2.744576 
-0.3408391 0.6182151 2.775087 -0.3096061 0.4065817 2.780233 -0.281184 0.1934314 2.777242 -0.4757467 0.3847496 2.757325 -0.5133799 0.08372748 2.75601 -0.4513081 -0.2137787 2.694777 -0.1434656 0.4284138 2.803142 0.09696022 0.420981 2.948019 0.2017646 0.6696048 2.98561 -0.3504688 -0.03255832 2.760779 -0.3960641 -0.4597059 2.795711 -0.4424428 -0.7988696 2.699382 -0.1550552 -0.006879486 2.787723 -0.07387914 -0.4295361 2.763509 -0.0009818039 -0.7741551 2.718025 
-0.3408391 0.6182151 2.775087 -0.3096061 0.4065817 2.780233 -0.281184 0.1934314 2.777242 -0.4757467 0.3847496 2.757325 -0.5133799 0.08372748 2.75601 -0.4513081 -0.2137787 2.694777 -0.1434656 0.4284138 2.803142 0.09696022 0.420981 2.948019 0.2017646 0.6696048 2.98561 -0.3504688 -0.03255832 2.760779 -0.3960641 -0.4597059 2.795711 -0.4424428 -0.7988696 2.699382 -0.1550552 -0.006879486 2.787723 -0.07387914 -0.4295361 2.763509 -0.0009818039 -0.7741551 2.718025 
-0.3433684 0.6127517 2.776579 -0.3086822 0.3945503 2.7851 -0.2771287 0.1817669 2.77716 -0.4752029 0.3704565 2.769035 -0.5168036 0.08943607 2.771029 -0.450278 -0.204488 2.699004 -0.1421614 0.4186441 2.801164 0.1138929 0.4803956 2.917414 0.1708808 0.7475418 2.950286 -0.3435613 -0.04519414 2.759768 -0.3959794 -0.4701781 2.807535 -0.4437732 -0.8245602 2.713248 -0.1475892 -0.0168391 2.778673 -0.07700784 -0.4416809 2.768033 -0.0006136475 -0.7984487 2.721506 
-0.3459776 0.6157829 2.777329 -0.3089738 0.4018942 2.785677 -0.2750535 0.1892363 2.780964 -0.4756144 0.3754797 2.778199 -0.5125016 0.07613709 2.780894 -0.4516367 -0.2165982 2.699746 -0.1423331 0.4283087 2.793155 0.1160157 0.5262705 2.883165 0.1364233 0.8017385 2.900433 -0.3392046 -0.0389671 2.771851 -0.4003517 -0.4633747 2.814732 -0.4449506 -0.803683 2.727291 -0.1430618 -0.00787619 2.780652 -0.07689126 -0.4336893 2.77549 -0.004347328 -0.78181 2.731313 
-0.3524629 0.6167464 2.78045 -0.3112505 0.405922 2.789393 -0.274283 0.1935774 2.787991 -0.4777677 0.3769182 2.791587 -0.507906 0.0808678 2.804534 -0.4571756 -0.2107619 2.712754 -0.1447333 0.4349257 2.787199 0.1000289 0.5758479 2.809265 0.07611273 0.8574717 2.797841 -0.3351879 -0.03581451 2.787878 -0.4026198 -0.4602686 2.82154 -0.4463156 -0.8035662 2.721641 -0.1394432 -0.001719971 2.785299 -0.07942384 -0.4286175 2.781139 -0.00926699 -0.7839502 2.733563 
-0.3536569 0.6145523 2.791823 -0.3110406 0.4043513 2.794385 -0.2725641 0.1923167 2.78968 -0.4773892 0.374083 2.79809 -0.5066893 0.08096616 2.814112 -0.4573637 -0.2092614 2.71704 -0.1446922 0.4346197 2.790681 0.09149799 0.5974118 2.76862 0.05825023 0.8785036 2.745912 -0.3318626 -0.03750873 2.787152 -0.3979355 -0.4627905 2.811092 -0.4453268 -0.8089552 2.710967 -0.1363126 -0.001926941 2.782797 -0.07551441 -0.4287048 2.775009 -0.008466217 -0.7864232 2.72947 
-0.3570953 0.618678 2.797477 -0.3117794 0.4082506 2.798127 -0.2715589 0.1965436 2.792328 -0.477457 0.3764855 2.808691 -0.4990927 0.07891748 2.822267 -0.4587986 -0.2111442 2.720866 -0.1461017 0.4400157 2.787564 0.08272775 0.6086864 2.73527 0.04214261 0.8874429 2.695995 -0.3288208 -0.0338535 2.792744 -0.3972822 -0.4585689 2.820817 -0.4467445 -0.8044627 2.717946 -0.1338559 0.00352684 2.780313 -0.07654224 -0.42379 2.775944 -0.007846192 -0.7816615 2.729496 
-0.3547384 0.619252 2.798348 -0.3094062 0.4089853 2.799997 -0.2695336 0.1971932 2.794117 -0.4743108 0.3774222 2.818642 -0.4946517 0.07975107 2.829816 -0.4597311 -0.2105997 2.727032 -0.1445015 0.4405484 2.781352 0.05986243 0.6103405 2.682146 0.02018361 0.8816136 2.61216 -0.3266891 -0.03317031 2.799207 -0.3949088 -0.4581197 2.825047 -0.4468177 -0.8073778 2.716681 -0.1326328 0.003972488 2.777266 -0.07381905 -0.4231787 2.773976 -0.01082559 -0.789603 2.728971 
-0.3504834 0.6213216 2.809931 -0.3085789 0.4101017 2.806479 -0.2718669 0.1979526 2.796371 -0.4707066 0.3804176 2.840655 -0.4935634 0.08151858 2.839137 -0.4575782 -0.2058615 2.728724 -0.1464512 0.4397858 2.772304 0.04528027 0.6064631 2.643755 0.0005361519 0.8737168 2.55686 -0.3308361 -0.03171478 2.806433 -0.4006616 -0.4567868 2.823424 -0.4531477 -0.8095782 2.71533 -0.1394739 0.003321899 2.766095 -0.08289661 -0.4240749 2.758787 -0.01983627 -0.7901702 2.724827 
-0.3508023 0.6214784 2.805581 -0.3092421 0.409793 2.806234 -0.2730751 0.1974086 2.799259 -0.4691852 0.3810986 2.850622 -0.4948358 0.08460297 2.849555 -0.4559657 -0.1994869 2.731891 -0.149299 0.4384874 2.761846 0.02872923 0.594821 2.611413 -0.008717129 0.8524573 2.498869 -0.3308959 -0.03183749 2.818369 -0.398662 -0.4572552 2.836446 -0.447708 -0.8080586 2.717885 -0.1429204 0.001886017 2.766201 -0.07823685 -0.4241748 2.770756 -0.01542337 -0.7901974 2.733394 
-0.3441747 0.613875 2.8029 -0.3053328 0.4022527 2.80514 -0.2702938 0.1896131 2.799663 -0.4648854 0.3747317 2.852881 -0.494955 0.08698996 2.859459 -0.4558306 -0.1944942 2.735682 -0.1457801 0.4297737 2.757399 0.0163793 0.5829224 2.579215 -0.02781665 0.8297219 2.450825 -0.3288859 -0.03917673 2.822202 -0.3956542 -0.464882 2.824844 -0.4451678 -0.8163234 2.710226 -0.1416236 -0.006876129 2.766169 -0.07358442 -0.4325383 2.766638 -0.01203035 -0.7986608 2.732664 
-0.3418552 0.612861 2.814078 -0.3049882 0.4008989 2.810429 -0.2716669 0.1881682 2.800667 -0.4631175 0.373705 2.863278 -0.4915685 0.07817932 2.866075 -0.4505757 -0.1975282 2.730879 -0.1468589 0.4280928 2.757581 -0.004364471 0.5553933 2.545641 -0.05236537 0.7760721 2.378964 -0.3312635 -0.04054184 2.821959 -0.4002843 -0.4659439 2.816757 -0.447821 -0.8098378 2.707397 -0.1454278 -0.008583191 2.759851 -0.07456831 -0.433853 2.758525 -0.01864623 -0.796181 2.729069 
-0.3395331 0.6100157 2.81715 -0.3039994 0.3981919 2.812062 -0.2717759 0.1853213 2.801111 -0.4614355 0.3715044 2.867571 -0.4868145 0.07326587 2.870282 -0.4476551 -0.2002132 2.729839 -0.1465632 0.4248795 2.756554 -0.01668857 0.5306848 2.516829 -0.0660752 0.724621 2.327658 -0.3320655 -0.04323158 2.822778 -0.4006749 -0.4688274 2.818479 -0.4444915 -0.8113856 2.714112 -0.1470395 -0.01186717 2.757542 -0.07135928 -0.4362684 2.761851 -0.01693523 -0.7945369 2.733352 
-0.3306695 0.6072097 2.831783 -0.302631 0.3954885 2.820416 -0.2760887 0.1822496 2.80398 -0.4566958 0.371294 2.885515 -0.4825583 0.07187985 2.875784 -0.4459522 -0.1996564 2.730641 -0.1485661 0.419683 2.755318 -0.03925287 0.4762937 2.489818 -0.08646326 0.6188107 2.264675 -0.3402112 -0.04522745 2.825853 -0.4078438 -0.4710718 2.826401 -0.451248 -0.8118551 2.707644 -0.1588816 -0.01675125 2.749234 -0.07794408 -0.4402528 2.753434 -0.02442328 -0.7952126 2.72457 
-0.3278249 0.6057724 2.839014 -0.3038661 0.3941954 2.823514 -0.2814377 0.1807238 2.804282 -0.4573491 0.3720002 2.890885 -0.4830327 0.06970605 2.880583 -0.4424237 -0.1987115 2.730839 -0.1503832 0.4163905 2.756143 -0.05313126 0.4546193 2.484455 -0.09524401 0.5599715 2.243514 -0.3492196 -0.04579306 2.824649 -0.4087455 -0.4727803 2.822685 -0.4549534 -0.8125791 2.70388 -0.1687988 -0.01970248 2.745453 -0.07976466 -0.4412763 2.757825 -0.02426726 -0.7938894 2.729424 
-0.3252894 0.6068921 2.840611 -0.3033639 0.394201 2.826407 -0.2828586 0.1804446 2.807693 -0.4564375 0.3734845 2.895309 -0.4810061 0.0678193 2.878936 -0.4382439 -0.1995078 2.727749 -0.1502904 0.4149175 2.757505 -0.06405623 0.4323026 2.484228 -0.0980005 0.4999124 2.226006 -0.3523383 -0.04549019 2.829483 -0.4035557 -0.4734423 2.834586 -0.4495032 -0.8146741 2.708302 -0.1723682 -0.02113362 2.748474 -0.07193923 -0.4401315 2.758095 -0.01930389 -0.786422 2.737637 
