-0.3347343 0.6217819 2.801399 -0.3050936 0.410311 2.80539 -0.2718304 0.1973166 2.804397 -0.4677109 0.3850974 2.766323 -0.5123894 0.05881992 2.747946 -0.4740039 -0.2383522 2.665813 -0.1424764 0.4355245 2.844456 0.01931471 0.2891164 2.990331 0.2430466 0.4336993 3.059479 -0.3341663 -0.03050029 2.780438 -0.3362173 -0.4608384 2.805042 -0.3106155 -0.800001 2.73854 -0.142968 -0.0008552399 2.82637 -0.07570816 -0.4265981 2.816631 0.01295109 -0.7984015 2.711486 
-0.3348835 0.6203709 2.80131 -0.3045363 0.4086134 2.805033 -0.2713493 0.1956013 2.802832 -0.4674758 0.3836208 2.766998 -0.5117 0.06191382 2.740491 -0.4785129 -0.2320285 2.652022 -0.1415969 0.433606 2.843069 0.03615663 0.3345528 2.989168 0.2160801 0.5215575 3.066142 -0.3339558 -0.03210423 2.778269 -0.3381858 -0.4625317 2.802544 -0.3156667 -0.7998571 2.73492 -0.1423685 -0.002717484 2.822992 -0.0785734 -0.4289322 2.810089 0.01185418 -0.8064504 2.699828 
-0.333484 0.6222632 2.801277 -0.3031727 0.4103293 2.805442 -0.270537 0.1972262 2.802866 -0.4662429 0.3858141 2.76755 -0.5108231 0.05899057 2.736777 -0.4710152 -0.2316675 2.642267 -0.1401025 0.4348445 2.843335 0.05011751 0.3662521 2.982598 0.1844316 0.5899133 3.04828 -0.3337822 -0.03029123 2.77801 -0.3361721 -0.4606706 2.804057 -0.3147538 -0.7948086 2.735782 -0.1420203 -0.001462647 2.82257 -0.07697293 -0.4274758 2.808241 0.009470452 -0.7950426 2.710164 
-0.332875 0.6266995 2.811242 -0.3026406 0.4152771 2.810179 -0.2702924 0.2022825 2.802952 -0.4655569 0.3918661 2.770934 -0.5088871 0.06298511 2.73588 -0.4642657 -0.2175066 2.627004 -0.1397244 0.438688 2.849424 0.06657324 0.4071409 2.973815 0.1576722 0.6534114 3.0281 -0.3337462 -0.02447884 2.772648 -0.3337009 -0.4543842 2.805305 -0.3149628 -0.7924858 2.727141 -0.1421422 0.00305452 2.818804 -0.083857 -0.423724 2.822939 0.02390818 -0.8126535 2.678999 
-0.3285357 0.6257873 2.816227 -0.2985246 0.4157648 2.812319 -0.2669123 0.2027202 2.80307 -0.4614056 0.3933319 2.772335 -0.5069335 0.06449509 2.736941 -0.4583888 -0.2087594 2.620929 -0.1356436 0.4381976 2.852303 0.08279298 0.4515691 2.968923 0.1324758 0.7135808 3.017631 -0.3310798 -0.02351567 2.770308 -0.3309373 -0.4525333 2.812444 -0.3128542 -0.7991964 2.730401 -0.1395204 0.002866867 2.817332 -0.07545259 -0.4231294 2.811135 0.01811922 -0.8037673 2.696415 
-0.3173675 0.6249689 2.818716 -0.2890528 0.4144929 2.813506 -0.2599328 0.2011664 2.802716 -0.4522237 0.3942395 2.773569 -0.4989589 0.06575461 2.74397 -0.4562533 -0.2048995 2.620473 -0.125882 0.4347463 2.853444 0.09390336 0.5072784 2.94447 0.1120329 0.7772815 2.986158 -0.3267701 -0.02407065 2.76844 -0.3283984 -0.4532486 2.809609 -0.3094552 -0.8001338 2.730989 -0.1348552 -0.0002493896 2.815413 -0.06803125 -0.4255443 2.797839 0.01590203 -0.8039081 2.70102 
-0.3023725 0.6190229 2.798463 -0.2775126 0.4074504 2.807894 -0.2525056 0.1935994 2.80741 -0.4409082 0.3884335 2.768243 -0.4889777 0.06587094 2.749018 -0.4552261 -0.2033195 2.621722 -0.1141169 0.4264673 2.847545 0.09696654 0.5531475 2.918205 0.08628849 0.8270838 2.952248 -0.3235812 -0.03143426 2.783609 -0.330987 -0.4600324 2.829619 -0.3092061 -0.8016504 2.75009 -0.1314161 -0.009069 2.830241 -0.06303041 -0.4334731 2.80082 0.0125554 -0.8042191 2.725298 
-0.2931692 0.6179636 2.799389 -0.2703864 0.405732 2.809043 -0.2487456 0.1913872 2.808799 -0.4351839 0.3891327 2.774955 -0.4834847 0.06492358 2.752574 -0.4562852 -0.2031996 2.626764 -0.105589 0.4223313 2.843132 0.09348687 0.5875858 2.890152 0.0660764 0.8662474 2.91627 -0.3240764 -0.0327251 2.788495 -0.330047 -0.4625976 2.815076 -0.3131997 -0.8024389 2.737864 -0.1301333 -0.01319009 2.828613 -0.06347653 -0.4371387 2.789422 0.01133121 -0.8008182 2.709085 
-0.2844812 0.6198191 2.800833 -0.2618566 0.4071608 2.810736 -0.2412296 0.1926298 2.810012 -0.4283641 0.3912263 2.788534 -0.4842577 0.06696823 2.77132 -0.453731 -0.1994577 2.646679 -0.0953491 0.4230953 2.832939 0.08272685 0.6267827 2.845616 0.05118495 0.9107242 2.863623 -0.3187318 -0.03129201 2.796203 -0.3243327 -0.4615419 2.820584 -0.3060743 -0.7961544 2.741632 -0.1224734 -0.01251039 2.822373 -0.05237273 -0.434671 2.771803 0.01524308 -0.7886555 2.713068 
-0.2715698 0.6221395 2.800057 -0.2517406 0.4094561 2.81035 -0.2330163 0.194712 2.809765 -0.4192444 0.3948927 2.795046 -0.4841234 0.06497714 2.784693 -0.4506334 -0.2010832 2.660415 -0.08423677 0.4240196 2.825654 0.07486574 0.6563986 2.808854 0.03546478 0.9438649 2.808857 -0.3127381 -0.02859139 2.800186 -0.3190106 -0.4592039 2.818924 -0.3048822 -0.7996036 2.736383 -0.115846 -0.01147282 2.818176 -0.05366269 -0.4361912 2.78229 0.02111724 -0.8076157 2.696944 
-0.2636835 0.6229843 2.810705 -0.2474819 0.4110757 2.81364 -0.2314973 0.1962527 2.807633 -0.4156839 0.3987361 2.807354 -0.4777101 0.06658279 2.801888 -0.4460262 -0.2021988 2.683428 -0.0792798 0.4234154 2.819926 0.06379758 0.6805777 2.775539 0.01690781 0.9725624 2.780514 -0.31446 -0.02582941 2.797927 -0.3210803 -0.4567185 2.805977 -0.3100004 -0.8003795 2.731917 -0.1165654 -0.01131143 2.805323 -0.05527754 -0.4367168 2.77362 0.009858341 -0.8056762 2.692663 
-0.2561 0.6211356 2.826581 -0.2421509 0.4096931 2.820158 -0.2286418 0.1950323 2.807696 -0.4097013 0.3985723 2.83009 -0.4656782 0.07300741 2.818541 -0.4493527 -0.201434 2.712521 -0.07460044 0.4208139 2.810227 0.04806899 0.6784475 2.733115 0.01092297 0.9692833 2.695914 -0.3139891 -0.0261898 2.801093 -0.3147546 -0.4571481 2.811214 -0.3085932 -0.796859 2.738653 -0.1162763 -0.01306703 2.789373 -0.04835476 -0.4381256 2.771246 0.01028646 -0.8107192 2.686256 
-0.2481387 0.6243897 2.835081 -0.2378115 0.4127716 2.824854 -0.2279834 0.198065 2.809469 -0.4031773 0.4032664 2.851869 -0.4599975 0.06761377 2.833403 -0.4439634 -0.2058304 2.718952 -0.07244575 0.4222767 2.79784 0.04009235 0.6715372 2.697175 0.0007528572 0.95686 2.626249 -0.3156231 -0.02224397 2.810007 -0.312901 -0.4533026 2.81745 -0.3096838 -0.7941535 2.743025 -0.1206874 -0.01103917 2.778162 -0.04796231 -0.4356692 2.768455 0.001712315 -0.8000491 2.69926 
-0.244071 0.6252975 2.849786 -0.2379631 0.4146062 2.833078 -0.2316667 0.2001022 2.813584 -0.4003553 0.4060562 2.874709 -0.4577025 0.06794879 2.844298 -0.4364489 -0.2101133 2.734299 -0.07557078 0.4231562 2.791446 0.035503 0.6629671 2.66212 -0.0131565 0.9405696 2.565887 -0.3208467 -0.01942859 2.818567 -0.3141881 -0.4505057 2.821353 -0.3121794 -0.7951426 2.737914 -0.1298942 -0.009374878 2.769613 -0.05186087 -0.4327296 2.779443 -0.003934616 -0.8024296 2.700002 
-0.2370847 0.6241291 2.846606 -0.23247 0.4128879 2.832935 -0.2288065 0.1980721 2.815909 -0.3904116 0.4057301 2.88926 -0.4592539 0.06790784 2.867712 -0.4321118 -0.2163988 2.762274 -0.07452842 0.4200457 2.77661 0.02488838 0.6355432 2.611227 -0.02577608 0.8966373 2.48239 -0.3180353 -0.02095351 2.83201 -0.303019 -0.4516639 2.826033 -0.3013768 -0.8033814 2.745396 -0.1322507 -0.01253389 2.765755 -0.04216359 -0.4336644 2.773988 -0.0006597023 -0.8002887 2.711818 
-0.2312295 0.626146 2.844472 -0.2282235 0.414046 2.833591 -0.2271626 0.1990235 2.818654 -0.3833252 0.408762 2.898641 -0.4480826 0.07642184 2.881396 -0.4391966 -0.2177982 2.781132 -0.07312179 0.4193301 2.768543 0.01701579 0.6042978 2.57321 -0.0337498 0.8459589 2.415545 -0.317074 -0.01909833 2.84187 -0.3054215 -0.449518 2.824052 -0.3027851 -0.7961079 2.7437 -0.1351294 -0.01289981 2.765563 -0.0410994 -0.4333888 2.774383 -0.002612381 -0.7983889 2.715554 
-0.2228948 0.6272254 2.843874 -0.2230537 0.4142677 2.833563 -0.2246749 0.199216 2.818827 -0.3764187 0.4106217 2.903646 -0.4355441 0.07671512 2.897725 -0.4435791 -0.2192872 2.793597 -0.06968876 0.4179138 2.763479 0.01552026 0.5686385 2.546659 -0.035607 0.7856877 2.363434 -0.3162769 -0.01797498 2.84521 -0.3035799 -0.4480572 2.819794 -0.3018989 -0.7988639 2.735073 -0.136315 -0.01369659 2.762972 -0.03677486 -0.4330258 2.76357 -0.002845543 -0.7972966 2.717832 
-0.2242602 0.6340219 2.854482 -0.2211187 0.4207606 2.839003 -0.2195467 0.206093 2.819925 -0.372416 0.4130313 2.913507 -0.4298343 0.07989392 2.906333 -0.4392478 -0.2208893 2.819269 -0.06982137 0.4284898 2.7645 0.008186066 0.5152873 2.513766 -0.04137233 0.6820363 2.299781 -0.3068594 -0.01311543 2.844616 -0.2905856 -0.4427058 2.812935 -0.2933514 -0.7966259 2.727179 -0.1290898 -0.004033829 2.757077 -0.02324012 -0.4218887 2.756069 0.003306675 -0.7905892 2.716328 
-0.2181574 0.6331791 2.860339 -0.2180812 0.4210571 2.841604 -0.2187602 0.2066093 2.819944 -0.3694008 0.4139641 2.916575 -0.4171261 0.09774365 2.918237 -0.4316539 -0.2046167 2.845415 -0.06676172 0.4281502 2.766632 0.00409671 0.475139 2.495394 -0.04646222 0.5898731 2.259935 -0.3083188 -0.01200481 2.84232 -0.2976914 -0.4412244 2.80399 -0.3047888 -0.7981123 2.724152 -0.1305597 -0.003672379 2.754248 -0.02995245 -0.4228146 2.758835 -0.004847838 -0.8027888 2.718315 
-0.2126534 0.6303803 2.851753 -0.2148241 0.4183084 2.837779 -0.2171128 0.2034964 2.820354 -0.3669474 0.4139505 2.911486 -0.4093401 0.1016756 2.928615 -0.4296189 -0.202038 2.867445 -0.06270086 0.4226664 2.764071 -0.004980042 0.4390586 2.482168 -0.04611137 0.5056369 2.23332 -0.3088202 -0.01387735 2.846254 -0.2951669 -0.4432151 2.809422 -0.3041075 -0.8024781 2.730118 -0.1299826 -0.008754059 2.759604 -0.02698393 -0.4274003 2.76269 -0.003174276 -0.808661 2.723952 
