-0.3101957 0.6163263 2.824844 -0.2840784 0.4039793 2.821779 -0.2545975 0.1906286 2.813561 -0.446605 0.3831263 2.780112 -0.4755695 0.07575635 2.742454 -0.422807 -0.1933363 2.670017 -0.1215519 0.4248323 2.863445 0.06265675 0.3817246 3.051458 0.2059661 0.6022164 3.10099 -0.3205157 -0.03496233 2.780886 -0.3294799 -0.4636363 2.817399 -0.3167758 -0.7983693 2.727261 -0.1297176 -0.01048195 2.8298 -0.06984919 -0.4359537 2.862547 0.03044179 -0.8374912 2.647584 
-0.3160917 0.6241827 2.834058 -0.2849354 0.4127559 2.8278 -0.2520624 0.2000553 2.816455 -0.4463528 0.3902133 2.782721 -0.4762546 0.06634833 2.745779 -0.423222 -0.206197 2.679281 -0.1235178 0.4352987 2.872878 0.08035733 0.4498978 3.036251 0.1579311 0.7008848 3.057822 -0.3140502 -0.02589308 2.778619 -0.3217388 -0.4554538 2.809457 -0.3085014 -0.8007556 2.720958 -0.1243288 0.0006023712 2.831602 -0.06505937 -0.4252939 2.86183 0.03722697 -0.8341019 2.640668 
-0.3164484 0.628073 2.840637 -0.2830449 0.4172826 2.833224 -0.249933 0.2046714 2.820275 -0.4441405 0.3950292 2.786669 -0.4766186 0.05667004 2.74889 -0.4254775 -0.2209354 2.680472 -0.1219494 0.4395361 2.879778 0.09068243 0.5014536 3.009138 0.1245382 0.7673401 3.022371 -0.3115022 -0.02101903 2.779965 -0.323249 -0.450015 2.8186 -0.3129905 -0.802563 2.723925 -0.1221399 0.005139175 2.834688 -0.06271882 -0.4208729 2.835435 0.01773153 -0.8284381 2.695716 
-0.3118646 0.6234426 2.831429 -0.2786772 0.4130131 2.830266 -0.2463065 0.2000795 2.822089 -0.4408585 0.3899737 2.788191 -0.478235 0.05679376 2.753948 -0.4340933 -0.2245458 2.676097 -0.1164958 0.4360524 2.872341 0.09539757 0.5462877 2.983583 0.0957902 0.8191537 2.983966 -0.309314 -0.0264034 2.789168 -0.3207979 -0.4556328 2.827161 -0.3135647 -0.8146029 2.729989 -0.1185577 0.0006953278 2.838656 -0.06495471 -0.4263426 2.849484 0.02682468 -0.8459318 2.674774 
-0.3030192 0.6173142 2.815852 -0.2719738 0.4063392 2.825177 -0.2413222 0.1931079 2.824901 -0.43573 0.3828444 2.790636 -0.4789173 0.05877957 2.760007 -0.4368706 -0.2170497 2.66459 -0.1082176 0.4298341 2.859719 0.09635667 0.5793129 2.94833 0.07595021 0.8565285 2.948378 -0.307035 -0.03394933 2.804299 -0.320347 -0.4638272 2.833006 -0.3146899 -0.8161997 2.737003 -0.1143061 -0.006297653 2.844952 -0.0616283 -0.4338699 2.84917 0.0273346 -0.8472123 2.672701 
-0.2970248 0.6145529 2.808043 -0.2661595 0.4036295 2.824818 -0.2363391 0.1903224 2.830095 -0.431065 0.3798755 2.796518 -0.4813429 0.05732294 2.777016 -0.4421189 -0.2145044 2.666335 -0.1012541 0.4273834 2.853117 0.08726931 0.6187532 2.897682 0.06019006 0.9008928 2.897014 -0.3034936 -0.03695357 2.818731 -0.319326 -0.4673103 2.832217 -0.3101729 -0.8074502 2.743817 -0.1095438 -0.009015946 2.852015 -0.06124716 -0.4372388 2.859078 0.03667563 -0.8517605 2.643245 
-0.2915978 0.6180753 2.815665 -0.2620462 0.4070916 2.829317 -0.2335692 0.1934893 2.832324 -0.428329 0.3846603 2.810635 -0.4827408 0.06019785 2.788037 -0.4539548 -0.2109329 2.671409 -0.09576331 0.429523 2.847999 0.08057617 0.6448223 2.842894 0.05360672 0.9303251 2.837033 -0.3029718 -0.03331693 2.824335 -0.3204166 -0.4638988 2.830498 -0.3128994 -0.7981449 2.734287 -0.1072126 -0.00690921 2.846328 -0.06352964 -0.4357196 2.846315 0.03664514 -0.848886 2.628385 
-0.2854023 0.6196356 2.819458 -0.257223 0.4083197 2.830954 -0.2294413 0.1945654 2.832472 -0.4243082 0.3865453 2.822736 -0.4844197 0.06212671 2.796528 -0.4595007 -0.2082994 2.671653 -0.09013777 0.430094 2.839172 0.06574684 0.6608712 2.801984 0.04616731 0.951259 2.792051 -0.2999888 -0.03200301 2.829154 -0.3162609 -0.4625912 2.841175 -0.3092622 -0.8025541 2.732103 -0.1033306 -0.006374741 2.838827 -0.05975253 -0.4352615 2.834951 0.03320132 -0.8454667 2.640011 
-0.277021 0.6206422 2.821467 -0.2528458 0.4089548 2.833065 -0.2279331 0.1948425 2.835099 -0.4197134 0.3896145 2.84098 -0.4856782 0.06404538 2.80238 -0.4628294 -0.2078035 2.675458 -0.08597814 0.4282951 2.82515 0.04761405 0.6600918 2.754058 0.03760183 0.9477956 2.709424 -0.3014553 -0.03067868 2.841802 -0.3189184 -0.4610429 2.859963 -0.3115717 -0.8020869 2.74276 -0.1045854 -0.007861023 2.832464 -0.06655614 -0.436966 2.84263 0.03447816 -0.8534976 2.627877 
-0.2704526 0.6250676 2.831996 -0.2499739 0.4128845 2.837229 -0.2288452 0.1984523 2.834098 -0.4159001 0.3962224 2.858654 -0.4845668 0.06766266 2.80928 -0.4602623 -0.2024809 2.682704 -0.08404764 0.4295464 2.815804 0.04163328 0.6563575 2.709761 0.0242718 0.9431375 2.647745 -0.3053135 -0.02578029 2.843568 -0.3221353 -0.456335 2.846405 -0.3117115 -0.7943567 2.732688 -0.1101197 -0.006179275 2.818364 -0.0688833 -0.4350879 2.830332 0.03357139 -0.8527846 2.610378 
-0.264581 0.6251714 2.848795 -0.249223 0.4133992 2.844221 -0.2327483 0.1989166 2.833655 -0.4130422 0.399096 2.879138 -0.4806173 0.06704801 2.818761 -0.4584835 -0.1994593 2.683443 -0.08540384 0.4277024 2.809304 0.035565 0.641394 2.674156 0.0101273 0.921501 2.586389 -0.3126216 -0.02397833 2.843624 -0.3260892 -0.4548113 2.844919 -0.3149191 -0.7966893 2.73481 -0.1199255 -0.007153839 2.802553 -0.07155743 -0.4346223 2.827105 0.02733281 -0.8562955 2.611314 
-0.2544388 0.6279641 2.861356 -0.2486362 0.4161137 2.852679 -0.2428164 0.201152 2.839675 -0.4079559 0.4085284 2.906768 -0.4747202 0.07082798 2.832134 -0.4594502 -0.199228 2.705926 -0.08931642 0.423699 2.798589 0.01337891 0.5947567 2.604617 -0.007534532 0.8565532 2.468475 -0.3306787 -0.01827003 2.858476 -0.3299883 -0.4491563 2.847754 -0.3132446 -0.7906055 2.745016 -0.1433146 -0.009349533 2.794865 -0.0689236 -0.432647 2.825016 0.0145929 -0.8566082 2.635083 
-0.2493166 0.6291224 2.866368 -0.2469725 0.4172435 2.857256 -0.2451881 0.2021423 2.844481 -0.4037885 0.412275 2.919013 -0.4663635 0.07192618 2.846639 -0.4511386 -0.198521 2.711559 -0.09015653 0.422212 2.795499 0.008706833 0.5638579 2.576925 -0.01658952 0.8075715 2.416974 -0.3355168 -0.0158774 2.867983 -0.3232175 -0.4460934 2.847806 -0.3048141 -0.7981884 2.745237 -0.1512906 -0.01004048 2.795431 -0.05947587 -0.4298548 2.823683 0.01766554 -0.8522935 2.651449 
-0.2461089 0.6266568 2.865803 -0.2466042 0.4152889 2.858903 -0.2475397 0.2000638 2.847459 -0.4027275 0.4125466 2.923242 -0.4616681 0.079461 2.860839 -0.4416402 -0.1976815 2.729845 -0.09048083 0.4180311 2.794564 0.007366386 0.528431 2.552481 -0.02444264 0.7446024 2.367317 -0.3401371 -0.01677118 2.873789 -0.3205228 -0.4466169 2.849692 -0.3055213 -0.7991674 2.741025 -0.1568134 -0.01355118 2.798241 -0.05886318 -0.4321373 2.827678 0.02219698 -0.8543207 2.64871 
-0.2423182 0.6261016 2.876507 -0.2445967 0.4148577 2.863567 -0.2475054 0.1999132 2.848046 -0.3999361 0.4121506 2.930172 -0.4608619 0.08575333 2.872936 -0.4385094 -0.1981982 2.749891 -0.08925731 0.4175649 2.796963 0.004656426 0.494688 2.537758 -0.03397302 0.6651721 2.325213 -0.3416789 -0.01662186 2.871657 -0.3141914 -0.4453346 2.837903 -0.3029097 -0.7949879 2.733418 -0.1591493 -0.01344083 2.793394 -0.05001701 -0.4289462 2.789474 0.01272971 -0.845988 2.708557 
-0.2338685 0.6277485 2.88183 -0.2395808 0.416498 2.865531 -0.2457176 0.2019261 2.846365 -0.3957928 0.4151802 2.930304 -0.4594113 0.08685575 2.883435 -0.4372918 -0.2007432 2.765585 -0.08336889 0.4178157 2.800759 -0.01064137 0.4513654 2.527376 -0.03941629 0.5448059 2.284443 -0.3436747 -0.01342032 2.865272 -0.3114183 -0.4416654 2.828428 -0.3031429 -0.7923497 2.729368 -0.1600341 -0.01187115 2.789126 -0.04333088 -0.4257753 2.77575 0.01003245 -0.8403931 2.740092 
