-0.2802169 0.6249823 2.780276 -0.2625222 0.4115835 2.79539 -0.2440101 0.1969074 2.802469 -0.4291116 0.3964013 2.770618 -0.5003284 0.09236911 2.809648 -0.5184107 -0.2041343 2.71979 -0.09593282 0.4267658 2.820162 0.06747606 0.2883419 3.016579 0.3037486 0.3910423 3.093483 -0.3234056 -0.0266917 2.794989 -0.3235997 -0.4565109 2.828585 -0.3105911 -0.8005546 2.733082 -0.1275902 -0.008845901 2.824107 -0.05007247 -0.4329017 2.815511 0.002918388 -0.809634 2.711592 
-0.2820562 0.6219409 2.769751 -0.2626105 0.408255 2.79094 -0.2430775 0.1938988 2.802481 -0.4282491 0.3915681 2.761347 -0.5012316 0.09072711 2.796319 -0.51959 -0.2011694 2.698157 -0.09697198 0.4249419 2.820532 0.07817354 0.3346183 3.021819 0.2895029 0.4864588 3.08968 -0.320959 -0.03027126 2.796618 -0.3226372 -0.4599166 2.832804 -0.3105977 -0.8035581 2.737029 -0.1261299 -0.01064363 2.831426 -0.05055111 -0.4351185 2.827751 0.00476096 -0.8164902 2.713452 
-0.2829593 0.6202635 2.763965 -0.2621604 0.407383 2.78881 -0.2420781 0.1932012 2.802722 -0.4276818 0.389904 2.758643 -0.4991215 0.08636099 2.784141 -0.5199584 -0.1934307 2.662548 -0.09663896 0.424862 2.818977 0.1025779 0.4003087 3.006904 0.2574946 0.6044663 3.076009 -0.3192934 -0.03125522 2.7989 -0.322056 -0.4608154 2.836329 -0.3108292 -0.8029436 2.736955 -0.1246983 -0.01070605 2.834365 -0.04884253 -0.4350726 2.826044 0.005186561 -0.813928 2.71051 
-0.2835542 0.6201003 2.761066 -0.2616847 0.4082486 2.788322 -0.2409478 0.1942316 2.80393 -0.4272665 0.3900468 2.758731 -0.4990639 0.08466971 2.773056 -0.5222828 -0.1795888 2.628404 -0.09610298 0.4264504 2.817914 0.1177846 0.4466615 2.988431 0.2275814 0.6861557 3.051687 -0.3175629 -0.03048695 2.80214 -0.3195381 -0.4595101 2.845131 -0.3114655 -0.8017061 2.734592 -0.1228587 -0.009083817 2.836936 -0.04908958 -0.433881 2.833517 0.009180103 -0.8198131 2.695863 
-0.2817074 0.6195121 2.763584 -0.2600021 0.4084556 2.790485 -0.2393379 0.1944399 2.806408 -0.4256586 0.390281 2.761188 -0.4985286 0.08883676 2.767526 -0.5198147 -0.1691902 2.61612 -0.09434549 0.42663 2.819782 0.122413 0.4798234 2.974617 0.2047419 0.7384476 3.011495 -0.3160783 -0.03026215 2.805104 -0.3196509 -0.4598358 2.841814 -0.3111091 -0.8055158 2.73216 -0.1212693 -0.008889282 2.839557 -0.05116599 -0.4343065 2.834787 0.009762909 -0.8235161 2.689284 
-0.279113 0.6223464 2.771895 -0.2569982 0.4105816 2.795609 -0.236313 0.196415 2.809254 -0.4220028 0.39256 2.762887 -0.4907384 0.08340332 2.766261 -0.5099351 -0.1633353 2.603178 -0.09199353 0.4286033 2.828331 0.1282269 0.5159321 2.957318 0.1767291 0.7873544 2.974275 -0.3126746 -0.02835092 2.803654 -0.3120904 -0.4576669 2.843489 -0.309909 -0.8034535 2.729227 -0.1185809 -0.007152191 2.842145 -0.04799395 -0.4318169 2.82239 0.007266911 -0.8086184 2.704441 
-0.27627 0.6228995 2.777025 -0.2514963 0.4118347 2.799322 -0.2295336 0.1977321 2.812 -0.417488 0.3932547 2.773101 -0.4848908 0.08671588 2.769111 -0.4967589 -0.1565715 2.603714 -0.08550452 0.4304148 2.825543 0.1320958 0.566945 2.909631 0.1448176 0.845723 2.913397 -0.305245 -0.02730351 2.809248 -0.3047456 -0.4565673 2.850003 -0.3062685 -0.8041503 2.734922 -0.109897 -0.005437515 2.840107 -0.03833435 -0.4294167 2.810738 0.01246867 -0.807953 2.703892 
-0.2703893 0.6252953 2.788135 -0.2462954 0.414444 2.804838 -0.2251665 0.2000819 2.81316 -0.4133528 0.3972543 2.786202 -0.482549 0.08342376 2.776063 -0.4896534 -0.1537048 2.60458 -0.07923805 0.4316337 2.823474 0.1329551 0.5978896 2.867853 0.126092 0.879536 2.858314 -0.3023371 -0.0243949 2.810517 -0.3078338 -0.4542156 2.843165 -0.3109767 -0.8011824 2.73095 -0.1057379 -0.004165436 2.832448 -0.04036576 -0.4292754 2.803836 0.007626221 -0.8110627 2.701835 
-0.2639731 0.6257748 2.784187 -0.2406251 0.4149503 2.803148 -0.2201914 0.2005222 2.812117 -0.4084075 0.3985719 2.793828 -0.4767542 0.08069889 2.788048 -0.475518 -0.1566155 2.621435 -0.07284258 0.4313286 2.812467 0.132494 0.6164629 2.821448 0.1065544 0.8982547 2.795926 -0.298501 -0.02354492 2.815601 -0.3055931 -0.453508 2.846867 -0.3100409 -0.802646 2.736392 -0.1010145 -0.004266968 2.826571 -0.03958735 -0.4301719 2.8002 0.007588047 -0.8088014 2.706358 
-0.2610153 0.6297982 2.802219 -0.2380486 0.4182448 2.809274 -0.218136 0.2037817 2.808657 -0.4060273 0.402645 2.810415 -0.4726943 0.07755298 2.804527 -0.4658688 -0.1536116 2.629764 -0.07006983 0.4338446 2.808133 0.1239733 0.6244723 2.782773 0.09873255 0.9032673 2.732568 -0.2970817 -0.01986212 2.808712 -0.3085884 -0.449933 2.837112 -0.3115838 -0.8005813 2.725243 -0.09936499 -0.00150061 2.807369 -0.04151563 -0.4283002 2.789402 0.003109764 -0.8040724 2.6904 
-0.2504214 0.6236416 2.811795 -0.2300321 0.4128882 2.81115 -0.2121281 0.198271 2.805566 -0.3971429 0.398558 2.826118 -0.4635645 0.0779194 2.82532 -0.4570214 -0.1415169 2.642972 -0.06292135 0.4272184 2.796181 0.1153028 0.6275573 2.717008 0.08457461 0.9060493 2.658195 -0.2926785 -0.02478891 2.808801 -0.3035413 -0.4549017 2.837334 -0.3038541 -0.8113984 2.734118 -0.09576984 -0.007903443 2.791163 -0.03526974 -0.434584 2.780151 0.004671997 -0.815427 2.69408 
-0.2436691 0.6211929 2.817101 -0.2261182 0.4106041 2.812721 -0.2105439 0.195865 2.803804 -0.3911194 0.397408 2.842324 -0.4554422 0.07656751 2.847726 -0.4457282 -0.1354759 2.653153 -0.06111704 0.4238002 2.783118 0.1085279 0.6261436 2.669153 0.07110138 0.8980635 2.589276 -0.292136 -0.02664507 2.812319 -0.3029714 -0.4572177 2.830245 -0.3080406 -0.8069916 2.732942 -0.0978031 -0.0111031 2.777454 -0.03713053 -0.4378594 2.767719 -0.002639328 -0.8082762 2.701347 
-0.225077 0.6270796 2.826154 -0.2158383 0.4146016 2.818652 -0.208682 0.1996169 2.806148 -0.3744771 0.4061044 2.873955 -0.4292019 0.08721881 2.889105 -0.4255486 -0.129452 2.696652 -0.05719943 0.4230987 2.763349 0.0868423 0.6104324 2.583079 0.05054827 0.8675246 2.468951 -0.2946329 -0.02035481 2.826101 -0.3006688 -0.4513733 2.827466 -0.3081298 -0.8042347 2.735522 -0.1084187 -0.0103806 2.761186 -0.03101505 -0.4342813 2.767535 -0.0080123 -0.8075944 2.717876 
-0.2144911 0.6248369 2.825773 -0.2098898 0.4124651 2.818301 -0.206641 0.1973092 2.806459 -0.3656756 0.4065993 2.88214 -0.425093 0.08911441 2.899628 -0.4186309 -0.1309113 2.710468 -0.05410407 0.4183309 2.754462 0.07795315 0.5977038 2.551669 0.04692733 0.8447498 2.41827 -0.2948705 -0.02129115 2.832104 -0.2960788 -0.4515873 2.813994 -0.3071479 -0.8054789 2.731815 -0.111914 -0.01440224 2.757131 -0.02872282 -0.4373234 2.758952 -0.00903176 -0.8102221 2.713799 
-0.2083043 0.6244478 2.813527 -0.2043069 0.4119726 2.814326 -0.2033722 0.1965875 2.809049 -0.357924 0.4095994 2.883992 -0.4144134 0.0959805 2.90888 -0.4142129 -0.1324384 2.734667 -0.05068972 0.4143459 2.744659 0.07558258 0.5779352 2.522346 0.0421291 0.8085008 2.367829 -0.2926489 -0.02019119 2.844684 -0.2896264 -0.4502359 2.818422 -0.3042187 -0.8001624 2.736846 -0.1122261 -0.01740387 2.762861 -0.02210909 -0.438914 2.767597 -0.006635054 -0.8101034 2.722094 
-0.1966135 0.6246435 2.817954 -0.197231 0.4116397 2.817051 -0.2008682 0.196278 2.810857 -0.3480151 0.412004 2.892927 -0.4045457 0.09581228 2.920556 -0.4129061 -0.1433369 2.764973 -0.04644685 0.4112753 2.741174 0.06778628 0.5434225 2.490787 0.03093359 0.7381014 2.305599 -0.2931191 -0.01886955 2.849254 -0.2907672 -0.4482375 2.812777 -0.3067441 -0.8023605 2.72915 -0.1158916 -0.01929781 2.760071 -0.01867517 -0.4390842 2.753761 -0.01151248 -0.8094005 2.715865 
-0.1868253 0.6214566 2.820117 -0.1910079 0.4089619 2.818213 -0.1985613 0.1936661 2.812195 -0.3401791 0.41198 2.897478 -0.3899082 0.1068625 2.942781 -0.4088012 -0.1380266 2.798279 -0.04183675 0.4059438 2.738947 0.05840301 0.5036958 2.473446 0.02594966 0.6681191 2.263359 -0.2937574 -0.0198564 2.852749 -0.2905367 -0.4491154 2.813457 -0.3067716 -0.8053009 2.72568 -0.1184718 -0.02340285 2.759607 -0.01413317 -0.4415306 2.751731 -0.008974102 -0.8118777 2.716285 
-0.1788598 0.6225334 2.820686 -0.1855181 0.4100586 2.819297 -0.1954007 0.1948067 2.813738 -0.3324796 0.4146533 2.902652 -0.3799095 0.1158508 2.977975 -0.404107 -0.1237036 2.825485 -0.03855659 0.4054641 2.735943 0.05221044 0.4693386 2.462256 0.02134614 0.6096645 2.230996 -0.2916708 -0.01774441 2.857176 -0.2860123 -0.4461901 2.810035 -0.3034376 -0.8060368 2.723945 -0.1188957 -0.02314606 2.759181 -0.01054561 -0.4403312 2.750872 -0.005673496 -0.8096344 2.71144 
-0.1654707 0.6177223 2.810564 -0.1751036 0.4047119 2.812858 -0.1865509 0.1894838 2.809895 -0.3227786 0.4114347 2.895056 -0.3637064 0.115676 2.983529 -0.3963144 -0.1358104 2.854359 -0.02742854 0.3979892 2.73066 0.03804748 0.4170835 2.441553 0.009233316 0.4868301 2.18662 -0.2848246 -0.02179167 2.85526 -0.2833556 -0.4496254 2.802408 -0.3053837 -0.8032095 2.723124 -0.1111718 -0.02969701 2.758602 -0.007590683 -0.4481786 2.754202 -0.004788711 -0.8158981 2.713141 
-0.161341 0.6199125 2.805367 -0.1715003 0.4063243 2.810885 -0.183349 0.1910803 2.810269 -0.3196981 0.4142499 2.892097 -0.3648679 0.1201355 2.990936 -0.3916737 -0.1361567 2.869631 -0.02330256 0.3983988 2.729673 0.02751705 0.3925316 2.440764 0.007241476 0.4277343 2.175061 -0.2823294 -0.01950386 2.8574 -0.2819079 -0.4471662 2.802644 -0.3031894 -0.801979 2.723202 -0.1080659 -0.02882341 2.761904 -0.006465248 -0.4477833 2.754542 0.000189239 -0.8099889 2.711778 
