-0.4904656 0.6198804 2.599143 -0.4724265 0.4115771 2.600552 -0.4513075 0.2030448 2.597229 -0.6262935 0.3969735 2.539111 -0.7003819 0.06359555 2.52474 -0.6570203 -0.2041901 2.379082 -0.3185596 0.4261808 2.661993 -0.1733979 0.4140996 2.88685 -0.007619919 0.6312652 2.965606 -0.5196548 -0.01397894 2.558181 -0.5235028 -0.4312437 2.598543 -0.5547556 -0.8291137 2.552085 -0.3407221 0.003003693 2.629631 -0.2917142 -0.4075926 2.698385 -0.1204281 -0.8542616 2.52085 
-0.4836765 0.6136135 2.600272 -0.4656015 0.4058041 2.603548 -0.445406 0.1971549 2.601947 -0.618326 0.3915151 2.539253 -0.6977079 0.06381061 2.522361 -0.6482716 -0.2039254 2.376784 -0.312877 0.4200931 2.667843 -0.1502131 0.462534 2.875916 -0.02859758 0.7170877 2.935295 -0.5140342 -0.01980472 2.562952 -0.5158656 -0.4367876 2.606475 -0.5502769 -0.846472 2.552398 -0.3363869 -0.003183929 2.63774 -0.2877517 -0.4137905 2.707057 -0.1185246 -0.8619816 2.527578 
-0.4812026 0.6199087 2.609354 -0.4624515 0.4118111 2.609883 -0.4426082 0.2031757 2.605485 -0.6172783 0.3983304 2.550837 -0.6944017 0.06243387 2.519683 -0.6372715 -0.198629 2.365861 -0.3076247 0.425292 2.668929 -0.1316524 0.5047292 2.86397 -0.04274946 0.7836506 2.909116 -0.5128485 -0.01330342 2.566733 -0.5203517 -0.4302436 2.609953 -0.5542596 -0.8338131 2.551098 -0.3326814 0.002383774 2.635443 -0.2824125 -0.4090849 2.697978 -0.1186969 -0.851335 2.514451 
-0.4690929 0.6177636 2.614402 -0.4497439 0.4109753 2.614703 -0.4304927 0.2022569 2.611044 -0.6073501 0.3973247 2.564163 -0.6826783 0.06469952 2.529354 -0.6215441 -0.1887546 2.363009 -0.2921376 0.424626 2.665244 -0.1183083 0.5688851 2.820503 -0.06554592 0.8634956 2.843454 -0.5030019 -0.01440916 2.57796 -0.5066459 -0.430577 2.628142 -0.5448673 -0.8397423 2.561362 -0.3194813 0.001485977 2.63681 -0.272575 -0.4092611 2.706163 -0.1099161 -0.8558606 2.519752 
-0.4587636 0.6151569 2.616928 -0.4384371 0.4096172 2.617813 -0.4198995 0.200813 2.615285 -0.5981761 0.3959594 2.57457 -0.6738096 0.06582855 2.538188 -0.6101416 -0.1809585 2.366773 -0.278698 0.4232751 2.661056 -0.1041313 0.6159679 2.772773 -0.08568136 0.9149092 2.777248 -0.4942768 -0.01593558 2.587603 -0.5013253 -0.4325439 2.633789 -0.54573 -0.8378642 2.56017 -0.3084472 -4.693603E-05 2.637909 -0.2678845 -0.412439 2.700964 -0.1109664 -0.8579981 2.518801 
-0.4404744 0.6185955 2.633994 -0.4244729 0.4121173 2.626435 -0.4115081 0.2030707 2.61943 -0.588213 0.4027696 2.602349 -0.6532884 0.06823792 2.561455 -0.5906906 -0.1788182 2.387686 -0.2607327 0.4214651 2.650522 -0.09758876 0.6443866 2.687235 -0.09281922 0.9429661 2.655924 -0.4939071 -0.01142015 2.598397 -0.510145 -0.4285414 2.637038 -0.5598313 -0.8305237 2.557324 -0.3031796 -0.000531723 2.626453 -0.2716175 -0.4135326 2.691178 -0.1251367 -0.858484 2.513419 
-0.4305917 0.6230828 2.645838 -0.4186428 0.4168387 2.632007 -0.4094126 0.2078515 2.620251 -0.583661 0.4103297 2.618156 -0.6417872 0.07420587 2.580799 -0.5816899 -0.175615 2.407532 -0.2536246 0.4233477 2.645858 -0.09277339 0.6493716 2.643761 -0.09581514 0.9455131 2.594304 -0.4961782 -0.004922195 2.600437 -0.5044881 -0.4219115 2.642389 -0.5576188 -0.8322681 2.550638 -0.3041867 0.002650741 2.616553 -0.2647586 -0.4078929 2.69089 -0.1225558 -0.8542541 2.509656 
-0.4105571 0.6208002 2.650469 -0.4064476 0.4144785 2.634467 -0.4044756 0.2053117 2.621824 -0.5719889 0.4125305 2.640874 -0.6337553 0.06958228 2.59284 -0.5650889 -0.1941637 2.447997 -0.2409063 0.4164264 2.628059 -0.08556426 0.6398454 2.560506 -0.09033754 0.9265462 2.47161 -0.4988545 -0.004988907 2.612911 -0.4955977 -0.4218863 2.656783 -0.5573954 -0.8346139 2.555725 -0.3061527 -0.002721359 2.605452 -0.2520774 -0.407386 2.699639 -0.1272659 -0.8572581 2.514127 
-0.4016561 0.6218392 2.653976 -0.3997005 0.4152852 2.636454 -0.3996037 0.2061151 2.623098 -0.5653607 0.4145541 2.646705 -0.6328859 0.07529505 2.601432 -0.5626191 -0.1908756 2.465456 -0.2340403 0.4160164 2.626204 -0.08593051 0.6278353 2.518884 -0.09117083 0.9071686 2.409337 -0.4956778 -0.003479416 2.615692 -0.4852906 -0.4206549 2.655268 -0.5535845 -0.8349094 2.553128 -0.303336 -0.002630509 2.60379 -0.2437006 -0.4037507 2.708982 -0.1242268 -0.8548639 2.5181 
-0.3841413 0.6213633 2.657363 -0.3870867 0.4154636 2.638929 -0.3909619 0.2064145 2.623904 -0.552192 0.417185 2.657563 -0.6200554 0.1209168 2.652764 -0.5740364 -0.1456194 2.517104 -0.2219813 0.4137422 2.620295 -0.09180029 0.5809726 2.441319 -0.09122583 0.8424729 2.294196 -0.4908512 -0.001633652 2.619714 -0.474301 -0.4193392 2.651213 -0.5522126 -0.8331367 2.554606 -0.2988231 -0.003635696 2.598042 -0.2353648 -0.4025711 2.709971 -0.1252075 -0.8562281 2.518848 
-0.3747524 0.6187201 2.657387 -0.3771869 0.413098 2.639318 -0.3787628 0.2039496 2.625295 -0.5421895 0.4129778 2.659656 -0.610193 0.1269605 2.667053 -0.5765707 -0.1406036 2.531478 -0.2121844 0.4132183 2.618979 -0.08839583 0.5544927 2.411651 -0.09482425 0.8062006 2.249338 -0.4762512 -0.005268738 2.623096 -0.4578286 -0.4227556 2.656832 -0.5399594 -0.8369253 2.554503 -0.2844264 -0.005128967 2.599451 -0.2192715 -0.4041563 2.71031 -0.1123588 -0.8579945 2.523973 
-0.3652639 0.6188447 2.657426 -0.3696563 0.4133629 2.639473 -0.3721964 0.2042418 2.625009 -0.5341806 0.4136986 2.663514 -0.6003886 0.1241184 2.678205 -0.5763807 -0.1456748 2.545713 -0.2051318 0.4130271 2.615432 -0.09220221 0.5242405 2.379837 -0.09807774 0.7636886 2.204284 -0.4704102 -0.004684097 2.624526 -0.4649921 -0.4225156 2.656311 -0.5483961 -0.8310642 2.553497 -0.2790628 -0.005074569 2.596566 -0.225942 -0.40644 2.704802 -0.1210637 -0.8566938 2.520419 
-0.3527478 0.6152123 2.660222 -0.3618923 0.4096839 2.640787 -0.3693941 0.2007996 2.62483 -0.5252463 0.4131884 2.67171 -0.5919746 0.1271363 2.699259 -0.5773126 -0.1478127 2.577066 -0.1985382 0.4061795 2.609864 -0.09430791 0.4665441 2.335247 -0.1124831 0.6612623 2.126052 -0.471875 -0.006047089 2.626852 -0.4626289 -0.4238939 2.659358 -0.5557127 -0.8357128 2.544259 -0.2819169 -0.01012225 2.590893 -0.2289645 -0.4105149 2.703192 -0.1244834 -0.8589068 2.520966 
-0.3474299 0.6144978 2.662886 -0.3598045 0.4084837 2.641701 -0.3710737 0.1999855 2.623502 -0.5221472 0.4141674 2.677112 -0.590229 0.1304166 2.714685 -0.5826506 -0.1451394 2.593001 -0.1974617 0.4028 2.606291 -0.1011804 0.4407365 2.317689 -0.1168548 0.6031433 2.090334 -0.4767798 -0.005206284 2.625901 -0.4704957 -0.423343 2.655636 -0.5600312 -0.8323545 2.545264 -0.2879062 -0.01181886 2.584704 -0.2322875 -0.4123212 2.695469 -0.1308029 -0.8597955 2.515194 
