-0.3550911 0.6275806 2.718635 -0.3361535 0.4148168 2.72028 -0.3144777 0.200342 2.716974 -0.4996404 0.3989146 2.680022 -0.5384003 0.1054962 2.679006 -0.4846113 -0.1905533 2.604764 -0.1726667 0.4307189 2.760538 0.01655324 0.3750492 2.911395 0.1119607 0.6165043 2.969699 -0.3889567 -0.02348558 2.689989 -0.4099566 -0.4396355 2.799319 -0.42418 -0.8174946 2.671514 -0.1966469 -0.004779892 2.737345 -0.1193873 -0.4278553 2.70602 -0.01616232 -0.7908173 2.571158 
-0.3557186 0.6292282 2.717921 -0.3355508 0.4165505 2.721014 -0.3133918 0.2021067 2.718335 -0.4985773 0.4002304 2.678922 -0.5408865 0.1067702 2.673653 -0.481443 -0.189145 2.603098 -0.1725243 0.4328706 2.763105 0.02826944 0.4110233 2.909705 0.0871915 0.6666765 2.964957 -0.3870681 -0.02193094 2.690912 -0.3990885 -0.435753 2.810041 -0.4425068 -0.8398004 2.634216 -0.1953977 -0.002743378 2.7404 -0.1186699 -0.4250003 2.699522 -0.01584814 -0.7900053 2.564683 
-0.3580442 0.6234831 2.717902 -0.3328254 0.4120494 2.721862 -0.306128 0.1981236 2.720048 -0.4940791 0.3923252 2.674702 -0.5381235 0.09971415 2.672104 -0.4740948 -0.1933434 2.593669 -0.1715717 0.4317737 2.769022 0.04130418 0.4997653 2.879445 0.02235476 0.7677951 2.92311 -0.3742292 -0.02739781 2.69051 -0.3746302 -0.5275049 2.83827 -0.4545379 -0.8517001 2.603437 -0.184632 -0.00420668 2.745959 -0.111581 -0.4261718 2.695992 -0.009128006 -0.7899129 2.56336 
-0.3571835 0.6233453 2.727546 -0.3304695 0.4122309 2.725262 -0.3031272 0.1985246 2.71866 -0.4932813 0.3926735 2.684048 -0.538548 0.09888895 2.674655 -0.4733244 -0.1920872 2.589821 -0.1676576 0.4317882 2.766477 0.04157298 0.5468037 2.861716 -9.045029E-05 0.8145257 2.909039 -0.3715715 -0.02668784 2.687809 -0.3603944 -0.5886129 2.808242 -0.4543483 -0.8462106 2.604825 -0.1799983 -0.003675629 2.736305 -0.1114187 -0.4259908 2.683022 -0.01002296 -0.7929696 2.553026 
-0.3527594 0.6263295 2.722387 -0.3262947 0.4144273 2.724203 -0.299685 0.2005474 2.720309 -0.4902739 0.3946843 2.688049 -0.5382062 0.10212 2.677627 -0.4703068 -0.187721 2.590871 -0.1623155 0.4341704 2.760357 0.04032388 0.5899406 2.829868 -0.02090739 0.8566555 2.886791 -0.3681205 -0.02477602 2.695459 -0.3752739 -0.5393008 2.771973 -0.4417616 -0.8706909 2.630786 -0.1780301 -0.001889175 2.73737 -0.1131173 -0.4252073 2.687492 -0.01171165 -0.7914858 2.563433 
-0.3492427 0.6224183 2.721305 -0.3228539 0.4115948 2.723397 -0.2965811 0.197632 2.720822 -0.4883136 0.3916093 2.695846 -0.5380237 0.1027724 2.688541 -0.4689376 -0.1821297 2.588423 -0.1573942 0.4315804 2.750948 0.02369205 0.6330017 2.782444 -0.04680987 0.9031304 2.82467 -0.3670339 -0.02801422 2.702141 -0.3813442 -0.4957744 2.785844 -0.433653 -0.8498952 2.649552 -0.1735825 -0.004647644 2.734353 -0.112433 -0.4281561 2.681372 -0.01034236 -0.7940494 2.559846 
-0.3468501 0.6235774 2.71976 -0.3194083 0.4124852 2.722961 -0.2932363 0.1984898 2.720928 -0.4861063 0.3922466 2.707284 -0.5296453 0.09603867 2.702822 -0.4691432 -0.1865078 2.591541 -0.1527104 0.4327238 2.738637 0.00986232 0.6630182 2.738235 -0.06097339 0.9377612 2.762907 -0.3649651 -0.02739156 2.709689 -0.3861147 -0.473112 2.789192 -0.4289506 -0.83374 2.663416 -0.1691635 -0.003619522 2.728102 -0.1113606 -0.4278846 2.677372 -0.008394363 -0.7895914 2.557231 
-0.3419115 0.6259642 2.719521 -0.3151501 0.4139626 2.723288 -0.2899393 0.1998463 2.721257 -0.4823821 0.3942931 2.721067 -0.5201452 0.09738672 2.712713 -0.4687816 -0.1880785 2.604046 -0.1479181 0.433632 2.725509 -0.006105545 0.6739018 2.696654 -0.07361342 0.9509835 2.693485 -0.3631106 -0.02584151 2.71792 -0.3888786 -0.4604099 2.795601 -0.4248327 -0.8191618 2.67112 -0.1663462 -0.002698502 2.720533 -0.1106839 -0.4274355 2.671231 -0.01145039 -0.785863 2.55871 
-0.3374876 0.6261441 2.719944 -0.3133117 0.4143613 2.723414 -0.290087 0.2000208 2.72198 -0.4801666 0.3962044 2.734996 -0.5136241 0.09657992 2.722969 -0.4689858 -0.1898008 2.613366 -0.1464569 0.4325183 2.711832 -0.0226713 0.6777576 2.655917 -0.08807361 0.9553115 2.63282 -0.3650434 -0.02500371 2.727362 -0.3926032 -0.4552181 2.796783 -0.4273817 -0.8165318 2.676328 -0.1686809 -0.003635727 2.713731 -0.1164709 -0.4297717 2.674975 -0.01336659 -0.7923149 2.557818 
-0.3348673 0.6272302 2.728645 -0.3124582 0.4152844 2.727309 -0.2902959 0.2008692 2.723501 -0.4764217 0.3977982 2.757636 -0.5094486 0.09389234 2.737376 -0.4731659 -0.1937853 2.62801 -0.1484947 0.4327706 2.696983 -0.04674807 0.6681209 2.594875 -0.102904 0.9371217 2.526049 -0.3648822 -0.02386385 2.737587 -0.3908452 -0.4529304 2.796021 -0.4216324 -0.8175641 2.680074 -0.171385 -0.003228012 2.701798 -0.1165551 -0.4296208 2.66988 -0.0137064 -0.791267 2.55131 
-0.3292615 0.6305417 2.73413 -0.3111799 0.4185709 2.730221 -0.29382 0.2037979 2.724724 -0.4724641 0.4044045 2.774375 -0.5055062 0.0997988 2.751442 -0.4772079 -0.1900995 2.645648 -0.1498957 0.4327373 2.686066 -0.05883277 0.6542604 2.547639 -0.1192368 0.9089221 2.440388 -0.3712194 -0.01929836 2.74517 -0.3958133 -0.4489258 2.783845 -0.4274168 -0.80974 2.678966 -0.1817009 -0.002651962 2.693285 -0.1259056 -0.4295873 2.677182 -0.0158751 -0.7957774 2.550515 
-0.3257658 0.6337122 2.735266 -0.3099021 0.4215203 2.732307 -0.2949974 0.206527 2.727387 -0.4673843 0.4092955 2.789433 -0.504226 0.1033708 2.766927 -0.4795075 -0.1872445 2.66189 -0.1524199 0.433745 2.67518 -0.07490234 0.6340234 2.500902 -0.1308231 0.8750417 2.362407 -0.3726234 -0.01564909 2.756033 -0.3921434 -0.445413 2.790669 -0.4216507 -0.8094259 2.680249 -0.1875622 -0.001283493 2.688902 -0.121776 -0.4270046 2.67919 -0.008810402 -0.7983672 2.551527 
-0.3205158 0.6341206 2.730881 -0.3084576 0.420605 2.731921 -0.2976549 0.2053518 2.729849 -0.4617891 0.4122512 2.800367 -0.5025848 0.1095533 2.784316 -0.4853199 -0.1838265 2.685978 -0.1551262 0.428959 2.663475 -0.09232916 0.581063 2.448625 -0.1431445 0.8056167 2.282596 -0.3769413 -0.0148098 2.767992 -0.3931275 -0.4451409 2.790803 -0.4244464 -0.812698 2.680007 -0.1967631 -0.00499321 2.687562 -0.1242857 -0.4298038 2.682942 -0.0107243 -0.8050791 2.552564 
-0.3161238 0.6300477 2.725558 -0.3067614 0.4171245 2.730215 -0.2981849 0.201747 2.730722 -0.4596139 0.4112048 2.801207 -0.5023491 0.1105877 2.799324 -0.4877516 -0.1842248 2.704625 -0.1539089 0.4230441 2.659223 -0.1026443 0.5390475 2.419325 -0.15197 0.7228019 2.215824 -0.379222 -0.01710091 2.772849 -0.3935112 -0.4477772 2.786819 -0.4219214 -0.8150912 2.671698 -0.1999949 -0.01015987 2.689607 -0.1156461 -0.4327276 2.684651 -0.00413166 -0.8103318 2.551392 
-0.3075879 0.629817 2.731901 -0.302506 0.4163466 2.732897 -0.2988267 0.2008733 2.731089 -0.4551747 0.4131344 2.805086 -0.5032064 0.1088733 2.810379 -0.4895712 -0.1859778 2.715398 -0.1498372 0.4195588 2.660707 -0.1113158 0.4995134 2.394705 -0.1532363 0.6425249 2.168598 -0.384784 -0.01648602 2.771667 -0.3934221 -0.4473765 2.773679 -0.4256698 -0.8127869 2.665116 -0.2055107 -0.01271402 2.686898 -0.1174024 -0.4345649 2.677983 -0.006720566 -0.8071388 2.546057 
-0.3089224 0.6248913 2.734561 -0.304511 0.4120468 2.73406 -0.3018712 0.1965414 2.730398 -0.4573092 0.4089467 2.806355 -0.5010095 0.1111831 2.818991 -0.4946516 -0.1856931 2.73011 -0.1517128 0.4151469 2.661766 -0.1216535 0.4737554 2.385361 -0.1526514 0.5644469 2.137194 -0.3890013 -0.02078543 2.769209 -0.3924268 -0.451838 2.768611 -0.4242676 -0.8144959 2.664155 -0.2094616 -0.01714276 2.684263 -0.11695 -0.4381124 2.674997 -0.003545723 -0.810222 2.547748 
-0.3056707 0.6251962 2.73589 -0.303383 0.4118749 2.733323 -0.3024356 0.1963718 2.728009 -0.4561528 0.4094141 2.805885 -0.4997517 0.111086 2.825563 -0.5078223 -0.1906255 2.760397 -0.1506132 0.4143356 2.660761 -0.133821 0.4128738 2.38469 -0.143989 0.4465796 2.120922 -0.3912842 -0.02057765 2.765346 -0.3907107 -0.4517058 2.765716 -0.4197989 -0.8118892 2.666428 -0.2116923 -0.01768486 2.680044 -0.1136286 -0.4374238 2.671121 -0.002046127 -0.8064387 2.546971 
