-0.434306 0.61441 2.590399 -0.4228424 0.4073057 2.597979 -0.4088987 0.1981489 2.599166 -0.5692586 0.3971018 2.519924 -0.6613113 0.06895975 2.514763 -0.6142216 -0.2060609 2.381436 -0.2764262 0.4175097 2.676034 -0.1163057 0.4929743 2.88154 -0.03624612 0.7608658 2.951055 -0.4801043 -0.01694215 2.55496 -0.5135486 -0.4281963 2.628687 -0.5503555 -0.8351906 2.55034 -0.3098058 -0.005073807 2.645747 -0.2612816 -0.4189321 2.682586 -0.1462084 -0.8382282 2.574573 
-0.430663 0.6163747 2.595907 -0.4186247 0.4090037 2.601213 -0.4046344 0.199837 2.600984 -0.5674188 0.3991317 2.52777 -0.6611779 0.06949399 2.518879 -0.6046579 -0.20181 2.381504 -0.2698306 0.4188757 2.674655 -0.1001748 0.5354697 2.867772 -0.04381294 0.8167388 2.907787 -0.4771869 -0.01507152 2.55804 -0.5100967 -0.4275923 2.624698 -0.5503157 -0.8316233 2.548169 -0.3041016 -0.003587875 2.643472 -0.2660389 -0.4175722 2.691765 -0.1342321 -0.8480265 2.548785 
-0.4239979 0.6159194 2.599189 -0.4125652 0.4087125 2.603858 -0.3998364 0.1994633 2.602834 -0.5641473 0.3998221 2.536361 -0.654103 0.06924848 2.521463 -0.5998971 -0.2027146 2.386746 -0.2609831 0.4176029 2.671355 -0.08810326 0.5677311 2.837413 -0.05372115 0.854571 2.85033 -0.4752962 -0.0149583 2.56254 -0.5069175 -0.4281543 2.625908 -0.5497119 -0.8306233 2.548539 -0.2989189 -0.004613693 2.641078 -0.2708736 -0.4182891 2.699217 -0.1227554 -0.8582889 2.533142 
-0.4145439 0.6195188 2.601398 -0.4047809 0.4113188 2.606119 -0.3943629 0.2019541 2.604275 -0.5609355 0.4040335 2.551064 -0.645578 0.07061801 2.531818 -0.5928208 -0.2029539 2.402462 -0.2486264 0.4186041 2.661173 -0.07858295 0.599867 2.784307 -0.06308787 0.8881799 2.765315 -0.4750001 -0.01165865 2.570328 -0.5058614 -0.4255811 2.629302 -0.552017 -0.8275675 2.549769 -0.2928897 -0.003162369 2.634533 -0.2506373 -0.4176576 2.669615 -0.1509592 -0.8372425 2.574405 
-0.4092928 0.6218365 2.610458 -0.3995642 0.4134141 2.611394 -0.3907681 0.2040136 2.607342 -0.5588766 0.4075989 2.566081 -0.63885 0.07134143 2.540937 -0.5892706 -0.2038363 2.417105 -0.2402518 0.4192294 2.656707 -0.0738629 0.6193925 2.738729 -0.06644692 0.9061489 2.689586 -0.4746277 -0.008769059 2.576937 -0.5050279 -0.4227231 2.636166 -0.5529762 -0.8270542 2.549425 -0.2893165 -0.002004776 2.629645 -0.2576768 -0.414755 2.687346 -0.1381712 -0.8461746 2.551574 
-0.3948037 0.6305425 2.633098 -0.3897618 0.422145 2.623045 -0.3872582 0.2130068 2.610213 -0.5536417 0.4216398 2.599305 -0.627154 0.08269958 2.567593 -0.5850951 -0.1930814 2.435983 -0.2258819 0.4226503 2.646784 -0.06321176 0.6290303 2.65146 -0.06843766 0.9099197 2.558374 -0.4801485 0.003574371 2.583564 -0.5036611 -0.4108112 2.642648 -0.5562868 -0.824481 2.546803 -0.2893607 0.004162628 2.611201 -0.252171 -0.4067641 2.677923 -0.1537597 -0.841183 2.563003 
-0.3872315 0.6267852 2.636452 -0.3881649 0.4187971 2.623828 -0.3915722 0.2097784 2.609812 -0.5532006 0.4223437 2.611059 -0.6256088 0.08834448 2.582458 -0.5856125 -0.1869906 2.442615 -0.2231292 0.4152505 2.636598 -0.06099567 0.620945 2.615153 -0.06817538 0.8932844 2.497826 -0.4909765 0.002822601 2.588367 -0.5048611 -0.4127994 2.640438 -0.5638286 -0.8305244 2.550055 -0.2989824 -0.001303375 2.603223 -0.2645859 -0.4092973 2.688414 -0.1459846 -0.8572517 2.54091 
-0.3756552 0.6229842 2.638248 -0.381515 0.4141227 2.624665 -0.389119 0.2050932 2.611126 -0.5473849 0.420128 2.625108 -0.6181449 0.09032141 2.601904 -0.5893314 -0.1825459 2.461554 -0.215645 0.4081174 2.624222 -0.06209102 0.5941777 2.545987 -0.07046702 0.8460771 2.390525 -0.4930961 -0.0004471741 2.597845 -0.4893622 -0.4172552 2.641458 -0.5520998 -0.8352332 2.549675 -0.3003498 -0.007425537 2.59733 -0.2404247 -0.4123478 2.680556 -0.1526885 -0.8384739 2.574112 
-0.3654094 0.6240249 2.638379 -0.3749212 0.415538 2.626062 -0.386068 0.2066177 2.613436 -0.5407089 0.4240661 2.631313 -0.61656 0.09164499 2.607001 -0.593824 -0.1836058 2.473313 -0.2091335 0.4070098 2.620811 -0.06303094 0.5800979 2.509542 -0.07926155 0.8176512 2.337338 -0.4935709 0.002654007 2.603862 -0.4876758 -0.4142234 2.647517 -0.5527455 -0.8326239 2.549307 -0.3008587 -0.00725914 2.597758 -0.2465062 -0.4092689 2.69887 -0.140305 -0.8487012 2.551055 
-0.3539161 0.6156091 2.63926 -0.3674583 0.4089805 2.627568 -0.3819667 0.2001625 2.616361 -0.5327826 0.419759 2.640761 -0.6161251 0.09814756 2.622795 -0.5963902 -0.181556 2.500563 -0.2021341 0.3982021 2.614374 -0.06499129 0.5435312 2.441677 -0.09498054 0.7477249 2.246441 -0.4926334 -0.00238649 2.612827 -0.4818822 -0.419863 2.64859 -0.5545407 -0.836354 2.548743 -0.3003169 -0.01492473 2.59748 -0.2399622 -0.4185782 2.68926 -0.1458164 -0.8514517 2.558405 
-0.3492566 0.6160179 2.640415 -0.3642786 0.4088532 2.62868 -0.3794194 0.2000454 2.617847 -0.5289401 0.4197827 2.648152 -0.6100559 0.09806778 2.632907 -0.6036774 -0.1825989 2.513708 -0.1996172 0.3979237 2.609208 -0.06398773 0.523769 2.414352 -0.09709951 0.7074946 2.206723 -0.4903435 -0.002404678 2.61834 -0.4747514 -0.4202696 2.647011 -0.550283 -0.8299863 2.55187 -0.298777 -0.01511998 2.595686 -0.2275247 -0.4207452 2.668665 -0.1591692 -0.8373485 2.592328 
-0.3439242 0.6178002 2.640303 -0.360778 0.4108095 2.630837 -0.3773295 0.202074 2.620634 -0.5251431 0.422771 2.652761 -0.6090222 0.09753039 2.646465 -0.6090016 -0.1839208 2.524064 -0.196413 0.398848 2.608913 -0.06348807 0.4998858 2.390184 -0.1071262 0.6565343 2.170963 -0.4894261 0.0002917328 2.623176 -0.4750883 -0.4181223 2.642938 -0.5523909 -0.8312882 2.550503 -0.2983357 -0.0136147 2.597687 -0.2369214 -0.4154625 2.694796 -0.1464059 -0.8445683 2.566049 
-0.3401859 0.6165416 2.654515 -0.359223 0.410491 2.637638 -0.3780555 0.2023456 2.62154 -0.5226496 0.4231034 2.665748 -0.59954 0.09966546 2.670129 -0.6138144 -0.1821555 2.541777 -0.1957965 0.3978786 2.609529 -0.07840986 0.4576913 2.352067 -0.1208792 0.5499645 2.109008 -0.4919137 0.001533798 2.621787 -0.4713859 -0.4169196 2.636963 -0.5555171 -0.8336902 2.541511 -0.3018623 -0.01313338 2.589098 -0.2430415 -0.4127886 2.699816 -0.1321556 -0.8572379 2.531208 
-0.3381267 0.6159801 2.655921 -0.3563881 0.4102285 2.637838 -0.3729363 0.201939 2.621037 -0.51905 0.4205046 2.670654 -0.5972809 0.09833911 2.681032 -0.6204113 -0.1847086 2.559272 -0.1937263 0.3999524 2.605022 -0.08971623 0.4318458 2.339998 -0.1281677 0.4876481 2.086135 -0.4841145 -0.0003721924 2.623326 -0.4597858 -0.41872 2.635944 -0.5449299 -0.8320139 2.546347 -0.2948546 -0.01232864 2.585144 -0.233867 -0.4113483 2.697776 -0.1173382 -0.8587217 2.522539 
-0.3358541 0.6165111 2.658689 -0.3548771 0.4116507 2.639521 -0.3724049 0.2035942 2.620853 -0.5173885 0.4223165 2.673236 -0.5956438 0.09617417 2.68652 -0.6231905 -0.187356 2.569934 -0.1923658 0.4009849 2.605806 -0.1043617 0.4019178 2.333005 -0.1307901 0.4277003 2.075562 -0.484415 0.00173877 2.621788 -0.4671766 -0.4170159 2.63031 -0.5526921 -0.8259419 2.545408 -0.2954505 -0.01066318 2.582584 -0.2260443 -0.4138724 2.669676 -0.1515417 -0.8384392 2.577351 
