-0.290769 0.7776194 2.808127 -0.3103551 0.5310352 2.855582 -0.2916349 0.2894509 2.872456 -0.4646553 0.5163162 2.816033 -0.5191571 0.2383962 2.85161 -0.3337465 0.09986548 2.634947 -0.1560549 0.5457542 2.895131 -0.06721768 0.4979188 3.121786 0.07506524 0.8087339 3.107653 -0.3598233 0.0395762 2.867054 -0.3712444 -0.4041293 2.813091 -0.4092191 -0.8265336 2.756916 -0.186006 0.05615701 2.911605 -0.1868078 -0.3837394 2.959246 -0.1807532 -0.8217146 3.052377 
-0.2920241 0.7784013 2.807332 -0.3119483 0.5334391 2.858113 -0.2925321 0.2917506 2.873765 -0.4662224 0.5185205 2.819125 -0.5193418 0.2394593 2.852984 -0.3507352 0.1034567 2.635274 -0.1576743 0.5483577 2.8971 -0.05974022 0.5492656 3.115561 0.04059474 0.8333618 3.08508 -0.3610958 0.04155437 2.867183 -0.3721686 -0.4028597 2.816764 -0.407193 -0.8282732 2.758137 -0.1851359 0.05857005 2.911651 -0.1814385 -0.3724835 2.947392 -0.1996584 -0.7891506 3.036193 
-0.3042829 0.780968 2.802337 -0.3133037 0.5393526 2.86736 -0.2931283 0.2952561 2.877907 -0.4714941 0.5243258 2.822185 -0.5217886 0.2422507 2.855726 -0.3645689 0.1005137 2.639052 -0.1551133 0.5543793 2.912536 0.03459352 0.6721591 3.032461 0.009745756 0.936644 2.990031 -0.3596321 0.04292589 2.863699 -0.3851001 -0.4101024 2.822391 -0.4053534 -0.8290871 2.753883 -0.1862738 0.05939348 2.913206 -0.1837736 -0.381698 2.95994 -0.201306 -0.7558745 3.071604 
-0.3214994 0.7876772 2.803528 -0.3134894 0.544349 2.874284 -0.2941973 0.297648 2.882721 -0.477405 0.5300122 2.829883 -0.526554 0.2434896 2.874832 -0.3787324 0.09815395 2.647403 -0.1495737 0.5586857 2.918685 0.04676341 0.6862276 3.015548 -0.002753376 0.9854853 2.943732 -0.3609399 0.04342201 2.867852 -0.3839954 -0.4091573 2.824825 -0.4029865 -0.8344585 2.757174 -0.1888705 0.05847188 2.914463 -0.1830225 -0.386636 2.960164 -0.2082375 -0.8024795 3.110836 
-0.3189293 0.7860953 2.803092 -0.308822 0.5554238 2.867793 -0.2925281 0.3032588 2.879915 -0.4789116 0.5424189 2.82589 -0.5327604 0.2624752 2.882165 -0.3934819 0.0740499 2.651099 -0.1387324 0.5684287 2.909695 0.05063002 0.6888046 2.997479 -0.0009927254 0.9807236 2.902371 -0.3624116 0.04450481 2.870808 -0.3843171 -0.4071124 2.829949 -0.4030798 -0.8349756 2.761523 -0.1900568 0.05768291 2.913268 -0.1826108 -0.3887646 2.958032 -0.2285775 -0.7868196 3.124786 
-0.32642 0.7864383 2.803803 -0.3076387 0.5620506 2.863537 -0.292645 0.3069806 2.877603 -0.4806351 0.5497686 2.825223 -0.5375661 0.2721894 2.889483 -0.4260465 0.1111519 2.66554 -0.1346422 0.5743327 2.901851 0.05756505 0.6970943 2.944132 -0.002551659 1.016165 2.850952 -0.3640318 0.04577782 2.872538 -0.3849028 -0.4054335 2.833005 -0.4035893 -0.8343207 2.764657 -0.1912709 0.05804314 2.9108 -0.1811439 -0.3903414 2.953243 -0.2295345 -0.7746162 3.086436 
-0.3233203 0.7852644 2.803899 -0.3078048 0.5654719 2.860243 -0.2931787 0.3089912 2.875543 -0.4813102 0.5535221 2.825788 -0.5421472 0.2786209 2.906121 -0.428713 0.1010498 2.666679 -0.1342994 0.5774216 2.894699 0.05138948 0.7254751 2.899297 -0.002459919 1.013123 2.788172 -0.3657758 0.04650326 2.873522 -0.3854391 -0.4046365 2.835923 -0.4041623 -0.8337158 2.767754 -0.1913294 0.05851785 2.908165 -0.1824146 -0.3905654 2.95237 -0.225264 -0.7698339 3.064882 
-0.3284899 0.7871441 2.806535 -0.3081217 0.5667546 2.853733 -0.293633 0.3120343 2.870584 -0.4827203 0.5552973 2.830666 -0.5386908 0.2827626 2.92453 -0.4479031 0.1074022 2.694076 -0.1335231 0.5782119 2.876801 0.05075322 0.7368197 2.870665 -0.00222961 0.9904926 2.70317 -0.3672773 0.05153061 2.875791 -0.3863967 -0.3994421 2.837297 -0.4045219 -0.8292668 2.770099 -0.1910114 0.06309738 2.899079 -0.1834001 -0.3946772 2.951788 -0.221503 -0.7775615 3.054675 
-0.3276936 0.7876809 2.807623 -0.3079094 0.5665591 2.85479 -0.2914554 0.3190135 2.868742 -0.4841275 0.5540694 2.841009 -0.5385007 0.2793787 2.937083 -0.4599238 0.09556507 2.730608 -0.1316913 0.5790488 2.868571 0.02242557 0.7258999 2.772727 -0.009319633 0.9535012 2.610797 -0.3732809 0.06450218 2.875009 -0.3906665 -0.3869003 2.835231 -0.4071507 -0.818131 2.769056 -0.1767218 0.07843358 2.89038 -0.1756597 -0.37447 2.946423 -0.2212321 -0.7839229 3.05457 
-0.3283273 0.7888691 2.811214 -0.3049673 0.5652615 2.860568 -0.2906486 0.3201434 2.872126 -0.4795401 0.554686 2.852558 -0.5337017 0.2774113 2.942243 -0.4631718 0.1028639 2.721722 -0.1303945 0.575837 2.868578 0.02031412 0.6981727 2.748322 -0.01576284 0.9347587 2.556515 -0.3742785 0.06909172 2.879189 -0.3920203 -0.3826713 2.840634 -0.4080122 -0.8166137 2.774727 -0.1783814 0.08095897 2.888178 -0.1751639 -0.3598332 2.938344 -0.2090631 -0.752845 3.019032 
-0.3282712 0.7913283 2.815252 -0.2997005 0.5662415 2.865735 -0.2887143 0.3201683 2.875113 -0.4718329 0.5586251 2.867535 -0.5327556 0.2771451 2.945877 -0.4592035 0.09395598 2.740322 -0.1275681 0.5738579 2.863934 0.01071413 0.6902152 2.711048 -0.03781706 0.8864583 2.459202 -0.3738397 0.06984245 2.885497 -0.3910347 -0.3831021 2.84502 -0.406904 -0.8208396 2.778064 -0.1816166 0.07834782 2.883486 -0.176529 -0.3530414 2.931473 -0.2164414 -0.7490044 3.024867 
-0.32249 0.7955043 2.826592 -0.2993917 0.5649339 2.862159 -0.2883243 0.3204491 2.873375 -0.4726991 0.5576208 2.873759 -0.5316867 0.2800127 2.960409 -0.4669788 0.1092457 2.725028 -0.1260844 0.572247 2.850558 0.005463127 0.6832854 2.673733 -0.03818338 0.8490706 2.425346 -0.3733116 0.07191106 2.891022 -0.3934648 -0.3806949 2.851469 -0.4078504 -0.8196156 2.784954 -0.1812023 0.0800175 2.878163 -0.1761214 -0.3523089 2.927214 -0.2200844 -0.7466553 3.027305 
-0.321896 0.7945475 2.829705 -0.3020356 0.5617368 2.862772 -0.2903196 0.319445 2.875054 -0.4775186 0.5543689 2.884818 -0.5301815 0.2771797 2.963443 -0.4783047 0.1068269 2.744541 -0.1265526 0.5691047 2.840726 -0.02810904 0.6197448 2.600374 -0.04252283 0.8280497 2.486315 -0.3731259 0.07318451 2.899212 -0.3917992 -0.3832479 2.853156 -0.4059334 -0.8247528 2.786846 -0.1840812 0.08112188 2.875462 -0.1789867 -0.3469585 2.92706 -0.2232114 -0.7388296 3.029586 
-0.3202871 0.7943755 2.837527 -0.3035184 0.5609829 2.862357 -0.2918738 0.3188913 2.875148 -0.4809168 0.5538639 2.889116 -0.530671 0.2744954 2.959663 -0.4864433 0.1103265 2.732786 -0.1261201 0.5681019 2.835598 -0.03043838 0.5808247 2.587177 -0.07565073 0.6380376 2.319351 -0.3751595 0.07299017 2.902258 -0.3906825 -0.3843825 2.854042 -0.4051144 -0.8261914 2.789101 -0.185299 0.08060931 2.873619 -0.1819773 -0.3544046 2.926183 -0.2223514 -0.760137 3.04513 
-0.321136 0.7948747 2.842575 -0.3048667 0.5569414 2.861325 -0.2935073 0.317426 2.876596 -0.4832753 0.5503932 2.89133 -0.5317736 0.2730141 2.965603 -0.4864681 0.1144796 2.746135 -0.1264581 0.5634897 2.83132 -0.03752834 0.5607017 2.582314 -0.08317059 0.5913814 2.304576 -0.3768777 0.07443364 2.907799 -0.3915226 -0.3870227 2.855153 -0.404063 -0.8302591 2.790991 -0.1874179 0.08138756 2.875935 -0.1840807 -0.3549543 2.925631 -0.2243891 -0.749508 3.038461 
-0.3265949 0.7911205 2.848788 -0.319043 0.5516949 2.86621 -0.3017666 0.3151769 2.879979 -0.4890967 0.5411144 2.897834 -0.5298724 0.2638918 2.968277 -0.4962951 0.08980844 2.753345 -0.1489892 0.5622755 2.834587 -0.1327092 0.3940931 2.683429 -0.09427478 0.493271 2.287355 -0.3791031 0.07277217 2.911342 -0.3927249 -0.3904778 2.857597 -0.4033667 -0.8348911 2.79282 -0.1898776 0.08454555 2.876153 -0.1843815 -0.3542855 2.924665 -0.2242724 -0.7585269 3.041128 
-0.3305095 0.7886526 2.852953 -0.317679 0.5490215 2.864728 -0.3048737 0.3112852 2.881338 -0.4869548 0.5419412 2.893892 -0.5276015 0.266879 2.96792 -0.4978173 0.09421779 2.758056 -0.1484031 0.5561017 2.835565 -0.1094419 0.4022593 2.672163 -0.1141307 0.4758986 2.355253 -0.3817769 0.06979679 2.913403 -0.3938024 -0.3928341 2.857966 -0.402189 -0.842328 2.788237 -0.2023601 0.07730117 2.882492 -0.182943 -0.3596861 2.926916 -0.2216087 -0.7621565 3.044057 
-0.3353075 0.7857081 2.856869 -0.3200696 0.5453089 2.865231 -0.3078102 0.3074571 2.881883 -0.4887973 0.5386804 2.894771 -0.5289958 0.2656825 2.968497 -0.4998668 0.08760347 2.747682 -0.1513419 0.5519375 2.835691 -0.1049533 0.3946517 2.646629 -0.1045861 0.3588871 2.299686 -0.3804176 0.06627133 2.913393 -0.396774 -0.391528 2.861187 -0.4027013 -0.8437338 2.789234 -0.2106837 0.07293943 2.883677 -0.1846549 -0.3579164 2.923964 -0.2179005 -0.7675924 3.039307 
