-0.3145879 0.603476 2.836071 -0.2867196 0.3700502 2.822551 -0.2502114 0.1579827 2.811109 -0.4517895 0.342977 2.797642 -0.4683596 0.06271506 2.729362 -0.397444 -0.2207526 2.648133 -0.1216498 0.3971235 2.847461 0.08998614 0.3922958 3.023409 0.2098606 0.639769 3.027004 -0.3108308 -0.07001478 2.78501 -0.321263 -0.4970338 2.798259 -0.3094334 -0.8097773 2.72805 -0.1165757 -0.03815483 2.814323 -0.04660906 -0.4616265 2.819799 0.01034576 -0.8259183 2.69404 
-0.3247066 0.6157691 2.842125 -0.2918096 0.3943172 2.831379 -0.2547775 0.1823177 2.819248 -0.457564 0.3663678 2.813824 -0.4731964 0.0608682 2.737171 -0.4011777 -0.2166313 2.648525 -0.1260553 0.4222667 2.848934 0.09947924 0.445133 2.993192 0.1675657 0.7095478 2.989093 -0.3152075 -0.04611575 2.796796 -0.3246454 -0.4835848 2.807919 -0.312311 -0.7765028 2.741138 -0.1202832 -0.01324771 2.81744 -0.04680897 -0.4439784 2.825577 0.007285275 -0.7927228 2.702894 
-0.3303186 0.6207726 2.833657 -0.2924987 0.4046406 2.833034 -0.2544906 0.1926107 2.826923 -0.4580527 0.3754959 2.814572 -0.4701138 0.0604429 2.743068 -0.4101881 -0.2105582 2.642157 -0.1269448 0.4337853 2.851496 0.1102245 0.494551 2.963611 0.1353993 0.7674507 2.954571 -0.3137623 -0.03654466 2.809965 -0.3204777 -0.4704199 2.82968 -0.3064682 -0.7871137 2.747862 -0.1192027 -0.002293625 2.831661 -0.04564772 -0.4300759 2.839379 0.01105356 -0.7958729 2.719115 
-0.3328245 0.6256965 2.837914 -0.2917211 0.4129692 2.837365 -0.25193 0.2012695 2.829724 -0.4573554 0.382392 2.821979 -0.4730755 0.06172946 2.742527 -0.4159246 -0.2065555 2.640965 -0.1260868 0.4435464 2.852751 0.1170991 0.5317622 2.933282 0.1096957 0.806073 2.919577 -0.3095166 -0.02840689 2.813038 -0.3175789 -0.4608827 2.819586 -0.3046259 -0.7896816 2.736919 -0.114761 0.007546326 2.831129 -0.0448404 -0.419169 2.825128 0.01437381 -0.8000897 2.702418 
-0.3357441 0.6252035 2.842535 -0.2916763 0.4150367 2.840237 -0.2503394 0.2036458 2.831542 -0.4573963 0.3830643 2.829696 -0.4755565 0.05987469 2.748247 -0.4174809 -0.2039801 2.635852 -0.1259562 0.4470092 2.850777 0.1175359 0.5608663 2.898613 0.09389322 0.8379905 2.885825 -0.3064687 -0.02654945 2.816649 -0.3202778 -0.4581237 2.824869 -0.3058867 -0.7930455 2.739552 -0.1115362 0.01105894 2.829047 -0.04953957 -0.4161744 2.822043 0.01222139 -0.8014537 2.705405 
-0.33644 0.6251658 2.843336 -0.2890169 0.4150248 2.841376 -0.2458445 0.2039886 2.832634 -0.4546153 0.3813391 2.83676 -0.4772807 0.05593957 2.763092 -0.4187737 -0.2040161 2.636288 -0.1234185 0.4487105 2.845991 0.1047658 0.5909321 2.846272 0.07537314 0.8694032 2.826388 -0.3000834 -0.02686281 2.821178 -0.3137557 -0.4581178 2.829485 -0.303093 -0.7992599 2.742023 -0.1052609 0.01276762 2.826608 -0.05034177 -0.4150664 2.817767 0.01631696 -0.8092744 2.701325 
-0.3344629 0.6350126 2.855281 -0.2874646 0.4253004 2.848278 -0.244688 0.2144276 2.83531 -0.452891 0.391478 2.852584 -0.4757667 0.05403329 2.783058 -0.4203128 -0.2045763 2.644481 -0.1220382 0.4591226 2.843972 0.09079109 0.6123576 2.79665 0.06200061 0.8917639 2.764141 -0.2992785 -0.01635234 2.824876 -0.317051 -0.447317 2.829372 -0.3084553 -0.7869673 2.740479 -0.1045442 0.02346211 2.819808 -0.05513157 -0.4049429 2.81371 0.008763271 -0.7967938 2.699115 
-0.3341437 0.6401576 2.870179 -0.2865563 0.4319293 2.853679 -0.2420233 0.2221742 2.832901 -0.4504385 0.39555 2.869687 -0.4722003 0.06067181 2.797514 -0.4263849 -0.2036155 2.659881 -0.1226741 0.4683086 2.837672 0.08016364 0.6299183 2.747721 0.04550298 0.9097821 2.709057 -0.2940184 -0.009008637 2.821551 -0.3122066 -0.4398988 2.825468 -0.3018431 -0.7913368 2.729555 -0.1009623 0.0338468 2.802694 -0.05241147 -0.3946447 2.798443 0.009296399 -0.7903728 2.693829 
-0.3286224 0.6309314 2.868178 -0.2821736 0.4241559 2.85196 -0.2373576 0.2142872 2.832046 -0.4444394 0.3869794 2.878578 -0.4730707 0.06832138 2.819229 -0.4334256 -0.2044467 2.689766 -0.1199078 0.4613323 2.825342 0.06210651 0.6314858 2.695872 0.02953892 0.9050124 2.622259 -0.2879916 -0.01744987 2.827789 -0.312089 -0.4478767 2.836645 -0.2988878 -0.8061323 2.742777 -0.09709148 0.02628691 2.796474 -0.05423319 -0.4024031 2.806924 0.008640022 -0.8109824 2.70627 
-0.3205596 0.6299999 2.867304 -0.2775895 0.4220147 2.851835 -0.2359238 0.2113617 2.833199 -0.4375818 0.3869069 2.890975 -0.4744816 0.07363974 2.832213 -0.4413759 -0.2057469 2.713392 -0.1175972 0.4571226 2.812695 0.04860573 0.6247655 2.654075 0.01010878 0.8884404 2.551209 -0.288441 -0.01995831 2.837604 -0.3185443 -0.450011 2.839217 -0.3043829 -0.7973614 2.747079 -0.1000753 0.02137561 2.791523 -0.06115707 -0.4078517 2.799836 -0.0006771316 -0.8056275 2.705817 
-0.3098452 0.6279717 2.866728 -0.2790424 0.4176319 2.852866 -0.2499528 0.2047657 2.836504 -0.4344822 0.3918078 2.912483 -0.4748328 0.0716572 2.859515 -0.4690632 -0.2100783 2.745547 -0.1236026 0.443456 2.793249 0.01547622 0.5834212 2.58657 -0.02023907 0.8239293 2.440694 -0.3121807 -0.02327155 2.855166 -0.32455 -0.4535984 2.841122 -0.3118549 -0.7973325 2.738918 -0.1295459 0.007070618 2.785119 -0.0637887 -0.4183783 2.795077 -0.007969978 -0.8104621 2.707611 
-0.3007942 0.6207529 2.84454 -0.2739961 0.4089406 2.843954 -0.2488639 0.1952295 2.837522 -0.4278868 0.3888585 2.9099 -0.4751776 0.07322965 2.862413 -0.4761772 -0.2142538 2.766748 -0.1201055 0.4290228 2.778008 0.008376786 0.5568615 2.55478 -0.03142145 0.7749253 2.386652 -0.3141456 -0.03028026 2.869834 -0.3207581 -0.4606817 2.850076 -0.3060683 -0.8032115 2.747601 -0.1333176 -0.006682907 2.792345 -0.05672088 -0.4304507 2.803589 -0.003010612 -0.8228495 2.719475 
-0.2947872 0.616551 2.833432 -0.2721937 0.40389 2.840096 -0.250342 0.1896586 2.839507 -0.4241765 0.3881908 2.911756 -0.4769651 0.06906497 2.875795 -0.4804478 -0.2166963 2.7815 -0.1202108 0.4195892 2.768436 0.002774307 0.5320041 2.527924 -0.04381082 0.7108644 2.33244 -0.3177929 -0.03379736 2.881025 -0.3231153 -0.4632651 2.847158 -0.3068208 -0.8002146 2.745111 -0.1391877 -0.01534821 2.796812 -0.05849649 -0.4385161 2.795242 -0.006245106 -0.8156691 2.715988 
-0.2943476 0.616653 2.839832 -0.2724243 0.4031876 2.842386 -0.2521968 0.1887245 2.838627 -0.4233278 0.3876509 2.916795 -0.4695114 0.07055176 2.888912 -0.4793546 -0.2153967 2.799264 -0.1215207 0.4187241 2.767977 -0.01313696 0.4989727 2.508479 -0.05991902 0.6422687 2.29262 -0.3206013 -0.03486384 2.878572 -0.3218368 -0.4630098 2.83093 -0.3039581 -0.7989612 2.730446 -0.1433376 -0.0166133 2.791166 -0.05538914 -0.4383821 2.783591 -0.003984001 -0.8132446 2.703553 
-0.2829252 0.6139939 2.820975 -0.2647628 0.4006301 2.833383 -0.2480141 0.1859364 2.837028 -0.4178603 0.389887 2.904081 -0.468324 0.07031921 2.906469 -0.4802769 -0.2146158 2.813604 -0.1116654 0.4113731 2.762686 -0.02467947 0.4479295 2.494641 -0.06975556 0.5294735 2.25568 -0.3212916 -0.03507454 2.882246 -0.3164391 -0.4636223 2.836966 -0.3031681 -0.7971314 2.73307 -0.1412391 -0.02243999 2.799101 -0.04919023 -0.4434363 2.789687 0.002137203 -0.8138331 2.720056 
