-0.4451331 0.6064523 2.73023 -0.4157202 0.3953905 2.752563 -0.3841333 0.1827208 2.768371 -0.5765284 0.3681802 2.707813 -0.6191239 0.0791835 2.756857 -0.5774465 -0.2067764 2.688175 -0.2549119 0.4226007 2.797314 -0.06702886 0.3682374 2.96574 0.1261016 0.5265828 3.021003 -0.4470656 -0.04594244 2.757874 -0.4753892 -0.4727723 2.70369 -0.5013278 -0.8129981 2.584931 -0.2580273 -0.01395544 2.810481 -0.2246455 -0.443605 2.820949 -0.185517 -0.7861668 2.858488 
-0.4465721 0.6027671 2.73423 -0.4159008 0.3932045 2.7557 -0.3836038 0.1805744 2.770771 -0.5765176 0.3655919 2.710324 -0.6214061 0.07872546 2.752011 -0.5754279 -0.2055283 2.678994 -0.255284 0.4208171 2.801077 -0.0495356 0.4191279 2.955402 0.1118282 0.6210042 2.981534 -0.4457309 -0.04828882 2.759166 -0.4718564 -0.4755134 2.706932 -0.4975799 -0.8103435 2.588834 -0.2568827 -0.01582272 2.812518 -0.221871 -0.4449096 2.833435 -0.1822948 -0.7996763 2.863047 
-0.4449199 0.6043805 2.736708 -0.4141504 0.3951226 2.758226 -0.3811677 0.1826209 2.773725 -0.5744076 0.3668699 2.711898 -0.6210558 0.07268518 2.752237 -0.5712554 -0.2097775 2.674825 -0.2538932 0.4233754 2.804554 -0.03328712 0.4640713 2.931712 0.08817823 0.6971436 2.935742 -0.4424129 -0.04649278 2.761985 -0.4713393 -0.4741618 2.715425 -0.4946154 -0.8067065 2.591065 -0.2539571 -0.01326875 2.816464 -0.2209911 -0.4426503 2.836689 -0.1802873 -0.7953441 2.863439 
-0.4391347 0.5996752 2.728573 -0.4083639 0.3910537 2.758722 -0.3765831 0.1789718 2.780438 -0.5696563 0.3625436 2.716336 -0.6156906 0.07782199 2.756826 -0.5618379 -0.202686 2.674893 -0.2470715 0.4195637 2.801109 -0.01952655 0.5253129 2.879915 0.05363842 0.7853495 2.851298 -0.4396621 -0.04987753 2.777226 -0.4736083 -0.4776365 2.734854 -0.5018672 -0.8130242 2.595915 -0.2499425 -0.01634274 2.827083 -0.2217879 -0.4463062 2.842974 -0.1815174 -0.7898408 2.863726 
-0.436811 0.5981269 2.733389 -0.4054318 0.3901649 2.762404 -0.3739962 0.1779513 2.78366 -0.5679184 0.3623072 2.724583 -0.6120805 0.07010733 2.760646 -0.5552655 -0.2083639 2.673976 -0.2429453 0.4180226 2.800224 -0.01176813 0.5531513 2.84746 0.03718529 0.8210155 2.809336 -0.4381393 -0.05064886 2.78267 -0.4741103 -0.4772185 2.731621 -0.4996512 -0.8112419 2.591728 -0.2469819 -0.01787567 2.827163 -0.2205679 -0.4480535 2.840421 -0.1784776 -0.7915002 2.859023 
-0.4340253 0.6038966 2.74533 -0.4040741 0.3947914 2.768835 -0.3736975 0.1820486 2.785488 -0.5685942 0.369095 2.740661 -0.61115 0.07020206 2.766263 -0.5515056 -0.207681 2.679485 -0.239554 0.4204877 2.797009 -0.01600711 0.5664618 2.806791 0.02031638 0.8371694 2.762788 -0.4402162 -0.04582826 2.785547 -0.4786346 -0.4715981 2.729652 -0.5026805 -0.8044152 2.588012 -0.2464256 -0.0155601 2.818734 -0.2243752 -0.4457927 2.836534 -0.1796339 -0.7831664 2.848039 
-0.4205773 0.6036578 2.754837 -0.3957229 0.3934876 2.776183 -0.3708389 0.1798935 2.791334 -0.5628937 0.3733656 2.767068 -0.6064008 0.07457849 2.780592 -0.5537661 -0.2029157 2.688242 -0.2285521 0.4136097 2.785297 -0.02802008 0.5896193 2.723574 -0.008201379 0.864099 2.664088 -0.4443889 -0.04554886 2.801118 -0.47613 -0.4707129 2.737004 -0.499171 -0.8074495 2.596246 -0.2475211 -0.02185223 2.811852 -0.2182907 -0.4511487 2.839129 -0.1787902 -0.7864228 2.855587 
-0.4179234 0.6089239 2.775632 -0.3969848 0.3984971 2.786164 -0.3749262 0.1843252 2.794288 -0.5643488 0.3814494 2.79117 -0.6032056 0.07778747 2.788269 -0.558017 -0.2014949 2.697599 -0.2296207 0.4155447 2.781159 -0.03977565 0.592559 2.680491 -0.02600177 0.8655137 2.614532 -0.4514741 -0.03989061 2.805361 -0.4821188 -0.4644148 2.736534 -0.5048606 -0.8066224 2.588871 -0.2542612 -0.0198026 2.799463 -0.2250422 -0.4488683 2.830471 -0.1858381 -0.7803887 2.847195 
-0.4136146 0.6101948 2.777426 -0.3922363 0.398787 2.788133 -0.3708474 0.1844641 2.796118 -0.5592387 0.3826846 2.803271 -0.5999197 0.08334696 2.79427 -0.5585628 -0.1971399 2.705385 -0.2252339 0.4148894 2.772996 -0.05438777 0.5892784 2.644292 -0.04334457 0.859614 2.569868 -0.4475757 -0.03931929 2.812996 -0.4709903 -0.4652677 2.75097 -0.491836 -0.810422 2.596783 -0.2513414 -0.02039836 2.79521 -0.2134958 -0.4471752 2.840754 -0.1737 -0.7804091 2.856437 
-0.4014926 0.60829 2.78899 -0.3867754 0.3957127 2.794614 -0.3716344 0.1808351 2.799068 -0.5525576 0.3845919 2.821663 -0.6008557 0.08945768 2.80208 -0.5554331 -0.1908477 2.714551 -0.2209931 0.4068334 2.767565 -0.07879413 0.572028 2.592949 -0.07193071 0.8331886 2.491341 -0.4540503 -0.04058672 2.819439 -0.4779241 -0.4662791 2.755369 -0.500157 -0.8127455 2.59447 -0.2589367 -0.02749843 2.787605 -0.2229116 -0.4535385 2.841627 -0.1850823 -0.7880265 2.853245 
-0.3916222 0.6104197 2.795237 -0.3826072 0.3975976 2.799497 -0.3729023 0.1823742 2.802565 -0.5468328 0.3907171 2.836306 -0.6015419 0.08813449 2.811638 -0.550182 -0.1893744 2.718899 -0.2183814 0.404478 2.762688 -0.09392154 0.5509713 2.556683 -0.09349918 0.7978935 2.423679 -0.4597149 -0.03689294 2.827267 -0.4754798 -0.4619491 2.757256 -0.4990098 -0.8089878 2.594583 -0.2666799 -0.02880551 2.784 -0.222352 -0.4528815 2.846405 -0.1832432 -0.7828233 2.857618 
-0.3792638 0.6133734 2.8038 -0.3792865 0.4000747 2.80876 -0.3782841 0.184627 2.81157 -0.5409115 0.3999587 2.857521 -0.5953523 0.1036284 2.833409 -0.5514728 -0.1726956 2.7335 -0.2176615 0.4001906 2.76 -0.1237357 0.499223 2.510029 -0.123834 0.6977975 2.322437 -0.4721986 -0.03088881 2.843016 -0.4752681 -0.4558189 2.770273 -0.5002633 -0.8150587 2.599006 -0.2823647 -0.03075267 2.785745 -0.2246885 -0.450749 2.863301 -0.181428 -0.7887313 2.867377 
-0.3746705 0.6117943 2.812991 -0.3769527 0.3987041 2.814153 -0.3791014 0.1832198 2.813864 -0.5377534 0.4002379 2.866077 -0.5901694 0.1043532 2.841137 -0.5528059 -0.171856 2.738351 -0.216152 0.3971703 2.762229 -0.1288912 0.4755811 2.497062 -0.1338673 0.6334072 2.281092 -0.4757187 -0.03136348 2.844079 -0.4732266 -0.4543095 2.76111 -0.4962885 -0.8129175 2.58884 -0.2867814 -0.03316563 2.783069 -0.2203296 -0.4533035 2.852118 -0.1774707 -0.7892506 2.857885 
-0.370722 0.6109945 2.817608 -0.3744767 0.398686 2.81844 -0.3781436 0.1831725 2.817292 -0.5337388 0.4010947 2.875021 -0.583212 0.1053919 2.851349 -0.5530906 -0.1692569 2.742415 -0.2152146 0.3962774 2.761859 -0.1419564 0.4437754 2.483555 -0.1433297 0.5619534 2.248704 -0.475439 -0.03092499 2.849408 -0.4704244 -0.4542677 2.768088 -0.489052 -0.8182656 2.598665 -0.288182 -0.03375705 2.782881 -0.2174956 -0.4526367 2.855936 -0.1734251 -0.7840256 2.860078 
-0.3692066 0.611205 2.81939 -0.3729586 0.3988968 2.820501 -0.3764479 0.1833471 2.819337 -0.53177 0.4011542 2.878603 -0.5809236 0.1070115 2.86242 -0.5550369 -0.1649972 2.746074 -0.2141471 0.3966394 2.762399 -0.1559852 0.417389 2.482263 -0.1454091 0.4874705 2.231613 -0.4732779 -0.03087585 2.852323 -0.4672599 -0.4528396 2.76418 -0.4875127 -0.8172939 2.601065 -0.2865967 -0.03352942 2.784025 -0.2136856 -0.4528176 2.852834 -0.1703966 -0.7864982 2.85825 
