-0.3229213 0.6270296 2.786759 -0.2910717 0.4153709 2.791005 -0.2568996 0.2025674 2.790896 -0.4460931 0.3905096 2.728279 -0.5101166 0.08931949 2.725729 -0.4372455 -0.2065638 2.671129 -0.1360503 0.4402322 2.85373 0.02759485 0.3949663 3.067698 0.1706562 0.5972356 3.187051 -0.3138297 -0.02484647 2.753925 -0.3316562 -0.4497077 2.823651 -0.3173738 -0.8117438 2.726219 -0.1316254 0.004374207 2.82765 -0.08368299 -0.4226852 2.858711 0.02673487 -0.8282647 2.664257 
-0.3237237 0.6232891 2.78297 -0.2911097 0.4125158 2.789214 -0.2563055 0.1997859 2.790868 -0.4463278 0.3866388 2.72719 -0.5055556 0.08915393 2.724355 -0.4268935 -0.2010397 2.667589 -0.1358915 0.4383928 2.851237 0.03579726 0.4339897 3.069339 0.1503007 0.6614438 3.171534 -0.3127387 -0.02815445 2.756065 -0.3288006 -0.453505 2.824152 -0.3180062 -0.8123235 2.721286 -0.1302639 0.002266602 2.828979 -0.07937305 -0.4251903 2.843968 0.01750529 -0.8137005 2.688903 
-0.3285546 0.634736 2.787144 -0.2940932 0.4232872 2.79384 -0.2593641 0.2105642 2.794415 -0.4499608 0.3976765 2.733197 -0.4993466 0.1025996 2.729262 -0.4180672 -0.1801431 2.669706 -0.1382256 0.448898 2.854483 0.05445901 0.5150098 3.061841 0.1187643 0.774946 3.135876 -0.3162854 -0.01721797 2.759332 -0.3305661 -0.4421687 2.830631 -0.3228007 -0.8080397 2.728671 -0.1329848 0.01290031 2.830649 -0.080385 -0.4146954 2.845918 0.01802264 -0.8174289 2.682603 
-0.3271962 0.6371157 2.793678 -0.2929801 0.4256439 2.797807 -0.2584709 0.2128566 2.796669 -0.4484786 0.4007571 2.735909 -0.4888195 0.1061012 2.731912 -0.409638 -0.177613 2.67993 -0.1374815 0.4505308 2.859706 0.05873393 0.5565081 3.052931 0.09152297 0.8257598 3.10453 -0.3154 -0.01456505 2.759131 -0.3262509 -0.4409455 2.821625 -0.3201368 -0.8083579 2.720065 -0.1325236 0.01470345 2.831928 -0.08028377 -0.413129 2.842038 0.02158642 -0.8241415 2.665229 
-0.3187625 0.6287426 2.799824 -0.2848113 0.4191212 2.803098 -0.2500174 0.2063489 2.801662 -0.4405493 0.3940674 2.741885 -0.4772594 0.1041645 2.745937 -0.3942758 -0.1771801 2.690946 -0.1290732 0.4441751 2.864311 0.06093269 0.6168774 2.999235 0.05488226 0.8928367 3.027401 -0.3068102 -0.02115715 2.764228 -0.322582 -0.4483755 2.819935 -0.3185239 -0.8135299 2.725661 -0.123637 0.008310287 2.836224 -0.07073522 -0.4195332 2.838841 0.02328784 -0.827841 2.67107 
-0.3133754 0.628448 2.802517 -0.2802272 0.4188831 2.805393 -0.2461859 0.2059841 2.804037 -0.4370485 0.3941812 2.7469 -0.4746832 0.0992656 2.753034 -0.3850289 -0.1797339 2.697504 -0.123406 0.4435851 2.863886 0.05946924 0.6449406 2.97412 0.04271852 0.9239706 2.99419 -0.3043717 -0.02144231 2.76828 -0.3195206 -0.4493155 2.819112 -0.3183196 -0.810913 2.728954 -0.1199174 0.00761232 2.83708 -0.06684399 -0.4201941 2.832523 0.02136417 -0.8194395 2.681722 
-0.3011255 0.6207823 2.800312 -0.2684748 0.4112883 2.806488 -0.2362101 0.1981173 2.807107 -0.4294432 0.3867933 2.761153 -0.4720298 0.09576453 2.771123 -0.3836034 -0.1817424 2.707261 -0.1075064 0.4357833 2.851822 0.058394 0.6807695 2.908809 0.0330791 0.9620231 2.921671 -0.2986122 -0.02945941 2.781064 -0.3148614 -0.4581074 2.824843 -0.3206958 -0.8154038 2.731812 -0.1092786 -0.0006479492 2.834388 -0.0594633 -0.4284156 2.815288 0.01838315 -0.8183109 2.692486 
-0.2944439 0.6193604 2.802301 -0.2637037 0.4095743 2.807564 -0.2333149 0.1961374 2.806499 -0.4266989 0.3865571 2.769558 -0.4720338 0.0941055 2.784142 -0.3834943 -0.180947 2.711008 -0.1007086 0.4325916 2.845571 0.05766203 0.6983593 2.873455 0.02475983 0.9812514 2.879779 -0.2988174 -0.03084082 2.783075 -0.3156814 -0.4595989 2.825736 -0.3199616 -0.8082335 2.726215 -0.1070346 -0.003758392 2.827793 -0.05621221 -0.4313304 2.80577 0.01642413 -0.8143138 2.688854 
-0.2814248 0.6196411 2.802796 -0.2545193 0.4095343 2.808822 -0.2277116 0.195612 2.808014 -0.4206049 0.3888029 2.787228 -0.4703099 0.09221563 2.808426 -0.392789 -0.1823189 2.722308 -0.08843378 0.4302656 2.830416 0.04985262 0.6969351 2.806659 0.02603201 0.9861385 2.786241 -0.298691 -0.0305164 2.794492 -0.3099218 -0.458393 2.845856 -0.3174579 -0.8024492 2.733843 -0.1031167 -0.006104172 2.81992 -0.05320952 -0.4339631 2.807466 0.01790014 -0.8183374 2.679869 
-0.2744651 0.6223586 2.801548 -0.24976 0.4112239 2.808948 -0.2250524 0.1970515 2.809207 -0.4168945 0.3919264 2.795305 -0.4700849 0.09290884 2.817084 -0.3988585 -0.1841661 2.733532 -0.08262541 0.4305213 2.822592 0.04763035 0.6898528 2.777145 0.03284065 0.9784847 2.737491 -0.2986089 -0.02846658 2.801445 -0.3079214 -0.4565327 2.852135 -0.3183911 -0.8048343 2.731755 -0.102081 -0.00577533 2.817488 -0.05012519 -0.4334571 2.802854 0.01541182 -0.815921 2.683565 
-0.2633948 0.6241266 2.817833 -0.249648 0.4135918 2.816415 -0.2355226 0.1987007 2.809567 -0.4172674 0.4022108 2.827806 -0.4642128 0.1050371 2.853966 -0.4195841 -0.1717491 2.754512 -0.08202868 0.4249727 2.805024 0.04493541 0.6754754 2.716148 0.02974294 0.9570066 2.638496 -0.3199668 -0.02288312 2.809417 -0.3172904 -0.4525978 2.842116 -0.3230645 -0.8098003 2.729155 -0.1228275 -0.009497803 2.79602 -0.05534605 -0.4349343 2.795655 0.001555908 -0.8211055 2.684027 
-0.2586842 0.6243954 2.830657 -0.2479407 0.4134781 2.821801 -0.2375834 0.1986834 2.809042 -0.4143425 0.4040471 2.845495 -0.4616489 0.1096324 2.864342 -0.4310037 -0.1700792 2.767715 -0.08153891 0.4229091 2.798108 0.04416682 0.6601138 2.68976 0.02771582 0.9300621 2.581268 -0.3251068 -0.02165881 2.810221 -0.3126005 -0.4515233 2.838276 -0.3182838 -0.8069173 2.727301 -0.1293454 -0.01056381 2.782347 -0.05271001 -0.4345412 2.786572 0.005180786 -0.8224004 2.672314 
-0.2533836 0.6262748 2.848579 -0.2467611 0.4151438 2.830138 -0.240557 0.2007746 2.810416 -0.4106247 0.4069824 2.867304 -0.4616273 0.09403082 2.873797 -0.4383737 -0.187904 2.777776 -0.08289742 0.4233053 2.792972 0.04883345 0.6477907 2.646604 0.02450314 0.9107066 2.523309 -0.3307833 -0.01839743 2.812566 -0.3119041 -0.4483639 2.836117 -0.3170761 -0.8026858 2.727924 -0.1379226 -0.008791748 2.768823 -0.05388145 -0.430962 2.785866 0.004022019 -0.8234757 2.671355 
-0.2447175 0.6297483 2.846038 -0.2414785 0.4175811 2.831738 -0.2396396 0.2028127 2.814953 -0.4026957 0.412441 2.879846 -0.4622187 0.08245715 2.88602 -0.4438407 -0.20331 2.796577 -0.08026145 0.4227212 2.78363 0.04201978 0.6204459 2.593963 0.0193527 0.8676178 2.444103 -0.3325511 -0.01497661 2.826441 -0.3042943 -0.4447383 2.840657 -0.3102624 -0.7973882 2.739474 -0.1430501 -0.008934707 2.769894 -0.04779194 -0.4284404 2.793126 0.006019718 -0.8263798 2.68535 
-0.240382 0.6305261 2.855693 -0.2388637 0.4187344 2.836808 -0.2393261 0.204269 2.81602 -0.3968948 0.4134456 2.894888 -0.4587462 0.08233044 2.897063 -0.4477252 -0.2113593 2.813485 -0.0808327 0.4240233 2.778727 0.03940053 0.5891029 2.559076 0.01723826 0.8100806 2.376839 -0.3326486 -0.01330424 2.82936 -0.3010234 -0.4429158 2.827844 -0.3088574 -0.7987569 2.728542 -0.1469285 -0.007088699 2.761102 -0.04369779 -0.4251112 2.777411 0.006509602 -0.82524 2.676743 
-0.2354068 0.6353963 2.861481 -0.2356721 0.4227978 2.840227 -0.2384358 0.2084991 2.817469 -0.3923175 0.4181655 2.902869 -0.4414055 0.08519034 2.908052 -0.4462482 -0.2142137 2.832225 -0.07902676 0.42743 2.777586 0.03367942 0.5445198 2.527581 0.01792275 0.7110103 2.308624 -0.333141 -0.008518432 2.831477 -0.3018143 -0.4383779 2.829719 -0.3072132 -0.7948529 2.726825 -0.149258 -0.003080749 2.757943 -0.03750699 -0.4188175 2.777849 0.006451668 -0.8240927 2.683065 
-0.2263339 0.6311387 2.863848 -0.2290538 0.41853 2.840235 -0.2345401 0.2044658 2.815633 -0.3857615 0.4152869 2.903402 -0.4344289 0.1029603 2.923575 -0.4369898 -0.199985 2.861885 -0.07234613 0.4217731 2.777068 0.02684534 0.5077552 2.507804 0.01874504 0.6228797 2.263602 -0.3320588 -0.01150308 2.828129 -0.298878 -0.4413095 2.823941 -0.3036156 -0.80478 2.71991 -0.147994 -0.007693756 2.753934 -0.03403498 -0.4228281 2.776415 0.00954533 -0.8326808 2.682134 
-0.2171875 0.6304591 2.853857 -0.2233051 0.4178896 2.837231 -0.2302991 0.20335 2.818098 -0.3794865 0.4171897 2.902173 -0.4292072 0.1149667 2.962022 -0.4291168 -0.1861283 2.890924 -0.06712369 0.4185894 2.772289 0.02620738 0.4304448 2.486672 0.02141448 0.4577479 2.221052 -0.3291138 -0.01160098 2.837146 -0.2967372 -0.4415305 2.831795 -0.3026583 -0.8044063 2.735578 -0.1454725 -0.01077805 2.760785 -0.03292732 -0.4254651 2.795073 0.01439177 -0.8385282 2.686001 
-0.2147829 0.6294606 2.848014 -0.2203124 0.4164267 2.833553 -0.2265182 0.2016409 2.816542 -0.3759455 0.4156706 2.899882 -0.4293467 0.1165008 2.96134 -0.4275274 -0.185953 2.894643 -0.06467941 0.417183 2.767223 0.02810943 0.3972308 2.483324 0.02260295 0.3937426 2.211963 -0.3242272 -0.01358962 2.83853 -0.2931069 -0.4434552 2.826665 -0.2989524 -0.8055913 2.728555 -0.1412206 -0.01270039 2.760534 -0.03437618 -0.4290563 2.793368 0.02501838 -0.8446772 2.659498 
