-0.3242736 0.6328281 2.700172 -0.315439 0.4181555 2.705956 -0.3018516 0.2030009 2.702859 -0.4772754 0.4086323 2.65753 -0.5685106 0.09502612 2.614022 -0.5433163 -0.1596714 2.455907 -0.1536026 0.4276788 2.754381 0.006110428 0.415301 2.941783 0.0842779 0.6614819 3.003778 -0.3834244 -0.01775351 2.671288 -0.4147835 -0.4341428 2.777341 -0.4244543 -0.810769 2.670715 -0.1931039 -0.006554138 2.728237 -0.1227568 -0.431307 2.704314 -0.01306656 -0.7961854 2.559539 
-0.3250646 0.6338051 2.709192 -0.3148424 0.4193086 2.710436 -0.3008757 0.2043179 2.703109 -0.4770437 0.4103849 2.663092 -0.5567685 0.09402365 2.61251 -0.5330595 -0.1547749 2.440698 -0.1526411 0.4282323 2.75778 0.01603987 0.4621377 2.930899 0.07095765 0.7191412 2.980694 -0.3822866 -0.01592004 2.667942 -0.4124928 -0.431762 2.777194 -0.4249366 -0.8114574 2.662316 -0.1915313 -0.005425446 2.723621 -0.1232305 -0.4300819 2.693503 -0.01160766 -0.7967414 2.552852 
-0.324754 0.6340443 2.713703 -0.3128636 0.4202003 2.713601 -0.2988715 0.205222 2.705383 -0.4755064 0.4113665 2.667768 -0.5508906 0.101015 2.620768 -0.525225 -0.1364715 2.43251 -0.1502207 0.4290341 2.759433 0.02651785 0.5310647 2.899446 0.04629622 0.798142 2.926857 -0.380521 -0.01495102 2.670214 -0.4079155 -0.4315487 2.777687 -0.4252551 -0.8141685 2.667097 -0.1892379 -0.004561645 2.724118 -0.1203198 -0.4287532 2.689186 -0.01228455 -0.7945771 2.55873 
-0.3225515 0.6342974 2.717456 -0.3087669 0.4214864 2.717097 -0.2938766 0.2065649 2.708695 -0.4715278 0.4119809 2.671796 -0.5489632 0.107495 2.628896 -0.5135907 -0.1249154 2.429516 -0.146006 0.4309919 2.762397 0.03424469 0.5850424 2.864715 0.02465828 0.8572481 2.891667 -0.3746952 -0.01394615 2.673655 -0.4010872 -0.4327122 2.772471 -0.421683 -0.8150613 2.668853 -0.1832775 -0.002767075 2.726931 -0.1155203 -0.4263853 2.68418 -0.007321846 -0.7939274 2.562921 
-0.3230821 0.6397369 2.727831 -0.3076681 0.4280521 2.723048 -0.2927177 0.2133149 2.71124 -0.4716912 0.4188458 2.682801 -0.5390353 0.1057839 2.633448 -0.5009238 -0.120236 2.426301 -0.1436451 0.4372585 2.763296 0.0300719 0.6314773 2.822359 0.003979098 0.9085202 2.853038 -0.3742649 -0.006838577 2.675753 -0.4057679 -0.4261751 2.770705 -0.4273061 -0.8064308 2.667309 -0.1812694 0.003993942 2.72311 -0.1195219 -0.4204454 2.67934 -0.01111879 -0.7880923 2.556224 
-0.3166661 0.6348794 2.733103 -0.3038509 0.4234601 2.724324 -0.2905326 0.2087726 2.709993 -0.4702877 0.4147333 2.700381 -0.5366388 0.1054622 2.640803 -0.4973453 -0.1316935 2.447453 -0.1374142 0.4321869 2.748266 0.01295566 0.65292 2.767024 -0.01091367 0.9337378 2.766605 -0.3755322 -0.0110701 2.681519 -0.3978606 -0.4328578 2.767098 -0.4291291 -0.8174759 2.668859 -0.1788963 -0.0007598572 2.709805 -0.1179522 -0.4257326 2.669984 -0.01209252 -0.7991978 2.547728 
-0.3113805 0.629659 2.73578 -0.3019046 0.4176151 2.725314 -0.2918015 0.2027555 2.710993 -0.4696732 0.4104276 2.714793 -0.5378103 0.1047096 2.653497 -0.4921992 -0.141841 2.470216 -0.1341361 0.4248025 2.735834 0.001789841 0.6596053 2.72037 -0.02458033 0.9407797 2.695862 -0.380429 -0.0163338 2.69048 -0.3976455 -0.4415024 2.756499 -0.4291334 -0.8168464 2.675362 -0.1829679 -0.007874267 2.702863 -0.1206434 -0.4334441 2.674544 -0.01676227 -0.8008503 2.555052 
-0.3088904 0.6280537 2.736625 -0.3026517 0.4157762 2.726528 -0.295637 0.2007549 2.712823 -0.4705984 0.4100353 2.730639 -0.5393736 0.100321 2.673341 -0.4887482 -0.1498949 2.499045 -0.134705 0.4215171 2.722416 -0.008911125 0.6574838 2.681398 -0.03418857 0.935841 2.630584 -0.3874766 -0.01764552 2.701538 -0.4017228 -0.4451984 2.750247 -0.426021 -0.811096 2.686139 -0.1897681 -0.01088728 2.696698 -0.1223354 -0.4360667 2.674609 -0.01780199 -0.796874 2.554196 
-0.3066783 0.629337 2.73798 -0.3011673 0.4161669 2.727805 -0.2958523 0.2010464 2.714678 -0.4682717 0.4109619 2.745446 -0.5421669 0.09764072 2.694695 -0.489215 -0.1631349 2.538199 -0.1340629 0.4213719 2.710165 -0.02233176 0.651728 2.635545 -0.0457072 0.9271327 2.566082 -0.3887934 -0.01713458 2.711922 -0.3962642 -0.4459049 2.752628 -0.4183922 -0.8028922 2.685775 -0.1922812 -0.01101355 2.691178 -0.1176002 -0.4352188 2.674607 -0.01199039 -0.7950327 2.554547 
-0.3007581 0.6297061 2.738337 -0.3030153 0.416421 2.729167 -0.3050296 0.2011901 2.717396 -0.4651376 0.4154965 2.773815 -0.5238414 0.1096719 2.737465 -0.4917519 -0.1667513 2.603338 -0.1408929 0.4173455 2.68452 -0.04440035 0.6332203 2.556899 -0.06135842 0.8885146 2.432928 -0.4022177 -0.01458354 2.731834 -0.3964058 -0.4448129 2.753239 -0.4200193 -0.8034684 2.685438 -0.2118701 -0.01349809 2.679414 -0.1198124 -0.4343891 2.673801 -0.01350153 -0.7963784 2.556913 
-0.2980102 0.6274686 2.738335 -0.3031055 0.4153191 2.730561 -0.3079309 0.2000169 2.721263 -0.4628501 0.4165934 2.783956 -0.5217783 0.1155151 2.756329 -0.4978596 -0.1669583 2.633118 -0.1433609 0.4140448 2.677167 -0.05520805 0.6157389 2.516587 -0.06722534 0.8531528 2.362122 -0.406541 -0.01453714 2.743312 -0.3980746 -0.4451903 2.75258 -0.4198566 -0.8041284 2.688727 -0.2189715 -0.01603339 2.680617 -0.1207796 -0.4356835 2.679313 -0.01263272 -0.7990007 2.558846 
-0.296663 0.6270381 2.737795 -0.3037832 0.4155531 2.730781 -0.31009 0.2002265 2.722487 -0.4616871 0.4178914 2.790153 -0.5216503 0.1201867 2.771303 -0.5049922 -0.169332 2.664794 -0.1458793 0.4132149 2.671408 -0.05907972 0.5873766 2.48033 -0.07603467 0.8038899 2.300728 -0.4091011 -0.01372736 2.74905 -0.3971933 -0.4445282 2.752353 -0.4183271 -0.8007988 2.681252 -0.2236926 -0.0164729 2.679336 -0.1200048 -0.4348841 2.679861 -0.008121902 -0.7996438 2.553507 
-0.2967605 0.6287599 2.747522 -0.303052 0.4158299 2.734884 -0.3090003 0.2007197 2.722396 -0.459929 0.4165309 2.797537 -0.521679 0.1230324 2.792908 -0.512421 -0.1709388 2.69769 -0.1461749 0.4151289 2.67223 -0.0760882 0.5351568 2.430653 -0.08358046 0.704093 2.224344 -0.4070844 -0.01397874 2.746706 -0.3939673 -0.4448666 2.746444 -0.4138138 -0.8055608 2.672849 -0.2228126 -0.01480223 2.673112 -0.1151863 -0.4322691 2.675698 -0.001411797 -0.7994233 2.545681 
-0.2946143 0.6284052 2.742342 -0.3002706 0.4149891 2.733899 -0.3054397 0.1997212 2.723698 -0.457004 0.4157482 2.797305 -0.5206221 0.1249262 2.810417 -0.5156307 -0.1713577 2.721144 -0.1435373 0.4142301 2.670493 -0.08704279 0.497583 2.412315 -0.08785658 0.6029499 2.17502 -0.4026963 -0.01510074 2.750751 -0.3897364 -0.4459737 2.75688 -0.41144 -0.8077577 2.680131 -0.2185212 -0.01599265 2.676243 -0.1113952 -0.4335957 2.682121 0.00314624 -0.8032566 2.556596 
-0.2921542 0.624141 2.729767 -0.298303 0.4111404 2.728758 -0.3036918 0.1957353 2.723803 -0.4565291 0.4137286 2.788334 -0.5176272 0.127082 2.823227 -0.5194204 -0.1711017 2.739925 -0.1400769 0.4085523 2.669182 -0.09259412 0.4582474 2.404134 -0.08796707 0.497474 2.146633 -0.402118 -0.01814796 2.75388 -0.3939368 -0.4491918 2.757576 -0.4153152 -0.8098682 2.676673 -0.2160432 -0.02119167 2.683818 -0.1105188 -0.4392118 2.68259 0.0008802871 -0.8062302 2.560324 
-0.2920659 0.6261641 2.733984 -0.2983384 0.4123256 2.729786 -0.3033295 0.1969395 2.722684 -0.4557576 0.4139343 2.791627 -0.5137343 0.1238944 2.831286 -0.5223237 -0.1769371 2.758945 -0.1409191 0.410717 2.667946 -0.09581587 0.4141147 2.39656 -0.08823103 0.4164166 2.129945 -0.4008659 -0.01750099 2.751936 -0.3936709 -0.4485789 2.757759 -0.415657 -0.8067383 2.670858 -0.2157752 -0.01939247 2.679225 -0.111617 -0.437418 2.66593 -0.001439087 -0.8007456 2.550264 
-0.2920358 0.6258547 2.740778 -0.3027703 0.4126559 2.733588 -0.3128181 0.1974896 2.725792 -0.4549619 0.4171139 2.806707 -0.5136369 0.1246591 2.847581 -0.5253466 -0.1757519 2.7726 -0.1505789 0.4081979 2.660469 -0.101958 0.3317205 2.396793 -0.09359174 0.2959163 2.123148 -0.4124952 -0.01505122 2.761059 -0.4047939 -0.4461662 2.765899 -0.4271478 -0.8057031 2.679865 -0.2332364 -0.02030205 2.674935 -0.1281893 -0.4384213 2.670309 -0.01813165 -0.8013496 2.552375 
