-0.3779522 0.6271853 2.587042 -0.3695489 0.4132424 2.598364 -0.357546 0.1981402 2.605886 -0.5078632 0.4021416 2.501627 -0.5888908 0.09075204 2.445331 -0.5361868 -0.1689937 2.291657 -0.2312347 0.4243432 2.695101 -0.05767067 0.3846631 2.909596 0.04863515 0.6051944 3.029037 -0.4268625 -0.02348859 2.556533 -0.4674191 -0.4494787 2.609733 -0.4747399 -0.81528 2.509735 -0.2642235 -0.01043555 2.670282 -0.1400012 -0.4203683 2.623787 -0.03433066 -0.7898467 2.578194 
-0.3805431 0.6285285 2.585126 -0.3696803 0.4146911 2.597755 -0.3564762 0.199647 2.6055 -0.5087106 0.4027095 2.502103 -0.5839525 0.08987372 2.445665 -0.5335761 -0.1684182 2.291567 -0.23065 0.4266727 2.693407 -0.0548363 0.4223332 2.901788 0.03340286 0.6611319 3.012774 -0.4250153 -0.02244168 2.557006 -0.4658838 -0.44933 2.60137 -0.4749969 -0.8148043 2.504419 -0.2615289 -0.008352417 2.669484 -0.1324678 -0.416372 2.618363 -0.03159671 -0.7890223 2.570668 
-0.3786233 0.6261634 2.585407 -0.3623545 0.413676 2.59927 -0.3434059 0.1990418 2.606244 -0.5044966 0.3981905 2.508894 -0.5827558 0.08498544 2.457641 -0.5316682 -0.169415 2.303776 -0.2202124 0.4291615 2.689645 -0.03496046 0.4868126 2.87865 0.01295434 0.7487351 2.958692 -0.4080567 -0.02470012 2.560066 -0.447559 -0.4521914 2.59944 -0.4688236 -0.8200476 2.503316 -0.2408582 -0.006484848 2.666372 -0.1136076 -0.4152046 2.615263 -0.02603748 -0.7918604 2.566546 
-0.3723879 0.625165 2.594307 -0.3540533 0.4133672 2.605137 -0.3342721 0.1987514 2.610433 -0.4981189 0.3979348 2.517855 -0.5793982 0.07700684 2.466814 -0.5226104 -0.1709528 2.308624 -0.2099878 0.4287997 2.69242 -0.01899713 0.523389 2.864317 0.01182944 0.7915872 2.937511 -0.3992104 -0.02493965 2.564401 -0.4391072 -0.4526258 2.601793 -0.4673927 -0.8145847 2.50599 -0.2297713 -0.006789139 2.667057 -0.1099426 -0.418507 2.623236 -0.02642 -0.7913249 2.569408 
-0.3661838 0.6235749 2.58924 -0.3462178 0.4117292 2.604733 -0.3252174 0.1973906 2.61397 -0.492648 0.393821 2.522098 -0.5746277 0.07797455 2.479374 -0.5152785 -0.1719758 2.321764 -0.1997876 0.4296375 2.687367 -0.008949127 0.5582331 2.842649 0.008795555 0.8295324 2.910558 -0.3903568 -0.02748285 2.574596 -0.4286341 -0.4556756 2.607716 -0.4662433 -0.8177043 2.513033 -0.2180772 -0.006413269 2.671818 -0.1052974 -0.4200668 2.627182 -0.02604479 -0.7916426 2.574628 
-0.3518485 0.6263313 2.595781 -0.3319837 0.4141393 2.608684 -0.3124155 0.1995709 2.615692 -0.4835492 0.3979511 2.53625 -0.5683867 0.0730166 2.504229 -0.5067229 -0.1780597 2.347203 -0.1804181 0.4303274 2.681118 0.008451249 0.5990776 2.799885 0.005777254 0.8758836 2.861693 -0.3821487 -0.02453543 2.580022 -0.4152212 -0.4537685 2.600025 -0.4674244 -0.8151615 2.507343 -0.203546 -0.005459534 2.665377 -0.09302591 -0.4184512 2.610567 -0.02387499 -0.7870368 2.566537 
-0.3414958 0.6230177 2.608344 -0.3184241 0.412119 2.61248 -0.2943127 0.1980557 2.612078 -0.474573 0.3946452 2.551513 -0.5564987 0.07522412 2.52396 -0.5023409 -0.1816182 2.370647 -0.1622752 0.4295927 2.673447 0.02197934 0.62976 2.762781 0.002392916 0.9098934 2.809618 -0.3621485 -0.02629687 2.575776 -0.3924713 -0.4560485 2.589856 -0.457399 -0.8188075 2.496582 -0.178254 -0.005718262 2.647576 -0.0770909 -0.4219134 2.59995 -0.01168108 -0.7867527 2.555216 
-0.3291207 0.6260378 2.60477 -0.3046733 0.4143884 2.613509 -0.2802182 0.2002899 2.615586 -0.4635491 0.3957216 2.559964 -0.545181 0.07757913 2.541453 -0.4984993 -0.1825844 2.39498 -0.1457974 0.4330551 2.667055 0.0270374 0.6619241 2.7239 -0.001008184 0.9459171 2.764426 -0.3491051 -0.02477557 2.586204 -0.3911862 -0.4532725 2.604697 -0.4609345 -0.8128294 2.512994 -0.1624209 -0.002841522 2.649121 -0.07771689 -0.423626 2.615834 -0.01982347 -0.7799796 2.575216 
-0.3162932 0.6206879 2.612988 -0.291012 0.4103626 2.617622 -0.2662516 0.1962471 2.617141 -0.452751 0.391758 2.573534 -0.5321676 0.0798393 2.557703 -0.4964065 -0.185151 2.418631 -0.129273 0.4289672 2.66171 0.02747852 0.6708469 2.690938 -0.001894466 0.9578925 2.703096 -0.3366157 -0.02881052 2.59073 -0.3867116 -0.4567015 2.601554 -0.4599041 -0.8162214 2.507361 -0.1463666 -0.006926422 2.64259 -0.0731003 -0.42934 2.60184 -0.01848539 -0.7875131 2.566771 
-0.292064 0.6262766 2.623765 -0.2699872 0.4146421 2.62385 -0.2482399 0.2002092 2.620571 -0.43653 0.3980277 2.6058 -0.5150715 0.07871725 2.603233 -0.4992189 -0.1898172 2.461129 -0.1034443 0.4312565 2.641899 0.02243273 0.6796948 2.610229 -0.02042099 0.9667969 2.595608 -0.3244227 -0.0239933 2.606679 -0.3810967 -0.450929 2.593685 -0.4612123 -0.808477 2.514572 -0.1285627 -0.004454178 2.627906 -0.06850027 -0.4288717 2.582843 -0.02726973 -0.7810678 2.57047 
-0.2800875 0.6264013 2.622626 -0.2618413 0.4149957 2.624726 -0.2433871 0.2002384 2.62271 -0.4293717 0.4006395 2.620491 -0.5019749 0.07930966 2.628223 -0.5018318 -0.1907661 2.478389 -0.09431092 0.4293519 2.628961 0.02152074 0.6789951 2.569099 -0.0262569 0.9633431 2.53311 -0.3235337 -0.02296842 2.6182 -0.3799475 -0.4493887 2.592921 -0.4613613 -0.8076028 2.517124 -0.1263321 -0.006069611 2.623186 -0.07088661 -0.4311491 2.577633 -0.02965794 -0.7798026 2.567874 
-0.2718592 0.6260227 2.624082 -0.2569979 0.4144371 2.626833 -0.2423051 0.1993902 2.625381 -0.4243868 0.4029327 2.636859 -0.4924599 0.07863077 2.645231 -0.4989621 -0.1941816 2.496243 -0.08960903 0.4259414 2.616808 0.01778542 0.6748054 2.52506 -0.03715265 0.9565068 2.476923 -0.3261135 -0.02242654 2.629828 -0.3806565 -0.4478636 2.589694 -0.4603464 -0.8023155 2.517277 -0.1291109 -0.008886871 2.618029 -0.07511546 -0.4343785 2.574015 -0.03319546 -0.7828764 2.566026 
-0.2620103 0.6310272 2.622467 -0.2526902 0.4182906 2.62816 -0.2445265 0.2029775 2.629303 -0.4182013 0.4121563 2.654733 -0.4820913 0.08023328 2.657402 -0.492929 -0.1974966 2.524515 -0.08717908 0.4244249 2.601587 0.01560051 0.6609856 2.482927 -0.04678194 0.9350891 2.410223 -0.3338902 -0.01595013 2.646104 -0.3883072 -0.4413024 2.602802 -0.4592173 -0.7994695 2.523923 -0.1388355 -0.008720856 2.614788 -0.08323246 -0.4343883 2.574452 -0.04043629 -0.7793489 2.565709 
-0.2538178 0.6258584 2.623558 -0.2506929 0.4133569 2.628966 -0.2475125 0.1979221 2.631893 -0.413664 0.4114968 2.669143 -0.4750425 0.1068721 2.68011 -0.4883824 -0.1779155 2.56802 -0.08772173 0.4152169 2.588789 0.006368652 0.6300566 2.426092 -0.05884551 0.8851938 2.310754 -0.3401012 -0.01860568 2.658428 -0.3864865 -0.4441748 2.608518 -0.4532423 -0.8066954 2.518842 -0.1485632 -0.01641962 2.611209 -0.08523899 -0.4411038 2.572404 -0.03956049 -0.7864065 2.566068 
-0.2493561 0.6243877 2.621972 -0.2494475 0.4126464 2.627948 -0.2488521 0.1971752 2.632693 -0.4105197 0.4132755 2.676725 -0.4710292 0.1175092 2.695537 -0.4891324 -0.1716249 2.597346 -0.08837537 0.4120174 2.579171 -0.0009872895 0.5959651 2.378862 -0.06821251 0.8277784 2.224885 -0.3427309 -0.01792705 2.666047 -0.3862539 -0.4436715 2.614174 -0.4480695 -0.8043665 2.513111 -0.1537826 -0.01866499 2.608828 -0.08217482 -0.4421492 2.571728 -0.03537338 -0.7800826 2.5673 
-0.250123 0.628911 2.621635 -0.2503023 0.4155857 2.627885 -0.2508504 0.2000827 2.633075 -0.4104547 0.4172696 2.680888 -0.4669784 0.1265448 2.706695 -0.4900207 -0.165764 2.619964 -0.09014979 0.4139017 2.574881 -0.0114837 0.554486 2.340454 -0.0797866 0.7637525 2.165016 -0.3453501 -0.01443242 2.669359 -0.3898998 -0.4402104 2.61809 -0.4466828 -0.8055504 2.51191 -0.1574471 -0.01640822 2.607171 -0.08335746 -0.4397193 2.572417 -0.03499612 -0.7741444 2.570698 
-0.2536438 0.6278082 2.620926 -0.2564448 0.415289 2.629096 -0.2589161 0.1997847 2.634321 -0.416301 0.418446 2.683691 -0.4748025 0.1272131 2.713429 -0.4960234 -0.1687543 2.640035 -0.09658859 0.4121321 2.574502 -0.02923705 0.4952395 2.311237 -0.094121 0.6469221 2.10305 -0.3552544 -0.01386595 2.671603 -0.3981376 -0.4396062 2.618412 -0.45134 -0.8074601 2.513986 -0.1675205 -0.01757344 2.607487 -0.09206862 -0.4404852 2.570476 -0.0438479 -0.7798625 2.572023 
-0.2551618 0.6251743 2.621059 -0.2608586 0.4128417 2.62907 -0.2655156 0.1973482 2.63326 -0.4213563 0.4173405 2.682044 -0.4813938 0.1126008 2.719699 -0.5020507 -0.1821823 2.642991 -0.1003609 0.4083429 2.576095 -0.04160703 0.4476241 2.296616 -0.1015721 0.5454749 2.060007 -0.3644857 -0.01550172 2.66858 -0.3975818 -0.4421532 2.616461 -0.4489299 -0.8131484 2.512329 -0.1758594 -0.02078902 2.606322 -0.0956622 -0.4429753 2.571122 -0.04225453 -0.7815648 2.570687 
-0.2596428 0.6265479 2.621147 -0.2666049 0.4137634 2.628499 -0.2725506 0.1982812 2.632158 -0.4266957 0.4191033 2.682827 -0.4866927 0.09980646 2.72436 -0.5099308 -0.1930826 2.634918 -0.1065141 0.4084236 2.574172 -0.05430219 0.4003062 2.292812 -0.1013713 0.4644552 2.042137 -0.3726011 -0.01406221 2.66775 -0.3969963 -0.4415516 2.61798 -0.4474755 -0.8098197 2.516352 -0.1843916 -0.02033992 2.603881 -0.09961345 -0.4421413 2.576505 -0.04249805 -0.7802212 2.568999 
-0.2650366 0.6283035 2.621191 -0.2725699 0.4155297 2.628369 -0.27943 0.2000601 2.631594 -0.4318885 0.4214491 2.684935 -0.4903459 0.09790833 2.724191 -0.5216216 -0.198002 2.63675 -0.1132513 0.4096103 2.571802 -0.06365383 0.3741483 2.29291 -0.1072463 0.4069316 2.033997 -0.3799652 -0.01192891 2.668079 -0.3983099 -0.4398576 2.619168 -0.4475426 -0.8099931 2.517413 -0.1926151 -0.01888982 2.60156 -0.1014278 -0.4396951 2.5809 -0.04221353 -0.7788884 2.568391 
-0.2724236 0.6299718 2.620703 -0.2788403 0.4167832 2.627155 -0.2848725 0.2012886 2.630649 -0.4374954 0.4221729 2.685656 -0.5011719 0.09545029 2.727594 -0.5392798 -0.202941 2.641111 -0.1201852 0.4113934 2.568654 -0.07582974 0.3490782 2.293445 -0.1139049 0.3610598 2.024257 -0.3841939 -0.01103683 2.668541 -0.3956571 -0.4389663 2.617562 -0.4443214 -0.8081682 2.516 -0.1976156 -0.01737515 2.599744 -0.09999552 -0.4368435 2.580776 -0.03848975 -0.7816578 2.568529 
