-0.3458361 0.627635 2.710863 -0.3344741 0.4151052 2.708882 -0.3209312 0.2001674 2.699116 -0.4930294 0.4077468 2.650959 -0.5823424 0.09937292 2.641162 -0.58803 -0.1785262 2.507013 -0.1759188 0.4224636 2.766805 0.002719009 0.4006515 2.947688 0.1095621 0.6360517 3.042701 -0.4006965 -0.01910086 2.655264 -0.4126731 -0.4399979 2.747521 -0.4190421 -0.8064527 2.665119 -0.2140798 -0.01044009 2.723438 -0.1240845 -0.4316554 2.70339 -0.01096941 -0.7949554 2.564128 
-0.343108 0.6247728 2.714059 -0.3296639 0.4128259 2.712086 -0.3146847 0.1979671 2.702461 -0.4858147 0.4048088 2.648039 -0.5806755 0.09867935 2.635612 -0.5829826 -0.1641634 2.476618 -0.1735131 0.420843 2.776133 0.0173564 0.4683298 2.928869 0.07625438 0.7283565 2.996515 -0.3915304 -0.02160623 2.655173 -0.4066468 -0.4404584 2.75584 -0.4202357 -0.8161345 2.665364 -0.2078805 -0.01217728 2.730499 -0.1200513 -0.4334453 2.703819 -0.008997589 -0.8003848 2.563582 
-0.3428481 0.6256079 2.71613 -0.3262574 0.4128618 2.71515 -0.3085597 0.198155 2.707196 -0.4820758 0.4024185 2.650356 -0.5798457 0.1003355 2.634303 -0.583263 -0.1506574 2.459847 -0.1704391 0.4233052 2.779945 0.02816577 0.5286676 2.903439 0.04905415 0.7998195 2.957802 -0.382432 -0.02268913 2.661165 -0.4050377 -0.4402175 2.765875 -0.4225642 -0.8153977 2.668206 -0.1992918 -0.01041457 2.737321 -0.1156436 -0.4318508 2.702221 -0.008540734 -0.7955579 2.56504 
-0.3397477 0.6274578 2.719656 -0.3220753 0.4141551 2.717289 -0.3039062 0.1995152 2.708295 -0.4800528 0.4032614 2.658129 -0.5704429 0.1056823 2.641644 -0.5715877 -0.1361385 2.453206 -0.1640979 0.4250488 2.776449 0.02656516 0.5708164 2.870711 0.02740045 0.8504636 2.911861 -0.3786551 -0.02153201 2.664506 -0.4074816 -0.4379094 2.772354 -0.4279833 -0.8144975 2.665469 -0.1928189 -0.008717224 2.734098 -0.1156317 -0.4304332 2.68973 -0.01064256 -0.7944643 2.555362 
-0.3358414 0.6231698 2.719374 -0.3164246 0.4105324 2.716921 -0.2969607 0.1959554 2.709168 -0.4779202 0.3975733 2.670152 -0.5621716 0.1068249 2.653262 -0.5664213 -0.1270316 2.451415 -0.1549291 0.4234914 2.763689 0.01832343 0.622436 2.818812 0.006192504 0.9117591 2.845234 -0.3726979 -0.02626102 2.673846 -0.4018317 -0.443317 2.779224 -0.426453 -0.8215488 2.669393 -0.1822958 -0.01098233 2.728985 -0.1120465 -0.4329577 2.676517 -0.004966705 -0.7988506 2.554707 
-0.3343746 0.6251164 2.719278 -0.3147165 0.4124081 2.716251 -0.295099 0.1978372 2.708477 -0.4794677 0.3984394 2.686067 -0.5580826 0.1119164 2.667595 -0.5591543 -0.1196732 2.464216 -0.1499653 0.4263768 2.746436 0.0166555 0.6517142 2.766427 -0.004665829 0.9459524 2.775232 -0.3726846 -0.0249753 2.682893 -0.4074905 -0.4440399 2.777469 -0.4299578 -0.813661 2.673056 -0.1782787 -0.008492264 2.718511 -0.113346 -0.4313016 2.665205 -0.01205254 -0.7897775 2.552056 
-0.328427 0.6266977 2.718312 -0.3100355 0.4133162 2.715752 -0.2920035 0.1985958 2.708325 -0.4767666 0.399814 2.701308 -0.5555162 0.1059348 2.669819 -0.5462388 -0.1277323 2.474312 -0.1433044 0.4268184 2.730196 0.0056082 0.6622749 2.72484 -0.01262059 0.9586527 2.712218 -0.3721213 -0.02407295 2.692395 -0.4071205 -0.4424255 2.790421 -0.4271215 -0.8090866 2.674973 -0.1758214 -0.008176163 2.709401 -0.1147213 -0.4327545 2.667684 -0.01037511 -0.7903023 2.552705 
-0.321454 0.6318697 2.726922 -0.3067158 0.4193669 2.71962 -0.2926412 0.20461 2.707992 -0.4743399 0.4084216 2.718878 -0.5474309 0.09756567 2.677 -0.5317589 -0.1397801 2.486693 -0.1390916 0.4303121 2.720362 -0.0006882782 0.6671961 2.681695 -0.02240415 0.9639226 2.655307 -0.3770903 -0.0165802 2.695928 -0.4118765 -0.4390527 2.771318 -0.4292713 -0.8055086 2.669183 -0.1800431 -0.003713745 2.696801 -0.1217203 -0.4294503 2.663345 -0.01421827 -0.7878378 2.549243 
-0.3166306 0.6385459 2.732114 -0.3028885 0.4244598 2.723732 -0.2898129 0.2096014 2.712079 -0.4689473 0.4133413 2.742405 -0.545728 0.0977836 2.695988 -0.5245748 -0.1530897 2.528404 -0.1368299 0.4355783 2.70506 -0.00737085 0.6565516 2.620944 -0.03042707 0.945496 2.555659 -0.3746854 -0.01181515 2.711439 -0.399339 -0.4363864 2.779552 -0.4194896 -0.8061379 2.68313 -0.1787889 0.001301117 2.689412 -0.1166036 -0.424634 2.674018 -0.006175858 -0.790192 2.551907 
-0.3097213 0.6342321 2.735374 -0.3004785 0.4214373 2.725323 -0.2917441 0.2063706 2.713839 -0.4633982 0.4128434 2.762353 -0.5303701 0.09339166 2.719137 -0.5163939 -0.1724802 2.567764 -0.1375588 0.4300311 2.688293 -0.01845929 0.6483493 2.566856 -0.03829676 0.929046 2.470975 -0.3789181 -0.01375505 2.724154 -0.4036667 -0.4409673 2.770129 -0.4245112 -0.8099079 2.684458 -0.1871011 -0.003636948 2.680556 -0.1263606 -0.4301705 2.67224 -0.01169991 -0.8025194 2.549742 
-0.3064731 0.6319596 2.736372 -0.2995864 0.4196597 2.725853 -0.2936528 0.2044921 2.714208 -0.4604851 0.4126508 2.773379 -0.5182103 0.09320306 2.735098 -0.5136054 -0.1870558 2.607104 -0.1386878 0.4266686 2.678326 -0.02747956 0.6271307 2.518565 -0.04328668 0.8990592 2.39798 -0.3819866 -0.01478186 2.730408 -0.4003763 -0.4436555 2.76405 -0.4227019 -0.805989 2.679337 -0.1934517 -0.006569061 2.674719 -0.1193376 -0.4309569 2.672598 -0.01009606 -0.8022227 2.550272 
-0.2984424 0.6327316 2.727494 -0.297593 0.4199459 2.724895 -0.2980856 0.2046068 2.7189 -0.4552858 0.4186859 2.783123 -0.5202265 0.1045835 2.765897 -0.5091453 -0.1841715 2.658515 -0.1399001 0.4212058 2.666666 -0.02854691 0.5791712 2.472982 -0.0550759 0.8198161 2.312069 -0.3912073 -0.01147247 2.74711 -0.4037278 -0.4413595 2.771672 -0.4281474 -0.8016416 2.688504 -0.2059491 -0.009992279 2.678703 -0.1225546 -0.4327632 2.677629 -0.01475574 -0.8045887 2.5611 
-0.291651 0.6260529 2.712408 -0.2957348 0.4122946 2.718491 -0.3007518 0.1969859 2.719257 -0.4521104 0.4161616 2.7812 -0.5146965 0.1183667 2.788889 -0.5146839 -0.1773361 2.701748 -0.1393593 0.4084276 2.655782 -0.03319391 0.5346527 2.441012 -0.06012334 0.739159 2.251367 -0.3974971 -0.0160545 2.756807 -0.3992706 -0.4465522 2.766626 -0.4250171 -0.8116255 2.681912 -0.2140404 -0.02059119 2.683238 -0.1178879 -0.440585 2.680055 -0.007838379 -0.8126085 2.558374 
-0.2887875 0.624997 2.712819 -0.29382 0.4108148 2.718648 -0.3009669 0.1954541 2.71913 -0.449641 0.4161313 2.783485 -0.5101926 0.1195696 2.804423 -0.5226578 -0.1815885 2.741095 -0.137999 0.4054984 2.653811 -0.04809411 0.4933196 2.418023 -0.06494173 0.6590201 2.205003 -0.399566 -0.01678645 2.757666 -0.3925166 -0.4475016 2.763614 -0.4203393 -0.8067997 2.673355 -0.2166616 -0.02302699 2.68156 -0.1091327 -0.4399742 2.668708 -0.002771423 -0.804397 2.549228 
-0.2812777 0.6272889 2.717025 -0.2892611 0.4136288 2.721181 -0.299257 0.1983346 2.720899 -0.4443641 0.4207429 2.787963 -0.502827 0.1230884 2.820525 -0.5270311 -0.1810488 2.776788 -0.134158 0.4065148 2.654399 -0.05854552 0.439149 2.396535 -0.06923027 0.5419455 2.158552 -0.4003744 -0.0127802 2.759851 -0.3890677 -0.4436123 2.762721 -0.4178811 -0.8015265 2.673388 -0.2181317 -0.02113905 2.681384 -0.1057046 -0.4370257 2.669636 -0.001610573 -0.8005913 2.552794 
-0.2778951 0.6308638 2.716611 -0.2873499 0.4170494 2.7218 -0.2982038 0.2017548 2.722042 -0.441869 0.4249162 2.790074 -0.4973554 0.1265932 2.831 -0.5274638 -0.1791036 2.798041 -0.1328307 0.4091827 2.653527 -0.06676942 0.3955711 2.395262 -0.07332921 0.4431912 2.137391 -0.399873 -0.008916321 2.762409 -0.3885598 -0.4397791 2.770206 -0.4190373 -0.8038966 2.673638 -0.2182424 -0.0181633 2.682157 -0.1025736 -0.4332692 2.670073 0.0003224945 -0.7987677 2.552244 
-0.278006 0.6320696 2.717907 -0.2869015 0.4179425 2.721949 -0.2981104 0.2026431 2.722234 -0.4406512 0.4260399 2.79202 -0.5054844 0.1300969 2.840632 -0.5254167 -0.1776575 2.81875 -0.1331517 0.4098451 2.651878 -0.06838644 0.3447839 2.399127 -0.07196567 0.3555938 2.131215 -0.399709 -0.007895783 2.763714 -0.3879116 -0.4386243 2.777574 -0.4196033 -0.807358 2.670843 -0.2189297 -0.01741672 2.681324 -0.1030267 -0.432578 2.671202 1.411438E-05 -0.8016258 2.5494 
