-0.3263224 0.6197702 2.671932 -0.3227379 0.4059746 2.687251 -0.3144039 0.1906747 2.694217 -0.4863327 0.3982731 2.644936 -0.5587605 0.09984277 2.659699 -0.5582418 -0.1986915 2.574491 -0.1591431 0.4136762 2.729567 -0.03481203 0.2865689 2.9659 0.1789304 0.4128923 3.071275 -0.4022595 -0.02915353 2.676303 -0.4101865 -0.4508661 2.765653 -0.4233486 -0.8226182 2.673765 -0.2098802 -0.02009689 2.726064 -0.1243793 -0.442722 2.727669 -0.008408958 -0.8078583 2.558953 
-0.3242206 0.619014 2.666552 -0.3207966 0.4049816 2.68469 -0.312666 0.1897152 2.693217 -0.4844019 0.3971234 2.642302 -0.5633779 0.1044194 2.646332 -0.5609295 -0.185446 2.540148 -0.1571912 0.4128399 2.727078 -0.01040485 0.3357851 2.955935 0.1643751 0.5097697 3.060165 -0.4007244 -0.0301714 2.676823 -0.410728 -0.4513954 2.768389 -0.4243627 -0.8134293 2.671414 -0.2083464 -0.02093111 2.726666 -0.1198873 -0.4427706 2.718584 -0.007510704 -0.8022403 2.556007 
-0.3226826 0.6274159 2.672885 -0.3196493 0.4128356 2.687895 -0.3126388 0.19744 2.693216 -0.4834324 0.4064677 2.645902 -0.5561886 0.1052161 2.638666 -0.5585039 -0.1681238 2.506207 -0.1558662 0.4192034 2.729888 0.004793365 0.3763868 2.945484 0.1415268 0.5903653 3.034277 -0.4019359 -0.02169997 2.673844 -0.4135638 -0.4412675 2.772386 -0.4281483 -0.8062338 2.667987 -0.2093206 -0.01421114 2.723229 -0.1187236 -0.435331 2.706707 -0.01101221 -0.7939821 2.553279 
-0.3209072 0.632237 2.675549 -0.317373 0.4179233 2.68993 -0.3106809 0.2024712 2.693718 -0.4818773 0.4121265 2.650832 -0.5521081 0.09961829 2.635841 -0.5476522 -0.1569137 2.47254 -0.1528688 0.4237202 2.729028 0.02038445 0.4141823 2.929745 0.1241281 0.6530829 3.003211 -0.400735 -0.01639015 2.674512 -0.4100333 -0.4363643 2.771717 -0.4227681 -0.8085398 2.671636 -0.2072425 -0.009571793 2.720499 -0.1157392 -0.4306026 2.704691 -0.006936241 -0.7982154 2.552125 
-0.3163116 0.6308143 2.687387 -0.3136533 0.4171338 2.696494 -0.3088953 0.2016342 2.696079 -0.4784724 0.4135683 2.658464 -0.5485616 0.1043208 2.635915 -0.5339429 -0.1388983 2.447896 -0.1488343 0.4206994 2.734525 0.04767656 0.4795788 2.898401 0.09356232 0.7388121 2.956203 -0.4010594 -0.01596214 2.673299 -0.4013563 -0.4377796 2.761886 -0.4258078 -0.8134905 2.667765 -0.207215 -0.01176866 2.718027 -0.1165949 -0.4328285 2.69797 -0.008954689 -0.8031296 2.553451 
-0.3099813 0.6284479 2.69279 -0.3067556 0.4147974 2.699737 -0.3029031 0.1992789 2.697047 -0.470933 0.4123716 2.658975 -0.545758 0.1066492 2.639444 -0.5230647 -0.1244413 2.435 -0.1425783 0.4172232 2.740499 0.05885553 0.5303012 2.872705 0.06976746 0.8007873 2.915184 -0.3956009 -0.01766624 2.670385 -0.3931835 -0.4406116 2.753713 -0.4192643 -0.8131558 2.668055 -0.2025004 -0.01481313 2.718328 -0.1106026 -0.4355042 2.695983 -0.005272308 -0.8020177 2.558261 
-0.3046889 0.6302887 2.694981 -0.3007224 0.4167794 2.70252 -0.2974045 0.2012275 2.700051 -0.4648639 0.4147229 2.6615 -0.5468427 0.108348 2.645193 -0.5131838 -0.1182051 2.434273 -0.1365809 0.4188359 2.743539 0.0664565 0.5686284 2.835853 0.05554117 0.8445702 2.873699 -0.3905984 -0.01553361 2.673463 -0.3919322 -0.4391042 2.753829 -0.4188823 -0.8111004 2.675561 -0.197575 -0.01311525 2.7217 -0.1076741 -0.4336977 2.691593 -0.006584656 -0.7962824 2.561862 
-0.3000847 0.6275837 2.696568 -0.2950616 0.4150361 2.703799 -0.2904465 0.1994942 2.7021 -0.4604122 0.4117741 2.668494 -0.5399094 0.1106678 2.645575 -0.509127 -0.1150306 2.438164 -0.1297109 0.418298 2.739104 0.07024088 0.5958212 2.799903 0.04200824 0.8733292 2.82678 -0.3831203 -0.01796697 2.679628 -0.3887803 -0.442982 2.751401 -0.4134794 -0.8140368 2.680414 -0.1885425 -0.0141284 2.721174 -0.1038826 -0.4351479 2.683613 -0.001272453 -0.8000175 2.559737 
-0.2923193 0.624212 2.697955 -0.289285 0.4120082 2.703265 -0.2862409 0.1964438 2.700857 -0.4565178 0.4098777 2.682591 -0.5384824 0.1158473 2.652852 -0.5056703 -0.1189995 2.463982 -0.1220521 0.4141387 2.723939 0.06859238 0.6218945 2.736026 0.02404379 0.9006401 2.752348 -0.3818835 -0.0203779 2.686249 -0.3915047 -0.4470247 2.746386 -0.4218143 -0.8102182 2.678757 -0.1845102 -0.01786346 2.710649 -0.1071433 -0.440234 2.672446 -0.007572525 -0.7992327 2.552143 
-0.2845136 0.6229999 2.688132 -0.2832372 0.4108818 2.6995 -0.2820452 0.1953431 2.701614 -0.4514653 0.4098517 2.689308 -0.537097 0.110809 2.657472 -0.5030123 -0.1310406 2.485258 -0.115009 0.411912 2.709692 0.06243816 0.6385657 2.684073 0.007585278 0.9190955 2.698894 -0.3797689 -0.02080132 2.697735 -0.3906819 -0.4486248 2.748835 -0.4207005 -0.8073208 2.681944 -0.1819375 -0.01958989 2.709721 -0.107517 -0.4431793 2.680763 -0.006884361 -0.7979787 2.560375 
-0.2771268 0.6229379 2.68372 -0.2774493 0.4113313 2.697733 -0.2782757 0.195834 2.702673 -0.446058 0.4119602 2.696957 -0.5379687 0.1058389 2.675284 -0.4977066 -0.1437958 2.516345 -0.1088407 0.4107023 2.698508 0.0491191 0.6398125 2.639074 0.002703171 0.9236245 2.638444 -0.3782112 -0.01929362 2.707157 -0.3900268 -0.4479106 2.751442 -0.4178082 -0.8085092 2.682615 -0.1799928 -0.02003301 2.708068 -0.106851 -0.4439749 2.679721 -0.006611687 -0.7975049 2.557429 
-0.270759 0.6240176 2.690553 -0.2738683 0.4123904 2.699235 -0.276743 0.1968638 2.701607 -0.4415662 0.4147789 2.713002 -0.5283816 0.1199751 2.70269 -0.4936019 -0.143675 2.569176 -0.1061704 0.410002 2.685467 0.03728109 0.6270284 2.581034 -0.008932567 0.9059535 2.539156 -0.3784285 -0.01725546 2.712092 -0.3884925 -0.4465061 2.750739 -0.4199452 -0.8040103 2.678974 -0.1808069 -0.02007013 2.695868 -0.1076185 -0.4440088 2.666907 -0.008708741 -0.7980295 2.54679 
-0.2717468 0.6269646 2.694385 -0.2756526 0.4149046 2.701122 -0.2788302 0.1993493 2.702795 -0.4418471 0.4175587 2.727402 -0.520723 0.1090086 2.723324 -0.4921066 -0.1616251 2.601342 -0.1094581 0.4122504 2.674841 0.0227616 0.6142978 2.534467 -0.02159542 0.8827415 2.450732 -0.3797388 -0.01464526 2.719923 -0.3847506 -0.4447342 2.747324 -0.4222843 -0.8023612 2.681752 -0.1842768 -0.01776681 2.689014 -0.1071737 -0.4414915 2.671615 -0.009092247 -0.7962479 2.549053 
-0.2693055 0.6302192 2.697404 -0.2769147 0.4176966 2.70282 -0.2836218 0.202233 2.703835 -0.4411503 0.4229827 2.739628 -0.5133685 0.1204059 2.741036 -0.4965687 -0.1578534 2.63527 -0.112679 0.4124105 2.666012 0.01237215 0.5946244 2.497882 -0.03204444 0.8503003 2.38509 -0.3868446 -0.01012407 2.726481 -0.3907078 -0.4405985 2.749008 -0.4244725 -0.7974539 2.680979 -0.1938134 -0.01633699 2.68322 -0.1130965 -0.4396405 2.672394 -0.01341647 -0.7968568 2.548175 
-0.2674276 0.6313782 2.697558 -0.2791982 0.4194398 2.704199 -0.2897285 0.2041178 2.706222 -0.4393701 0.4277656 2.756627 -0.5031558 0.1293672 2.765789 -0.5075458 -0.1582167 2.685804 -0.1190263 0.4111138 2.651771 -0.00412368 0.5451645 2.42855 -0.04002689 0.7610807 2.265234 -0.3943461 -0.006313355 2.739042 -0.3827914 -0.437052 2.739582 -0.4166002 -0.7987247 2.683916 -0.2061713 -0.01609488 2.677448 -0.1069708 -0.4355161 2.671923 -0.00669252 -0.7976187 2.55491 
-0.267877 0.6323814 2.697416 -0.2809832 0.4201785 2.704807 -0.2940864 0.2050065 2.70737 -0.4394464 0.4305131 2.7623 -0.5036415 0.1347795 2.778636 -0.5135902 -0.1556175 2.708803 -0.12252 0.4098438 2.647315 -0.01654918 0.5140796 2.413821 -0.04332586 0.6960499 2.213137 -0.4002938 -0.004093338 2.743711 -0.3864054 -0.4348556 2.738517 -0.4189176 -0.7982835 2.680209 -0.2140855 -0.01623744 2.676153 -0.1107243 -0.4347184 2.66958 -0.008891586 -0.8004214 2.554289 
-0.2682734 0.6304939 2.697312 -0.2821521 0.418483 2.705027 -0.2956431 0.2033169 2.707182 -0.439685 0.4289652 2.765396 -0.5041635 0.1387488 2.789248 -0.5178972 -0.1532593 2.725805 -0.1246192 0.4080009 2.644657 -0.0267786 0.4835361 2.396912 -0.04545962 0.617928 2.172064 -0.4016941 -0.005690262 2.744807 -0.3811882 -0.4361269 2.734658 -0.4143672 -0.7993497 2.67431 -0.216574 -0.01800804 2.673866 -0.1048139 -0.4343124 2.668387 -0.004015999 -0.8009087 2.553982 
-0.2716133 0.6289111 2.70078 -0.2853259 0.4167262 2.707145 -0.298794 0.2015456 2.708351 -0.4430566 0.4269359 2.767318 -0.5032065 0.1355274 2.796451 -0.5240333 -0.1584726 2.746131 -0.1275953 0.4065165 2.646972 -0.04138695 0.4342758 2.388488 -0.05600293 0.5051329 2.140739 -0.404963 -0.007634491 2.744922 -0.381599 -0.4377831 2.72876 -0.4172112 -0.7998209 2.673203 -0.2195611 -0.01963531 2.674192 -0.1042956 -0.4350576 2.669937 -0.005786133 -0.7981959 2.55697 
-0.2705586 0.6287748 2.701478 -0.2852961 0.4163694 2.708452 -0.299816 0.2012609 2.710341 -0.4440405 0.4275883 2.765765 -0.5126083 0.1172672 2.798211 -0.5280031 -0.1809922 2.755611 -0.1265517 0.4051504 2.651139 -0.05319707 0.3921347 2.388236 -0.06055189 0.4129668 2.126096 -0.4076762 -0.007250916 2.745931 -0.381126 -0.437321 2.731099 -0.4176711 -0.7970602 2.674019 -0.2209957 -0.02044418 2.678531 -0.1032892 -0.4351781 2.671661 -0.004347183 -0.7970876 2.561645 
