-0.3072684 0.6293165 2.800251 -0.2858438 0.4158431 2.807768 -0.2634821 0.2014045 2.807783 -0.4453827 0.3992028 2.755089 -0.5015872 0.07198206 2.779618 -0.4943694 -0.2357065 2.712517 -0.1263048 0.4324833 2.860448 0.04865301 0.3567702 3.046828 0.2173588 0.5397527 3.156592 -0.3348127 -0.02280649 2.776861 -0.3349023 -0.4521149 2.815372 -0.3154673 -0.809484 2.727711 -0.1474282 -0.003261841 2.838735 -0.07150609 -0.4274829 2.828238 0.004248985 -0.8058432 2.714275 
-0.3069555 0.6307591 2.799734 -0.2855878 0.4170485 2.807089 -0.2626667 0.2026633 2.806802 -0.4449622 0.4000807 2.753407 -0.5087961 0.0804848 2.769802 -0.5000692 -0.2210575 2.686458 -0.1262134 0.4340162 2.860771 0.05531368 0.3983895 3.049933 0.1883381 0.6086249 3.160055 -0.3333597 -0.02168851 2.774983 -0.3359317 -0.451405 2.809458 -0.3146044 -0.8036278 2.7307 -0.1461314 -0.001755341 2.838048 -0.06937115 -0.4255554 2.819685 0.007292992 -0.8065723 2.709106 
-0.3025597 0.624425 2.78897 -0.2808166 0.4122086 2.80313 -0.2587744 0.1978603 2.808298 -0.4408687 0.3945045 2.751474 -0.5113574 0.0827193 2.754395 -0.5025613 -0.2078363 2.648902 -0.1207644 0.4299128 2.854786 0.07168631 0.4642258 3.043975 0.1590184 0.7054182 3.135216 -0.330805 -0.02689395 2.783105 -0.3338967 -0.4541796 2.837237 -0.3129191 -0.8110757 2.739913 -0.1426594 -0.006082245 2.843828 -0.06768192 -0.4301884 2.823738 0.008930512 -0.8093671 2.720163 
-0.297311 0.621345 2.784085 -0.2772104 0.4096411 2.802032 -0.2565027 0.1952744 2.810813 -0.4376637 0.3920679 2.75141 -0.5111645 0.08135129 2.743199 -0.5042279 -0.1994994 2.622053 -0.1167572 0.4272142 2.852654 0.08585684 0.5081236 3.025983 0.1349218 0.7702174 3.094973 -0.3301207 -0.02942302 2.789834 -0.3353057 -0.4581923 2.830942 -0.3155909 -0.8104845 2.734617 -0.1414693 -0.008761551 2.849353 -0.06903175 -0.4330322 2.824072 0.004887482 -0.804687 2.719722 
-0.29375 0.6182971 2.781664 -0.2734324 0.4073826 2.802656 -0.2539191 0.1929936 2.813792 -0.4355536 0.3902947 2.757757 -0.5110379 0.08214486 2.736624 -0.5097671 -0.1816305 2.589912 -0.1113111 0.4244705 2.847556 0.09246796 0.558602 2.986005 0.1138296 0.8332383 3.041991 -0.3297847 -0.03144846 2.798511 -0.3353194 -0.4603361 2.840735 -0.3143089 -0.8090092 2.736126 -0.1390269 -0.01134222 2.851342 -0.06668327 -0.4350264 2.81792 0.006770592 -0.8110808 2.711586 
-0.2840649 0.6153191 2.769957 -0.2656408 0.4041025 2.798816 -0.2474796 0.1900275 2.815714 -0.4293396 0.3871705 2.760245 -0.5053991 0.08299463 2.73834 -0.5091676 -0.166559 2.573693 -0.101942 0.4210346 2.837386 0.09533717 0.5979014 2.94752 0.08764841 0.8797629 2.988529 -0.3256155 -0.034008 2.809922 -0.3292608 -0.4638383 2.840919 -0.3117512 -0.8105831 2.738103 -0.1330211 -0.01408716 2.855302 -0.06025378 -0.4369639 2.813792 0.01118383 -0.8099728 2.712752 
-0.2780995 0.6172427 2.774087 -0.2599852 0.4052615 2.800738 -0.2425823 0.1910126 2.816858 -0.4243258 0.3891663 2.764237 -0.5017038 0.08800241 2.746181 -0.5134268 -0.1489873 2.568203 -0.09564464 0.4213567 2.83724 0.09216715 0.6239455 2.907763 0.07490526 0.9115359 2.934843 -0.3217745 -0.03269662 2.811523 -0.326874 -0.4632013 2.826531 -0.3127375 -0.8047653 2.727925 -0.1285842 -0.01377597 2.854432 -0.05813184 -0.4368066 2.810059 0.0119213 -0.8147604 2.702003 
-0.266499 0.6248729 2.793497 -0.2512334 0.4124771 2.808815 -0.2367026 0.1975461 2.815312 -0.4183637 0.400575 2.788866 -0.4980996 0.09611322 2.769586 -0.5058843 -0.1251579 2.584567 -0.08410308 0.4243792 2.828765 0.08837721 0.6538542 2.831548 0.06481455 0.952226 2.834822 -0.3206528 -0.0243981 2.810055 -0.3264956 -0.4549733 2.830015 -0.3121274 -0.7960896 2.733158 -0.1236908 -0.01037155 2.833565 -0.0537865 -0.4339859 2.795215 0.01065599 -0.8113621 2.684537 
-0.2633214 0.6205943 2.785847 -0.2473559 0.4093159 2.805292 -0.2328188 0.1945249 2.815678 -0.4153124 0.3973999 2.793943 -0.490945 0.09198617 2.77978 -0.500582 -0.1273565 2.596403 -0.07939938 0.4212318 2.816641 0.08678216 0.6615118 2.793781 0.0619812 0.9648712 2.788729 -0.3170359 -0.02727241 2.819391 -0.3218573 -0.4579394 2.839265 -0.3086082 -0.8026901 2.742259 -0.1195276 -0.01325987 2.832736 -0.05014195 -0.4377364 2.80485 0.01159116 -0.8171964 2.696621 
-0.2582943 0.6257709 2.803094 -0.2438642 0.4136533 2.811342 -0.2312067 0.1986554 2.812667 -0.412195 0.4037412 2.810994 -0.4897811 0.08270343 2.794909 -0.4987257 -0.1251534 2.600649 -0.07553335 0.4235654 2.811691 0.08311082 0.6565102 2.757513 0.05777371 0.9574643 2.726021 -0.3176182 -0.02217618 2.813786 -0.3242939 -0.4530635 2.826579 -0.3116775 -0.7933564 2.727367 -0.1194801 -0.01050885 2.814197 -0.05032097 -0.4348474 2.782494 0.006545749 -0.8108726 2.678681 
-0.2534415 0.6291944 2.822761 -0.2425295 0.4174466 2.818995 -0.2330143 0.2025172 2.811229 -0.4104509 0.4095978 2.830477 -0.4892232 0.08858459 2.808513 -0.5025717 -0.1262115 2.625137 -0.07460807 0.4252955 2.807513 0.0727803 0.6498232 2.724951 0.05385439 0.9464648 2.665777 -0.3223206 -0.01703131 2.810219 -0.3259113 -0.4472189 2.835974 -0.3145518 -0.7979349 2.729317 -0.1246778 -0.007793305 2.796705 -0.0552399 -0.4325921 2.788814 0.00594207 -0.8232074 2.667079 
-0.245198 0.6266742 2.822587 -0.2377842 0.4149287 2.818211 -0.2318713 0.1997559 2.809766 -0.4048306 0.409488 2.839877 -0.4831347 0.08531058 2.83034 -0.4916072 -0.1445344 2.676252 -0.07073782 0.4203694 2.796546 0.06887486 0.6378906 2.67261 0.04053466 0.9214868 2.575952 -0.3241695 -0.01861569 2.814058 -0.3196603 -0.4490594 2.835565 -0.3110012 -0.8059602 2.738635 -0.1277471 -0.01221823 2.788582 -0.0559584 -0.4354449 2.810472 0.0123598 -0.836015 2.664074 
-0.237127 0.6289924 2.823189 -0.2340722 0.4160694 2.818917 -0.2334632 0.2007852 2.81036 -0.3969863 0.4140156 2.859 -0.4710723 0.08668777 2.856921 -0.484375 -0.1573358 2.719257 -0.071158 0.4181234 2.778834 0.05995908 0.6173958 2.629645 0.03206569 0.889653 2.505474 -0.3290841 -0.01571226 2.82548 -0.3203923 -0.4464517 2.837007 -0.3119152 -0.7997693 2.746191 -0.1366242 -0.01328593 2.778127 -0.05841183 -0.4360787 2.799183 0.004800373 -0.8278754 2.667056 
-0.2332788 0.6293098 2.822273 -0.2316992 0.4164598 2.819138 -0.2335502 0.2010815 2.811537 -0.3921228 0.416059 2.869562 -0.4655186 0.08882913 2.876497 -0.4800402 -0.1688633 2.759857 -0.07127564 0.4168606 2.768714 0.05502597 0.5992096 2.59194 0.02590729 0.8609987 2.445847 -0.329528 -0.01453192 2.833521 -0.3178664 -0.4453314 2.834156 -0.3058983 -0.7971291 2.74271 -0.1412742 -0.01406161 2.77435 -0.05282494 -0.4342381 2.806464 0.01212621 -0.8346894 2.669602 
-0.2254481 0.6320592 2.821792 -0.2271463 0.4186831 2.820316 -0.2320807 0.2032859 2.814154 -0.3859302 0.4207036 2.876847 -0.4552372 0.08240097 2.89779 -0.463018 -0.1862765 2.797377 -0.06836236 0.4166625 2.763785 0.04404726 0.5651158 2.55204 0.02182492 0.7904198 2.363171 -0.3301691 -0.01092586 2.841158 -0.3159577 -0.4417748 2.842584 -0.3034839 -0.7960516 2.741252 -0.1438611 -0.01329665 2.774827 -0.05011356 -0.4320104 2.813527 0.01235283 -0.8326858 2.668734 
-0.2166385 0.6335326 2.822055 -0.2211377 0.4188085 2.820971 -0.2289893 0.2034853 2.814675 -0.3776455 0.4226742 2.883942 -0.4416261 0.08021408 2.920939 -0.4563087 -0.1989781 2.833232 -0.0646299 0.4149428 2.758001 0.03702895 0.5345404 2.531093 0.021977 0.7280929 2.314318 -0.3287751 -0.009567215 2.845368 -0.3128392 -0.4403041 2.838843 -0.3024448 -0.7979792 2.737408 -0.1449069 -0.01410872 2.771389 -0.04580426 -0.4326432 2.793325 0.005785133 -0.8205259 2.685187 
-0.2023753 0.6298442 2.824531 -0.2147384 0.4156668 2.823543 -0.2293078 0.2006902 2.817169 -0.3635685 0.4234054 2.902749 -0.4302693 0.1186913 2.963234 -0.4397722 -0.1700771 2.891277 -0.06590837 0.4079283 2.744336 0.02377098 0.4793443 2.489664 0.02159768 0.6049633 2.241285 -0.3312873 -0.009741455 2.857316 -0.3109573 -0.4395692 2.833377 -0.3026701 -0.7999362 2.736396 -0.156467 -0.01883142 2.764277 -0.04492816 -0.4345955 2.78436 -0.001223423 -0.8304384 2.687862 
-0.1992692 0.6315815 2.822851 -0.2122836 0.4173841 2.82243 -0.2272579 0.2023899 2.816823 -0.3609023 0.4256484 2.902454 -0.4169283 0.1304695 2.972755 -0.4354444 -0.1613863 2.912945 -0.06366494 0.4091199 2.742405 0.02138708 0.446664 2.473306 0.01950865 0.5475698 2.218362 -0.3295123 -0.0077509 2.858212 -0.3056313 -0.4370198 2.827438 -0.2993819 -0.7972787 2.732349 -0.1549518 -0.01745769 2.764219 -0.03982774 -0.4323494 2.784929 0.008041111 -0.8251047 2.688452 
-0.1948951 0.626516 2.811513 -0.2080922 0.4115485 2.815951 -0.2237663 0.1965577 2.813943 -0.3591562 0.4218609 2.891032 -0.4095277 0.1392492 2.97888 -0.4349496 -0.1550215 2.933537 -0.05702821 0.401236 2.74087 0.01862568 0.4368004 2.467627 0.01905734 0.4880257 2.199473 -0.3282682 -0.01236928 2.856084 -0.3032703 -0.4415821 2.824101 -0.3012782 -0.8007517 2.728587 -0.1506127 -0.02449699 2.767787 -0.03816198 -0.4400395 2.791287 0.01402787 -0.8382795 2.683862 
