-0.290211 0.6142816 2.76497 -0.274947 0.401976 2.786766 -0.2580604 0.1873328 2.797473 -0.4422316 0.3877669 2.765747 -0.4966977 0.07911468 2.763882 -0.494071 -0.2010128 2.651077 -0.1076624 0.416185 2.807786 0.09658585 0.4313264 2.970828 0.1914074 0.6927404 3.021593 -0.3395509 -0.03566646 2.795819 -0.3313434 -0.4658326 2.823465 -0.3072036 -0.8119153 2.72721 -0.1427969 -0.01895433 2.820541 -0.07054476 -0.4437147 2.833823 0.02851848 -0.8409687 2.67273 
-0.2948101 0.6156325 2.774115 -0.2756281 0.4033021 2.791154 -0.2562606 0.1887342 2.797647 -0.4422401 0.3875173 2.766501 -0.4978025 0.07852259 2.752485 -0.4964715 -0.1979856 2.63275 -0.1090162 0.4190868 2.815807 0.1028355 0.4852072 2.95443 0.1473527 0.7628759 2.988849 -0.3348899 -0.03511777 2.78964 -0.3274575 -0.4656754 2.810496 -0.307661 -0.8083794 2.716108 -0.1388963 -0.01654947 2.81864 -0.06794383 -0.4416674 2.829706 0.03415202 -0.8388048 2.649948 
-0.2975019 0.6195178 2.778663 -0.2747207 0.4071764 2.794962 -0.2535736 0.1927407 2.801301 -0.4411285 0.3900187 2.76969 -0.4984132 0.08374853 2.750744 -0.5016681 -0.1775583 2.609094 -0.1083129 0.424334 2.820233 0.1084017 0.5316138 2.932223 0.1123846 0.8152584 2.957938 -0.3302698 -0.03178323 2.792782 -0.3270767 -0.4614025 2.826613 -0.3091017 -0.8051589 2.725761 -0.1345832 -0.01160672 2.8225 -0.06598742 -0.4371413 2.833891 0.02841065 -0.8306419 2.664749 
-0.293429 0.6248211 2.778924 -0.2684935 0.4107476 2.79721 -0.2462891 0.1964142 2.804042 -0.4350857 0.3927418 2.773764 -0.4957089 0.07986865 2.751872 -0.4985884 -0.1676557 2.593225 -0.1019012 0.4287533 2.820655 0.09669892 0.5843114 2.887096 0.07665472 0.869969 2.901454 -0.3220465 -0.02850719 2.797087 -0.3210979 -0.4586755 2.824492 -0.3055987 -0.8034739 2.725612 -0.1261229 -0.007331253 2.824661 -0.05502051 -0.4322747 2.819558 0.02399814 -0.8135113 2.683099 
-0.2867772 0.6228998 2.778567 -0.2619898 0.4098701 2.798146 -0.2400231 0.195563 2.806594 -0.4292963 0.3920655 2.781513 -0.495819 0.07791208 2.751442 -0.495067 -0.1613986 2.584876 -0.09468333 0.4276748 2.81478 0.08987929 0.6186846 2.836049 0.05169833 0.9056754 2.842299 -0.3165139 -0.02922188 2.805254 -0.3221979 -0.4594977 2.830973 -0.3078794 -0.8070923 2.731332 -0.1195988 -0.008266281 2.824831 -0.0550629 -0.4341404 2.811834 0.02479836 -0.8268245 2.677643 
-0.2815663 0.622615 2.789404 -0.257275 0.4098355 2.802509 -0.2359068 0.195376 2.806652 -0.4251521 0.3929777 2.795726 -0.4940432 0.07804058 2.756731 -0.4896656 -0.1565423 2.592528 -0.089398 0.4266932 2.809292 0.08032387 0.6462333 2.797058 0.03417721 0.9353161 2.790621 -0.3133848 -0.02900926 2.806801 -0.319515 -0.4596495 2.825806 -0.3091818 -0.8050025 2.72462 -0.1156924 -0.009157578 2.814788 -0.05875099 -0.4360622 2.798346 0.02758298 -0.8358165 2.656696 
-0.2761293 0.6251246 2.795341 -0.2539502 0.4121515 2.805456 -0.2337711 0.1975335 2.807297 -0.4218936 0.3963919 2.809043 -0.4895962 0.07806817 2.77639 -0.4877967 -0.152871 2.606356 -0.08600686 0.4279112 2.80187 0.05785801 0.6512365 2.74387 0.02642548 0.9391069 2.703152 -0.3124332 -0.02635971 2.811248 -0.3152033 -0.4564763 2.839517 -0.3111734 -0.8028976 2.725953 -0.1147508 -0.007809357 2.807026 -0.06031688 -0.4353069 2.798196 0.02249889 -0.8301502 2.666094 
-0.2712963 0.6262009 2.799932 -0.2521349 0.4140208 2.80794 -0.2353149 0.1991138 2.808838 -0.4186615 0.4010694 2.827565 -0.4873422 0.07557248 2.788828 -0.487239 -0.1517412 2.615398 -0.08560835 0.4269722 2.788316 0.04428373 0.6528696 2.698959 0.01315743 0.9369762 2.632408 -0.3167369 -0.02343382 2.821313 -0.3199038 -0.4534914 2.851631 -0.3148184 -0.803811 2.734275 -0.1202528 -0.008152542 2.798158 -0.06857901 -0.4359339 2.802783 0.02086765 -0.8406168 2.659025 
-0.2679178 0.6312355 2.80316 -0.2507026 0.4185891 2.811275 -0.2360139 0.2035121 2.812285 -0.4148878 0.4075364 2.845368 -0.4851727 0.0777897 2.802963 -0.4816682 -0.1535226 2.63953 -0.08651745 0.4296418 2.777181 0.03661392 0.6457474 2.658763 0.001875542 0.9237517 2.569195 -0.3179483 -0.01806934 2.83336 -0.3143339 -0.4481526 2.863161 -0.3127096 -0.7984998 2.732507 -0.1247021 -0.005060303 2.793231 -0.06305171 -0.4311631 2.808704 0.01405132 -0.8320458 2.668338 
-0.2598343 0.6309043 2.822262 -0.2470725 0.4188032 2.819447 -0.2343699 0.2037859 2.813513 -0.4078114 0.407988 2.86725 -0.4829053 0.08060931 2.818535 -0.4819438 -0.1559115 2.663333 -0.08633368 0.4296182 2.771644 0.02547913 0.6324168 2.618328 -0.003495506 0.9039104 2.507737 -0.3161946 -0.01759157 2.835691 -0.3108035 -0.4480911 2.857999 -0.3094257 -0.8089474 2.721939 -0.1271399 -0.004871292 2.779467 -0.05988077 -0.4302704 2.795617 0.0102253 -0.82639 2.670805 
-0.2476555 0.6355996 2.810777 -0.2439782 0.4031315 2.819286 -0.2326489 0.1880233 2.811842 -0.4023884 0.3928426 2.875517 -0.4705048 0.08033752 2.843776 -0.4785627 -0.1644042 2.701345 -0.08556793 0.4134204 2.763055 0.01521516 0.5961694 2.568728 -0.01277293 0.8483586 2.426774 -0.3142724 -0.03312227 2.837394 -0.311591 -0.4637519 2.858613 -0.3068655 -0.8280795 2.71988 -0.1283667 -0.0210475 2.771403 -0.05270027 -0.4446037 2.795671 0.006378178 -0.8375849 2.684656 
-0.2449276 0.6336045 2.816167 -0.2427692 0.4106365 2.821941 -0.2381629 0.1952784 2.817548 -0.398183 0.4059891 2.886812 -0.4651701 0.08064896 2.864552 -0.4806477 -0.1685611 2.736786 -0.08735536 0.4152839 2.757071 0.008198563 0.5621086 2.531058 -0.01885271 0.7888647 2.358718 -0.3249179 -0.02281178 2.851289 -0.3230948 -0.4537522 2.861878 -0.318299 -0.8004376 2.73035 -0.1421953 -0.01734773 2.77502 -0.05755207 -0.4391398 2.801037 -0.011683 -0.8120357 2.703029 
-0.2377618 0.630742 2.819784 -0.239427 0.4129808 2.823314 -0.2407525 0.1975695 2.819351 -0.3927307 0.4126291 2.893704 -0.4615891 0.08184204 2.878851 -0.4754868 -0.1778064 2.770677 -0.08612338 0.4133325 2.752925 0.004120979 0.5265334 2.50666 -0.02478986 0.7227305 2.307526 -0.3321148 -0.01804828 2.856727 -0.3231981 -0.4488444 2.854245 -0.3121826 -0.8011311 2.729002 -0.1520413 -0.01763519 2.774047 -0.05912136 -0.4352495 2.821656 0.003712612 -0.8336389 2.67504 
-0.2284458 0.6329241 2.822861 -0.2322623 0.4185438 2.824123 -0.2381144 0.2031003 2.820314 -0.3845935 0.4213866 2.897382 -0.4503869 0.08171811 2.902729 -0.4527654 -0.1977665 2.818258 -0.07993116 0.415701 2.750863 -0.003208343 0.4556241 2.477685 -0.02946117 0.5619512 2.234945 -0.3334905 -0.01067252 2.85956 -0.3160345 -0.4410976 2.844221 -0.3033898 -0.7985762 2.728881 -0.1544424 -0.01401389 2.773451 -0.05652207 -0.430533 2.825127 0.02728279 -0.8462592 2.642643 
-0.2221293 0.6298329 2.824548 -0.2281562 0.4165796 2.824624 -0.2365725 0.2012288 2.819854 -0.3794277 0.4208195 2.900119 -0.4376976 0.0858714 2.911381 -0.4517694 -0.2040864 2.844832 -0.07688467 0.4123397 2.749128 -0.01110595 0.4277983 2.470866 -0.02582206 0.4775088 2.211481 -0.3339132 -0.01162964 2.859463 -0.3141762 -0.4417657 2.838506 -0.3027597 -0.8011861 2.729025 -0.1560646 -0.0166145 2.770704 -0.05637216 -0.433254 2.818764 0.0290102 -0.8522749 2.640366 
-0.2185879 0.6284583 2.82287 -0.2262245 0.4145833 2.823914 -0.2358179 0.1992395 2.82054 -0.376836 0.4200897 2.900733 -0.4328342 0.08943786 2.923697 -0.4522717 -0.2080681 2.865596 -0.07561307 0.4090769 2.747095 -0.01654615 0.391396 2.470425 -0.021848 0.40051 2.20204 -0.3339568 -0.01286714 2.862329 -0.3116727 -0.4425974 2.835859 -0.3012056 -0.799344 2.731903 -0.1568657 -0.01934163 2.772005 -0.05490252 -0.435674 2.818494 0.03001446 -0.8550709 2.646842 
-0.2081858 0.6308833 2.827637 -0.2195132 0.4161157 2.825375 -0.232974 0.2010238 2.820887 -0.3661898 0.4235452 2.909255 -0.4289424 0.09033356 2.947937 -0.4553177 -0.2128008 2.897947 -0.07283667 0.4086863 2.741494 -0.02015794 0.3233241 2.462623 -0.02114394 0.2941214 2.187507 -0.3326683 -0.009700149 2.865715 -0.3054753 -0.4387612 2.832859 -0.2989646 -0.798412 2.729793 -0.1602011 -0.01843593 2.767085 -0.0443315 -0.432329 2.798607 0.01244775 -0.8315117 2.679213 
