-0.4222669 0.6264159 2.812102 -0.3991287 0.4141518 2.812031 -0.3765796 0.1998449 2.808788 -0.5596062 0.3980395 2.760978 -0.5944254 0.1009316 2.767441 -0.563194 -0.1892499 2.705885 -0.2386513 0.4302642 2.863085 0.003069458 0.4562825 2.909634 0.07761586 0.7100409 2.84391 -0.4486778 -0.02396487 2.775434 -0.4315376 -0.5162884 2.80408 -0.5077428 -0.8568497 2.535269 -0.2593834 -0.004959228 2.835654 -0.2087604 -0.4345895 2.852627 -0.1764412 -0.8033808 2.850293 
-0.4192469 0.6443134 2.816729 -0.3998151 0.4302531 2.816502 -0.3801577 0.2156795 2.811249 -0.5627562 0.4163646 2.774079 -0.6025679 0.103098 2.77089 -0.5616109 -0.1853665 2.706809 -0.236874 0.4441415 2.858925 0.007984024 0.4841114 2.884899 0.05316975 0.7417325 2.798921 -0.456586 -0.00708406 2.780979 -0.4320786 -0.559813 2.781461 -0.5271812 -0.8380937 2.542055 -0.2644148 0.009295884 2.831012 -0.2229001 -0.4195532 2.859913 -0.1886781 -0.7868633 2.850319 
-0.4172597 0.6422592 2.819526 -0.3985271 0.4272624 2.818116 -0.3807982 0.212523 2.811746 -0.5637721 0.4145571 2.786522 -0.6020013 0.1202524 2.776385 -0.5561792 -0.166554 2.708878 -0.2332821 0.4399677 2.849711 0.004956696 0.5210348 2.837023 0.02277304 0.7780373 2.739842 -0.4604432 -0.009703171 2.786758 -0.4512317 -0.5675004 2.822962 -0.5245715 -0.847595 2.553428 -0.2656952 0.005270554 2.823993 -0.2239552 -0.4228826 2.857669 -0.1824255 -0.7995835 2.847913 
-0.4167705 0.6260856 2.820832 -0.3974691 0.413173 2.816842 -0.3792095 0.1984608 2.810236 -0.5643393 0.3995591 2.79809 -0.6008991 0.1195915 2.783127 -0.5522323 -0.1657598 2.711436 -0.2305989 0.426787 2.835594 -0.005032639 0.5460063 2.787508 -0.006788633 0.8038346 2.685872 -0.4592571 -0.02427167 2.792583 -0.4265334 -0.593999 2.799344 -0.5177033 -0.8680463 2.535577 -0.2626429 -0.008231048 2.814678 -0.2190428 -0.4354564 2.85477 -0.1779199 -0.8057816 2.846595 
-0.4137824 0.6224349 2.83165 -0.3964313 0.4102392 2.821086 -0.3793005 0.1956121 2.810619 -0.5641433 0.3971121 2.815775 -0.6005316 0.1072414 2.778626 -0.54512 -0.1740198 2.696079 -0.2287193 0.4233663 2.826397 -0.02065923 0.5608714 2.746337 -0.02629016 0.8209048 2.646294 -0.4618611 -0.02681804 2.796996 -0.4521412 -0.5503001 2.759561 -0.510132 -0.8830444 2.560432 -0.2624782 -0.01121199 2.80331 -0.2200024 -0.4371921 2.854378 -0.1777345 -0.7921199 2.841617 
-0.4089915 0.6207049 2.837008 -0.3939824 0.4092316 2.824351 -0.3791397 0.1944837 2.81271 -0.5619662 0.3973682 2.829018 -0.60166 0.1072702 2.78963 -0.5468419 -0.1732389 2.704055 -0.2259986 0.421095 2.819685 -0.02935877 0.5709065 2.706265 -0.04563998 0.8296559 2.59602 -0.4635039 -0.02727026 2.803825 -0.4679542 -0.5041348 2.796288 -0.5042386 -0.8546938 2.584745 -0.2650901 -0.01325784 2.798312 -0.2198532 -0.4372464 2.861177 -0.1789267 -0.787593 2.850488 
-0.4049482 0.6154786 2.829672 -0.3921688 0.4038488 2.822616 -0.3800226 0.1887842 2.815008 -0.5585829 0.3937078 2.843603 -0.6046434 0.1054464 2.806577 -0.5493419 -0.1723231 2.713042 -0.2257549 0.4139898 2.80163 -0.0524829 0.5621112 2.645273 -0.06659126 0.8095721 2.513319 -0.4662571 -0.03227547 2.819806 -0.4746943 -0.4860685 2.807611 -0.49991 -0.8460948 2.603883 -0.2694955 -0.02028517 2.794992 -0.222502 -0.4435909 2.861682 -0.1816398 -0.7928215 2.855342 
-0.4027984 0.6122636 2.83709 -0.392345 0.4003017 2.826077 -0.381978 0.1852265 2.816094 -0.5563196 0.3907594 2.86138 -0.6062188 0.09754535 2.820818 -0.5498392 -0.1772772 2.719652 -0.2283703 0.4098441 2.790774 -0.07482257 0.5494583 2.591268 -0.0825845 0.7789738 2.43677 -0.468202 -0.03546974 2.826906 -0.4792738 -0.4765795 2.79724 -0.4950303 -0.8338523 2.601479 -0.27502 -0.02422771 2.785315 -0.2217606 -0.4469066 2.851402 -0.1820377 -0.7892438 2.849484 
-0.4014942 0.6166098 2.853207 -0.3928843 0.4052795 2.834908 -0.3835412 0.1906392 2.818356 -0.552961 0.3944817 2.884573 -0.6067848 0.09718463 2.836569 -0.5524914 -0.1756304 2.728994 -0.2328077 0.4160773 2.785242 -0.09767467 0.523476 2.552714 -0.09333576 0.7315249 2.373204 -0.4684348 -0.03035776 2.831042 -0.478502 -0.4647885 2.789257 -0.4915917 -0.8191494 2.605217 -0.2799613 -0.0176445 2.772566 -0.2200224 -0.4398335 2.835987 -0.182184 -0.7791148 2.848278 
-0.3984746 0.6200029 2.859843 -0.3908598 0.4077871 2.840126 -0.3835877 0.1932594 2.82079 -0.5483885 0.3971826 2.898536 -0.5976656 0.1098473 2.862131 -0.560343 -0.1633987 2.749732 -0.2333312 0.4183916 2.781716 -0.118894 0.4926616 2.518944 -0.1100497 0.6323302 2.300321 -0.4687724 -0.02749233 2.835736 -0.478922 -0.4589286 2.790906 -0.4892631 -0.8191105 2.609679 -0.2838585 -0.0150443 2.767172 -0.2201492 -0.4353383 2.838719 -0.1766928 -0.7813647 2.855062 
-0.3953437 0.6217623 2.864517 -0.3878398 0.4093903 2.843433 -0.38115 0.1948386 2.823643 -0.5448106 0.3988626 2.90451 -0.5906463 0.1079945 2.879904 -0.5676301 -0.1666989 2.767302 -0.2308688 0.419918 2.782356 -0.141949 0.4633262 2.505476 -0.1249099 0.537055 2.256618 -0.4665568 -0.0258898 2.839689 -0.4741045 -0.4556361 2.79128 -0.4859533 -0.814822 2.609288 -0.2823635 -0.01353635 2.76802 -0.2159747 -0.4332246 2.841072 -0.1680494 -0.7850235 2.857118 
-0.3937924 0.6226459 2.864834 -0.3864397 0.4103892 2.8457 -0.3799982 0.1957627 2.826387 -0.5433405 0.400108 2.907626 -0.5866663 0.1015917 2.894234 -0.5706148 -0.1748632 2.784156 -0.229539 0.4206705 2.783773 -0.1574747 0.4196575 2.494201 -0.1389879 0.4463198 2.231313 -0.4657075 -0.02490215 2.843445 -0.4746698 -0.4534666 2.790976 -0.4871114 -0.8187134 2.60887 -0.2814057 -0.01282542 2.770704 -0.2170953 -0.4332488 2.841552 -0.1674345 -0.7840647 2.858361 
-0.3927164 0.620186 2.865559 -0.3863751 0.407723 2.846161 -0.3811207 0.1930474 2.826932 -0.5407927 0.3978598 2.914083 -0.586998 0.09817761 2.90842 -0.5721192 -0.1793137 2.800257 -0.2319574 0.4175863 2.778239 -0.1647345 0.372821 2.485624 -0.1480882 0.3711451 2.216129 -0.466682 -0.02742902 2.847649 -0.47359 -0.4541126 2.784407 -0.4889482 -0.8228742 2.606784 -0.2850506 -0.01582748 2.767757 -0.2248462 -0.4373544 2.835568 -0.1703649 -0.788896 2.853898 
-0.3899647 0.6118948 2.855489 -0.3867597 0.3991672 2.841429 -0.3847145 0.1841039 2.827638 -0.5362312 0.3927473 2.919379 -0.5891957 0.09515014 2.932921 -0.5666527 -0.1772814 2.814313 -0.2372882 0.4055872 2.763479 -0.1812013 0.3194994 2.485891 -0.1675332 0.2907487 2.213904 -0.470718 -0.03474124 2.859764 -0.4785932 -0.4609972 2.794412 -0.4900928 -0.827985 2.617909 -0.2946208 -0.0271777 2.767928 -0.227274 -0.4475201 2.836176 -0.1793657 -0.7922943 2.859045 
