-0.2214553 0.6214092 2.795924 -0.2136343 0.4090185 2.800046 -0.2046024 0.1937242 2.795989 -0.3786074 0.4027923 2.7632 -0.457502 0.08989944 2.778413 -0.4300284 -0.1926586 2.652961 -0.04866118 0.4152448 2.836892 0.1556954 0.452107 2.998422 0.2610651 0.6887571 3.058683 -0.2925666 -0.02523083 2.770267 -0.29895 -0.453281 2.818235 -0.3142039 -0.8033468 2.727852 -0.09857442 -0.01790933 2.813595 -0.0595911 -0.4462858 2.838464 0.04610863 -0.8537164 2.62621 
-0.2258449 0.6194367 2.787571 -0.2157954 0.4074459 2.798992 -0.205015 0.1922258 2.800322 -0.3803233 0.3989674 2.760574 -0.4602718 0.08246598 2.777187 -0.4440852 -0.1966294 2.644185 -0.0512674 0.4159244 2.837409 0.1588166 0.5090348 2.972743 0.2252603 0.768056 3.020545 -0.2909743 -0.02797961 2.779064 -0.302305 -0.4553542 2.83314 -0.3146666 -0.8032997 2.737685 -0.09749479 -0.01800912 2.824242 -0.06249914 -0.4467483 2.85142 0.04323533 -0.8502738 2.636098 
-0.2273278 0.6262383 2.79339 -0.2166909 0.413759 2.803892 -0.2052868 0.1985111 2.805166 -0.381052 0.4048193 2.76475 -0.4611416 0.07922574 2.780086 -0.4522496 -0.1986739 2.647385 -0.0523298 0.4226987 2.843034 0.1528968 0.5660236 2.948384 0.189011 0.8387117 2.981285 -0.2905187 -0.02199287 2.783428 -0.3050756 -0.4499146 2.833145 -0.3156415 -0.792277 2.732288 -0.09724676 -0.01148067 2.829455 -0.0607779 -0.4403569 2.832236 0.03334551 -0.830568 2.656946 
-0.2318056 0.6301534 2.797799 -0.2194401 0.4179724 2.806904 -0.207971 0.2026956 2.807746 -0.3840792 0.4090527 2.76889 -0.4625748 0.07861404 2.786554 -0.4567316 -0.1994855 2.64908 -0.05480097 0.4268921 2.844918 0.1459483 0.6160102 2.911686 0.165915 0.8969836 2.953472 -0.2933111 -0.01782608 2.786234 -0.3097369 -0.4461115 2.832799 -0.3173191 -0.7969679 2.733263 -0.0996926 -0.007336334 2.83094 -0.05918884 -0.4347037 2.806737 0.01492619 -0.8349344 2.705892 
-0.2306351 0.6346954 2.799012 -0.2192973 0.421315 2.809553 -0.2084024 0.2060118 2.812001 -0.3852161 0.412563 2.778213 -0.4657538 0.07928229 2.79429 -0.4617553 -0.2034424 2.662694 -0.0533786 0.4300671 2.840893 0.1215055 0.6660333 2.853851 0.1286006 0.954868 2.895616 -0.2951497 -0.01444189 2.796005 -0.308703 -0.4429157 2.842166 -0.3166019 -0.7981822 2.7405 -0.09986527 -0.004140808 2.832892 -0.05974701 -0.4325222 2.820679 0.01951744 -0.8333443 2.694148 
-0.2287796 0.6346995 2.810675 -0.2205132 0.4225087 2.814596 -0.2120936 0.2071345 2.812753 -0.3877832 0.4161627 2.792058 -0.4679875 0.07921469 2.803689 -0.4642591 -0.204519 2.668604 -0.05324307 0.4288547 2.837134 0.1071416 0.6879326 2.812518 0.103734 0.9837281 2.830118 -0.3021421 -0.01197539 2.797643 -0.3152505 -0.4411216 2.836963 -0.3204824 -0.7998381 2.731479 -0.105206 -0.004503891 2.824178 -0.06925111 -0.4336898 2.821842 0.0205477 -0.8406152 2.661886 
-0.2301487 0.6355463 2.805549 -0.2249079 0.4217757 2.812101 -0.2193909 0.2062957 2.812467 -0.3931243 0.4174532 2.802819 -0.4689012 0.07953281 2.809456 -0.4656216 -0.2063332 2.678488 -0.05669153 0.4260982 2.821384 0.08536797 0.6887091 2.78158 0.09065446 0.9854686 2.762708 -0.3130135 -0.01173175 2.807363 -0.3197435 -0.4405946 2.850891 -0.3245727 -0.8033592 2.74155 -0.1147341 -0.006636719 2.818304 -0.0711517 -0.435237 2.823059 0.01709428 -0.840298 2.663379 
-0.2310297 0.6340587 2.81344 -0.2279168 0.4206189 2.815241 -0.2243754 0.2050901 2.813634 -0.3963405 0.4178337 2.817648 -0.4720185 0.08281345 2.820269 -0.4704274 -0.2087705 2.706877 -0.05949313 0.4234041 2.812835 0.06577954 0.6764245 2.734777 0.07078397 0.9644213 2.666383 -0.3199142 -0.01207726 2.813442 -0.3153655 -0.4414936 2.84965 -0.3205083 -0.8037 2.735379 -0.1217538 -0.008800308 2.810611 -0.06397945 -0.4352972 2.800045 0.01037713 -0.8427748 2.712141 
-0.2342796 0.6323594 2.807331 -0.2311154 0.4200833 2.81381 -0.2280046 0.2045507 2.815633 -0.3994563 0.4177401 2.823999 -0.4734305 0.08484641 2.83213 -0.4734812 -0.2099859 2.724884 -0.06277449 0.4224266 2.80362 0.05586549 0.6608236 2.693443 0.05821521 0.938913 2.588578 -0.3237696 -0.01235835 2.823442 -0.3139583 -0.4420801 2.855765 -0.3160221 -0.8014246 2.742068 -0.126018 -0.009605697 2.811471 -0.06617381 -0.4345637 2.832845 0.02192939 -0.8451397 2.684719 
-0.2319416 0.6330612 2.814527 -0.2345491 0.4216902 2.818592 -0.2377521 0.206224 2.81892 -0.4010988 0.4242028 2.842645 -0.4742745 0.09098513 2.842284 -0.4727429 -0.2063135 2.743678 -0.06799943 0.4191776 2.794539 0.04676513 0.6476665 2.653904 0.04416408 0.9126216 2.51717 -0.3391104 -0.007761383 2.833423 -0.3263464 -0.4375942 2.864251 -0.3273668 -0.794512 2.741493 -0.1427997 -0.01072293 2.805072 -0.08366787 -0.4352027 2.84207 0.01709922 -0.8482519 2.640536 
-0.229685 0.6368725 2.819444 -0.2390938 0.4251635 2.823046 -0.2496641 0.2098871 2.824473 -0.4005495 0.4334038 2.870181 -0.474306 0.09824698 2.860945 -0.475158 -0.2046912 2.778724 -0.07763808 0.4169232 2.775912 0.03998544 0.5994165 2.583197 0.02895213 0.8387276 2.413267 -0.3550271 -0.0005513306 2.853574 -0.3181729 -0.4292758 2.856126 -0.3122211 -0.7941132 2.740831 -0.1654416 -0.01022729 2.798227 -0.06889615 -0.4267929 2.825171 0.01170752 -0.8408393 2.703857 
-0.2288757 0.6434816 2.831849 -0.2408774 0.4313428 2.829034 -0.2538566 0.2162839 2.824919 -0.4011279 0.4400172 2.881147 -0.4667386 0.09919494 2.874495 -0.477011 -0.2041084 2.79009 -0.08062688 0.4226684 2.776921 0.04041177 0.5681385 2.554653 0.02511773 0.7807557 2.364715 -0.3608838 0.006315887 2.851388 -0.3204722 -0.4223031 2.842638 -0.3103731 -0.7870204 2.735436 -0.1727877 -0.003865814 2.79022 -0.07195939 -0.4178311 2.841408 0.01477192 -0.8392456 2.675153 
-0.2305033 0.6388372 2.827007 -0.2420478 0.4261608 2.827078 -0.2545601 0.2109922 2.825432 -0.4009971 0.4349719 2.883568 -0.4658392 0.09956995 2.880737 -0.4781159 -0.2036126 2.796513 -0.08309849 0.4173496 2.770588 0.04024174 0.5270945 2.530322 0.02367668 0.7130326 2.324275 -0.3604415 0.0009995117 2.856969 -0.3151395 -0.4274478 2.850357 -0.3026218 -0.7982258 2.745805 -0.1737035 -0.009352081 2.790603 -0.06938006 -0.4214173 2.855245 0.02961576 -0.854326 2.659974 
-0.2307008 0.6349239 2.824601 -0.2423457 0.4215208 2.826059 -0.2543455 0.2062849 2.82448 -0.4012011 0.4299573 2.883318 -0.4634239 0.09777939 2.888876 -0.4800078 -0.2071829 2.814386 -0.08349036 0.4130842 2.7688 0.03910965 0.4665535 2.510648 0.02238268 0.599668 2.279604 -0.3596776 -0.003994247 2.856542 -0.3157496 -0.4327031 2.847474 -0.3007948 -0.7964634 2.737685 -0.173013 -0.0139077 2.789259 -0.06824953 -0.426384 2.854805 0.0334168 -0.8529583 2.648465 
-0.2306815 0.6310491 2.822871 -0.242977 0.4180748 2.824819 -0.2546367 0.2027983 2.823786 -0.4018344 0.426403 2.882317 -0.4617241 0.09738522 2.892922 -0.4804756 -0.2067903 2.814772 -0.08411963 0.4097466 2.767321 0.03053609 0.416783 2.501289 0.02534992 0.487396 2.248585 -0.3596707 -0.007582931 2.85655 -0.3172306 -0.4365768 2.851352 -0.30123 -0.7938289 2.737561 -0.1729221 -0.01737334 2.788957 -0.06906901 -0.428754 2.863647 0.0354273 -0.8526622 2.64061 
-0.229809 0.6308891 2.833981 -0.2422563 0.4173321 2.828278 -0.2547372 0.2022621 2.821707 -0.4013573 0.4248224 2.885322 -0.4623505 0.09468521 2.900473 -0.4795887 -0.2086237 2.815633 -0.08315536 0.4098418 2.771234 0.02777287 0.3648978 2.506636 0.02303139 0.3929299 2.241332 -0.3607584 -0.00840422 2.848675 -0.3166525 -0.4372974 2.845511 -0.3041878 -0.7964454 2.726932 -0.1736776 -0.01721175 2.781598 -0.06878698 -0.4296018 2.849925 0.03292507 -0.8494343 2.635118 
-0.2316282 0.6264027 2.828611 -0.2428455 0.4122788 2.82582 -0.2544895 0.1970903 2.820547 -0.4028838 0.4196064 2.880193 -0.4616879 0.09585273 2.898738 -0.4790247 -0.2080999 2.82069 -0.08280728 0.4049512 2.771447 0.01937541 0.2984396 2.518827 0.0216105 0.2668837 2.253393 -0.3602466 -0.01378912 2.847249 -0.3147832 -0.4425124 2.85089 -0.3035458 -0.8032003 2.731483 -0.1720205 -0.02240738 2.783299 -0.06592655 -0.4334444 2.8581 0.03848869 -0.8579894 2.635931 
