-0.3812744 0.6170763 2.697467 -0.3619151 0.4047605 2.711422 -0.3412567 0.190309 2.719037 -0.5251521 0.3875916 2.670757 -0.563081 0.09296988 2.660366 -0.5020296 -0.2020606 2.630101 -0.1986779 0.4219292 2.752087 -0.008101272 0.3600568 2.941297 0.167537 0.5501379 3.009934 -0.4165817 -0.03423764 2.70274 -0.421221 -0.4596233 2.772243 -0.4257517 -0.8086053 2.67145 -0.224615 -0.01404715 2.750563 -0.137102 -0.4354041 2.728094 -0.01404771 -0.8042685 2.552631 
-0.3818504 0.6198182 2.698278 -0.360428 0.4075372 2.713094 -0.3388034 0.1931809 2.72137 -0.5225627 0.3894522 2.668323 -0.5675165 0.09721353 2.654805 -0.5001261 -0.1956926 2.618878 -0.1982932 0.4256223 2.757864 0.005466095 0.4347633 2.926336 0.09898243 0.6858595 2.963373 -0.4125109 -0.03180907 2.703323 -0.4142164 -0.4556971 2.781911 -0.4228717 -0.8130305 2.670883 -0.2218468 -0.01054179 2.755971 -0.1307644 -0.4312609 2.73171 -0.01292391 -0.8026919 2.554893 
-0.3819756 0.6244119 2.708245 -0.3601137 0.4119235 2.717599 -0.3371282 0.1976292 2.721088 -0.5224204 0.3937942 2.673376 -0.5668625 0.09383966 2.65674 -0.4888539 -0.1953919 2.614596 -0.197807 0.4300528 2.761823 0.008224624 0.4793742 2.909169 0.06428078 0.7450562 2.934151 -0.4095736 -0.02732462 2.698575 -0.4147916 -0.4518135 2.773861 -0.4213109 -0.8079645 2.665227 -0.2187117 -0.006005798 2.750579 -0.1306765 -0.427223 2.723511 -0.01178706 -0.7997156 2.546369 
-0.3784365 0.6241599 2.713234 -0.3565899 0.4117572 2.720805 -0.3335037 0.1974277 2.722476 -0.5185562 0.3939556 2.675193 -0.5649589 0.09835391 2.660039 -0.4806164 -0.1892542 2.61819 -0.1946235 0.4295588 2.766417 0.01161725 0.5271928 2.892095 0.02961612 0.7998543 2.913239 -0.4056588 -0.02736975 2.697327 -0.4104749 -0.4494556 2.784483 -0.4201921 -0.8117639 2.66874 -0.2151764 -0.00643399 2.750969 -0.1285607 -0.4282585 2.729494 -0.00942479 -0.8060579 2.549766 
-0.3726313 0.6176298 2.715728 -0.3482081 0.4061404 2.722555 -0.3228382 0.1920603 2.724032 -0.5097799 0.3866736 2.67623 -0.5594413 0.1009009 2.661916 -0.4729981 -0.1861718 2.619822 -0.1866362 0.4256073 2.76888 0.01030138 0.5691022 2.870552 0.00984337 0.8477333 2.892602 -0.3924817 -0.0334675 2.698267 -0.3986231 -0.456481 2.781143 -0.4113855 -0.8204612 2.670925 -0.2024549 -0.01057227 2.75275 -0.117368 -0.4321255 2.722656 -0.002264198 -0.8064507 2.550968 
-0.3644035 0.6196687 2.716449 -0.3372046 0.4079633 2.724273 -0.3099022 0.1941311 2.72707 -0.4994999 0.3866827 2.681561 -0.5473461 0.09293448 2.667594 -0.4623442 -0.1936646 2.619687 -0.1749094 0.429244 2.766986 0.004662247 0.6160601 2.824755 -0.01916571 0.8976991 2.839417 -0.378061 -0.03221837 2.704743 -0.3941028 -0.4568036 2.776498 -0.4113557 -0.810936 2.677963 -0.1871386 -0.007184006 2.75499 -0.1107153 -0.4294778 2.715397 0.00133149 -0.7977634 2.551827 
-0.3591047 0.6213194 2.717854 -0.3323806 0.4095364 2.725387 -0.305945 0.1955747 2.727316 -0.4966437 0.3889375 2.691703 -0.5410432 0.09166428 2.67724 -0.4537517 -0.1928078 2.621692 -0.1681174 0.4301352 2.759071 0.0008094482 0.6505137 2.785404 -0.04188166 0.9331707 2.791378 -0.3762335 -0.03051634 2.70941 -0.4081576 -0.4553215 2.772798 -0.4220952 -0.8073993 2.677427 -0.1827854 -0.006257645 2.749079 -0.1213113 -0.4303786 2.704979 -0.008130616 -0.8011435 2.544412 
-0.3564815 0.6239643 2.729032 -0.3300723 0.4119827 2.730954 -0.3034066 0.1980587 2.729736 -0.4959399 0.3914402 2.707584 -0.5353293 0.09761197 2.689335 -0.4493755 -0.1854552 2.625358 -0.1642046 0.4325251 2.754324 -0.004184021 0.6691692 2.745207 -0.05974092 0.95358 2.740694 -0.374385 -0.02795834 2.714761 -0.4036505 -0.4548115 2.764451 -0.4217075 -0.8059967 2.676681 -0.1790967 -0.003772217 2.742276 -0.1210224 -0.4289422 2.702147 -0.006412903 -0.8010405 2.542858 
-0.3484428 0.6233349 2.735313 -0.3259664 0.4110878 2.732575 -0.3029901 0.1968186 2.728112 -0.4930638 0.3933218 2.725279 -0.523769 0.09938253 2.707557 -0.4540744 -0.182919 2.626532 -0.158869 0.4288538 2.739872 -0.02220461 0.6704453 2.691422 -0.06627628 0.954168 2.651662 -0.3786057 -0.027933 2.719344 -0.4042331 -0.4560209 2.761201 -0.4269472 -0.8057004 2.676746 -0.181422 -0.006968185 2.727954 -0.1233991 -0.4323954 2.68924 -0.01273429 -0.8049865 2.537019 
-0.3427376 0.6267517 2.747039 -0.325623 0.4139151 2.737216 -0.3073992 0.1994672 2.727172 -0.4921672 0.3992131 2.748941 -0.5177792 0.09949524 2.719806 -0.4562274 -0.1826465 2.630894 -0.1590788 0.4286171 2.72549 -0.03226475 0.6623569 2.644545 -0.07691257 0.9422851 2.578562 -0.3874606 -0.02365706 2.724048 -0.4071259 -0.4528453 2.75746 -0.4303552 -0.8005358 2.67907 -0.1908903 -0.006304398 2.710208 -0.1266582 -0.4313109 2.677393 -0.02174577 -0.798746 2.538271 
-0.335861 0.6262192 2.752255 -0.3230588 0.4142096 2.738743 -0.307994 0.1996271 2.725893 -0.4883488 0.4010589 2.764566 -0.5161715 0.1053113 2.732558 -0.4604872 -0.1768525 2.639047 -0.1577689 0.4273603 2.712921 -0.03795747 0.6541069 2.607231 -0.08593237 0.9247389 2.511255 -0.3900083 -0.02267914 2.728208 -0.3991367 -0.4524378 2.758827 -0.4222004 -0.8012612 2.678036 -0.19585 -0.007231659 2.697875 -0.1221192 -0.4312943 2.682273 -0.01360029 -0.8007227 2.542415 
-0.3290229 0.6217915 2.746389 -0.3210166 0.4103558 2.736864 -0.3107876 0.1953332 2.727211 -0.4847225 0.4009073 2.773857 -0.5143409 0.1062188 2.742036 -0.463032 -0.1760093 2.645671 -0.1573108 0.4198043 2.699871 -0.0510254 0.6429594 2.563681 -0.09328695 0.904316 2.441672 -0.3966618 -0.02523611 2.739274 -0.3998234 -0.455535 2.763654 -0.4240865 -0.8050798 2.685792 -0.2044553 -0.01414267 2.69584 -0.124112 -0.437144 2.697586 -0.01459432 -0.8093747 2.549279 
-0.3268884 0.6206669 2.74236 -0.320568 0.4083171 2.736413 -0.3128108 0.1930497 2.729444 -0.4828241 0.4010222 2.781142 -0.5154825 0.1070245 2.749895 -0.4654827 -0.1743121 2.649954 -0.1583118 0.415612 2.691684 -0.05920368 0.6211621 2.525387 -0.1024126 0.8672293 2.375516 -0.4002614 -0.02649808 2.748721 -0.3961091 -0.4571736 2.763244 -0.4208235 -0.8005663 2.685109 -0.2098457 -0.01793716 2.696229 -0.1200733 -0.4392085 2.692019 -0.009597969 -0.8084916 2.551931 
-0.3193786 0.6236675 2.749837 -0.3165946 0.4114414 2.740283 -0.3130869 0.1961733 2.730733 -0.4778554 0.4066174 2.789793 -0.5197687 0.110227 2.76729 -0.4736519 -0.1717217 2.66704 -0.1553338 0.4162654 2.690774 -0.07062658 0.5670393 2.475782 -0.1138025 0.7788793 2.294246 -0.4042456 -0.02192676 2.750247 -0.3966177 -0.4527944 2.759936 -0.4205359 -0.7946047 2.677253 -0.2149127 -0.016263 2.692119 -0.1188317 -0.4363146 2.686291 -0.008857139 -0.799656 2.550152 
-0.3150907 0.6239613 2.753552 -0.313777 0.4119677 2.742564 -0.3117493 0.1967547 2.730791 -0.4742831 0.4075779 2.795165 -0.5212309 0.1122509 2.780699 -0.4815598 -0.1728595 2.687182 -0.153271 0.4163575 2.689964 -0.07533101 0.5179992 2.44441 -0.1190204 0.6906042 2.23322 -0.4039945 -0.02103662 2.749911 -0.390963 -0.4515958 2.765978 -0.4169356 -0.799171 2.673929 -0.2154487 -0.01587994 2.688122 -0.1154306 -0.4351478 2.687636 -0.003449547 -0.799299 2.549111 
-0.3101618 0.6243416 2.757799 -0.3094999 0.4105267 2.745039 -0.3066041 0.1954287 2.730795 -0.4704141 0.4049264 2.796894 -0.5163125 0.1087479 2.798994 -0.4911691 -0.1822018 2.720165 -0.1485857 0.4161269 2.693185 -0.09531496 0.4382414 2.407123 -0.12787 0.5173606 2.155778 -0.3982967 -0.02296115 2.747032 -0.3865787 -0.4537437 2.760333 -0.4147456 -0.804701 2.675884 -0.2091198 -0.01637735 2.68607 -0.1106205 -0.4360601 2.693075 -0.000924736 -0.8029228 2.550562 
-0.3076678 0.6256267 2.768522 -0.3096968 0.4131467 2.749747 -0.309133 0.1984737 2.73054 -0.4698255 0.407867 2.804058 -0.5122622 0.1096572 2.810091 -0.4919997 -0.1819444 2.731665 -0.149568 0.4184265 2.695436 -0.1101921 0.4035857 2.403584 -0.1283241 0.4356138 2.138543 -0.4027256 -0.01930383 2.743267 -0.3907569 -0.450148 2.755623 -0.4181958 -0.8004662 2.673493 -0.2144128 -0.01309479 2.679397 -0.1168997 -0.4330741 2.68447 -0.006305664 -0.8018098 2.54122 
-0.3069702 0.6257933 2.762877 -0.3097532 0.4124891 2.747344 -0.3101074 0.1975084 2.731835 -0.4680085 0.4084606 2.806804 -0.5083522 0.108275 2.817279 -0.4900606 -0.1843174 2.741738 -0.1514979 0.4165177 2.687884 -0.1190416 0.3603324 2.409296 -0.1248131 0.3619236 2.138253 -0.403561 -0.01984219 2.751307 -0.3856688 -0.4501062 2.771302 -0.4156941 -0.804579 2.68515 -0.2173623 -0.01510233 2.681347 -0.1160564 -0.4340031 2.693079 -0.003407494 -0.8060704 2.549875 
