-0.3289162 0.6334676 2.821227 -0.2992661 0.4210275 2.817938 -0.2681711 0.2078455 2.809499 -0.4606977 0.3992842 2.772387 -0.5148697 0.08213843 2.756814 -0.5088814 -0.2021232 2.631684 -0.1378345 0.4427708 2.863489 0.05867883 0.3974964 3.02026 0.1971671 0.6179824 3.088508 -0.3319831 -0.01811951 2.774281 -0.3400656 -0.4483808 2.800631 -0.3127733 -0.7986134 2.731555 -0.1421692 0.007446625 2.82784 -0.07640111 -0.418009 2.803808 0.00336586 -0.7963038 2.716166 
-0.3275921 0.6315349 2.821212 -0.2977666 0.4197034 2.818261 -0.2660571 0.206603 2.809923 -0.4589165 0.3975433 2.771774 -0.5184402 0.08355997 2.748391 -0.5085844 -0.1930394 2.614274 -0.1366167 0.4418635 2.864749 0.0688221 0.4342538 3.009646 0.1754386 0.6758708 3.072142 -0.3290903 -0.01952577 2.774254 -0.3358329 -0.4495316 2.80507 -0.3076265 -0.8010701 2.730206 -0.139605 0.006530838 2.828916 -0.0725734 -0.4182938 2.798496 0.005995308 -0.7954721 2.718051 
-0.3274142 0.631007 2.82119 -0.2959814 0.4188232 2.819161 -0.2636968 0.2057822 2.811497 -0.4568589 0.3961434 2.771911 -0.5152269 0.08226883 2.741167 -0.5049736 -0.1859624 2.592799 -0.135104 0.4415029 2.866411 0.08189165 0.4951347 2.992826 0.1413227 0.7571073 3.029878 -0.3260057 -0.02059405 2.776051 -0.3338276 -0.450792 2.804152 -0.3066496 -0.8004013 2.733907 -0.1368187 0.00607663 2.831615 -0.07159199 -0.4189923 2.800237 0.006498924 -0.7962278 2.715693 
-0.3242564 0.6270003 2.824713 -0.2912971 0.4159695 2.821265 -0.2587195 0.20304 2.812005 -0.4521343 0.3934276 2.773766 -0.5136147 0.08113394 2.737599 -0.499569 -0.1873748 2.588662 -0.13046 0.4385115 2.868763 0.08794234 0.5435652 2.973936 0.1089792 0.8153817 2.991863 -0.320716 -0.02314439 2.774816 -0.331131 -0.4533661 2.801894 -0.3055603 -0.8057207 2.732324 -0.1315676 0.003365524 2.830675 -0.06906464 -0.4215353 2.792693 0.01061661 -0.7970906 2.709079 
-0.3223175 0.6257685 2.825954 -0.2885839 0.4148836 2.822022 -0.2558815 0.2019991 2.812114 -0.4503265 0.3920886 2.777951 -0.5083163 0.08057077 2.739804 -0.488432 -0.1861736 2.584617 -0.1268412 0.4376785 2.866093 0.08846625 0.5817763 2.939963 0.08527096 0.8602272 2.950062 -0.3183101 -0.02429242 2.776285 -0.3326764 -0.4535225 2.813466 -0.3090147 -0.8087312 2.733228 -0.1280481 0.002521851 2.828127 -0.06962814 -0.4231111 2.791675 0.01220255 -0.8035328 2.701944 
-0.3098224 0.6201823 2.81319 -0.2812673 0.4095655 2.817625 -0.2535319 0.1959253 2.813895 -0.4450174 0.3889421 2.78126 -0.5015058 0.07267148 2.743055 -0.4817898 -0.1873604 2.580001 -0.1175171 0.4301889 2.853991 0.08337089 0.6130363 2.89555 0.06386642 0.8917233 2.888165 -0.3221931 -0.0298555 2.788757 -0.3359566 -0.4591369 2.826449 -0.3151083 -0.8138534 2.745849 -0.1293999 -0.00557431 2.831572 -0.07567395 -0.4326068 2.81283 0.0185185 -0.8274394 2.680694 
-0.3029098 0.6178335 2.8068 -0.2765098 0.4067701 2.815202 -0.2515897 0.192714 2.81416 -0.4423489 0.3875788 2.791517 -0.4991371 0.07125308 2.748638 -0.4818848 -0.1877208 2.591214 -0.1106706 0.4259613 2.838887 0.07927885 0.6396236 2.843374 0.05002164 0.9197484 2.841284 -0.324415 -0.03265341 2.799157 -0.3293465 -0.462835 2.823305 -0.3130689 -0.8095489 2.742981 -0.128924 -0.01003076 2.827077 -0.06972394 -0.4353825 2.793834 0.01485536 -0.8165565 2.685513 
-0.2965215 0.615206 2.814069 -0.2720714 0.4045484 2.817408 -0.248819 0.1903278 2.812979 -0.43918 0.3866268 2.80692 -0.4947056 0.06820508 2.765358 -0.4792468 -0.1890674 2.602592 -0.1049627 0.4224701 2.827896 0.07051771 0.6596981 2.79829 0.03860252 0.9434297 2.793468 -0.3239667 -0.03444583 2.802374 -0.3267768 -0.4649237 2.824354 -0.3092447 -0.8047539 2.734386 -0.1271666 -0.01333991 2.814725 -0.06160215 -0.4379233 2.781029 0.01050749 -0.8077959 2.689565 
-0.2800228 0.6169542 2.814015 -0.260397 0.4048285 2.817389 -0.2418482 0.190134 2.812939 -0.4280935 0.3901487 2.826634 -0.4864631 0.06906964 2.795154 -0.4677451 -0.1985274 2.638033 -0.09270058 0.4195083 2.808143 0.05835075 0.6548965 2.722455 0.0274246 0.9371247 2.675366 -0.3218424 -0.03318681 2.813922 -0.3168649 -0.4641378 2.820645 -0.3055765 -0.8006544 2.731739 -0.1247566 -0.01593431 2.803056 -0.05283479 -0.4401537 2.776347 0.005027698 -0.8064837 2.698909 
-0.2763827 0.619975 2.828266 -0.2606151 0.4086344 2.824036 -0.2459941 0.1939379 2.813463 -0.4270523 0.396202 2.846334 -0.4869847 0.06970318 2.802685 -0.4608544 -0.2052237 2.660648 -0.09417784 0.4210668 2.801738 0.05546765 0.6447299 2.69144 0.02535149 0.9228896 2.624454 -0.3293684 -0.02807858 2.816018 -0.3250262 -0.4591608 2.81968 -0.3124512 -0.7963403 2.731976 -0.1333778 -0.01343863 2.789762 -0.05902842 -0.437664 2.771604 -0.005808949 -0.8010933 2.694103 
-0.2685318 0.6184499 2.826352 -0.257671 0.4081903 2.823699 -0.2472981 0.1931524 2.814332 -0.4228413 0.3988309 2.85566 -0.4889578 0.07533246 2.813944 -0.4668587 -0.2087928 2.692232 -0.09250061 0.4175497 2.791737 0.04677359 0.6328831 2.655359 0.02108638 0.9061044 2.570381 -0.3339911 -0.02738585 2.823747 -0.320404 -0.4582179 2.822526 -0.307525 -0.799905 2.738997 -0.1398595 -0.01638533 2.786182 -0.04931106 -0.4373785 2.773942 -0.00667498 -0.7998176 2.709971 
-0.2581016 0.621547 2.838404 -0.2548074 0.4107452 2.830544 -0.2527148 0.1956505 2.81724 -0.414957 0.4059448 2.882969 -0.487336 0.07691123 2.838609 -0.4598327 -0.2113612 2.741061 -0.09465784 0.4155456 2.778118 0.03713591 0.6066192 2.587059 0.01457017 0.8595627 2.454088 -0.3445925 -0.02226103 2.834697 -0.3181743 -0.4519921 2.816112 -0.3064719 -0.7944279 2.735425 -0.1566517 -0.01662758 2.773175 -0.04725169 -0.4333378 2.766471 -0.009213646 -0.8017142 2.715793 
-0.252142 0.623576 2.851853 -0.2519089 0.4129342 2.837006 -0.2528671 0.1983328 2.817812 -0.4102643 0.4084303 2.895269 -0.4772807 0.08054144 2.85635 -0.4550779 -0.2124535 2.766295 -0.09355348 0.4174381 2.778744 0.03747057 0.5867094 2.565097 0.01414517 0.811876 2.395322 -0.3468297 -0.01891383 2.832836 -0.3115003 -0.447558 2.806246 -0.3040724 -0.7907833 2.72912 -0.1608208 -0.01362343 2.7644 -0.04525369 -0.4287066 2.768013 -0.006710507 -0.8020253 2.706193 
-0.2412565 0.6190827 2.840394 -0.2435644 0.4075105 2.832511 -0.2474579 0.1925647 2.818995 -0.3985163 0.4060827 2.899859 -0.4639253 0.08529889 2.882918 -0.4531045 -0.2164898 2.809146 -0.0886125 0.4089383 2.765163 0.01371987 0.5247579 2.516762 0.0003522825 0.6968754 2.305945 -0.3424754 -0.02322076 2.845085 -0.3058803 -0.4521068 2.820624 -0.2969973 -0.7975433 2.746186 -0.1602274 -0.02154144 2.765873 -0.03608091 -0.4341294 2.77931 -0.003410702 -0.8096776 2.720454 
-0.2412565 0.6190827 2.840394 -0.2435644 0.4075105 2.832511 -0.2474579 0.1925647 2.818995 -0.3985163 0.4060827 2.899859 -0.4639253 0.08529889 2.882918 -0.4531045 -0.2164898 2.809146 -0.0886125 0.4089383 2.765163 0.01371987 0.5247579 2.516762 0.0003522825 0.6968754 2.305945 -0.3424754 -0.02322076 2.845085 -0.3058803 -0.4521068 2.820624 -0.2969973 -0.7975433 2.746186 -0.1602274 -0.02154144 2.765873 -0.03608091 -0.4341294 2.77931 -0.003410702 -0.8096776 2.720454 
-0.2334424 0.6206867 2.841805 -0.2368725 0.4085464 2.833012 -0.242165 0.1935818 2.818727 -0.3911773 0.4077522 2.902135 -0.4589601 0.08615564 2.899972 -0.4546004 -0.2191609 2.832862 -0.0825678 0.4093407 2.763888 0.005858521 0.4888702 2.497387 -0.003263214 0.5989479 2.259972 -0.3381327 -0.02184964 2.845062 -0.3018293 -0.4497071 2.807933 -0.2960019 -0.7890518 2.731837 -0.156782 -0.0209162 2.763823 -0.0319725 -0.4332539 2.760543 -0.002326696 -0.8003376 2.716112 
-0.2236045 0.6189619 2.83201 -0.2292286 0.4060992 2.827994 -0.236477 0.1909663 2.817295 -0.3825362 0.4077149 2.899375 -0.4419467 0.08556475 2.91101 -0.456926 -0.2210492 2.853197 -0.07592092 0.4044836 2.756613 -0.001551147 0.4604456 2.483689 -0.001243376 0.5111155 2.228906 -0.3338595 -0.02321677 2.848563 -0.2994879 -0.450857 2.80646 -0.2953321 -0.7925725 2.736394 -0.1535915 -0.02511658 2.764629 -0.03116419 -0.4383397 2.766945 -0.001263615 -0.8106852 2.716905 
-0.2144481 0.6241793 2.830413 -0.223073 0.409964 2.828346 -0.2336444 0.1948617 2.819714 -0.375136 0.4144686 2.902324 -0.429695 0.08550958 2.934871 -0.4560997 -0.2187982 2.878558 -0.07101005 0.4054593 2.754368 -0.003364456 0.3788717 2.480166 -0.003413865 0.3661297 2.20865 -0.3336417 -0.01759148 2.854587 -0.3005891 -0.4452269 2.811031 -0.2999467 -0.7861098 2.741799 -0.1547899 -0.02288972 2.767577 -0.03326575 -0.4365134 2.766227 -0.0006651955 -0.8030654 2.711019 
