-0.2831799 0.7787264 2.787097 -0.3004135 0.5332559 2.861855 -0.2849884 0.287184 2.87282 -0.4625514 0.5208283 2.811051 -0.5215163 0.2445998 2.86488 -0.3544566 0.1147526 2.658059 -0.1382756 0.5456834 2.912658 0.03746616 0.5630756 3.072931 0.1587956 0.8674058 3.136075 -0.3611172 0.03409461 2.855099 -0.3775001 -0.4135063 2.760669 -0.2549968 -0.7379941 2.946852 -0.1780095 0.04812945 2.912472 -0.1901009 -0.3994854 2.939231 -0.228875 -0.7546324 2.996244 
-0.2862387 0.7817596 2.793666 -0.3005789 0.5340942 2.862193 -0.2849597 0.2877403 2.873679 -0.4635216 0.5212823 2.808977 -0.5227473 0.2450414 2.864585 -0.344332 0.1145095 2.653004 -0.1376362 0.5469061 2.91541 0.04233496 0.6093048 3.052381 0.144433 0.9059824 3.093315 -0.3591921 0.03432149 2.855819 -0.3749463 -0.41339 2.761212 -0.2374062 -0.7170559 2.997535 -0.1794891 0.04845119 2.91451 -0.1902494 -0.4009518 2.939246 -0.2202682 -0.783233 3.09391 
-0.288926 0.7816855 2.790782 -0.3065823 0.5491254 2.851272 -0.2875138 0.2945214 2.864836 -0.4651024 0.5344002 2.797718 -0.5319298 0.2694872 2.862701 -0.3565488 0.117853 2.63766 -0.1480621 0.5638507 2.904826 0.03050453 0.6191302 3.02896 0.1118426 0.9443076 3.040504 -0.3530591 0.03205737 2.849814 -0.373138 -0.4129585 2.765179 -0.1986997 -0.691872 2.999306 -0.1838316 0.04777734 2.906985 -0.1890272 -0.4027652 2.935907 -0.230874 -0.8080019 3.053598 
-0.3250665 0.7803618 2.759159 -0.3273043 0.5637323 2.825539 -0.304097 0.3022046 2.840744 -0.4866261 0.5471497 2.78349 -0.5345712 0.2755195 2.857964 -0.3738943 0.1285292 2.633745 -0.1679825 0.5803148 2.867587 0.03315225 0.6719315 2.960676 0.09979711 1.01339 2.944152 -0.3651652 0.03190549 2.833708 -0.3758057 -0.4122826 2.767597 -0.2359904 -0.7088184 3.020498 -0.1966143 0.04944858 2.878192 -0.2052942 -0.3964035 2.920305 -0.2285636 -0.806492 3.033988 
-0.3294146 0.7844793 2.754612 -0.3311092 0.5681978 2.816811 -0.3109826 0.3118501 2.828716 -0.4913803 0.5532838 2.766627 -0.5425832 0.2816 2.83465 -0.3960328 0.1339625 2.622074 -0.1708381 0.5831118 2.866996 0.03930577 0.6844827 2.933844 0.08559971 1.009481 2.888368 -0.3754636 0.04762915 2.814129 -0.3884529 -0.4023012 2.789894 -0.3894645 -0.8426955 2.790776 -0.2062482 0.06337549 2.867114 -0.2043629 -0.3959859 2.899718 -0.2041212 -0.8068937 2.99964 
-0.3332175 0.7871523 2.745655 -0.3287187 0.5629686 2.79917 -0.3119002 0.3122416 2.814057 -0.4938525 0.5493581 2.756502 -0.5466254 0.2792903 2.821597 -0.4399913 0.1183023 2.595469 -0.1635849 0.5765791 2.841837 0.03711418 0.7032001 2.892911 0.06663549 1.020435 2.800409 -0.3834372 0.05423212 2.806115 -0.3948908 -0.3875413 2.805134 -0.3924465 -0.8291733 2.787963 -0.2067264 0.06879675 2.851774 -0.2004183 -0.3837944 2.885497 -0.2264857 -0.7810555 2.997073 
-0.3380903 0.790179 2.739836 -0.3301629 0.5629327 2.789749 -0.3123142 0.3143092 2.807707 -0.4988281 0.5483276 2.755184 -0.5529727 0.2789495 2.819965 -0.4337631 0.1121368 2.584799 -0.1614977 0.5775378 2.824314 0.03354172 0.7071872 2.833965 0.05532133 1.010272 2.740942 -0.3825229 0.05806062 2.807619 -0.3933397 -0.3791317 2.799122 -0.3890713 -0.8107808 2.776212 -0.2064083 0.07331075 2.84371 -0.1996625 -0.3805084 2.884265 -0.234518 -0.7730352 2.999556 
-0.3445919 0.7928715 2.728909 -0.3313805 0.5647804 2.782985 -0.3144307 0.3167952 2.803902 -0.5013898 0.5504829 2.751245 -0.5803658 0.294392 2.810226 -0.4590253 0.1286782 2.591422 -0.1613713 0.5790779 2.814724 -0.0009187164 0.691085 2.733136 0.03476626 0.9569328 2.609061 -0.3864004 0.06133195 2.808219 -0.392942 -0.3671378 2.793334 -0.3883153 -0.8062241 2.77451 -0.2085612 0.07628795 2.841421 -0.1985974 -0.3807897 2.883758 -0.2267087 -0.7842721 2.975689 
-0.3551747 0.7992141 2.720404 -0.3391864 0.5681002 2.768067 -0.3241639 0.3237891 2.797402 -0.5110489 0.5550101 2.74706 -0.5787556 0.2803499 2.804431 -0.471614 0.1062501 2.585307 -0.1673239 0.5811904 2.789074 0.003658264 0.7086666 2.679454 0.01076802 0.9294602 2.501926 -0.4033784 0.07230037 2.815219 -0.3927726 -0.3704488 2.789705 -0.3925707 -0.8101854 2.805259 -0.2149042 0.08665578 2.838257 -0.2028035 -0.379813 2.890078 -0.2014717 -0.755765 3.006235 
-0.3519926 0.7970074 2.725928 -0.3394478 0.5643781 2.766538 -0.3240817 0.3231229 2.794967 -0.5090465 0.5514301 2.748328 -0.5836769 0.2815573 2.797544 -0.4780183 0.1188324 2.57099 -0.1698491 0.5773262 2.784748 -0.007020263 0.7020333 2.651145 -0.004486879 0.8989659 2.445726 -0.4039802 0.07459474 2.813168 -0.3936257 -0.3710533 2.789183 -0.3890187 -0.8101586 2.801955 -0.213451 0.0891407 2.833626 -0.2035995 -0.3775666 2.890608 -0.2157853 -0.7601536 2.997506 
-0.3513093 0.7951766 2.729267 -0.3388728 0.5611848 2.76566 -0.3238033 0.3212242 2.794113 -0.5077184 0.5483462 2.74681 -0.5890847 0.2865191 2.794894 -0.4688251 0.1059427 2.572877 -0.1700273 0.5740234 2.784509 -0.01182477 0.6665878 2.615861 -0.02630874 0.8088255 2.374333 -0.4042435 0.07400133 2.811904 -0.3946452 -0.3729883 2.788394 -0.4198793 -0.8235582 2.816376 -0.2132242 0.08852592 2.833229 -0.2051286 -0.3795097 2.907036 -0.2408517 -0.7959423 3.025805 
-0.3507753 0.7926075 2.740342 -0.336874 0.5548218 2.766742 -0.321635 0.3156615 2.795431 -0.5059167 0.5418218 2.748162 -0.5862733 0.2797245 2.79577 -0.4882586 0.1176374 2.583481 -0.1678313 0.5678217 2.785321 -0.01461002 0.6454796 2.581902 -0.0505337 0.691327 2.333149 -0.3996732 0.06932794 2.813869 -0.3925422 -0.3774822 2.788228 -0.4172795 -0.8190368 2.816406 -0.2131189 0.08367456 2.834372 -0.2056692 -0.3825431 2.90893 -0.2316136 -0.7824153 3.038274 
-0.3506935 0.7931696 2.749033 -0.3332716 0.5494649 2.769155 -0.3198716 0.3121394 2.797615 -0.5045556 0.5376634 2.75139 -0.5882844 0.2802171 2.806027 -0.4835629 0.1170517 2.574772 -0.1619876 0.5612664 2.786919 -0.04043922 0.5665982 2.555389 -0.05848246 0.6344937 2.321642 -0.3997228 0.06838889 2.816404 -0.3871724 -0.3862109 2.788478 -0.4150008 -0.8160645 2.815705 -0.2132205 0.08123893 2.835747 -0.2042439 -0.381674 2.913346 -0.2243909 -0.7311802 3.071429 
-0.3368519 0.7840618 2.773125 -0.3302843 0.5431306 2.77571 -0.3176392 0.3059834 2.802988 -0.5037036 0.5326101 2.764639 -0.5712213 0.2633999 2.834919 -0.4747676 0.1118683 2.624952 -0.156865 0.5536511 2.786782 -0.04576552 0.5340154 2.557918 -0.06157471 0.5271118 2.327864 -0.3969962 0.06325479 2.824391 -0.3908881 -0.3755891 2.78918 -0.4129786 -0.8088452 2.814434 -0.2129921 0.07441745 2.836139 -0.201914 -0.3840406 2.907413 -0.2242503 -0.7360554 3.070858 
-0.3392503 0.7882903 2.775479 -0.3301491 0.5386674 2.79114 -0.3172325 0.3018146 2.812006 -0.505777 0.5292215 2.792638 -0.5653134 0.2630107 2.84958 -0.4755476 0.113243 2.634405 -0.1545211 0.5481131 2.789641 -0.05628923 0.4875098 2.572745 -0.05807599 0.4648337 2.325466 -0.3955989 0.06005229 2.83365 -0.3935745 -0.3789459 2.798695 -0.4048484 -0.8055581 2.76606 -0.2130328 0.0698712 2.832093 -0.2013516 -0.3886259 2.910481 -0.233779 -0.7766035 3.067054 
