-0.5567783 0.6073428 2.608929 -0.5402778 0.3965331 2.644869 -0.5200294 0.18375 2.672808 -0.7005255 0.3747771 2.595314 -0.7803932 0.06219855 2.635722 -0.7846958 -0.2399217 2.562591 -0.3800302 0.4182891 2.694424 -0.1963268 0.378346 2.871867 -0.03513091 0.5702589 2.964044 -0.5939999 -0.04182463 2.671611 -0.5585603 -0.4703203 2.640319 -0.5761598 -0.8288353 2.588182 -0.4055618 -0.01624138 2.729884 -0.2708638 -0.4240311 2.692197 -0.1462769 -0.7901745 2.633105 
-0.5470579 0.6060128 2.606564 -0.5310798 0.3956033 2.643177 -0.5111459 0.1829016 2.672126 -0.6908879 0.3736846 2.592172 -0.7736979 0.06460141 2.63135 -0.7832637 -0.2358782 2.550689 -0.3712718 0.417522 2.694181 -0.1791685 0.417169 2.872434 -0.04838875 0.6402442 2.950859 -0.5851684 -0.04268684 2.671087 -0.5548782 -0.4716291 2.640012 -0.5742173 -0.8261289 2.587548 -0.3972557 -0.01691344 2.731062 -0.263474 -0.4251786 2.694632 -0.1307797 -0.7919012 2.620481 
-0.5239258 0.6109415 2.617797 -0.5114872 0.3999926 2.648278 -0.4970318 0.1861463 2.67116 -0.671544 0.3835785 2.595992 -0.76166 0.06340405 2.617069 -0.7638289 -0.2311344 2.52322 -0.3514306 0.4164066 2.700565 -0.1467895 0.4952899 2.850124 -0.07606917 0.7568583 2.911032 -0.5766943 -0.03735191 2.663296 -0.5495732 -0.4664299 2.630603 -0.5780343 -0.8272867 2.581367 -0.3884584 -0.01804802 2.724787 -0.2566532 -0.4271777 2.691206 -0.1128832 -0.7945362 2.597664 
-0.506099 0.6025201 2.619507 -0.4931168 0.3917652 2.651118 -0.4784479 0.1780857 2.675604 -0.6505827 0.3742023 2.592185 -0.7503643 0.06372388 2.613033 -0.7480293 -0.2252566 2.501871 -0.3356508 0.4093281 2.71005 -0.1279291 0.5271193 2.830071 -0.08656566 0.8024502 2.879277 -0.5564498 -0.04592987 2.665406 -0.532575 -0.4755965 2.638885 -0.5636381 -0.8373592 2.587362 -0.3711082 -0.02525784 2.734772 -0.240588 -0.4345985 2.698455 -0.09792459 -0.7977412 2.601285 
-0.4901811 0.603755 2.628863 -0.4774171 0.3934131 2.655932 -0.4627235 0.1793275 2.676338 -0.6345852 0.3768839 2.59569 -0.735662 0.06035245 2.613512 -0.7276579 -0.2238053 2.491798 -0.3202489 0.4099423 2.716175 -0.1134546 0.5540721 2.809549 -0.09126712 0.8391407 2.842428 -0.5404098 -0.04447366 2.661335 -0.5308852 -0.4742201 2.63086 -0.569441 -0.8299269 2.57952 -0.3556502 -0.02504269 2.732154 -0.2265413 -0.4316815 2.673723 -0.0945709 -0.7945544 2.583559 
-0.4590481 0.6058563 2.634615 -0.4493779 0.3939768 2.660661 -0.4374262 0.1795852 2.679668 -0.6097115 0.3804893 2.609347 -0.7073687 0.07018973 2.620331 -0.7000691 -0.209124 2.486198 -0.2890443 0.4074642 2.711974 -0.1017662 0.5870326 2.763858 -0.1018779 0.8786355 2.776307 -0.5198957 -0.04274911 2.668456 -0.5160224 -0.473012 2.643404 -0.5616586 -0.8289662 2.591438 -0.3310532 -0.02686349 2.728894 -0.1965926 -0.4301464 2.659461 -0.08151542 -0.8012092 2.5798 
-0.4337806 0.6093832 2.636964 -0.4247769 0.3969417 2.664205 -0.4148478 0.1824771 2.683724 -0.5875774 0.3854705 2.620981 -0.6781682 0.07157806 2.624715 -0.6683892 -0.1988631 2.480686 -0.2619765 0.4084128 2.70743 -0.08787104 0.6100444 2.729982 -0.0971576 0.9070516 2.716738 -0.5006847 -0.03873527 2.677817 -0.5093349 -0.4681022 2.643361 -0.5599947 -0.8263453 2.596385 -0.3091526 -0.02523964 2.72867 -0.1825588 -0.4288848 2.647474 -0.08245971 -0.7970665 2.58078 
-0.4090367 0.6125566 2.647692 -0.4028321 0.3990012 2.670085 -0.3956963 0.1841407 2.685653 -0.568225 0.3912168 2.638459 -0.6572194 0.06987683 2.625923 -0.6350403 -0.1911623 2.469582 -0.2374391 0.4067855 2.70171 -0.07972381 0.6140988 2.697565 -0.09096895 0.912101 2.660382 -0.4859721 -0.03530464 2.682595 -0.4982663 -0.4644086 2.644151 -0.5613652 -0.8237641 2.591753 -0.291149 -0.02613515 2.719848 -0.1711889 -0.4305262 2.631867 -0.08572979 -0.7937368 2.569618 
-0.3903949 0.6105543 2.652975 -0.3849214 0.3982134 2.673006 -0.3787127 0.183226 2.687643 -0.5518299 0.391784 2.64937 -0.6301305 0.07695163 2.630968 -0.6165926 -0.184456 2.474115 -0.2180128 0.4046428 2.696643 -0.07017735 0.6192268 2.665013 -0.08348544 0.9147921 2.604146 -0.4705816 -0.03553941 2.688391 -0.4853715 -0.4652119 2.657408 -0.5546437 -0.8232903 2.593628 -0.2744262 -0.02798344 2.716169 -0.1613679 -0.4349385 2.630393 -0.08287109 -0.8028156 2.572483 
-0.3674538 0.6154091 2.66673 -0.3649729 0.4012385 2.681094 -0.3618667 0.1859866 2.691671 -0.5330182 0.3983245 2.671143 -0.6002276 0.07909433 2.637569 -0.5733144 -0.1813908 2.483107 -0.1969277 0.4041524 2.691046 -0.0608158 0.6094604 2.614698 -0.08002359 0.8967366 2.523345 -0.4577751 -0.03098219 2.696384 -0.4690093 -0.4612179 2.672053 -0.5435379 -0.818458 2.598902 -0.2597455 -0.02754829 2.708111 -0.1543871 -0.4373794 2.626188 -0.0827445 -0.8000631 2.567985 
-0.3505404 0.6158317 2.683139 -0.3519733 0.402649 2.687848 -0.352241 0.1872329 2.692565 -0.5198768 0.4029885 2.693818 -0.5838901 0.08275964 2.642876 -0.5442544 -0.1864206 2.500492 -0.1840699 0.4023095 2.681878 -0.05144476 0.6007355 2.574508 -0.07980724 0.8755707 2.452918 -0.451454 -0.02798312 2.700799 -0.4626684 -0.4580965 2.673291 -0.5304202 -0.8184502 2.602688 -0.2535632 -0.02838324 2.693763 -0.1578409 -0.44169 2.618014 -0.08863627 -0.8036506 2.562585 
-0.3323468 0.6238484 2.690809 -0.3385873 0.4094661 2.69401 -0.3429922 0.1940341 2.696916 -0.505963 0.4131135 2.710684 -0.5660049 0.08592612 2.646019 -0.5251881 -0.1876468 2.507047 -0.1712117 0.4058188 2.677336 -0.04077213 0.5858325 2.535941 -0.07951349 0.8478878 2.395001 -0.4456867 -0.01925615 2.709613 -0.4518327 -0.448347 2.669803 -0.5084453 -0.8093765 2.617742 -0.2491075 -0.02353987 2.69003 -0.1573729 -0.4401663 2.630332 -0.08956776 -0.7971931 2.572594 
-0.3247904 0.6279685 2.695018 -0.3310373 0.4141571 2.698287 -0.3356351 0.1986623 2.700344 -0.497516 0.4179546 2.723983 -0.5509193 0.1046367 2.661364 -0.5157849 -0.1720803 2.526675 -0.1645586 0.4103596 2.67259 -0.03540283 0.5693984 2.505001 -0.07616004 0.8083142 2.337664 -0.437987 -0.01460263 2.71749 -0.439793 -0.4421674 2.664254 -0.4816137 -0.809383 2.63216 -0.2424789 -0.01906232 2.687313 -0.1529578 -0.4370291 2.632373 -0.09156653 -0.7955669 2.578362 
-0.3146951 0.6272244 2.707623 -0.3234518 0.4148153 2.705367 -0.3296592 0.1993588 2.70398 -0.4897095 0.4194188 2.734341 -0.5445914 0.1156017 2.678275 -0.5096421 -0.1650986 2.551892 -0.1571942 0.4102117 2.676393 -0.04223233 0.5341728 2.474029 -0.07415192 0.7335142 2.272073 -0.4334425 -0.0133958 2.719598 -0.4320919 -0.4399873 2.658382 -0.4515164 -0.8098028 2.646213 -0.2382905 -0.01879939 2.685588 -0.1521715 -0.438616 2.639989 -0.09245934 -0.7982683 2.578339 
-0.3077664 0.6266999 2.713921 -0.3172916 0.4145573 2.709235 -0.324347 0.1991206 2.706156 -0.4836133 0.4195803 2.738916 -0.5390136 0.1202468 2.689522 -0.5102536 -0.1633111 2.567909 -0.1509699 0.4095344 2.679554 -0.04661631 0.5030819 2.449523 -0.07340459 0.6694697 2.22634 -0.4290946 -0.01336594 2.720511 -0.4188859 -0.4407935 2.666526 -0.4290306 -0.8084633 2.657919 -0.2337103 -0.01926657 2.685644 -0.1488027 -0.4397047 2.642454 -0.09133095 -0.800745 2.581599 
-0.3077921 0.627082 2.718044 -0.3152448 0.4145744 2.711186 -0.3198293 0.199103 2.706399 -0.4812332 0.4173923 2.743316 -0.5335208 0.1106296 2.702751 -0.5121347 -0.1718856 2.573951 -0.1492564 0.4117565 2.679057 -0.05682482 0.4825352 2.431738 -0.07368997 0.6017438 2.191289 -0.4219846 -0.01471194 2.720498 -0.400092 -0.4430518 2.681522 -0.4140613 -0.8030905 2.659477 -0.2268428 -0.01802475 2.682725 -0.1441751 -0.438973 2.639547 -0.09010676 -0.7968986 2.579347 
-0.3067999 0.6316006 2.717616 -0.3138447 0.4182458 2.714383 -0.318722 0.2027349 2.711421 -0.4797879 0.4215527 2.747037 -0.5332547 0.1033156 2.71437 -0.5176905 -0.1835229 2.590745 -0.1479014 0.4149389 2.68173 -0.06490932 0.4377671 2.425354 -0.06904981 0.5084831 2.170551 -0.421146 -0.01083209 2.727654 -0.3972574 -0.4402005 2.704711 -0.4152485 -0.7999882 2.672925 -0.2260526 -0.01471988 2.689264 -0.1570792 -0.4379703 2.646413 -0.09266493 -0.7982702 2.586682 
-0.3120329 0.6328459 2.727441 -0.3158898 0.4194585 2.719043 -0.3176946 0.2040589 2.711662 -0.4824897 0.4198561 2.748178 -0.5320787 0.1011242 2.722743 -0.5277246 -0.1905034 2.60937 -0.1492899 0.4190608 2.689907 -0.06341466 0.4029142 2.433187 -0.06315281 0.4246872 2.166627 -0.4174862 -0.01110677 2.721417 -0.3901528 -0.4408538 2.710922 -0.4133698 -0.8057089 2.662158 -0.2215124 -0.01157451 2.687144 -0.1562404 -0.4346235 2.6367 -0.08920997 -0.8031423 2.576962 
-0.3145343 0.6288651 2.722838 -0.3179629 0.4159295 2.718322 -0.3183478 0.2004297 2.713435 -0.4850809 0.4156356 2.744451 -0.5420637 0.1000809 2.723376 -0.5468926 -0.1949537 2.620276 -0.150845 0.4162233 2.692193 -0.06572987 0.3709386 2.43661 -0.06101334 0.3663081 2.164313 -0.4169962 -0.01524284 2.723913 -0.3928905 -0.4452682 2.728179 -0.4171019 -0.8093702 2.67168 -0.2204693 -0.01489729 2.693185 -0.1612034 -0.4390993 2.644533 -0.09234343 -0.8089467 2.584028 
