-0.2817034 0.6215287 2.777006 -0.2668649 0.4082919 2.795606 -0.2528859 0.1933198 2.803028 -0.4350687 0.396877 2.781783 -0.5014939 0.08524872 2.812004 -0.5054494 -0.2058907 2.701296 -0.0986611 0.4197069 2.80943 0.1070793 0.3695332 2.99193 0.2825165 0.570482 3.057708 -0.3377948 -0.02836322 2.802324 -0.3260306 -0.4590333 2.818197 -0.3161323 -0.8053707 2.718626 -0.140019 -0.01494144 2.818577 -0.05685988 -0.4355853 2.783103 0.01316912 -0.8354718 2.714541 
-0.2862351 0.6320292 2.788126 -0.2698689 0.4186107 2.801065 -0.2538736 0.2036978 2.803936 -0.4376809 0.4058935 2.784014 -0.5017027 0.08309112 2.803537 -0.5026093 -0.2038704 2.681596 -0.1020568 0.431328 2.818116 0.1185805 0.4158056 2.981975 0.2540628 0.647702 3.05242 -0.3365624 -0.01869362 2.796779 -0.3259012 -0.4491723 2.818137 -0.3156232 -0.7952055 2.716488 -0.1391944 -0.003736526 2.816833 -0.05774376 -0.4259458 2.797143 0.01868044 -0.8273007 2.693675 
-0.2941227 0.6312881 2.793674 -0.2725386 0.4191216 2.804435 -0.2521706 0.204577 2.807155 -0.4399737 0.4029998 2.78659 -0.5028551 0.08004086 2.796783 -0.4998099 -0.2019884 2.656134 -0.1051034 0.4352433 2.82228 0.1212852 0.4639075 2.969994 0.2152534 0.721598 3.009717 -0.3302648 -0.01944806 2.799381 -0.3229374 -0.4491505 2.832228 -0.3096853 -0.805217 2.725602 -0.1333403 -0.000486908 2.820369 -0.06546939 -0.4236033 2.838878 0.03975216 -0.8454839 2.654717 
-0.299187 0.6246375 2.797495 -0.2735874 0.4132069 2.806886 -0.2498297 0.1989856 2.808568 -0.4400089 0.3945673 2.783559 -0.503411 0.08400345 2.794956 -0.5006444 -0.183997 2.636972 -0.1071659 0.4318465 2.830213 0.1186565 0.5154749 2.954546 0.1774147 0.7868605 2.972672 -0.3239805 -0.02620167 2.796527 -0.3188936 -0.4558899 2.831195 -0.3097028 -0.8119876 2.721138 -0.1281636 -0.004269699 2.823974 -0.06855667 -0.429765 2.841084 0.04063014 -0.8521467 2.645183 
-0.3011582 0.6246739 2.789351 -0.2725277 0.4137149 2.805902 -0.2470947 0.1998131 2.812624 -0.4386456 0.393199 2.781576 -0.5042202 0.09001068 2.796458 -0.5022526 -0.1708426 2.635253 -0.1064098 0.4342307 2.83023 0.1163091 0.5577261 2.929796 0.1569599 0.8360529 2.938319 -0.319314 -0.02614897 2.805045 -0.3207577 -0.4559408 2.838854 -0.3118842 -0.8075824 2.732956 -0.1240093 -0.002028519 2.833647 -0.06863774 -0.4287219 2.850159 0.0444078 -0.8489269 2.637906 
-0.3017436 0.6225648 2.795755 -0.2705534 0.4122941 2.807626 -0.2430754 0.1985531 2.811573 -0.437023 0.390515 2.787138 -0.5006473 0.08952643 2.799719 -0.5009948 -0.1610523 2.629802 -0.1040838 0.4340732 2.828114 0.1111267 0.606332 2.877866 0.1320067 0.889885 2.884166 -0.3134938 -0.02799568 2.803471 -0.3194737 -0.4580301 2.833702 -0.311381 -0.8091505 2.724139 -0.117701 -0.002380234 2.827568 -0.06692678 -0.4301018 2.836243 0.04589459 -0.8519472 2.628042 
-0.2976198 0.6242323 2.798475 -0.2662953 0.4132461 2.809407 -0.2384411 0.1995006 2.812341 -0.4331857 0.3912724 2.79298 -0.4948375 0.08927112 2.80386 -0.5005711 -0.1561693 2.629531 -0.09940492 0.4352198 2.825833 0.1030522 0.6316546 2.837926 0.1141354 0.9181666 2.82771 -0.3087299 -0.02716696 2.805615 -0.3175441 -0.4571826 2.835948 -0.3123269 -0.8083054 2.725525 -0.1124439 -0.001322906 2.824935 -0.06516347 -0.429684 2.829016 0.03910548 -0.8447483 2.646445 
-0.2936094 0.6231403 2.799838 -0.2631007 0.412003 2.810158 -0.2352439 0.1982309 2.812588 -0.4303866 0.3900741 2.798728 -0.4924268 0.08764038 2.809432 -0.4987426 -0.1599566 2.640509 -0.09581483 0.433932 2.821587 0.09451929 0.6518203 2.805961 0.09728803 0.9427332 2.780453 -0.3057762 -0.02843867 2.808296 -0.3182918 -0.4584852 2.836969 -0.3110805 -0.8058314 2.729377 -0.108998 -0.002643662 2.82174 -0.06904642 -0.4312551 2.839375 0.03988398 -0.8497274 2.637346 
-0.2792199 0.6232776 2.801984 -0.2548176 0.4125681 2.810013 -0.2320054 0.1981986 2.811044 -0.4223835 0.3947769 2.818378 -0.4886371 0.07593112 2.816717 -0.4943992 -0.1775716 2.66097 -0.08725169 0.4303593 2.801648 0.07494618 0.668501 2.736318 0.07609262 0.9627893 2.690085 -0.307842 -0.02664493 2.817 -0.3185254 -0.4569361 2.842914 -0.3155163 -0.8044401 2.731433 -0.1105444 -0.00569693 2.807151 -0.06967148 -0.4340234 2.832905 0.03644085 -0.8537185 2.626178 
-0.2740931 0.6238818 2.802155 -0.2526116 0.4128433 2.81091 -0.2320398 0.198245 2.812323 -0.4196343 0.3969486 2.828561 -0.4888067 0.06996042 2.819409 -0.4867194 -0.1943238 2.680887 -0.08558897 0.428738 2.793258 0.06578405 0.6662857 2.708378 0.06808662 0.95553 2.633522 -0.3096938 -0.02570106 2.824118 -0.3159959 -0.4563808 2.842899 -0.3139384 -0.8046206 2.734579 -0.1132422 -0.007005722 2.803356 -0.06874226 -0.4351066 2.828127 0.0323735 -0.8491099 2.636778 
-0.2669044 0.6238282 2.812824 -0.2510931 0.4127091 2.814852 -0.2361302 0.1978123 2.810762 -0.4173049 0.400637 2.841082 -0.4900581 0.06758533 2.824789 -0.4828373 -0.2065351 2.701344 -0.08488126 0.4247812 2.788622 0.05638134 0.6587852 2.67917 0.05858676 0.9424952 2.582361 -0.3189106 -0.02418373 2.822097 -0.3240059 -0.4551263 2.830266 -0.3197245 -0.8027656 2.726639 -0.1234241 -0.009985398 2.791247 -0.07500821 -0.4370541 2.82433 0.02579333 -0.8538832 2.619124 
-0.2589518 0.6282531 2.82898 -0.2504646 0.4162041 2.822553 -0.2449705 0.2013439 2.811492 -0.4130473 0.4098773 2.864696 -0.4923922 0.0690878 2.844234 -0.4874297 -0.2151561 2.752609 -0.08788208 0.4225309 2.780411 0.04442296 0.6390343 2.63318 0.03715257 0.9140492 2.518561 -0.3354405 -0.01725066 2.825305 -0.3306522 -0.4480276 2.838304 -0.3271566 -0.7971244 2.728353 -0.1435121 -0.009781814 2.775556 -0.08151759 -0.4344633 2.813979 0.01654445 -0.8518046 2.613815 
-0.2512322 0.6288102 2.84879 -0.2490811 0.4180906 2.831196 -0.2489582 0.203769 2.811937 -0.408143 0.4131149 2.885556 -0.4860355 0.07379529 2.869764 -0.4913232 -0.2193137 2.789734 -0.09001905 0.4230665 2.776836 0.04044043 0.6197172 2.600353 0.02639931 0.882979 2.464588 -0.3423209 -0.01347705 2.824627 -0.3224097 -0.4436907 2.836881 -0.3177622 -0.7995453 2.722944 -0.1553496 -0.007628204 2.76073 -0.06419868 -0.4269603 2.774852 0.01022391 -0.8406144 2.692643 
-0.2474116 0.6309682 2.857576 -0.2475602 0.4205218 2.835646 -0.2504774 0.2063667 2.813143 -0.4040738 0.4161135 2.897892 -0.4746127 0.07746814 2.888429 -0.4947462 -0.2218679 2.814688 -0.09104664 0.4249301 2.7734 0.03065574 0.6002741 2.569775 0.01318022 0.8520648 2.417669 -0.3452549 -0.01037569 2.827175 -0.3167325 -0.4402634 2.837074 -0.3113598 -0.8003632 2.727555 -0.1615342 -0.005201065 2.754108 -0.05438324 -0.4204266 2.782229 0.006441471 -0.8291033 2.701007 
-0.2383321 0.6288315 2.85105 -0.2421397 0.4169916 2.832569 -0.249729 0.2025892 2.813105 -0.3937019 0.4156961 2.905937 -0.4712044 0.08118909 2.913359 -0.4990199 -0.2240453 2.853594 -0.09057735 0.4182871 2.759201 0.01694662 0.5671565 2.537565 0.001210265 0.7841683 2.348746 -0.3465003 -0.01257553 2.836812 -0.3163819 -0.4425428 2.84359 -0.3077349 -0.8058754 2.734491 -0.1681363 -0.01105093 2.75047 -0.0590991 -0.4243269 2.797944 0.01264691 -0.845158 2.68018 
-0.2383321 0.6288315 2.85105 -0.2421397 0.4169916 2.832569 -0.249729 0.2025892 2.813105 -0.3937019 0.4156961 2.905937 -0.4712044 0.08118909 2.913359 -0.4990199 -0.2240453 2.853594 -0.09057735 0.4182871 2.759201 0.01694662 0.5671565 2.537565 0.001210265 0.7841683 2.348746 -0.3465003 -0.01257553 2.836812 -0.3163819 -0.4425428 2.84359 -0.3077349 -0.8058754 2.734491 -0.1681363 -0.01105093 2.75047 -0.0590991 -0.4243269 2.797944 0.01264691 -0.845158 2.68018 
-0.225374 0.6298246 2.858737 -0.2346711 0.4177857 2.836133 -0.2472598 0.2038248 2.814269 -0.3832012 0.4183625 2.916008 -0.4651681 0.08565573 2.934752 -0.4982969 -0.221101 2.884702 -0.08614114 0.4172089 2.756258 0.005941032 0.5224992 2.507416 -0.00392597 0.6919342 2.286132 -0.3470606 -0.0097975 2.839305 -0.3137567 -0.4393457 2.831786 -0.3075643 -0.8015689 2.726312 -0.1726364 -0.01047487 2.745505 -0.05799602 -0.4216406 2.801547 0.02116313 -0.8440432 2.656231 
-0.21386 0.636662 2.863489 -0.2282543 0.4252003 2.839021 -0.2451183 0.2117492 2.814876 -0.3763753 0.4277217 2.920185 -0.449097 0.08583722 2.951874 -0.4972875 -0.2203427 2.90085 -0.08013339 0.4226788 2.757858 -0.003025635 0.489736 2.49124 -0.005149798 0.6093389 2.244078 -0.3489449 -0.0002215118 2.838381 -0.3134989 -0.4297712 2.831794 -0.3081878 -0.7960475 2.722781 -0.1750195 -0.003182175 2.743078 -0.04935195 -0.4132311 2.767619 0.01174078 -0.8287786 2.72257 
-0.2003552 0.6311715 2.866026 -0.2214927 0.4217445 2.840819 -0.2438572 0.2089354 2.814861 -0.3672288 0.4266123 2.926475 -0.4336338 0.08375018 2.971922 -0.4944682 -0.2178268 2.926284 -0.07575654 0.4168766 2.755164 -0.004506439 0.4394164 2.469836 -0.005539321 0.4669487 2.2003 -0.3518877 -0.001012283 2.839253 -0.3078229 -0.4298863 2.836428 -0.305009 -0.8037242 2.72672 -0.1805559 -0.006735031 2.738554 -0.04870782 -0.4134373 2.788508 0.01585279 -0.8381585 2.686587 
-0.1950061 0.6321159 2.877167 -0.218385 0.4230203 2.845238 -0.2423802 0.2108375 2.815854 -0.3621893 0.426968 2.934165 -0.4326618 0.07967093 2.982319 -0.4823788 -0.2218342 2.928502 -0.07458057 0.4190726 2.756311 -0.003797836 0.4016758 2.467932 -0.005161349 0.4003944 2.194691 -0.350935 0.0009759979 2.838761 -0.3071703 -0.4279743 2.838595 -0.304941 -0.8020771 2.721928 -0.1818158 -0.003666641 2.734179 -0.05300264 -0.4107861 2.790988 0.02199153 -0.8414464 2.662365 
