-0.2720333 0.7795569 2.748562 -0.2757032 0.5171033 2.814079 -0.2552003 0.2760232 2.813407 -0.4285925 0.504222 2.770574 -0.5049835 0.2394731 2.768264 -0.3913929 0.01661075 2.627424 -0.1228139 0.5299847 2.857584 0.007817688 0.4885599 3.031734 0.1605951 0.7571043 3.15149 -0.3294446 0.0269604 2.785774 -0.3398963 -0.4148189 2.75487 -0.3701178 -0.8466101 2.730477 -0.1399502 0.04292586 2.839695 -0.1215741 -0.4053143 2.898684 -0.1352365 -0.8119231 2.971528 
-0.2782191 0.7795538 2.742892 -0.2758978 0.5249668 2.808119 -0.254733 0.2788685 2.810652 -0.4296609 0.5112929 2.764396 -0.5256973 0.2521877 2.752821 -0.4245682 0.05366565 2.572535 -0.1221347 0.5386406 2.851842 0.05082108 0.5849919 3.011964 0.1363604 0.8721085 3.10135 -0.329665 0.02422443 2.785859 -0.3413065 -0.4198669 2.757646 -0.3704554 -0.8506163 2.736814 -0.1374713 0.04131586 2.84051 -0.1219895 -0.4031098 2.894955 -0.1330212 -0.7943642 2.992412 
-0.2858315 0.7802172 2.737451 -0.2736909 0.5351071 2.801253 -0.2537467 0.2844385 2.807355 -0.4336659 0.521274 2.755872 -0.5283567 0.2750424 2.767275 -0.4446612 0.08648872 2.56651 -0.1137159 0.5489401 2.846633 0.05349959 0.5849189 3.010513 0.1209389 0.8977115 3.050276 -0.3308533 0.02537791 2.785927 -0.3434643 -0.4194443 2.759417 -0.3707853 -0.8511713 2.742077 -0.1367518 0.04216185 2.840988 -0.1223454 -0.4035951 2.892513 -0.1294319 -0.8049679 2.977135 
-0.294089 0.7817845 2.734694 -0.2755699 0.5406653 2.796711 -0.2552625 0.2871855 2.805707 -0.4390539 0.5258438 2.748133 -0.5330313 0.2835714 2.775636 -0.4826343 0.09664898 2.5453 -0.1120858 0.5554869 2.845288 0.07096584 0.672483 2.933923 0.09378047 0.9715493 2.969286 -0.3331818 0.02480043 2.785517 -0.3449156 -0.4194189 2.762265 -0.3659418 -0.8327389 2.735034 -0.1367285 0.04261104 2.843891 -0.1234293 -0.4023426 2.890013 -0.1273479 -0.8077435 2.968545 
-0.3069609 0.7836561 2.738171 -0.2895982 0.5552679 2.780334 -0.2644863 0.3090379 2.793383 -0.450614 0.5371082 2.747531 -0.5420614 0.2872051 2.780231 -0.5141935 0.107859 2.538884 -0.1285824 0.5734277 2.813138 0.08319426 0.6795362 2.861087 0.07485775 1.001007 2.849746 -0.3367053 0.05183064 2.786603 -0.3482953 -0.4048284 2.758729 -0.35529 -0.8644066 2.783316 -0.1420433 0.07378505 2.826261 -0.1290972 -0.3897308 2.88673 -0.1349945 -0.793478 2.953991 
-0.3097339 0.7861939 2.737896 -0.2925058 0.5590216 2.777201 -0.2677995 0.3120603 2.791858 -0.4535035 0.5411741 2.747865 -0.5454367 0.2894192 2.780528 -0.5288185 0.1193009 2.53309 -0.1315082 0.5768691 2.806537 0.07841217 0.6903585 2.826862 0.06467441 1.030402 2.798703 -0.3403259 0.05432022 2.788799 -0.3510089 -0.3970213 2.762722 -0.3563383 -0.8622794 2.782915 -0.1458605 0.0758779 2.824233 -0.132478 -0.3812823 2.883378 -0.1210565 -0.7800897 2.961718 
-0.3142406 0.788611 2.736302 -0.2955345 0.5655503 2.769694 -0.2758886 0.3201743 2.786844 -0.4616727 0.550879 2.7501 -0.5494145 0.2938038 2.787119 -0.5457402 0.1375083 2.56188 -0.1293963 0.5802215 2.789288 0.08214244 0.6985283 2.767727 0.03469734 1.001194 2.669761 -0.3544847 0.0661228 2.792407 -0.3546458 -0.3843224 2.762185 -0.3575244 -0.8529351 2.78402 -0.1580008 0.08347388 2.815581 -0.1350832 -0.3649242 2.87679 -0.1247403 -0.7898743 2.960777 
-0.3136608 0.7883356 2.733735 -0.2934276 0.5660758 2.762642 -0.2745078 0.3209214 2.782841 -0.4615741 0.5519133 2.748251 -0.5508884 0.2968301 2.788788 -0.5507866 0.1393332 2.575698 -0.1252812 0.5802383 2.777033 0.05334856 0.7010118 2.646426 0.008721527 0.9493771 2.544556 -0.3540138 0.06747678 2.794616 -0.3571106 -0.3753814 2.770636 -0.3592532 -0.8468836 2.788064 -0.1571619 0.08405704 2.811464 -0.1331031 -0.3646871 2.870767 -0.1262806 -0.7953318 2.961107 
-0.3165101 0.7889735 2.731385 -0.2895016 0.5659819 2.754588 -0.2726868 0.3218886 2.778578 -0.4616694 0.5533113 2.746342 -0.5424144 0.3127859 2.815092 -0.548171 0.1385029 2.585507 -0.1173339 0.5786524 2.762834 0.04602309 0.7090706 2.630349 -0.00596801 0.9293047 2.49623 -0.3554068 0.07047004 2.797801 -0.3600697 -0.3672753 2.777269 -0.3611208 -0.8412843 2.792179 -0.1563371 0.08512048 2.807336 -0.131383 -0.3581121 2.862614 -0.1236867 -0.7926145 2.960261 
-0.3135774 0.78822 2.730026 -0.2872684 0.5696058 2.754203 -0.2723314 0.3246914 2.778353 -0.4576503 0.5591286 2.753334 -0.5333153 0.3209254 2.822271 -0.5417086 0.1289743 2.616945 -0.1168865 0.580083 2.755073 0.02085779 0.6970428 2.594755 -0.03791583 0.8761684 2.376038 -0.3578286 0.07360116 2.80199 -0.3606126 -0.3648788 2.78102 -0.3624937 -0.8379095 2.795186 -0.1569601 0.08595303 2.803015 -0.1313005 -0.3554867 2.857782 -0.1242819 -0.7884783 2.956068 
-0.3112999 0.7845324 2.722948 -0.2860919 0.5639574 2.748387 -0.2732284 0.3221558 2.774771 -0.4581851 0.5549686 2.749911 -0.5279073 0.3290941 2.829655 -0.5383443 0.1357777 2.62044 -0.1139987 0.5729463 2.746863 0.00856395 0.6824895 2.574112 -0.05265599 0.8561817 2.32877 -0.3592164 0.07519087 2.802031 -0.3614822 -0.3648441 2.77985 -0.3644727 -0.8366128 2.793485 -0.1615134 0.08551735 2.80028 -0.1306738 -0.3558212 2.856205 -0.1252482 -0.7867668 2.956562 
-0.3097665 0.785684 2.725564 -0.2843127 0.5606384 2.745569 -0.2724939 0.3202416 2.773093 -0.458361 0.552437 2.748675 -0.5262447 0.3295685 2.835358 -0.5187223 0.1306328 2.642166 -0.1102643 0.5688397 2.742464 -0.02207434 0.6429947 2.516003 -0.08196707 0.7496184 2.241416 -0.3594013 0.07519278 2.802378 -0.3624671 -0.3656436 2.781541 -0.3647191 -0.8368647 2.795442 -0.161949 0.08449692 2.798855 -0.1310249 -0.3641247 2.85915 -0.1256099 -0.7840343 2.955676 
-0.2998664 0.7859514 2.72689 -0.2816743 0.5568819 2.751139 -0.2702778 0.317709 2.775688 -0.4558336 0.5501609 2.766508 -0.5197774 0.3297921 2.855048 -0.5047624 0.1374066 2.658861 -0.1075149 0.5636029 2.735769 -0.04262575 0.5736185 2.454873 -0.1066694 0.6139134 2.206419 -0.3567552 0.07475902 2.808875 -0.362186 -0.371475 2.791661 -0.3646438 -0.8369961 2.799427 -0.1610077 0.0823131 2.7916 -0.1330769 -0.3593272 2.853313 -0.1256985 -0.7699152 2.94689 
-0.301474 0.7866218 2.728609 -0.2749545 0.5498798 2.75348 -0.2664711 0.3107512 2.78406 -0.45135 0.5454087 2.767454 -0.5132874 0.3246961 2.858279 -0.4983901 0.1280284 2.64412 -0.09855896 0.5543507 2.739507 -0.05005422 0.5506453 2.451114 -0.1101321 0.5572891 2.214066 -0.3577622 0.06909372 2.822543 -0.3624489 -0.3807493 2.804131 -0.3673069 -0.842987 2.812619 -0.1582131 0.07415158 2.806735 -0.1317261 -0.3571748 2.842583 -0.1259363 -0.7674556 2.93655 
-0.2964416 0.7863511 2.734298 -0.2713218 0.5403475 2.762654 -0.2635284 0.303501 2.789459 -0.4475563 0.5370698 2.784931 -0.5053917 0.3077459 2.879901 -0.4955181 0.1197258 2.670736 -0.0950872 0.5436253 2.740377 -0.05782353 0.4294061 2.515047 -0.1332882 0.4420575 2.326009 -0.3541394 0.06482431 2.828704 -0.3609026 -0.3791134 2.804522 -0.3664776 -0.8375975 2.811154 -0.1573306 0.06848471 2.803826 -0.1312729 -0.3637021 2.846834 -0.1183028 -0.7874551 2.949119 
-0.2922749 0.7823578 2.741934 -0.2685963 0.5361275 2.768083 -0.2618174 0.299412 2.793808 -0.443173 0.5332422 2.787536 -0.4986035 0.2863456 2.891855 -0.4852383 0.1283847 2.6682 -0.09401956 0.5390128 2.748629 -0.06332136 0.4112708 2.53101 -0.1117257 0.3687113 2.22681 -0.3539799 0.06106123 2.830558 -0.3603359 -0.3868882 2.810993 -0.367467 -0.8434443 2.8184 -0.1560969 0.0643318 2.808507 -0.131449 -0.3645838 2.846685 -0.1192872 -0.7956979 2.943531 
