-0.3386349 0.7556756 2.802065 -0.332677 0.5428023 2.848652 -0.3244926 0.327458 2.881816 -0.5112185 0.5281624 2.797652 -0.5112184 0.243031 2.797652 -0.5112262 -0.04210004 2.797492 -0.1541354 0.5574421 2.899652 -0.02341914 0.5547759 3.15865 0.06601933 0.8101634 3.180996 -0.4127659 0.1042046 2.887427 -0.4022219 -0.3291003 2.934368 -0.4161586 -0.7207234 2.667514 -0.2198506 0.1200231 2.942533 -0.2479577 -0.3034982 3.042023 -0.1724291 -0.6744054 3.046543 
-0.3406222 0.7552243 2.801283 -0.3346042 0.5434238 2.848728 -0.32652 0.328241 2.882946 -0.5133876 0.5287338 2.798588 -0.5133874 0.2436024 2.798588 -0.513395 -0.04152863 2.798445 -0.1558208 0.5581138 2.898868 -0.01220804 0.5878906 3.141831 0.05311337 0.8548572 3.158658 -0.4150255 0.1051218 2.890076 -0.4044455 -0.328057 2.938652 -0.4164794 -0.7203771 2.670985 -0.221846 0.1209947 2.944253 -0.2554114 -0.2976814 3.059933 -0.1749843 -0.6740999 3.046998 
-0.3444133 0.7542143 2.803389 -0.3366359 0.5433099 2.851839 -0.328489 0.328308 2.887159 -0.5160161 0.5286397 2.803914 -0.5160159 0.2435084 2.803914 -0.5160232 -0.04162268 2.803784 -0.1572556 0.5579802 2.899764 0.001402161 0.6294512 3.108917 0.03780998 0.903106 3.113247 -0.4172613 0.1053797 2.896586 -0.4098731 -0.3269455 2.95243 -0.4163477 -0.7213908 2.671674 -0.2234232 0.1212323 2.948374 -0.2456261 -0.3019508 3.04844 -0.1760742 -0.6687975 3.048758 
-0.3475051 0.7555397 2.80194 -0.3384104 0.5456665 2.854011 -0.3299177 0.3310934 2.891711 -0.5185137 0.5306414 2.809066 -0.5185136 0.2455101 2.809066 -0.5185207 -0.03962097 2.80895 -0.1583071 0.5606916 2.898956 0.01221866 0.6697416 3.083958 0.03014485 0.9454069 3.078051 -0.4187378 0.1084021 2.905126 -0.4126189 -0.324269 2.958745 -0.4160452 -0.718806 2.674119 -0.224112 0.1246387 2.953695 -0.2417121 -0.3007718 3.045933 -0.1774383 -0.6631081 3.051641 
-0.349232 0.7552567 2.802715 -0.3389987 0.5462151 2.855873 -0.3303881 0.3318251 2.894605 -0.5203604 0.5318007 2.816406 -0.5203602 0.2466693 2.816406 -0.5203671 -0.03846173 2.816302 -0.1576371 0.5606295 2.895339 0.0206245 0.711884 3.032977 0.02512796 0.9910139 3.017836 -0.4197975 0.1096446 2.912008 -0.4180535 -0.3232043 2.964552 -0.4148685 -0.7211809 2.672171 -0.2237574 0.1252256 2.954669 -0.2361684 -0.3028467 3.034642 -0.1780345 -0.6646616 3.050139 
-0.3504768 0.7585955 2.802103 -0.3395261 0.5496124 2.85674 -0.3308322 0.3354999 2.896961 -0.522101 0.5359209 2.823318 -0.5221009 0.2507895 2.823318 -0.5221075 -0.03434155 2.823224 -0.1569511 0.563304 2.890161 0.02883612 0.7449636 2.989486 0.03174888 1.028435 2.978924 -0.4208053 0.1139883 2.919121 -0.4208662 -0.3191178 2.96969 -0.4154595 -0.7193778 2.667753 -0.2234714 0.1287867 2.955244 -0.2349661 -0.2993994 3.035899 -0.1798931 -0.6635542 3.051166 
-0.3532735 0.7600541 2.812259 -0.3400902 0.5511522 2.861047 -0.3294502 0.3367006 2.898827 -0.5238642 0.537567 2.835689 -0.523864 0.2524356 2.835689 -0.5238705 -0.03269543 2.835604 -0.1563163 0.5647375 2.886405 0.02416449 0.7601283 2.936106 0.0339819 1.041814 2.898227 -0.4181514 0.1149053 2.9229 -0.4200849 -0.3173812 2.979769 -0.4116058 -0.7234563 2.6631 -0.219469 0.1295927 2.950315 -0.2310428 -0.2962363 3.042373 -0.1746036 -0.6692403 3.042869 
-0.3523445 0.7633251 2.822685 -0.3377425 0.5538688 2.866018 -0.3267814 0.3390092 2.901391 -0.5228643 0.5419821 2.851181 -0.5228642 0.2568507 2.851181 -0.5228704 -0.02828033 2.851113 -0.1526207 0.5657555 2.880855 0.0157866 0.7749789 2.861724 0.03639341 1.047459 2.77865 -0.4167254 0.1176705 2.928677 -0.4217292 -0.350755 2.91854 -0.4137486 -0.7419845 2.675859 -0.2149151 0.1306288 2.944852 -0.2341345 -0.2921557 3.049329 -0.1743577 -0.6782558 3.036059 
-0.3529995 0.7622111 2.822603 -0.3391615 0.5517383 2.865543 -0.3288176 0.3367209 2.900165 -0.5247648 0.5417427 2.858918 -0.5247646 0.2566114 2.858918 -0.5247707 -0.02851965 2.858856 -0.1535583 0.561734 2.872168 0.008589615 0.7745916 2.828023 0.03550416 1.040614 2.726493 -0.4192701 0.1162752 2.931189 -0.4248677 -0.332592 2.964278 -0.4176077 -0.7215931 2.703285 -0.2176772 0.1271319 2.938384 -0.2411859 -0.2932538 3.051208 -0.1775366 -0.6810851 3.033344 
-0.3533648 0.7611448 2.822062 -0.3399836 0.5503882 2.865625 -0.3301649 0.335467 2.901006 -0.5256255 0.54248 2.869105 -0.5256253 0.2573486 2.869105 -0.5256314 -0.02778241 2.86905 -0.1543418 0.5582964 2.862146 0.001339981 0.7616508 2.781928 0.03124556 1.011393 2.648568 -0.4209565 0.1162598 2.938272 -0.4236003 -0.3255536 2.971791 -0.4182771 -0.7211084 2.693469 -0.219736 0.1248317 2.9345 -0.2384347 -0.2947668 3.051271 -0.1783525 -0.6791031 3.037995 
-0.3545144 0.7601897 2.822777 -0.3409829 0.549473 2.866541 -0.3310721 0.3346375 2.902429 -0.526481 0.5426697 2.877042 -0.5264808 0.2575383 2.877042 -0.5264867 -0.02759271 2.876992 -0.1554847 0.5562763 2.85604 -0.005787949 0.74849 2.742067 0.02700338 0.9829581 2.583797 -0.4214566 0.1161237 2.943994 -0.4220869 -0.3217604 2.982258 -0.4163702 -0.7226959 2.678914 -0.2208661 0.1234805 2.932639 -0.2323136 -0.296502 3.048996 -0.1807453 -0.6762461 3.043551 
-0.3547314 0.7603161 2.822681 -0.3429711 0.548285 2.866687 -0.3344983 0.3333053 2.902053 -0.5273641 0.5446106 2.888526 -0.527364 0.2594793 2.888526 -0.5273698 -0.02565179 2.888481 -0.1585781 0.5519596 2.844847 -0.01972896 0.7216516 2.697818 0.01461265 0.9330528 2.511309 -0.4258141 0.116337 2.949239 -0.427504 -0.3197897 2.987633 -0.4197221 -0.721568 2.67434 -0.2262368 0.1203141 2.925601 -0.2309224 -0.3014358 3.035734 -0.1887683 -0.6761125 3.040172 
-0.3587594 0.760496 2.832613 -0.3470649 0.5484884 2.87131 -0.3391595 0.3328363 2.902142 -0.5294436 0.5466896 2.90549 -0.5294434 0.2615582 2.90549 -0.5294492 -0.02357282 2.905449 -0.1646862 0.5502874 2.83713 -0.03051074 0.688693 2.64797 0.003364681 0.8770067 2.443138 -0.4298995 0.1162112 2.951462 -0.4266901 -0.3197542 2.977324 -0.4203823 -0.7205177 2.672235 -0.2326089 0.1181571 2.914487 -0.2312817 -0.3017242 3.031562 -0.1929252 -0.6751425 3.034937 
-0.3575817 0.75972 2.842627 -0.349355 0.5473468 2.873998 -0.3438697 0.3310075 2.899814 -0.5295495 0.5480837 2.91846 -0.5295493 0.2629524 2.91846 -0.529555 -0.02217865 2.918424 -0.1691606 0.5466099 2.829536 -0.03938809 0.6592245 2.615608 -0.005517696 0.8193542 2.392584 -0.4357325 0.1150664 2.949651 -0.4281479 -0.3193388 2.988422 -0.4223595 -0.7242672 2.662161 -0.2410365 0.1142702 2.90161 -0.2329927 -0.3015062 3.031697 -0.1970156 -0.6744481 3.033632 
-0.3569668 0.7635028 2.853076 -0.3506069 0.5499072 2.877608 -0.3461613 0.3330254 2.898526 -0.5298456 0.5509785 2.926809 -0.5298454 0.2658472 2.926809 -0.529851 -0.01928387 2.926777 -0.1713683 0.5488359 2.828408 -0.04575449 0.6295563 2.587328 -0.01826358 0.7444059 2.345831 -0.4384182 0.1167215 2.945989 -0.4249387 -0.3180035 2.976874 -0.4197493 -0.7218421 2.657713 -0.2450131 0.1155656 2.8929 -0.2279952 -0.2943583 3.038904 -0.1921803 -0.6685602 3.036508 
-0.361139 0.7683717 2.866388 -0.3563501 0.5547656 2.884403 -0.3530263 0.3373679 2.900128 -0.5347071 0.5558924 2.937682 -0.5347069 0.270761 2.937682 -0.5347126 -0.01437 2.937655 -0.1779931 0.5536388 2.831125 -0.06195566 0.5731241 2.562834 -0.03204711 0.6269661 2.300405 -0.446003 0.1205785 2.94462 -0.4255354 -0.3133245 2.98239 -0.4204923 -0.7245573 2.655201 -0.2534021 0.1193618 2.887087 -0.2319297 -0.2838995 3.050833 -0.1935799 -0.6631992 3.042965 
-0.3631075 0.7662368 2.865439 -0.3587592 0.5529273 2.885219 -0.3553637 0.3355755 2.901861 -0.5361189 0.5544893 2.941809 -0.5361187 0.269358 2.941809 -0.5361243 -0.01577307 2.941785 -0.1813995 0.5513652 2.82863 -0.06146872 0.5430695 2.560917 -0.04062875 0.5698336 2.291639 -0.4477767 0.1190676 2.949072 -0.4241538 -0.3145357 2.98857 -0.4198141 -0.7294325 2.659351 -0.2561596 0.1173799 2.887933 -0.2305609 -0.2878872 3.046314 -0.1909319 -0.6686029 3.047268 
-0.3621978 0.7644201 2.865466 -0.3584707 0.551318 2.884993 -0.3554598 0.3339525 2.901702 -0.535695 0.5532562 2.94214 -0.5356948 0.2681249 2.94214 -0.5357004 -0.01700616 2.942119 -0.1812463 0.5493799 2.827845 -0.06723543 0.5020372 2.560463 -0.05498194 0.5005572 2.286778 -0.448175 0.1176338 2.949279 -0.4201015 -0.3161581 2.982916 -0.4174441 -0.7278985 2.658161 -0.256723 0.1155401 2.887543 -0.2230641 -0.2918335 3.038765 -0.1916421 -0.6706465 3.043817 
