-0.4839232 0.6172824 2.602723 -0.4646986 0.410356 2.598836 -0.4426839 0.2020496 2.590241 -0.6211613 0.3960748 2.544201 -0.689289 0.04908829 2.535043 -0.6444867 -0.2277944 2.400117 -0.3082358 0.4246372 2.653472 -0.1390621 0.4418826 2.885498 -0.01043286 0.6597281 2.959112 -0.5116562 -0.01456169 2.549874 -0.5134894 -0.4308314 2.599922 -0.5541465 -0.8397723 2.549686 -0.3296822 0.00204805 2.613418 -0.2900864 -0.4069696 2.696637 -0.1154815 -0.8655521 2.514251 
-0.4804052 0.611394 2.60307 -0.4611459 0.4045552 2.600024 -0.4392372 0.1962074 2.592077 -0.6170462 0.3903075 2.543769 -0.6886467 0.04704651 2.533516 -0.6457562 -0.2303119 2.404047 -0.3052456 0.4188028 2.65628 -0.1255351 0.4974382 2.87325 -0.03385391 0.7394328 2.93723 -0.5079936 -0.02042613 2.551414 -0.5139505 -0.4365064 2.602668 -0.5518175 -0.8405039 2.552296 -0.3266636 -0.003854507 2.616845 -0.284986 -0.4130889 2.697995 -0.113823 -0.8670304 2.515035 
-0.4739484 0.6117654 2.612725 -0.4516372 0.4054421 2.606934 -0.4287484 0.1972682 2.597463 -0.6091028 0.3904615 2.555655 -0.6813509 0.05004285 2.543246 -0.6451897 -0.2224187 2.406615 -0.2941717 0.4204227 2.658212 -0.1157888 0.5621952 2.830607 -0.06267861 0.8232009 2.865232 -0.4974784 -0.01962198 2.558158 -0.5067814 -0.4353531 2.611698 -0.5447213 -0.8350136 2.556122 -0.3142408 -0.002189514 2.617829 -0.2565727 -0.4131078 2.664582 -0.1380871 -0.838942 2.57006 
-0.4670657 0.6162887 2.625562 -0.4430213 0.4107481 2.614547 -0.4197841 0.2028689 2.601049 -0.6024479 0.3958127 2.570108 -0.6777668 0.05407941 2.553615 -0.6451852 -0.2171889 2.410164 -0.2835948 0.4256835 2.658986 -0.1099746 0.6070212 2.7868 -0.08652752 0.8780987 2.806241 -0.4893256 -0.01370192 2.561689 -0.5068055 -0.4292017 2.614501 -0.5469838 -0.8299779 2.551224 -0.3037682 0.003681503 2.613412 -0.260964 -0.4076773 2.673734 -0.1322151 -0.8409391 2.545649 
-0.4547921 0.6195503 2.633177 -0.4344628 0.4133697 2.619646 -0.4148828 0.2053087 2.60372 -0.59699 0.4001904 2.592007 -0.6649979 0.05707877 2.570482 -0.636885 -0.213124 2.417422 -0.2719356 0.426549 2.647284 -0.1141763 0.6314135 2.722876 -0.09589246 0.9066377 2.717754 -0.4902786 -0.01045387 2.571643 -0.5078102 -0.4263946 2.621157 -0.5579774 -0.8321561 2.559794 -0.300327 0.004949204 2.603945 -0.2753947 -0.4032494 2.688219 -0.127275 -0.8521637 2.520082 
-0.4482806 0.6174684 2.645933 -0.4294094 0.4136261 2.625679 -0.4127495 0.2055469 2.606977 -0.5936802 0.4018743 2.610097 -0.658096 0.05458691 2.584305 -0.6336083 -0.2157775 2.43147 -0.2651386 0.4253779 2.641262 -0.1179597 0.6492553 2.669877 -0.1067375 0.9246024 2.63903 -0.4916048 -0.009365417 2.579216 -0.5056056 -0.4251577 2.631128 -0.5591497 -0.8345864 2.557724 -0.3005744 0.004300751 2.597336 -0.2728334 -0.4031742 2.68805 -0.126069 -0.8558428 2.511053 
-0.4293902 0.6196815 2.646271 -0.4198263 0.4138844 2.627731 -0.4124457 0.2051367 2.611116 -0.5851995 0.4075346 2.634048 -0.6464664 0.057827 2.604505 -0.6244524 -0.2148744 2.46207 -0.2544531 0.4202341 2.621414 -0.127851 0.6541682 2.583471 -0.1244138 0.9219012 2.505826 -0.5010608 -0.007296921 2.598168 -0.504351 -0.4239472 2.644361 -0.5601317 -0.8340043 2.560067 -0.3090695 7.484436E-05 2.590834 -0.2716045 -0.4016725 2.703049 -0.127057 -0.8601601 2.512705 
-0.4176564 0.6246227 2.653444 -0.4130323 0.4178447 2.631535 -0.4099698 0.2090853 2.61365 -0.578292 0.4142847 2.644791 -0.6427611 0.05992392 2.617314 -0.6184421 -0.2201701 2.487148 -0.2477726 0.4214046 2.61828 -0.1321624 0.647242 2.540912 -0.1286487 0.9094839 2.444714 -0.5028972 -0.001741806 2.603463 -0.4999458 -0.4187186 2.646513 -0.5581071 -0.8315257 2.552691 -0.3109176 0.002393723 2.588064 -0.2636837 -0.4004796 2.692531 -0.1274742 -0.8534266 2.5121 
-0.4128108 0.6229898 2.655567 -0.4107136 0.4161526 2.633094 -0.4112528 0.2073037 2.615746 -0.5744473 0.4144876 2.658229 -0.6413618 0.06194525 2.630766 -0.6159932 -0.2224773 2.505974 -0.2469799 0.4178176 2.607958 -0.1353032 0.6378561 2.498775 -0.1355981 0.8909445 2.38071 -0.5071147 -0.002514572 2.613032 -0.4957332 -0.4199463 2.648673 -0.5592987 -0.8362941 2.557658 -0.3164695 -0.000575943 2.583765 -0.2647783 -0.4022213 2.691524 -0.1298701 -0.859344 2.508569 
-0.4020385 0.6203616 2.657578 -0.4038569 0.4146644 2.634527 -0.4076485 0.2058448 2.617029 -0.5664262 0.4148738 2.667255 -0.6386876 0.06297562 2.648938 -0.6158044 -0.2231403 2.535078 -0.2412877 0.4144551 2.601799 -0.1382616 0.602829 2.441397 -0.1402811 0.8404453 2.296139 -0.5058911 -0.002853119 2.618545 -0.488062 -0.4202363 2.652655 -0.5540012 -0.839095 2.550941 -0.316989 -0.003096405 2.580516 -0.2546156 -0.4021777 2.691963 -0.1260405 -0.8581913 2.512549 
-0.3919162 0.6233876 2.667574 -0.3977603 0.4177187 2.639567 -0.4054163 0.2094294 2.618007 -0.5592379 0.4196784 2.677977 -0.6276627 0.09136053 2.675794 -0.6177735 -0.1938661 2.568633 -0.2362826 0.4157591 2.601156 -0.1336924 0.5718438 2.390292 -0.1475952 0.7942972 2.226564 -0.5068935 0.00227858 2.618764 -0.4866456 -0.415087 2.652595 -0.5564694 -0.8332343 2.545821 -0.3192514 1.419067E-06 2.57413 -0.256118 -0.3974618 2.691179 -0.126664 -0.8537371 2.505477 
-0.3715436 0.6227415 2.656506 -0.3822932 0.4166274 2.636399 -0.3946339 0.2080961 2.620905 -0.5424761 0.4228475 2.680265 -0.6055362 0.1192606 2.714854 -0.617686 -0.1689681 2.625761 -0.2221104 0.4104073 2.592533 -0.1366373 0.5004952 2.32805 -0.1595489 0.6762937 2.125332 -0.5001165 0.00318161 2.630917 -0.4757259 -0.4144804 2.657247 -0.5517342 -0.8324068 2.55677 -0.3138325 -0.004052063 2.579904 -0.2481336 -0.399062 2.703831 -0.1243863 -0.8612274 2.521132 
-0.3636228 0.6219887 2.657516 -0.3788113 0.4162567 2.637226 -0.3934804 0.2077911 2.621812 -0.5372412 0.4237392 2.686803 -0.6000044 0.1281817 2.72792 -0.6156945 -0.1617535 2.646207 -0.2203815 0.408774 2.587648 -0.1368171 0.4742364 2.313069 -0.1631881 0.6057646 2.089878 -0.5003031 0.003677963 2.635236 -0.4761326 -0.4144604 2.649728 -0.554889 -0.8361824 2.548497 -0.3159958 -0.00502681 2.577561 -0.2505233 -0.402864 2.692036 -0.127759 -0.859185 2.513068 
-0.3523176 0.619949 2.66122 -0.3720335 0.4143439 2.639324 -0.3896437 0.2063136 2.620744 -0.5297471 0.4230433 2.691404 -0.5922334 0.1310082 2.744206 -0.6124486 -0.1630808 2.681745 -0.21432 0.4056447 2.587245 -0.1532062 0.4008011 2.29878 -0.1667881 0.4666412 2.0483 -0.4989479 0.003340927 2.632443 -0.4757922 -0.4151705 2.632547 -0.5547636 -0.8331918 2.542299 -0.3155597 -0.006774551 2.571886 -0.2460914 -0.4047536 2.683796 -0.1282184 -0.8566557 2.511007 
-0.346869 0.6189104 2.663331 -0.3698244 0.4137506 2.639377 -0.3907232 0.2062975 2.61813 -0.5274733 0.424307 2.69137 -0.590916 0.1310834 2.750336 -0.6100382 -0.1644552 2.694494 -0.2121755 0.4031942 2.587383 -0.1690945 0.3773996 2.300904 -0.1711347 0.3992396 2.040466 -0.5032981 0.004983291 2.627119 -0.4788922 -0.4134092 2.634381 -0.558158 -0.834062 2.541167 -0.3199458 -0.007294296 2.566648 -0.2489407 -0.4049143 2.67904 -0.1298605 -0.8575476 2.507432 
