-0.3303284 0.7885092 2.812299 -0.3480235 0.5431849 2.859437 -0.3194949 0.3042449 2.872427 -0.4971596 0.5239007 2.832253 -0.54277 0.2486147 2.874757 -0.3999355 0.06843168 2.641704 -0.1988875 0.5624691 2.88662 -0.1011045 0.4384207 3.0892 0.0417825 0.6749461 3.180609 -0.3799883 0.05379388 2.869191 -0.3859663 -0.3998341 2.817025 -0.3946862 -0.8431506 2.745146 -0.2019443 0.07681604 2.901644 -0.1945994 -0.3566447 2.958394 -0.2210806 -0.7789226 3.050017 
-0.3349212 0.7887822 2.806524 -0.3446913 0.5422346 2.860342 -0.3176147 0.3034256 2.87278 -0.4966083 0.5236234 2.833719 -0.5404192 0.2465918 2.870425 -0.4064519 0.0749043 2.616325 -0.1927744 0.5608459 2.886966 -0.1146659 0.4510786 3.066825 0.0302371 0.7655334 3.167006 -0.3795981 0.05370586 2.86961 -0.3887107 -0.3975378 2.820464 -0.3962847 -0.819809 2.743562 -0.201478 0.07552715 2.900825 -0.1955588 -0.3614044 2.956539 -0.2207644 -0.7827693 3.047827 
-0.3410291 0.7856396 2.801762 -0.3449092 0.5442666 2.8613 -0.3182669 0.3042305 2.873822 -0.4984136 0.5257154 2.832289 -0.5405501 0.2481369 2.86961 -0.4071919 0.07530994 2.620929 -0.1914048 0.5628178 2.890312 -0.08021669 0.4770522 3.066162 0.02292298 0.8185948 3.136667 -0.3812218 0.0533665 2.86941 -0.3897541 -0.3967659 2.819407 -0.3935418 -0.8125499 2.75949 -0.2020275 0.07502244 2.903277 -0.197543 -0.3659236 2.953939 -0.2171386 -0.7915093 3.046024 
-0.3431574 0.7815844 2.797991 -0.3446242 0.5434647 2.860558 -0.3193509 0.2968104 2.872188 -0.5003976 0.5260295 2.829299 -0.541117 0.2498971 2.865834 -0.4067626 0.0807877 2.631387 -0.1888507 0.5608998 2.891816 0.004491943 0.5763286 3.02952 0.01556703 0.8533204 3.068114 -0.3882838 0.03961192 2.864915 -0.4024725 -0.4083536 2.817183 -0.3994144 -0.8062199 2.768571 -0.1998716 0.06070018 2.902722 -0.1957286 -0.3809739 2.952698 -0.2146273 -0.8232426 3.061392 
-0.3469201 0.7818339 2.796618 -0.3399365 0.5424137 2.859611 -0.3165735 0.2975681 2.871221 -0.5011846 0.5254201 2.825715 -0.5611559 0.2545657 2.87812 -0.4423258 0.08058162 2.638496 -0.1786885 0.5594072 2.893506 0.04051581 0.6157017 2.996063 -0.002720604 0.9245871 2.977794 -0.3847362 0.04307686 2.863593 -0.3994769 -0.40502 2.817073 -0.4032398 -0.8189095 2.779604 -0.2016847 0.06236818 2.902071 -0.1957146 -0.3751089 2.953729 -0.214862 -0.818276 3.058195 
-0.3486438 0.7823469 2.793371 -0.3374255 0.5438182 2.859071 -0.3136154 0.3034896 2.870337 -0.5039079 0.5257611 2.825726 -0.5538295 0.2546533 2.872727 -0.4518993 0.0776052 2.64725 -0.1709433 0.5618752 2.892416 0.04963826 0.630812 2.951874 -0.01321062 0.9442881 2.938926 -0.3873861 0.05257715 2.862058 -0.402622 -0.3949224 2.820269 -0.40575 -0.8183663 2.772666 -0.1922246 0.07374487 2.901148 -0.1942395 -0.3843164 2.955629 -0.2251449 -0.8090829 3.054267 
-0.3509846 0.7841365 2.791875 -0.3388554 0.5497124 2.856371 -0.3135208 0.3099175 2.869052 -0.505554 0.5305106 2.826307 -0.5514266 0.2596484 2.872813 -0.4619702 0.06838014 2.674297 -0.1721567 0.5689141 2.886435 0.05271918 0.6492184 2.907457 -0.01839343 0.9598683 2.860765 -0.3875472 0.05867741 2.863815 -0.4030506 -0.3908731 2.833458 -0.4050659 -0.826895 2.762023 -0.1888255 0.08156785 2.899654 -0.2004257 -0.3684108 2.947697 -0.2294144 -0.7997414 3.044279 
-0.3523993 0.784433 2.792373 -0.3369515 0.5488147 2.857322 -0.3138253 0.3063998 2.870389 -0.5038475 0.5312244 2.826369 -0.5516152 0.2605266 2.874012 -0.4844413 0.07505713 2.686698 -0.1700554 0.5664049 2.888275 0.04718018 0.6670632 2.888161 -0.02887397 0.9754423 2.802787 -0.3866528 0.05387175 2.865661 -0.3991108 -0.3943027 2.82998 -0.4034207 -0.8328868 2.762725 -0.1947456 0.07409813 2.901253 -0.2022163 -0.3531345 2.94415 -0.231743 -0.7491995 3.066166 
-0.3505619 0.7853652 2.79303 -0.3342848 0.5649985 2.853034 -0.3138578 0.3173698 2.870292 -0.5021985 0.5500382 2.837121 -0.561824 0.2693491 2.897939 -0.4958677 0.07798581 2.694986 -0.1663712 0.5799589 2.868947 0.02670067 0.6848669 2.789263 -0.0437862 0.9924203 2.730212 -0.3915661 0.06099764 2.878251 -0.3991719 -0.3878705 2.833709 -0.4301026 -0.7953784 2.738612 -0.1952953 0.07848451 2.896851 -0.1990326 -0.3527685 2.937045 -0.2290272 -0.7563131 3.060921 
-0.3477745 0.7861438 2.794481 -0.3270263 0.5812013 2.847396 -0.3133122 0.3275866 2.869945 -0.4913726 0.5713614 2.836678 -0.5532143 0.2962967 2.909929 -0.5002796 0.07531103 2.722662 -0.16268 0.5910413 2.858115 0.02468663 0.6856443 2.785044 -0.05482971 0.9840834 2.675112 -0.3990884 0.06801503 2.886006 -0.3989378 -0.3924055 2.833198 -0.4237207 -0.8003559 2.738124 -0.2001077 0.07992867 2.898983 -0.1977166 -0.358508 2.943424 -0.230752 -0.763036 3.055096 
-0.3457937 0.7865841 2.79499 -0.3279077 0.5798643 2.847496 -0.3138079 0.3262102 2.870043 -0.4950368 0.5698996 2.839908 -0.557407 0.3095242 2.91557 -0.4978994 0.07360663 2.730148 -0.1607786 0.589829 2.855084 0.01773239 0.6774185 2.740334 -0.07100642 0.9525909 2.576472 -0.3981591 0.06668622 2.88812 -0.3987994 -0.3932393 2.836869 -0.4206601 -0.8032417 2.743473 -0.201257 0.07842603 2.89706 -0.1969453 -0.3603115 2.942743 -0.2310382 -0.7660295 3.050144 
-0.3445635 0.7868531 2.796413 -0.3242424 0.5709347 2.838407 -0.3123797 0.3260205 2.864165 -0.4980025 0.5625876 2.839065 -0.564247 0.3167188 2.92122 -0.5039757 0.07241639 2.741663 -0.1504822 0.5792818 2.837748 -0.003632553 0.6788558 2.696784 -0.08339095 0.9116991 2.474873 -0.4017547 0.0762431 2.890307 -0.3986892 -0.3860373 2.848107 -0.419118 -0.8054633 2.750402 -0.1992792 0.0859696 2.88954 -0.1976953 -0.3495458 2.933172 -0.2301501 -0.72993 3.043128 
-0.3395059 0.7897443 2.802759 -0.3233927 0.5670878 2.83953 -0.3111838 0.3246698 2.863759 -0.4983709 0.5586458 2.843237 -0.5489577 0.3039414 2.929336 -0.505303 0.06793951 2.737172 -0.1484146 0.5755298 2.835824 -0.02316718 0.6706368 2.654282 -0.08453924 0.8787321 2.436908 -0.3991618 0.07741822 2.89011 -0.3994402 -0.3699698 2.847456 -0.4179061 -0.805155 2.751719 -0.198788 0.08708545 2.885865 -0.198622 -0.3474353 2.931733 -0.2417891 -0.7339697 3.038749 
-0.3420317 0.7881415 2.801631 -0.3204398 0.5654494 2.836581 -0.3091893 0.324035 2.862078 -0.497732 0.5580366 2.844625 -0.5448009 0.2997637 2.936027 -0.5025316 0.06148856 2.740957 -0.1431477 0.5728621 2.828537 -0.02914806 0.6473962 2.629752 -0.094033 0.7888076 2.358965 -0.3975078 0.07845771 2.892093 -0.3999178 -0.3740282 2.846678 -0.4168336 -0.8045166 2.753462 -0.1983698 0.08678381 2.883058 -0.1968578 -0.3507867 2.932952 -0.2375715 -0.7237806 3.040412 
-0.3431776 0.7873936 2.80144 -0.3184445 0.5623394 2.837892 -0.3088243 0.3231557 2.862708 -0.4963233 0.5566059 2.851588 -0.5384936 0.302795 2.93727 -0.5027289 0.06564073 2.749118 -0.1405656 0.5680729 2.824196 -0.05126813 0.593545 2.572189 -0.110579 0.6818855 2.317872 -0.3988784 0.0807592 2.895198 -0.4001787 -0.3737751 2.84877 -0.4105972 -0.8102252 2.763175 -0.1995298 0.08718468 2.879848 -0.1969161 -0.3499617 2.931915 -0.2338517 -0.7175907 3.039982 
-0.3435876 0.7860898 2.801639 -0.3170701 0.5618498 2.837455 -0.3077285 0.3218092 2.861283 -0.4957571 0.5562897 2.851496 -0.5375963 0.3021469 2.964805 -0.5044753 0.06557849 2.745416 -0.1383831 0.5674099 2.823413 -0.07733607 0.545749 2.554499 -0.1153667 0.6303803 2.293921 -0.3982133 0.07866231 2.892955 -0.4015885 -0.3694483 2.84954 -0.4053526 -0.8065152 2.775949 -0.1985604 0.08487477 2.877266 -0.1965449 -0.3576832 2.931226 -0.2317549 -0.7245569 3.03528 
-0.3426183 0.7846248 2.805404 -0.3134488 0.5589606 2.83804 -0.3067507 0.3206545 2.861608 -0.4923601 0.5557883 2.85681 -0.5347127 0.3022375 2.97238 -0.5022629 0.06322198 2.740485 -0.1345375 0.562133 2.819269 -0.09192888 0.5038023 2.547706 -0.1274563 0.5314507 2.276082 -0.3991667 0.08059099 2.895575 -0.4043504 -0.3654025 2.8475 -0.4045479 -0.8106177 2.77776 -0.2009383 0.08410588 2.874778 -0.1976359 -0.3523284 2.928519 -0.2307876 -0.7289122 3.034611 
-0.3415433 0.7832083 2.812559 -0.3113172 0.5508282 2.840406 -0.3059332 0.3174575 2.862366 -0.4903868 0.5487027 2.861722 -0.5316269 0.2933758 2.961901 -0.5057538 0.06013351 2.750148 -0.1322476 0.5529537 2.819091 -0.08178309 0.4762799 2.571743 -0.1322336 0.4837329 2.27775 -0.3993776 0.08291373 2.896089 -0.4041097 -0.3691886 2.850225 -0.4041771 -0.8137566 2.778933 -0.201721 0.08525985 2.872561 -0.19772 -0.350606 2.926726 -0.2293188 -0.7216602 3.034496 
-0.3407172 0.7821175 2.817136 -0.3225377 0.5411435 2.838985 -0.3115216 0.3119515 2.860823 -0.4895338 0.5356095 2.865145 -0.5312426 0.2813429 2.957529 -0.4981313 0.03762769 2.753417 -0.1555416 0.5466775 2.812824 -0.09152795 0.4483233 2.608107 -0.1402389 0.3970861 2.307174 -0.3981642 0.07952326 2.89796 -0.4044632 -0.372153 2.850864 -0.4032519 -0.8173478 2.781593 -0.2028466 0.08599579 2.867363 -0.1977299 -0.3490654 2.924029 -0.2407826 -0.737326 3.041963 
