-0.2954504 0.7839161 2.835579 -0.311579 0.5313908 2.882714 -0.2919123 0.2893047 2.890965 -0.466621 0.5179225 2.857098 -0.5172526 0.2419503 2.897708 -0.3595586 0.1233831 2.657553 -0.156537 0.5448593 2.908329 -0.08517648 0.4092715 3.110538 0.1356077 0.6417912 3.228299 -0.363162 0.03932068 2.884194 -0.3885624 -0.4123828 2.849766 -0.3961293 -0.8182743 2.773271 -0.1813293 0.05511639 2.914236 -0.1869553 -0.3873942 2.956504 -0.2250116 -0.7905188 3.051555 
-0.2959362 0.78344 2.834838 -0.3097397 0.5309985 2.879879 -0.2909239 0.289127 2.889596 -0.4656859 0.5177655 2.852462 -0.5187234 0.2421524 2.896929 -0.3601522 0.1225903 2.65518 -0.1537936 0.5442315 2.907296 -0.06113889 0.4263229 3.114387 0.1307514 0.6971974 3.182081 -0.3624391 0.03959027 2.883432 -0.3880565 -0.4115189 2.849138 -0.396645 -0.8193119 2.773013 -0.1817771 0.05492053 2.915195 -0.1854685 -0.3857138 2.957113 -0.2218205 -0.7848079 3.053202 
-0.2973195 0.7830713 2.833154 -0.3036139 0.5281479 2.877995 -0.2879283 0.2882712 2.88822 -0.4665153 0.5163636 2.851434 -0.5194024 0.2401703 2.89177 -0.3559593 0.1180492 2.653395 -0.1407126 0.5399324 2.904555 -0.02199382 0.4691146 3.102603 0.1273927 0.7922685 3.137657 -0.3613862 0.04194574 2.88391 -0.3881052 -0.4087679 2.849427 -0.3972198 -0.8191373 2.774161 -0.183099 0.05484314 2.912979 -0.1838905 -0.3851885 2.955276 -0.217819 -0.781099 3.050003 
-0.298994 0.7831133 2.831597 -0.3046833 0.5297673 2.877491 -0.2887323 0.2896037 2.88793 -0.4674879 0.5178232 2.851471 -0.5213248 0.2401796 2.89135 -0.3710915 0.1183378 2.654152 -0.1418786 0.5417114 2.903511 0.07142033 0.5731603 3.050199 0.1182181 0.8410159 3.071478 -0.3619623 0.04289737 2.884117 -0.388495 -0.4067837 2.848613 -0.3981351 -0.8228757 2.774258 -0.1836002 0.05598282 2.912623 -0.1812941 -0.3827993 2.955929 -0.2162491 -0.7782104 3.049922 
-0.2997926 0.784616 2.830539 -0.3055257 0.5312753 2.87719 -0.2893211 0.2908449 2.886774 -0.4682928 0.5192079 2.849664 -0.5229807 0.2410526 2.897161 -0.3987034 0.1119345 2.628743 -0.1427586 0.5433426 2.904716 0.08543815 0.5834001 3.03144 0.1197834 0.8911769 3.022959 -0.3614762 0.04386359 2.881415 -0.3883547 -0.4048555 2.846376 -0.400151 -0.8195718 2.772819 -0.184757 0.05696539 2.9113 -0.1819745 -0.3832355 2.955431 -0.2164012 -0.779778 3.052409 
-0.3024105 0.7842779 2.827366 -0.3010898 0.5317593 2.877039 -0.288219 0.2980905 2.887133 -0.4697817 0.5213657 2.851531 -0.5259786 0.2477603 2.898593 -0.4001736 0.09504308 2.658016 -0.1323978 0.5421529 2.902547 0.09443675 0.6013291 2.979555 0.1204517 0.9222046 2.956049 -0.3635591 0.05898672 2.883888 -0.3886999 -0.4057527 2.843656 -0.3877434 -0.8114773 2.785532 -0.1871374 0.06985666 2.910565 -0.1829703 -0.3601817 2.950542 -0.2147312 -0.7592769 3.04723 
-0.3034103 0.7839954 2.827708 -0.297698 0.5358446 2.876976 -0.2861285 0.2973456 2.886926 -0.4695795 0.5263993 2.850434 -0.5257721 0.2546665 2.89839 -0.4106506 0.1139902 2.663003 -0.1258164 0.5452898 2.903518 0.1055203 0.619581 2.938008 0.1180853 0.9294004 2.883355 -0.36359 0.05395424 2.883127 -0.388535 -0.3993137 2.845759 -0.3931944 -0.8003609 2.792019 -0.1855278 0.06373915 2.910624 -0.1833537 -0.3702842 2.951729 -0.2129544 -0.7680967 3.045807 
-0.3057301 0.7836762 2.825256 -0.2973632 0.5472637 2.872917 -0.2854474 0.3033409 2.883759 -0.470343 0.5377569 2.849146 -0.5265461 0.2625415 2.90195 -0.441053 0.112914 2.686875 -0.1243833 0.5567705 2.896687 0.1108549 0.6304091 2.863394 0.1202762 0.9531759 2.784148 -0.3630479 0.05449831 2.8823 -0.3884561 -0.3968849 2.847469 -0.3951661 -0.7973753 2.792423 -0.1840152 0.06433778 2.906902 -0.1826619 -0.3745384 2.951683 -0.2107302 -0.7875864 3.024191 
-0.3104425 0.7835422 2.817956 -0.2992745 0.5589728 2.870716 -0.2874081 0.3105488 2.881325 -0.4717862 0.5500957 2.855806 -0.5264454 0.2732395 2.914367 -0.4518626 0.1116811 2.697384 -0.1267629 0.56785 2.885626 0.09702305 0.6484312 2.800349 0.1158956 0.9519669 2.680295 -0.3648755 0.05752779 2.884214 -0.3888374 -0.3930185 2.852464 -0.4000139 -0.8044654 2.788056 -0.1862079 0.06672169 2.899656 -0.1821641 -0.3764963 2.948807 -0.2030235 -0.7862034 3.019125 
-0.3142299 0.783274 2.813818 -0.2979757 0.561769 2.858576 -0.2877446 0.3126491 2.874775 -0.4733894 0.5540633 2.850861 -0.527682 0.2855588 2.914282 -0.4592784 0.1157484 2.703009 -0.1225619 0.5694748 2.866291 0.09377822 0.643704 2.784312 0.1082631 0.933072 2.630794 -0.3662465 0.05963135 2.887071 -0.3903928 -0.3899484 2.855536 -0.4060431 -0.8131455 2.763341 -0.1887805 0.06742725 2.894876 -0.1822843 -0.3769026 2.944612 -0.2031999 -0.7873194 3.017283 
-0.3166748 0.7841229 2.812715 -0.2969303 0.5635005 2.851106 -0.2884224 0.3147516 2.871148 -0.4747835 0.5573644 2.850448 -0.5286842 0.2893807 2.91358 -0.4642091 0.1172993 2.710373 -0.1190771 0.5696366 2.851763 0.07802803 0.6234564 2.744663 0.09539035 0.891444 2.539135 -0.3700709 0.06289229 2.890857 -0.3907208 -0.3907922 2.857135 -0.4059589 -0.8165874 2.758558 -0.1897581 0.06911323 2.891524 -0.1827205 -0.3767786 2.94188 -0.20433 -0.7851132 3.020652 
-0.315021 0.7854444 2.816073 -0.2996297 0.5590355 2.848364 -0.2901521 0.3146082 2.868139 -0.4769109 0.5528976 2.857464 -0.5284417 0.2841308 2.921673 -0.466441 0.1121704 2.717932 -0.1223485 0.5651734 2.839264 0.04645844 0.608438 2.66358 0.07157002 0.8482269 2.446563 -0.3714432 0.0670383 2.892572 -0.3925579 -0.3841383 2.853824 -0.4053061 -0.8138531 2.765054 -0.1899059 0.07332352 2.883254 -0.182348 -0.3763523 2.936916 -0.2177572 -0.7720773 3.04347 
-0.3150653 0.7853255 2.816631 -0.3012353 0.5537608 2.848589 -0.2909766 0.3129537 2.867334 -0.4765323 0.5473647 2.862359 -0.5252438 0.2785163 2.925039 -0.4687726 0.1078605 2.722679 -0.1259383 0.5601568 2.834818 0.03630117 0.6069115 2.640625 0.06299951 0.822247 2.401835 -0.371765 0.06882472 2.893231 -0.3960104 -0.3828194 2.84679 -0.4047861 -0.8126445 2.764101 -0.1896707 0.07546876 2.878926 -0.1835427 -0.3768626 2.936204 -0.213919 -0.7767361 3.040465 
-0.315207 0.7853698 2.816945 -0.3021527 0.5498159 2.845053 -0.2907617 0.3109497 2.865189 -0.4755769 0.5428233 2.860208 -0.5206385 0.2737866 2.931581 -0.4748362 0.1016211 2.732275 -0.1287284 0.5568086 2.829898 0.0164352 0.5811728 2.621777 0.04135242 0.7210806 2.357384 -0.3714712 0.0683698 2.893373 -0.3952304 -0.3811409 2.847529 -0.3936064 -0.7662712 2.762364 -0.1872703 0.07579698 2.877276 -0.1850912 -0.375426 2.935032 -0.2177789 -0.7740459 3.045247 
-0.3144592 0.7857447 2.817955 -0.3029557 0.5460405 2.841317 -0.291305 0.3089325 2.862568 -0.4745076 0.539449 2.861825 -0.5199026 0.2696739 2.930076 -0.474528 0.09783351 2.734477 -0.131404 0.552632 2.820809 -0.001578476 0.5459071 2.589654 0.03220526 0.695249 2.423628 -0.3714515 0.06829733 2.894794 -0.3957668 -0.3804103 2.84759 -0.3974396 -0.7813637 2.763124 -0.1878569 0.07535153 2.872846 -0.1865322 -0.3761829 2.933857 -0.219641 -0.7751818 3.045564 
-0.3141368 0.7866359 2.818557 -0.3030976 0.5457985 2.841677 -0.2928173 0.309743 2.863562 -0.4746272 0.540383 2.863842 -0.5195413 0.2688951 2.929168 -0.4802645 0.08947237 2.734508 -0.131568 0.5512139 2.819513 -0.005737106 0.5276281 2.581714 0.02701834 0.6812415 2.414159 -0.375956 0.07073829 2.897517 -0.3944139 -0.3850176 2.850191 -0.3966768 -0.7886609 2.765627 -0.1891181 0.07663698 2.873374 -0.1886458 -0.372177 2.932671 -0.2168769 -0.8154104 3.039962 
-0.3144569 0.7874164 2.818809 -0.3053805 0.5466477 2.838188 -0.2948269 0.3099841 2.861352 -0.4756219 0.5416491 2.864682 -0.5200102 0.2699856 2.930681 -0.4772003 0.09419977 2.726957 -0.135139 0.5516462 2.811695 -0.01281028 0.490905 2.569982 -0.01640555 0.4866275 2.266691 -0.3777282 0.07057659 2.899059 -0.3954289 -0.3842611 2.851436 -0.3968407 -0.7921603 2.770612 -0.1908185 0.07606456 2.869972 -0.1897672 -0.3733223 2.931425 -0.2170494 -0.817964 3.037797 
-0.3138663 0.7872329 2.81881 -0.3063726 0.5453829 2.837731 -0.2953717 0.3055612 2.860633 -0.4756138 0.5401692 2.86443 -0.5202312 0.268677 2.934739 -0.4777713 0.08928542 2.730092 -0.1371315 0.5505966 2.811032 -0.01691223 0.4829322 2.574661 -0.02416751 0.4271371 2.256639 -0.3779128 0.06285782 2.898293 -0.3952089 -0.3907453 2.851906 -0.3963506 -0.8003283 2.771484 -0.1908286 0.06862119 2.868779 -0.1912497 -0.3677937 2.930375 -0.2179229 -0.8137301 3.035592 
-0.3123957 0.786928 2.818749 -0.3083361 0.5427817 2.838183 -0.2973627 0.3018057 2.861128 -0.4769205 0.5379158 2.867704 -0.5284009 0.2647279 2.953508 -0.4804164 0.09292827 2.732761 -0.1397516 0.5476477 2.808661 -0.04505227 0.3593781 2.61252 -0.04513052 0.3312501 2.282577 -0.3783981 0.05817392 2.900185 -0.3952855 -0.3936135 2.853984 -0.3963802 -0.8060598 2.776513 -0.1943806 0.06348526 2.867961 -0.1919022 -0.3663924 2.928494 -0.1972304 -0.7947019 3.029989 
