-0.4676225 0.6151024 2.576042 -0.4531392 0.4080232 2.580807 -0.4347742 0.1991906 2.582236 -0.6004353 0.39455 2.50481 -0.6826288 0.07411734 2.485365 -0.6237337 -0.203434 2.365406 -0.3058432 0.4214965 2.656805 -0.183709 0.4204755 2.910106 -0.05204822 0.6280324 3.06674 -0.5020888 -0.01747914 2.539458 -0.5131675 -0.4314241 2.60437 -0.5480892 -0.8389327 2.541358 -0.3307294 -0.001804825 2.627871 -0.2886433 -0.4114549 2.706109 -0.1129734 -0.8608976 2.526168 
-0.4638406 0.6114528 2.571232 -0.4495861 0.4038836 2.578809 -0.4323463 0.1950069 2.582957 -0.5974249 0.3901928 2.503828 -0.6708031 0.07005139 2.492184 -0.6161389 -0.2052583 2.366746 -0.3017473 0.4175743 2.65379 -0.1633449 0.4507468 2.902555 -0.05680897 0.6888667 3.033771 -0.5010681 -0.02183035 2.543506 -0.516691 -0.4359062 2.606966 -0.5512149 -0.8391511 2.546089 -0.3291447 -0.00590921 2.630702 -0.2904034 -0.4164026 2.706454 -0.1129431 -0.8664051 2.52205 
-0.4574735 0.6172104 2.577832 -0.4421636 0.40935 2.585456 -0.4248116 0.2004496 2.587818 -0.5900967 0.3962148 2.510512 -0.6659014 0.0690271 2.499594 -0.6046263 -0.2024475 2.370859 -0.2942304 0.4224852 2.6604 -0.1431738 0.5028716 2.877283 -0.05937325 0.7647182 2.972157 -0.4934845 -0.01608902 2.5466 -0.5034287 -0.4307778 2.607162 -0.5450174 -0.8271617 2.547127 -0.321435 -0.0008125 2.633762 -0.2603509 -0.4114842 2.675553 -0.143133 -0.8360296 2.580321 
-0.4515939 0.6182787 2.589606 -0.4343612 0.410051 2.591638 -0.4151827 0.2013478 2.58971 -0.5839152 0.3969696 2.520041 -0.6620021 0.07005038 2.507776 -0.5966416 -0.2033885 2.379706 -0.2848073 0.4231324 2.663235 -0.1236321 0.5478901 2.846123 -0.06117279 0.8270133 2.922228 -0.4829985 -0.01496471 2.546134 -0.4944591 -0.430788 2.597609 -0.5413117 -0.826326 2.546546 -0.3090097 0.0002540131 2.629428 -0.2578102 -0.4118422 2.678219 -0.1299976 -0.8464974 2.554793 
-0.4403651 0.6226336 2.595646 -0.4249958 0.4141516 2.59616 -0.4089775 0.2052358 2.591487 -0.5795719 0.4036185 2.5372 -0.6526057 0.06455557 2.519011 -0.5903857 -0.2078523 2.391586 -0.2704196 0.4246846 2.655119 -0.105923 0.5968932 2.790204 -0.06794761 0.8865831 2.841129 -0.4831572 -0.009826202 2.55241 -0.5009817 -0.4244082 2.61125 -0.5530323 -0.8285601 2.54929 -0.3027612 0.002466248 2.621218 -0.2630696 -0.4108702 2.67368 -0.1253916 -0.8510875 2.536384 
-0.4269388 0.6196725 2.59915 -0.4138995 0.4117515 2.599322 -0.401198 0.2026077 2.594213 -0.5722457 0.4033052 2.551414 -0.6478083 0.06375287 2.529106 -0.5904052 -0.2123816 2.410331 -0.2555533 0.4201977 2.647229 -0.09347916 0.634466 2.743735 -0.07084201 0.930881 2.768011 -0.4806577 -0.01145207 2.561221 -0.4968058 -0.426625 2.616862 -0.5516212 -0.8359602 2.55007 -0.2963352 -0.001620224 2.616987 -0.2608691 -0.4141084 2.679945 -0.1169984 -0.8627298 2.525549 
-0.4100299 0.6209282 2.606229 -0.4012897 0.412406 2.604689 -0.393937 0.2030415 2.599087 -0.5647143 0.4073808 2.578005 -0.6391546 0.06687961 2.558372 -0.592793 -0.2129898 2.44062 -0.2378652 0.4174311 2.631373 -0.08964515 0.6524924 2.648396 -0.07456098 0.9483041 2.611721 -0.4815885 -0.009244217 2.577971 -0.4971303 -0.4247458 2.631737 -0.5525213 -0.8327972 2.556324 -0.2915801 -0.003401596 2.608996 -0.2444633 -0.4147599 2.67054 -0.1497505 -0.8384225 2.585575 
-0.4057564 0.6319185 2.631845 -0.3958032 0.4247634 2.616522 -0.3883632 0.2160713 2.601246 -0.5606573 0.4199816 2.60156 -0.634429 0.07319513 2.574167 -0.5926737 -0.208547 2.456023 -0.2309492 0.4295453 2.631484 -0.0855598 0.6549646 2.60179 -0.08465318 0.9455364 2.53508 -0.4768378 0.004596954 2.577265 -0.4891856 -0.4122447 2.618803 -0.5484689 -0.8184807 2.543669 -0.2850087 0.01016125 2.594676 -0.2416354 -0.4004641 2.664934 -0.1405134 -0.8298097 2.549523 
-0.3979035 0.6321186 2.644724 -0.3909283 0.42573 2.622685 -0.3855715 0.2172257 2.603334 -0.5564365 0.4218082 2.619127 -0.6308552 0.07919443 2.585623 -0.5949927 -0.2069715 2.475371 -0.22542 0.4296519 2.626244 -0.08806156 0.6526089 2.548152 -0.08953187 0.9408085 2.46674 -0.476477 0.006440293 2.581914 -0.487831 -0.4095792 2.631505 -0.5509668 -0.8291444 2.547809 -0.2839523 0.0110023 2.586053 -0.255068 -0.3901059 2.695795 -0.1340792 -0.8504851 2.534815 
-0.3835029 0.6280133 2.640569 -0.381853 0.4210739 2.621969 -0.3808033 0.2121075 2.606066 -0.5477712 0.4197253 2.628739 -0.618926 0.0815141 2.6072 -0.5941966 -0.2079284 2.504295 -0.2159349 0.4224225 2.615198 -0.09382503 0.6170145 2.456887 -0.1004793 0.8941823 2.341429 -0.4761322 0.002357681 2.594097 -0.4824158 -0.4142686 2.640212 -0.5540769 -0.834632 2.551462 -0.2833752 0.003924454 2.586231 -0.238079 -0.4004517 2.680862 -0.1537769 -0.8348333 2.583605 
-0.3783926 0.6180339 2.630044 -0.3790714 0.4105554 2.617973 -0.3801261 0.2012817 2.607706 -0.5449101 0.4108773 2.628452 -0.6172444 0.1038708 2.626398 -0.5961235 -0.183535 2.526967 -0.2132326 0.4102336 2.607495 -0.09435242 0.5805569 2.424447 -0.1051951 0.8518735 2.301195 -0.4775683 -0.007804871 2.603529 -0.4797859 -0.425627 2.634325 -0.554858 -0.8471598 2.550504 -0.2847937 -0.008178986 2.591349 -0.240882 -0.4102953 2.698089 -0.1448762 -0.8535651 2.562521 
-0.3747098 0.6212517 2.633777 -0.377149 0.4129703 2.621155 -0.3793515 0.2036781 2.610271 -0.5425912 0.4138941 2.63687 -0.6123767 0.1156049 2.641625 -0.5986975 -0.1707711 2.543205 -0.2117069 0.4120464 2.60544 -0.09918563 0.5412688 2.391744 -0.1075473 0.8000997 2.25189 -0.477762 -0.005076813 2.608526 -0.4756853 -0.4235469 2.629366 -0.5524614 -0.8332999 2.547519 -0.285346 -0.006151306 2.590249 -0.2374562 -0.4091879 2.693487 -0.1333469 -0.8481732 2.534069 
-0.3650585 0.6206183 2.637117 -0.3691521 0.4132356 2.623801 -0.3720689 0.2039821 2.611833 -0.5344283 0.4145058 2.641874 -0.6047034 0.1219557 2.658602 -0.6027963 -0.1650889 2.564465 -0.2038759 0.4119655 2.605728 -0.1131001 0.4871273 2.360878 -0.1162141 0.7076409 2.185747 -0.4710642 -0.004533112 2.61037 -0.4639839 -0.4233055 2.6243 -0.5444465 -0.8324642 2.543586 -0.2789073 -0.006009857 2.589358 -0.2158471 -0.4108032 2.674204 -0.14984 -0.8306894 2.577572 
-0.3605899 0.6199559 2.638289 -0.366084 0.4121152 2.625564 -0.3701876 0.2028777 2.613394 -0.5310404 0.4141311 2.646524 -0.5986174 0.1246484 2.671041 -0.605836 -0.1628344 2.579858 -0.2011277 0.4100992 2.604605 -0.1260511 0.4605603 2.337949 -0.1244727 0.6184475 2.135286 -0.4702114 -0.005187393 2.61341 -0.4665831 -0.4242264 2.620986 -0.5501733 -0.831154 2.546901 -0.2783707 -0.007531906 2.589035 -0.2269874 -0.4100709 2.690649 -0.1451342 -0.8454404 2.553408 
-0.3570672 0.6198348 2.641363 -0.3644479 0.4126645 2.627778 -0.3698521 0.2035527 2.614038 -0.5290537 0.415367 2.651392 -0.5944984 0.1247332 2.68186 -0.6092365 -0.1649271 2.599919 -0.199842 0.409962 2.604163 -0.1420371 0.4172681 2.331988 -0.1326981 0.5025335 2.097116 -0.4709788 -0.003987564 2.614032 -0.467342 -0.4231016 2.622466 -0.5522852 -0.832548 2.544042 -0.2795338 -0.007130722 2.586567 -0.2190413 -0.4129967 2.667104 -0.1628159 -0.8315299 2.590452 
-0.3559686 0.6173273 2.649427 -0.3661039 0.4115376 2.631483 -0.3745775 0.2029122 2.613439 -0.5302147 0.4159026 2.658081 -0.5926884 0.1258255 2.688682 -0.6092668 -0.1663292 2.61692 -0.2019932 0.4071725 2.604885 -0.1520533 0.3810985 2.33104 -0.1387776 0.4121251 2.079074 -0.4784982 -0.003174362 2.610864 -0.4713784 -0.4223146 2.6163 -0.5592645 -0.8320535 2.53953 -0.287604 -0.008251847 2.579925 -0.2304731 -0.4099959 2.681072 -0.1578872 -0.8435925 2.556309 
