-0.2915482 0.7831907 2.829495 -0.3141248 0.5367039 2.883919 -0.2934871 0.2901057 2.893477 -0.4661945 0.5225673 2.847543 -0.5245014 0.2492092 2.886201 -0.3417964 0.1249903 2.640445 -0.162055 0.5508404 2.920296 -0.08264992 0.4297854 3.132497 0.06609878 0.6726888 3.214794 -0.3653712 0.03490661 2.880903 -0.3942002 -0.4202422 2.847068 -0.408807 -0.8533601 2.7935 -0.1803277 0.05210846 2.925167 -0.1766745 -0.3880657 2.964841 -0.2169006 -0.78758 3.064927 
-0.292606 0.7839378 2.828586 -0.314692 0.5358531 2.883935 -0.2947251 0.2897362 2.892169 -0.4681369 0.5222195 2.848512 -0.5272095 0.2505835 2.882118 -0.3481508 0.1292661 2.63835 -0.1612471 0.5494868 2.919358 -0.06273877 0.4608662 3.150861 0.05577841 0.7353581 3.210784 -0.3657469 0.03553482 2.879397 -0.3938089 -0.4216681 2.844638 -0.4119042 -0.8543465 2.806923 -0.1837696 0.05170364 2.921407 -0.1775497 -0.391562 2.967483 -0.2309197 -0.8024526 3.081583 
-0.2966451 0.7826841 2.821841 -0.3161328 0.5501921 2.881926 -0.2950922 0.2972312 2.891094 -0.4701192 0.5359737 2.843016 -0.5307457 0.2657437 2.880341 -0.3598724 0.1353567 2.649081 -0.1621464 0.5644105 2.920837 -0.06287982 0.4643771 3.132154 0.0373557 0.7632846 3.153376 -0.3650731 0.03586578 2.877262 -0.3936431 -0.4225066 2.840489 -0.4077315 -0.8568681 2.800444 -0.1830302 0.05267474 2.923262 -0.179966 -0.3904301 2.966342 -0.2258722 -0.8094879 3.073986 
-0.3089569 0.7797754 2.805887 -0.3193535 0.5552226 2.886636 -0.2969448 0.3006069 2.891045 -0.4736904 0.5409825 2.8487 -0.5330647 0.2632705 2.877975 -0.3617375 0.1391348 2.643713 -0.1650166 0.5694628 2.924573 -0.01802751 0.5200343 3.085462 0.03616377 0.8094767 3.095822 -0.3632576 0.03780518 2.873646 -0.3922347 -0.4198859 2.835274 -0.4035276 -0.8520922 2.788565 -0.1858145 0.05417725 2.917263 -0.1819281 -0.3921944 2.968698 -0.224365 -0.8155907 3.067763 
-0.3146413 0.7810842 2.804298 -0.3183285 0.547332 2.885237 -0.2982803 0.2973749 2.887138 -0.474855 0.5345325 2.853029 -0.5295603 0.2560163 2.884418 -0.3735651 0.121121 2.659758 -0.161802 0.5601315 2.917444 0.04095926 0.6253472 3.049218 0.02433267 0.9110387 3.035597 -0.3628488 0.04049847 2.871629 -0.3916181 -0.4165336 2.832861 -0.4038339 -0.8515083 2.786294 -0.1936152 0.0543371 2.906451 -0.1833946 -0.3921003 2.963432 -0.2154223 -0.798689 3.049716 
-0.315965 0.7817761 2.807151 -0.3199177 0.5493162 2.88584 -0.2986565 0.3001171 2.887312 -0.4825716 0.5352352 2.851353 -0.5322655 0.2528192 2.881296 -0.3836318 0.1180923 2.646027 -0.1572638 0.5633972 2.920327 0.05342178 0.6467528 3.012795 0.02505276 0.9380984 2.983872 -0.3620717 0.04358751 2.87083 -0.3913099 -0.4132259 2.833253 -0.4038808 -0.8497732 2.786356 -0.192719 0.05824846 2.906737 -0.1826144 -0.3894965 2.95996 -0.2093322 -0.7937307 3.037618 
-0.3199604 0.7807556 2.805508 -0.314092 0.5589609 2.877804 -0.2952582 0.3072192 2.8836 -0.4827852 0.5456784 2.849057 -0.532841 0.2622161 2.880462 -0.4075337 0.1145952 2.678601 -0.1453989 0.5722434 2.906551 0.05948941 0.6448846 2.992918 0.0289888 0.9570349 2.897117 -0.3637463 0.04860191 2.874516 -0.3923358 -0.4070503 2.835555 -0.4046066 -0.8482538 2.789811 -0.1891024 0.06235301 2.904277 -0.1840184 -0.3749593 2.954967 -0.1896015 -0.7698121 3.060161 
-0.3231867 0.7783922 2.802532 -0.3138562 0.5612869 2.872225 -0.2950569 0.3123451 2.881361 -0.4842858 0.5474867 2.846891 -0.5351216 0.2579663 2.892082 -0.4273745 0.09965477 2.688457 -0.1434267 0.5750869 2.897559 0.06144107 0.6876066 2.869297 0.02245277 0.9884448 2.793885 -0.3675193 0.05601376 2.876932 -0.3970499 -0.3848974 2.848682 -0.4054502 -0.8416746 2.788823 -0.1849958 0.07079318 2.904063 -0.1862352 -0.3680285 2.944818 -0.2110966 -0.7678981 3.049303 
-0.3246104 0.7771614 2.799342 -0.3125992 0.5626029 2.867868 -0.293632 0.3159418 2.878158 -0.4848378 0.5485123 2.847584 -0.5388506 0.2574869 2.900411 -0.437128 0.1068548 2.686264 -0.1403605 0.5766937 2.888152 0.05302106 0.6890671 2.84256 0.0238569 0.9996428 2.756101 -0.3701196 0.06147148 2.877208 -0.3959523 -0.3801815 2.845495 -0.4061404 -0.8339809 2.783959 -0.1792099 0.07708964 2.899691 -0.183578 -0.3735003 2.944129 -0.2315256 -0.7609316 3.051903 
-0.3251979 0.777729 2.797135 -0.3127034 0.5625571 2.858398 -0.2956256 0.3188182 2.873552 -0.4881312 0.5494186 2.844776 -0.5406988 0.2627553 2.908406 -0.4443327 0.09476943 2.696373 -0.1372757 0.5756956 2.872021 0.05398462 0.6912692 2.79353 0.01215474 0.9609535 2.634762 -0.375647 0.06780723 2.881165 -0.398841 -0.3755671 2.848922 -0.3997087 -0.7937423 2.778534 -0.1814485 0.08235148 2.896245 -0.1839812 -0.3698767 2.940375 -0.2305342 -0.7574797 3.05071 
-0.3242644 0.7785873 2.796672 -0.316558 0.5605984 2.852837 -0.298827 0.3171431 2.8717 -0.4922447 0.5472841 2.84614 -0.5406637 0.2615271 2.911262 -0.4491646 0.09204698 2.706208 -0.1408714 0.5739126 2.859535 0.05046425 0.6949028 2.768862 -0.001548645 0.9486481 2.591018 -0.3778714 0.06635386 2.886873 -0.397189 -0.3851714 2.848298 -0.3990614 -0.7871592 2.771313 -0.1843206 0.0810219 2.894251 -0.1864981 -0.3613213 2.933703 -0.2317699 -0.7522836 3.048545 
-0.3212602 0.7777711 2.798645 -0.3194086 0.5542838 2.84743 -0.3013691 0.3141406 2.870255 -0.4935043 0.5412363 2.84775 -0.5407867 0.2633582 2.918359 -0.4596045 0.08953527 2.716633 -0.1453129 0.5673314 2.84711 0.00329303 0.6628084 2.667621 -0.02213846 0.9122263 2.499127 -0.3817312 0.06662273 2.893261 -0.3973882 -0.3831282 2.851831 -0.398296 -0.7940584 2.771346 -0.1849281 0.08137212 2.892899 -0.1871338 -0.3588473 2.930218 -0.2351385 -0.7448921 3.049943 
-0.3197029 0.7758092 2.800539 -0.3190292 0.5499779 2.844996 -0.2994705 0.312641 2.868397 -0.491552 0.5362019 2.849472 -0.5375522 0.2740575 2.92566 -0.4756289 0.09501585 2.725632 -0.1465064 0.563754 2.840519 -0.01863684 0.6354902 2.616879 -0.04717785 0.8642167 2.408605 -0.378714 0.06741455 2.894361 -0.3982369 -0.3831092 2.85325 -0.3945318 -0.8107648 2.777012 -0.1811096 0.08319342 2.889234 -0.1861352 -0.3593617 2.920177 -0.2263333 -0.7355961 3.03732 
-0.3189674 0.7746856 2.800231 -0.3184706 0.5511302 2.844062 -0.3009491 0.3138902 2.868407 -0.4921466 0.5390745 2.851576 -0.5387135 0.2710641 2.925214 -0.4813972 0.08857692 2.7226 -0.1447946 0.563186 2.836547 -0.0196536 0.6372584 2.612267 -0.06036902 0.8175714 2.377782 -0.3839369 0.06967316 2.897102 -0.3977213 -0.3841603 2.852676 -0.3974912 -0.8046422 2.771374 -0.1829182 0.08362702 2.888404 -0.1877611 -0.3597755 2.920874 -0.2280593 -0.7388756 3.037618 
-0.3208467 0.7736605 2.798006 -0.3185022 0.5514763 2.843651 -0.3038275 0.3121258 2.865944 -0.4937777 0.5419658 2.85692 -0.5388662 0.2717502 2.932567 -0.48172 0.09146141 2.737089 -0.1432267 0.5609868 2.830383 -0.03203989 0.6029563 2.585804 -0.08450641 0.697904 2.310409 -0.3865343 0.06749135 2.895609 -0.3968523 -0.3863571 2.848735 -0.3965853 -0.807189 2.768554 -0.191771 0.07805922 2.880866 -0.1898672 -0.360304 2.924725 -0.2292519 -0.7403913 3.039642 
-0.321433 0.7749771 2.799084 -0.3172321 0.5518824 2.842792 -0.3022654 0.3120833 2.865796 -0.4939752 0.5422372 2.857238 -0.5304873 0.2899552 2.954148 -0.4844779 0.08795747 2.734794 -0.140489 0.5615277 2.828345 -0.03903082 0.5559745 2.564482 -0.09059998 0.6503558 2.296473 -0.3847142 0.06696799 2.896762 -0.3974954 -0.3821667 2.850286 -0.39827 -0.8016286 2.771143 -0.1898834 0.07760037 2.880837 -0.1891185 -0.3630551 2.921855 -0.2272201 -0.7439533 3.034819 
-0.3219837 0.7765064 2.799896 -0.3168853 0.5540673 2.839044 -0.3049987 0.3115054 2.861328 -0.4950818 0.547433 2.861881 -0.535375 0.2874631 2.951151 -0.4865594 0.08931917 2.743044 -0.1386888 0.5607017 2.816206 -0.06146438 0.5092375 2.546613 -0.1081565 0.5388064 2.253514 -0.3878942 0.0654147 2.89576 -0.3959555 -0.3850653 2.848114 -0.3956869 -0.8107376 2.772309 -0.1983298 0.07247226 2.871465 -0.1906849 -0.362476 2.925385 -0.2223275 -0.750536 3.032812 
-0.3250495 0.7757979 2.800238 -0.3178377 0.5567768 2.844221 -0.3079473 0.3135345 2.864111 -0.4965965 0.5516912 2.870918 -0.5377167 0.2826048 2.949766 -0.4942543 0.1053524 2.749196 -0.1390789 0.5618623 2.817525 -0.06155665 0.425699 2.598959 -0.1204783 0.4404843 2.255442 -0.3949597 0.06753539 2.898472 -0.3961958 -0.3859595 2.849179 -0.3956255 -0.8173774 2.776358 -0.2011541 0.07304899 2.869529 -0.1934794 -0.3626826 2.925715 -0.2348437 -0.7516453 3.058372 
-0.3268717 0.7748728 2.800522 -0.321853 0.5517891 2.846131 -0.3109865 0.3088789 2.86413 -0.4925352 0.5464221 2.876742 -0.5360194 0.2808143 2.95067 -0.4971906 0.08750816 2.735252 -0.1511709 0.5571562 2.815519 -0.07183804 0.4300858 2.602921 -0.1293947 0.379527 2.273845 -0.3936349 0.06302813 2.898902 -0.395023 -0.3915151 2.851461 -0.3944405 -0.8278499 2.781341 -0.2066052 0.06890924 2.865359 -0.1970224 -0.3621219 2.925441 -0.2335371 -0.7550002 3.060151 
-0.3275481 0.7749413 2.801512 -0.3243797 0.5480844 2.84161 -0.3129967 0.3068319 2.861606 -0.4925861 0.5428767 2.874532 -0.5359241 0.283282 2.954563 -0.4920118 0.08930834 2.738624 -0.1561733 0.553292 2.808687 -0.1203221 0.33733 2.591184 -0.1329428 0.3473961 2.274023 -0.3937346 0.06272737 2.899633 -0.396601 -0.3910155 2.85248 -0.3959454 -0.828366 2.782673 -0.2094929 0.06843147 2.863572 -0.1970578 -0.3619272 2.925708 -0.2320943 -0.7554241 3.054495 
