-0.4747045 0.6120193 2.586432 -0.4580012 0.4053539 2.587229 -0.4364208 0.1968525 2.585234 -0.6048236 0.3908921 2.510435 -0.6917381 0.05119134 2.502517 -0.6367736 -0.2374567 2.401949 -0.3111787 0.4198157 2.664022 -0.1899856 0.3993365 2.916661 -0.06025691 0.6142693 3.073117 -0.5002077 -0.02005737 2.53859 -0.5151491 -0.435822 2.590464 -0.5543699 -0.8387617 2.548493 -0.3294734 -0.003240356 2.62789 -0.289921 -0.4147569 2.697126 -0.1140423 -0.8614381 2.524195 
-0.4694841 0.6139902 2.584919 -0.4540639 0.4069559 2.58786 -0.4345107 0.1982461 2.587277 -0.600299 0.3934739 2.509739 -0.6893763 0.05010342 2.501252 -0.6291514 -0.2368545 2.395521 -0.3078288 0.4204379 2.66598 -0.172995 0.4316595 2.903317 -0.06889708 0.6765864 3.033045 -0.499997 -0.01830383 2.541265 -0.5154764 -0.4344722 2.589731 -0.5539073 -0.832841 2.549385 -0.329918 -0.002623566 2.632123 -0.2926457 -0.4135697 2.706067 -0.1136838 -0.8622543 2.519301 
-0.4675246 0.6155034 2.593669 -0.4510047 0.408779 2.592408 -0.4312855 0.2001373 2.588364 -0.5984406 0.3963175 2.51641 -0.6767107 0.04956781 2.507619 -0.6212822 -0.2330054 2.393287 -0.3035687 0.4212406 2.668406 -0.1615243 0.4718089 2.891165 -0.08092675 0.7367902 3.002416 -0.4973148 -0.01575205 2.54012 -0.5121663 -0.4318837 2.589261 -0.5513759 -0.8312404 2.545221 -0.3258176 -0.001256744 2.628521 -0.2839817 -0.4119075 2.701806 -0.1120107 -0.8605728 2.514941 
-0.4556931 0.6148617 2.600242 -0.4393944 0.4083062 2.59695 -0.4212612 0.1995187 2.591707 -0.5911502 0.3968072 2.53001 -0.6656872 0.05814249 2.51867 -0.6150869 -0.2153164 2.380806 -0.2876386 0.4198052 2.66389 -0.1301411 0.5499489 2.842058 -0.09143548 0.8348582 2.911071 -0.4913834 -0.01595613 2.547534 -0.5037018 -0.4307294 2.607221 -0.5489646 -0.8396627 2.549773 -0.3148724 -0.002581375 2.625394 -0.2759232 -0.4128642 2.702359 -0.1091723 -0.8643051 2.519094 
-0.4489365 0.6170789 2.600846 -0.432435 0.4096909 2.59941 -0.4150311 0.2008231 2.59471 -0.5865871 0.3982201 2.538358 -0.6673318 0.06155994 2.525847 -0.6097872 -0.2087203 2.387182 -0.2782829 0.4211616 2.660462 -0.1150611 0.5784868 2.814544 -0.09409602 0.8737934 2.85505 -0.4873148 -0.01471858 2.554489 -0.5040523 -0.4281946 2.621346 -0.5495444 -0.8334805 2.554734 -0.3079396 -0.001370926 2.62553 -0.2723114 -0.4128976 2.697162 -0.1073184 -0.861284 2.516814 
-0.4379397 0.6245593 2.602253 -0.424265 0.4156459 2.602009 -0.4101174 0.2065738 2.596518 -0.5822046 0.4062639 2.552297 -0.6636879 0.06276428 2.532037 -0.6026996 -0.2067102 2.394708 -0.2663253 0.4250278 2.65172 -0.106056 0.6017495 2.774893 -0.09494562 0.9008964 2.794849 -0.488022 -0.007966385 2.562054 -0.5069804 -0.4214475 2.628647 -0.5540602 -0.8261169 2.555926 -0.3039175 0.002969772 2.620001 -0.2759678 -0.4082873 2.696119 -0.1110786 -0.8573973 2.51231 
-0.4278561 0.6242147 2.610956 -0.416593 0.4158385 2.605869 -0.4057772 0.2066646 2.598075 -0.5777428 0.4089058 2.568301 -0.6589209 0.06640918 2.543119 -0.5945213 -0.2048212 2.413561 -0.2554432 0.4227713 2.643437 -0.1048972 0.62078 2.716051 -0.08648915 0.9189375 2.703779 -0.4888133 -0.006546814 2.568402 -0.5057024 -0.4192941 2.639922 -0.554122 -0.8310269 2.552855 -0.3011094 0.001528351 2.612161 -0.2568934 -0.4109926 2.665574 -0.1469836 -0.8352237 2.569957 
-0.4152898 0.6187133 2.615849 -0.4074149 0.4118716 2.607503 -0.4003631 0.2025317 2.600006 -0.5707556 0.4073395 2.58042 -0.6474442 0.06716986 2.559662 -0.59013 -0.2049781 2.425678 -0.2440741 0.4164038 2.634587 -0.1068004 0.6306627 2.665744 -0.08190393 0.9256344 2.624875 -0.488299 -0.009443878 2.576758 -0.5042301 -0.4228399 2.644774 -0.5525978 -0.8325892 2.558966 -0.298324 -0.004172729 2.608258 -0.2566164 -0.4121984 2.688457 -0.1405007 -0.8491041 2.558883 
-0.4037264 0.6273205 2.627292 -0.400145 0.417531 2.613955 -0.3967184 0.208289 2.602924 -0.5649987 0.4155881 2.599603 -0.6403511 0.07416202 2.582427 -0.5893856 -0.1919886 2.438289 -0.2352914 0.4194739 2.628308 -0.1085874 0.6257083 2.604439 -0.08482192 0.9089718 2.519399 -0.4892526 -0.002083984 2.583537 -0.4979974 -0.4157059 2.651258 -0.5549467 -0.8284986 2.55297 -0.2973312 0.000177948 2.600246 -0.2536037 -0.4067932 2.687668 -0.1312394 -0.8473325 2.533754 
-0.3934307 0.6304984 2.633518 -0.3933133 0.4217181 2.616982 -0.3936851 0.212587 2.603593 -0.5587 0.4220869 2.615814 -0.6377649 0.08163437 2.597819 -0.5916409 -0.1894323 2.458899 -0.2279266 0.4213492 2.618151 -0.1081216 0.6215515 2.550068 -0.09099728 0.8929282 2.430891 -0.4903006 0.00367067 2.589525 -0.4909112 -0.4095401 2.659987 -0.5550017 -0.8291132 2.550405 -0.2978131 0.003241379 2.590884 -0.2594944 -0.3987196 2.700104 -0.12338 -0.8543172 2.518413 
-0.3836185 0.628136 2.651499 -0.3865686 0.4223699 2.625025 -0.3896467 0.2138173 2.604516 -0.5518989 0.4234551 2.638804 -0.6255511 0.08973953 2.629718 -0.597115 -0.1840518 2.490394 -0.2212384 0.4212847 2.611246 -0.1073025 0.5943906 2.461699 -0.1010826 0.8295358 2.280343 -0.4887018 0.00589476 2.592006 -0.4768198 -0.4095598 2.645484 -0.5512983 -0.833176 2.54809 -0.2967478 0.004634812 2.576008 -0.2363731 -0.397176 2.674443 -0.1474673 -0.8288732 2.573952 
-0.3779572 0.6284763 2.655502 -0.3823999 0.4229611 2.627729 -0.387495 0.2145531 2.605957 -0.547326 0.4249883 2.64692 -0.614797 0.09438489 2.649381 -0.5975496 -0.1800749 2.507582 -0.2174738 0.4209339 2.608539 -0.1046697 0.5701749 2.424893 -0.1103856 0.7854897 2.220748 -0.488426 0.007323013 2.595336 -0.4724969 -0.4086907 2.643794 -0.5534048 -0.8369903 2.54964 -0.2967542 0.004967026 2.573033 -0.2369395 -0.3939019 2.6846 -0.1409181 -0.8412357 2.558844 
-0.3685045 0.6325253 2.647508 -0.3752188 0.4262207 2.625887 -0.3832028 0.2175379 2.608397 -0.5396445 0.4305474 2.649321 -0.606479 0.1168677 2.668541 -0.59803 -0.1571111 2.534103 -0.2107931 0.4218939 2.602454 -0.109784 0.5401254 2.391463 -0.1175817 0.7321661 2.167689 -0.486762 0.01137012 2.604527 -0.4672762 -0.4054766 2.643175 -0.5516625 -0.8321497 2.557804 -0.2956116 0.006340088 2.577285 -0.2236294 -0.3943068 2.674275 -0.1600618 -0.8187098 2.601315 
-0.3630937 0.6281897 2.644987 -0.371906 0.4219921 2.624367 -0.3804275 0.2132694 2.607095 -0.5355629 0.4263132 2.652893 -0.5992395 0.131703 2.679919 -0.5992021 -0.1469312 2.561157 -0.2082492 0.417671 2.59584 -0.115888 0.5000635 2.356742 -0.1255095 0.6481351 2.108587 -0.4841089 0.007059311 2.60641 -0.4620078 -0.4105 2.633743 -0.5495503 -0.8379308 2.551164 -0.2937893 0.002034164 2.573236 -0.226419 -0.3963325 2.68296 -0.1478445 -0.841819 2.565941 
-0.3580609 0.6258845 2.645216 -0.3671386 0.4198314 2.623984 -0.3748682 0.2111031 2.606174 -0.5308246 0.4234172 2.653001 -0.5966246 0.118848 2.690964 -0.6008319 -0.1592279 2.570759 -0.2034525 0.4162455 2.594967 -0.1279499 0.475035 2.33837 -0.1346021 0.5687792 2.074718 -0.4777409 0.004459076 2.605231 -0.4580421 -0.4136558 2.62656 -0.5457428 -0.8384101 2.546952 -0.2874549 0.0002904968 2.571499 -0.2260303 -0.3949292 2.695317 -0.128997 -0.8504986 2.543751 
-0.3508576 0.6204051 2.642722 -0.370082 0.4141092 2.623896 -0.3873863 0.2060288 2.606148 -0.531319 0.424193 2.662878 -0.594157 0.1207251 2.701392 -0.6011731 -0.1633222 2.597097 -0.2088451 0.4040253 2.584914 -0.1517314 0.4074878 2.306698 -0.153104 0.4381265 2.043018 -0.4984471 0.003812042 2.611067 -0.4768192 -0.414457 2.626395 -0.5661851 -0.8300568 2.550331 -0.3109341 -0.007915131 2.565733 -0.2377031 -0.4030775 2.68155 -0.1639866 -0.8419457 2.567354 
