-0.3636923 0.6152296 2.799064 -0.3338259 0.4046504 2.800795 -0.3025548 0.1913556 2.797977 -0.4973036 0.3811689 2.764011 -0.5192518 0.0818801 2.759341 -0.459126 -0.2137528 2.693291 -0.1703483 0.4281318 2.837579 0.04064522 0.4549583 2.997119 0.1547189 0.7152866 3.015267 -0.3674083 -0.03574614 2.77353 -0.4104306 -0.4603396 2.83461 -0.4469063 -0.8120469 2.705795 -0.1751591 -0.008132034 2.816788 -0.09115737 -0.4303319 2.792546 -0.009684586 -0.7674367 2.744946 
-0.3624192 0.6137386 2.800127 -0.3305104 0.403583 2.802921 -0.2982028 0.1904266 2.800948 -0.4934968 0.3792347 2.764549 -0.5192232 0.08447247 2.769583 -0.4565845 -0.208414 2.695451 -0.167524 0.4279312 2.841294 0.04780856 0.4904806 2.98007 0.126781 0.7675824 2.986001 -0.3617397 -0.0370477 2.77641 -0.4080554 -0.4615415 2.836053 -0.4455051 -0.8183568 2.70896 -0.1700507 -0.008411682 2.82154 -0.09036388 -0.4313286 2.795166 -0.00883416 -0.7690901 2.74931 
-0.3613751 0.614291 2.800138 -0.3275145 0.4041332 2.804174 -0.2944276 0.1910858 2.803339 -0.4904882 0.3789718 2.766238 -0.5180812 0.08297058 2.772109 -0.4588729 -0.2098709 2.695219 -0.1645407 0.4292947 2.842111 0.0573907 0.5312534 2.962507 0.09455927 0.8171226 2.957088 -0.3571738 -0.03675719 2.780196 -0.4064111 -0.4617507 2.833438 -0.4475123 -0.8152379 2.709819 -0.1655079 -0.007165909 2.824812 -0.08766542 -0.4292847 2.785778 -0.008916069 -0.7681553 2.748559 
-0.3468637 0.6106192 2.800438 -0.3139326 0.4000468 2.806176 -0.2821354 0.1867978 2.805972 -0.4777322 0.3756561 2.771503 -0.5213932 0.0876904 2.786158 -0.4596344 -0.2035281 2.70538 -0.150133 0.4244373 2.840849 0.05610837 0.59532 2.892104 0.04117696 0.8893122 2.879138 -0.3466739 -0.040796 2.785375 -0.4006802 -0.4657933 2.834129 -0.4452401 -0.8201303 2.706732 -0.1540024 -0.01210625 2.82616 -0.08290897 -0.4348107 2.779914 -0.004474342 -0.7793384 2.741323 
-0.3392046 0.6106858 2.80132 -0.3071151 0.3997861 2.807607 -0.2757342 0.1864718 2.807577 -0.4716002 0.375593 2.776306 -0.5201494 0.08481155 2.794163 -0.4584923 -0.2053549 2.70959 -0.14263 0.4239791 2.838909 0.04755722 0.6176617 2.85955 0.02212508 0.9121584 2.834415 -0.3410918 -0.041071 2.789137 -0.400537 -0.4655453 2.835955 -0.4443204 -0.8149738 2.70953 -0.1476148 -0.01261378 2.825955 -0.07885374 -0.4352174 2.775273 -0.004532265 -0.7738001 2.741439 
-0.3331023 0.6083494 2.812812 -0.3025902 0.3981462 2.811699 -0.2724044 0.1848355 2.805573 -0.4687133 0.3751477 2.79395 -0.5187806 0.08043585 2.801445 -0.4562152 -0.2086239 2.713773 -0.1364671 0.4211447 2.829447 0.04006079 0.6406107 2.82035 0.006773052 0.9369813 2.792144 -0.3402163 -0.04204221 2.788978 -0.4065462 -0.4660138 2.830226 -0.4490843 -0.8158225 2.704224 -0.1442207 -0.01490805 2.809918 -0.07841563 -0.4381173 2.760132 -0.007062431 -0.776439 2.725778 
-0.3258424 0.6078926 2.817588 -0.2981832 0.3973397 2.81327 -0.2710068 0.1837165 2.804328 -0.4653278 0.3764227 2.804993 -0.5109235 0.08314505 2.81365 -0.4570886 -0.2046715 2.717311 -0.1310386 0.4182567 2.821548 0.03745917 0.6517397 2.781788 -0.007715294 0.9475153 2.743943 -0.3421165 -0.04220653 2.790518 -0.4115305 -0.4656437 2.832686 -0.449955 -0.8149876 2.708132 -0.1455442 -0.01760686 2.800252 -0.07907207 -0.441949 2.765083 -0.0114958 -0.7773019 2.733226 
-0.313129 0.6090185 2.820827 -0.2921321 0.3980279 2.815318 -0.2719382 0.1837476 2.805368 -0.4583737 0.3817619 2.828226 -0.5018109 0.08461361 2.825505 -0.4621941 -0.2027612 2.722088 -0.1258905 0.4142939 2.802409 0.0171797 0.6453177 2.72376 -0.02640829 0.9381168 2.663362 -0.3501563 -0.0401618 2.80306 -0.4165492 -0.4647612 2.83709 -0.4558359 -0.8108014 2.720253 -0.1533324 -0.02090347 2.787777 -0.08233541 -0.4450216 2.758261 -0.01895505 -0.7761395 2.731383 
-0.3046364 0.607906 2.832736 -0.2895332 0.3973931 2.821666 -0.273589 0.1830583 2.806859 -0.4535295 0.3830851 2.852188 -0.4992591 0.09157565 2.840292 -0.4676331 -0.1925928 2.72596 -0.1255369 0.4117012 2.791145 0.008387405 0.6394076 2.67022 -0.04305875 0.924874 2.589958 -0.3541465 -0.03969594 2.810012 -0.4130603 -0.4659131 2.835258 -0.4510129 -0.8104735 2.71389 -0.161143 -0.02285716 2.774092 -0.07713532 -0.4449221 2.753486 -0.02020011 -0.7753183 2.72928 
-0.2977215 0.6049685 2.827597 -0.2853745 0.3940459 2.821528 -0.2728298 0.1792294 2.810309 -0.4469939 0.3823349 2.865049 -0.4972832 0.09427298 2.848652 -0.4705999 -0.1893391 2.731087 -0.1237551 0.405757 2.778007 -0.006152283 0.6228106 2.628289 -0.06166837 0.8963862 2.522603 -0.3551219 -0.04245907 2.824627 -0.4080698 -0.4698237 2.842935 -0.4460038 -0.8130428 2.722774 -0.1654481 -0.02871518 2.773551 -0.07078432 -0.4488102 2.766348 -0.01999596 -0.7796535 2.743283 
-0.2856457 0.6065673 2.835047 -0.2791135 0.3946161 2.82601 -0.2721103 0.1797098 2.812299 -0.4385955 0.3860513 2.878799 -0.4961575 0.09051215 2.857587 -0.4671156 -0.1903119 2.733815 -0.1196314 0.403181 2.773221 -0.01911378 0.5813158 2.577362 -0.08132035 0.8270038 2.429749 -0.3586553 -0.04022049 2.829553 -0.4077732 -0.4681976 2.831303 -0.4479617 -0.8094498 2.708785 -0.1715592 -0.03017264 2.767623 -0.06938285 -0.4486617 2.758189 -0.02383082 -0.7733226 2.738445 
-0.2766409 0.6075978 2.84229 -0.2754118 0.3958924 2.830728 -0.2739375 0.1810699 2.814392 -0.4315117 0.3900445 2.893543 -0.4940211 0.09449753 2.869267 -0.46074 -0.1839806 2.741184 -0.1193119 0.4017403 2.767913 -0.02410635 0.5420429 2.547403 -0.08593553 0.7545884 2.362997 -0.3641738 -0.03718838 2.83496 -0.4100854 -0.4657277 2.834462 -0.4485495 -0.8072484 2.708094 -0.1807526 -0.03031696 2.761151 -0.07004528 -0.4467699 2.756588 -0.02860601 -0.7736124 2.738646 
-0.2704791 0.6082601 2.842771 -0.2721462 0.396028 2.831611 -0.2742168 0.1811357 2.81553 -0.4274205 0.3925867 2.897593 -0.4799547 0.09798852 2.871943 -0.4573404 -0.1799365 2.74062 -0.1168718 0.3994692 2.765628 -0.03154308 0.5025141 2.526743 -0.09314246 0.6757737 2.313519 -0.3673912 -0.03577564 2.838164 -0.4054548 -0.4649843 2.829992 -0.4457053 -0.8076568 2.70435 -0.1851837 -0.03173746 2.760736 -0.06409631 -0.4453127 2.759327 -0.02451119 -0.7756954 2.746996 
-0.2678841 0.6085501 2.85449 -0.2715177 0.3968001 2.837207 -0.2753669 0.1823809 2.816097 -0.4258772 0.3928175 2.905808 -0.4711046 0.10101 2.881031 -0.4562194 -0.1751698 2.744978 -0.1171582 0.4007827 2.768606 -0.04731325 0.4697192 2.502384 -0.09924495 0.6026692 2.272074 -0.3698721 -0.03437724 2.835277 -0.4025567 -0.4637468 2.8178 -0.4440696 -0.8096284 2.698079 -0.1885603 -0.02969926 2.754698 -0.06297676 -0.442035 2.750889 -0.02308461 -0.7731041 2.740212 
-0.2580545 0.6025052 2.848833 -0.266681 0.3905836 2.834368 -0.2747048 0.1760157 2.816086 -0.4210147 0.3904773 2.903352 -0.4667963 0.09992325 2.886919 -0.4560097 -0.1760695 2.749843 -0.1123473 0.39069 2.765385 -0.0596561 0.4198588 2.491681 -0.1034182 0.4935945 2.241989 -0.3734397 -0.03861484 2.83835 -0.4022434 -0.4685483 2.828022 -0.4473077 -0.8157266 2.704032 -0.1920174 -0.03848984 2.757258 -0.06255591 -0.449701 2.753877 -0.02378438 -0.7838792 2.748171 
-0.250382 0.6014614 2.846038 -0.2625688 0.3888342 2.833024 -0.2737989 0.174267 2.816091 -0.4154881 0.391147 2.905135 -0.4646793 0.09682922 2.892664 -0.4556997 -0.1777057 2.752428 -0.1096495 0.3865213 2.760912 -0.06381316 0.3729235 2.483367 -0.1060299 0.4136583 2.223987 -0.3749352 -0.03894037 2.841554 -0.3997041 -0.4691669 2.829642 -0.4448801 -0.8135716 2.705198 -0.195123 -0.04165997 2.756761 -0.06082848 -0.4510908 2.744776 -0.0237644 -0.7792155 2.744802 
