-0.4724098 0.5918 2.729466 -0.4264129 0.3857798 2.773787 -0.380446 0.1780127 2.807638 -0.5858896 0.3442892 2.735686 -0.6162438 0.06180255 2.791234 -0.5594383 -0.2227545 2.727209 -0.2669362 0.4272704 2.811888 -0.06326141 0.3462256 3.007401 0.1613303 0.4920311 3.064738 -0.4282283 -0.05414485 2.81909 -0.4688538 -0.4791365 2.760311 -0.4924151 -0.8236323 2.599082 -0.2407299 -0.005363907 2.863886 -0.2208573 -0.4356841 2.878923 -0.1783644 -0.7920519 2.858617 
-0.4882586 0.5950807 2.733362 -0.4372001 0.389507 2.775353 -0.3884852 0.1821017 2.807884 -0.5953345 0.3459019 2.734149 -0.6155963 0.05178384 2.783177 -0.5540786 -0.2297671 2.711256 -0.2790657 0.4331119 2.816558 -0.05362457 0.3971363 2.993724 0.1340864 0.5873504 3.020585 -0.4327627 -0.05094594 2.816184 -0.4815573 -0.4737695 2.748836 -0.4999459 -0.8159531 2.596181 -0.2467778 0.0003387909 2.864645 -0.2311083 -0.4302863 2.866524 -0.1870887 -0.7844951 2.857274 
-0.4918269 0.5916525 2.725771 -0.4411948 0.3877743 2.77204 -0.3920618 0.1810752 2.808316 -0.5993913 0.3431476 2.732024 -0.6159698 0.05226453 2.782041 -0.5485899 -0.2259517 2.70301 -0.2829983 0.4324011 2.812056 -0.04680664 0.4435805 2.972356 0.09933858 0.6685501 2.982638 -0.4359356 -0.05186092 2.821066 -0.4817246 -0.474847 2.751776 -0.4994027 -0.8190119 2.607396 -0.2499218 0.0006130218 2.868119 -0.2316679 -0.430059 2.867807 -0.1846594 -0.788317 2.860201 
-0.4952447 0.5901542 2.723489 -0.4449264 0.3865076 2.770988 -0.3961502 0.1796905 2.807313 -0.6038209 0.3423938 2.733185 -0.6164703 0.04870126 2.780848 -0.5491832 -0.2279403 2.696146 -0.2860319 0.4306214 2.808791 -0.04039891 0.4757893 2.941171 0.06148174 0.7233975 2.933407 -0.4408072 -0.05306642 2.82141 -0.4877824 -0.475368 2.748429 -0.4994722 -0.8167555 2.604115 -0.2539408 -0.001186813 2.865868 -0.2349661 -0.4316931 2.855987 -0.1863119 -0.7885957 2.855121 
-0.496109 0.5929485 2.720845 -0.4463086 0.3891521 2.770522 -0.3979344 0.1824096 2.8079 -0.6058919 0.3454336 2.735241 -0.6165841 0.04799072 2.781182 -0.5461864 -0.2264981 2.691997 -0.2867252 0.4328704 2.805804 -0.03868982 0.5069016 2.909575 0.03209254 0.7693853 2.8972 -0.4434038 -0.05004156 2.82453 -0.4877016 -0.4723656 2.749795 -0.4964053 -0.8117514 2.608008 -0.2557168 0.001375915 2.866025 -0.2337746 -0.4290734 2.856057 -0.1834178 -0.7868355 2.854836 
-0.500356 0.5961685 2.729989 -0.4475787 0.392007 2.774797 -0.3972623 0.1851393 2.808592 -0.6083863 0.3482507 2.746376 -0.6209209 0.05010699 2.789389 -0.5470604 -0.2220379 2.695876 -0.2867711 0.4357632 2.803219 -0.04140094 0.5503663 2.855752 -0.01096194 0.8206553 2.829254 -0.4415784 -0.04747817 2.825661 -0.4849137 -0.4697189 2.749736 -0.4910907 -0.8148303 2.60858 -0.2523133 0.00402153 2.859112 -0.2316917 -0.4265045 2.847648 -0.1794242 -0.7835518 2.849422 
-0.4986078 0.5979133 2.734079 -0.4453319 0.394431 2.776983 -0.3942569 0.1874835 2.809232 -0.607406 0.3512751 2.756732 -0.6197702 0.05546567 2.799264 -0.5502384 -0.2162572 2.7013 -0.2832579 0.4375868 2.797234 -0.04723073 0.5766405 2.814864 -0.04745365 0.8482844 2.769782 -0.438559 -0.04486031 2.829563 -0.4827967 -0.467169 2.754453 -0.4899448 -0.8140385 2.61165 -0.2478047 0.005932358 2.853398 -0.2318242 -0.4248035 2.842268 -0.1762548 -0.7786818 2.852 
-0.5017303 0.6030528 2.746134 -0.4471401 0.3986042 2.782747 -0.3955724 0.1911882 2.810742 -0.6102641 0.3565373 2.771551 -0.6216211 0.05792587 2.807435 -0.5558916 -0.2140864 2.707558 -0.284016 0.4406713 2.793944 -0.05620776 0.5932037 2.770944 -0.07098352 0.8658054 2.714069 -0.4399915 -0.04098139 2.832148 -0.4889132 -0.4631314 2.759206 -0.4929157 -0.8099282 2.609969 -0.2480178 0.008525482 2.845324 -0.2385736 -0.4224443 2.837879 -0.1785194 -0.7832006 2.846305 
-0.4955959 0.6009543 2.750488 -0.4426243 0.3956494 2.786393 -0.3929541 0.187582 2.812912 -0.6068007 0.3573761 2.793605 -0.6205207 0.06117471 2.823035 -0.5555477 -0.2073716 2.713748 -0.2784479 0.4339227 2.779181 -0.07510994 0.6007406 2.685574 -0.1058736 0.8662816 2.597412 -0.4398456 -0.04299614 2.843673 -0.4885812 -0.4632733 2.761096 -0.4921449 -0.8194408 2.607276 -0.2467223 0.002025375 2.835189 -0.234909 -0.428911 2.832864 -0.177337 -0.7961975 2.846927 
-0.4915651 0.6036345 2.767442 -0.4423074 0.396222 2.794396 -0.3955734 0.1868132 2.8139 -0.6064114 0.3611833 2.81141 -0.6212816 0.05873206 2.834157 -0.5574058 -0.2076934 2.719209 -0.2782033 0.4312606 2.777382 -0.08721989 0.5951761 2.64895 -0.1192149 0.8549609 2.543063 -0.4453816 -0.04320871 2.843413 -0.4924275 -0.4632504 2.75835 -0.4960161 -0.8158804 2.604465 -0.2522972 -0.0019823 2.823394 -0.2351447 -0.4326685 2.828906 -0.1828709 -0.7961311 2.848094 
-0.4912353 0.6068105 2.783907 -0.4437731 0.3978461 2.802427 -0.3992427 0.1874905 2.815687 -0.6066128 0.3651765 2.831014 -0.6214854 0.06162817 2.845602 -0.5608812 -0.2036149 2.726222 -0.2809334 0.4305157 2.773839 -0.09577994 0.5873784 2.613609 -0.1314183 0.8368334 2.488042 -0.4505489 -0.04209219 2.845773 -0.4924459 -0.463547 2.76519 -0.4937573 -0.8175947 2.608089 -0.2588758 -0.003637939 2.812124 -0.2349408 -0.433372 2.831922 -0.1839664 -0.7857671 2.847107 
-0.480514 0.6069431 2.792225 -0.439577 0.3972553 2.808775 -0.4001984 0.1857402 2.820173 -0.6009957 0.3693202 2.84806 -0.6200886 0.06660196 2.860463 -0.5616311 -0.195696 2.73386 -0.2781583 0.4251903 2.76949 -0.1159274 0.5591286 2.57303 -0.1372264 0.7841443 2.413263 -0.4557793 -0.04220845 2.854681 -0.4903066 -0.4633822 2.76947 -0.4943953 -0.8178435 2.612169 -0.2658602 -0.009341141 2.80846 -0.2322641 -0.4373557 2.842653 -0.1833815 -0.7878076 2.854452 
-0.4719632 0.6088459 2.79682 -0.4351208 0.3975706 2.812415 -0.3998132 0.1852271 2.822381 -0.5949677 0.3732323 2.860145 -0.6210523 0.07293268 2.87273 -0.5646721 -0.1884282 2.743143 -0.2752738 0.4219089 2.764685 -0.1279828 0.5320234 2.544159 -0.1453805 0.7310601 2.356536 -0.4584354 -0.04141821 2.860396 -0.4862342 -0.460334 2.76322 -0.4921896 -0.8145371 2.610142 -0.2705759 -0.0128147 2.804301 -0.2299602 -0.4398122 2.845012 -0.1803451 -0.7875662 2.854749 
-0.4669353 0.6139876 2.798571 -0.4320039 0.400773 2.815786 -0.3990178 0.1880182 2.826022 -0.5895686 0.3790434 2.871897 -0.6173599 0.07368155 2.877682 -0.5641654 -0.1878675 2.747053 -0.2744394 0.4225027 2.759674 -0.1364765 0.5030116 2.520656 -0.1553114 0.6822485 2.315461 -0.4586467 -0.0375092 2.86924 -0.4826415 -0.4551524 2.765454 -0.4888647 -0.8087171 2.615403 -0.2734167 -0.01196422 2.803276 -0.2267957 -0.4379227 2.849288 -0.1776973 -0.7852344 2.857364 
-0.4612134 0.6151016 2.79892 -0.4282909 0.4011647 2.817996 -0.3976747 0.1880719 2.829025 -0.5846168 0.3818536 2.878839 -0.6118276 0.078138 2.886025 -0.5668021 -0.1848932 2.755483 -0.2719651 0.4204758 2.757153 -0.1482231 0.4780109 2.507867 -0.1594745 0.6251389 2.277843 -0.4588818 -0.03636388 2.875793 -0.4820943 -0.4516179 2.762665 -0.4885666 -0.8131692 2.614257 -0.2752354 -0.01367781 2.804316 -0.227556 -0.4394892 2.851785 -0.1767581 -0.7872645 2.858187 
-0.4539134 0.6091459 2.799557 -0.4235716 0.3962687 2.819384 -0.3940578 0.1830729 2.831726 -0.5795985 0.3782854 2.881856 -0.6046112 0.08017691 2.896574 -0.5662067 -0.1846516 2.767575 -0.2675448 0.414252 2.756913 -0.1546028 0.4390046 2.498424 -0.1642027 0.5365063 2.248842 -0.4562035 -0.04068747 2.880766 -0.4769493 -0.4551026 2.763829 -0.4859177 -0.8194755 2.610755 -0.2728842 -0.01955844 2.807367 -0.222167 -0.4449771 2.855713 -0.1717159 -0.7931701 2.857625 
-0.4488643 0.6077036 2.810402 -0.4207892 0.3946475 2.825345 -0.3929635 0.1810486 2.833026 -0.5752594 0.3769128 2.891755 -0.5954562 0.07967588 2.901807 -0.562757 -0.1834605 2.767913 -0.2663188 0.4123822 2.758935 -0.1653527 0.4059465 2.490737 -0.167723 0.4661632 2.231018 -0.4559506 -0.04297653 2.87975 -0.4798931 -0.4556094 2.757202 -0.487515 -0.8168611 2.604364 -0.274325 -0.02212412 2.801666 -0.2270539 -0.4482369 2.847486 -0.173029 -0.789218 2.847598 
