-0.4046881 0.6102498 2.68361 -0.3940335 0.3985954 2.710142 -0.3768327 0.1846498 2.729311 -0.5428278 0.3796494 2.632198 -0.5985965 0.07889612 2.610832 -0.5278428 -0.2036939 2.518046 -0.2452392 0.4175414 2.788085 -0.08239841 0.3486484 2.985772 0.08070093 0.5351759 3.075632 -0.4468129 -0.04039668 2.702811 -0.478267 -0.4675676 2.656719 -0.5071262 -0.8120985 2.585458 -0.2724511 -0.01819517 2.794148 -0.1782487 -0.4327249 2.719402 -0.07513405 -0.792878 2.731374 
-0.4196768 0.6061654 2.671376 -0.4056378 0.3954735 2.704545 -0.3862312 0.182208 2.728539 -0.5559501 0.3734512 2.630376 -0.61423 0.07041873 2.602869 -0.5385752 -0.2067419 2.50122 -0.2553254 0.4174959 2.778713 -0.08365857 0.3968579 2.981876 0.05545419 0.612806 3.064361 -0.4550843 -0.04398859 2.708983 -0.4793422 -0.4727034 2.674259 -0.5056388 -0.8145924 2.591129 -0.278565 -0.01812659 2.796082 -0.1846389 -0.4327942 2.722914 -0.08226894 -0.7936442 2.737764 
-0.4401999 0.6071618 2.665761 -0.4189121 0.3962438 2.702925 -0.393715 0.1839662 2.72981 -0.5693543 0.3692385 2.630692 -0.6346043 0.06970551 2.611907 -0.5667216 -0.1993032 2.494291 -0.2684698 0.4232491 2.775159 -0.0833204 0.4699287 2.961411 0.01529201 0.712505 3.023433 -0.4569247 -0.04418106 2.714246 -0.4783348 -0.4735857 2.6843 -0.5000972 -0.8132142 2.589741 -0.2801111 -0.01244192 2.799142 -0.196894 -0.4299414 2.730842 -0.09615937 -0.7896546 2.760031 
-0.4527569 0.6092215 2.662949 -0.4275894 0.3983725 2.70289 -0.3991659 0.1867313 2.731864 -0.5790058 0.3685769 2.633786 -0.647784 0.06584488 2.628922 -0.5819747 -0.1937168 2.493135 -0.2761729 0.4281681 2.771994 -0.08414548 0.5219678 2.927175 -0.02391109 0.7831941 2.974667 -0.4597375 -0.04242236 2.720223 -0.4821842 -0.4718575 2.689701 -0.5014548 -0.8172499 2.59124 -0.2817474 -0.007397583 2.801454 -0.2096306 -0.4277184 2.739078 -0.1144488 -0.7916234 2.782329 
-0.4642548 0.6103297 2.670038 -0.4339264 0.3997031 2.707071 -0.4018357 0.1883127 2.734123 -0.5865014 0.3681282 2.641331 -0.6539242 0.06443997 2.641939 -0.5913976 -0.1910548 2.500984 -0.2813513 0.4312781 2.772811 -0.08308418 0.5679513 2.89904 -0.05538875 0.8392711 2.926981 -0.4594404 -0.04163982 2.722529 -0.4781136 -0.4713338 2.692454 -0.4980238 -0.8172193 2.586475 -0.2800498 -0.004515488 2.799823 -0.2166125 -0.4277915 2.750692 -0.1282416 -0.7949498 2.797401 
-0.4649205 0.6028683 2.675076 -0.4325499 0.3940838 2.710345 -0.3991932 0.1827626 2.736751 -0.5889446 0.3625154 2.65527 -0.6589881 0.05723892 2.662425 -0.6012807 -0.2026131 2.527614 -0.2761552 0.4256523 2.765419 -0.0890606 0.6159391 2.835982 -0.08118269 0.8930192 2.841734 -0.4579731 -0.04715652 2.73071 -0.4743278 -0.4765526 2.695443 -0.4971731 -0.8249941 2.59131 -0.2736999 -0.009960755 2.795602 -0.2249511 -0.4364971 2.775332 -0.1375961 -0.8018695 2.814322 
-0.4672687 0.6041107 2.68659 -0.4328824 0.3953786 2.71566 -0.3981641 0.1837482 2.737083 -0.5932496 0.3648844 2.67431 -0.6572279 0.05174875 2.682131 -0.6032816 -0.2083846 2.54875 -0.2725152 0.4258727 2.75701 -0.08871946 0.6417629 2.780981 -0.1022665 0.9209164 2.763702 -0.4579656 -0.04585524 2.734134 -0.4744351 -0.4742455 2.688993 -0.499474 -0.816449 2.587963 -0.2689259 -0.009908951 2.782877 -0.2304234 -0.4378455 2.787156 -0.1499933 -0.7966312 2.817155 
-0.4675448 0.6085475 2.703561 -0.434689 0.3989545 2.723605 -0.402192 0.1864441 2.737495 -0.5987306 0.3724871 2.702456 -0.6571037 0.04564081 2.703119 -0.5980856 -0.2149353 2.572974 -0.2706475 0.4254219 2.744753 -0.09227645 0.6570053 2.726278 -0.1256961 0.9356348 2.687774 -0.4666729 -0.04171335 2.738883 -0.4818884 -0.4695257 2.687874 -0.5048807 -0.8111197 2.591017 -0.272717 -0.01041937 2.763888 -0.2447468 -0.4386999 2.788028 -0.1628191 -0.8008881 2.818543 
-0.4588839 0.6119975 2.716462 -0.4306065 0.400816 2.733153 -0.4042738 0.1872314 2.745202 -0.5972206 0.3806205 2.739289 -0.6420564 0.07701337 2.748339 -0.59227 -0.1936257 2.636854 -0.2639923 0.4210115 2.727016 -0.1095969 0.648267 2.633853 -0.1363036 0.91372 2.533185 -0.4757696 -0.03821106 2.760855 -0.4762743 -0.4654936 2.703805 -0.4976356 -0.8074374 2.601169 -0.2801127 -0.0144953 2.753649 -0.2449577 -0.4385076 2.817297 -0.1620275 -0.8021525 2.837982 
-0.4481165 0.6093295 2.717387 -0.4238537 0.3978999 2.735135 -0.4001398 0.1841559 2.749703 -0.5905915 0.3804293 2.75022 -0.6337 0.07976416 2.758234 -0.5863178 -0.1964834 2.661023 -0.2571159 0.4153704 2.72005 -0.1199392 0.6311154 2.589211 -0.1355181 0.8885704 2.465559 -0.4742545 -0.0398385 2.773122 -0.4690245 -0.4650931 2.703615 -0.4926837 -0.8078299 2.604631 -0.2785974 -0.01933783 2.755421 -0.2342134 -0.4423852 2.822357 -0.1613772 -0.8004595 2.849694 
-0.4453251 0.6155494 2.727337 -0.4224199 0.4036883 2.741949 -0.4003502 0.189591 2.753775 -0.5882452 0.3879868 2.767152 -0.6186548 0.08472287 2.771031 -0.5773366 -0.1941566 2.678117 -0.2565946 0.4193898 2.716745 -0.1285376 0.6084867 2.544694 -0.1365647 0.8519384 2.397488 -0.4757168 -0.03373228 2.78041 -0.4735169 -0.458791 2.708744 -0.4964817 -0.7980298 2.602875 -0.280844 -0.01528038 2.750792 -0.2341934 -0.4376924 2.821912 -0.1674109 -0.7892452 2.84179 
-0.4336143 0.6114861 2.732816 -0.4160072 0.3993063 2.745807 -0.3981801 0.1848068 2.757267 -0.581336 0.3872373 2.777094 -0.610853 0.09359817 2.784681 -0.5654669 -0.1858341 2.694903 -0.2506785 0.4113753 2.71452 -0.1402685 0.5597392 2.491946 -0.138063 0.7752456 2.311676 -0.4774416 -0.03678021 2.787099 -0.4753224 -0.4622693 2.717548 -0.4941939 -0.8085756 2.603906 -0.2832642 -0.02260532 2.750353 -0.231592 -0.4443613 2.822723 -0.1688794 -0.7990032 2.84774 
-0.4245675 0.6121942 2.73805 -0.410777 0.4000659 2.751805 -0.3958794 0.1852915 2.762544 -0.5755368 0.3904282 2.787616 -0.606874 0.09472687 2.79129 -0.5569538 -0.1839148 2.701185 -0.2460172 0.4097035 2.715993 -0.1401388 0.5188593 2.467525 -0.138559 0.7015314 2.259506 -0.4777629 -0.03514398 2.794319 -0.4734141 -0.4596334 2.719008 -0.4919593 -0.808121 2.605218 -0.2842009 -0.02382159 2.752247 -0.2248202 -0.4429849 2.832949 -0.1697538 -0.7880709 2.852435 
-0.4212368 0.6147488 2.747623 -0.4085339 0.4025859 2.757849 -0.3951064 0.1875862 2.765681 -0.5729297 0.3937145 2.796159 -0.6060005 0.09658069 2.803201 -0.5524631 -0.1784847 2.70483 -0.2441382 0.4114574 2.719539 -0.1375872 0.4849092 2.457282 -0.1378966 0.6272902 2.225355 -0.4782663 -0.03262576 2.796021 -0.4709584 -0.4575529 2.7233 -0.4922764 -0.8038535 2.599643 -0.2850915 -0.02220129 2.751004 -0.2215949 -0.4407132 2.832527 -0.1723297 -0.7823167 2.851503 
-0.4089571 0.6353062 2.742491 -0.4010239 0.4219193 2.761027 -0.3934476 0.2069256 2.77313 -0.5646238 0.4185309 2.803244 -0.6029071 0.09488218 2.807165 -0.5489146 -0.1797812 2.70758 -0.2374239 0.4253076 2.718809 -0.1437466 0.4359876 2.446179 -0.1333033 0.5268182 2.198928 -0.4821331 -0.0100618 2.810075 -0.4727547 -0.436324 2.744109 -0.4941574 -0.7863851 2.615325 -0.2896097 -0.006074402 2.760393 -0.2232411 -0.4240218 2.842858 -0.1782502 -0.7673528 2.864756 
-0.4055269 0.6265885 2.750353 -0.3975464 0.4139386 2.765375 -0.390038 0.198741 2.774426 -0.5611244 0.4100278 2.808088 -0.5990117 0.1113388 2.814154 -0.5511618 -0.1649257 2.715896 -0.2339683 0.4178493 2.722662 -0.1458787 0.3994915 2.449596 -0.1306745 0.4488939 2.189787 -0.4786772 -0.01875519 2.808582 -0.4668804 -0.4442279 2.738852 -0.4888393 -0.8186937 2.599617 -0.2863822 -0.01415787 2.75837 -0.2154208 -0.433084 2.83095 -0.1701021 -0.7918116 2.853545 
