-0.4456241 0.6106675 2.761901 -0.4139532 0.4007751 2.779835 -0.3807196 0.1882597 2.792707 -0.5737913 0.3728746 2.731881 -0.5738041 0.09091657 2.731897 -0.5732481 -0.191032 2.729655 -0.254115 0.4286756 2.827789 -0.03517586 0.4707168 2.959653 0.06812044 0.7152099 2.94772 -0.4418414 -0.04072594 2.777272 -0.4757641 -0.4671987 2.830345 -0.5137004 -0.8606688 2.513665 -0.2531308 -0.007785629 2.833889 -0.2362007 -0.4341793 2.842951 -0.1794129 -0.7799681 2.851373 
-0.4414926 0.6094422 2.774636 -0.4083802 0.4012446 2.789724 -0.3756797 0.1883976 2.799668 -0.5689288 0.3744234 2.743584 -0.5689369 0.09246533 2.743595 -0.5684896 -0.1894864 2.741778 -0.2478316 0.4280657 2.835864 -0.02354478 0.5539261 2.907675 0.006398247 0.8253981 2.883509 -0.4382056 -0.04035787 2.782244 -0.4739797 -0.4660853 2.840361 -0.5184548 -0.8613304 2.528542 -0.2477528 -0.008540909 2.836978 -0.2334191 -0.4319792 2.821429 -0.1842826 -0.7698853 2.867034 
-0.439366 0.6071133 2.77691 -0.4050048 0.3986192 2.791822 -0.3713578 0.1858723 2.801105 -0.5663172 0.371231 2.748833 -0.5663238 0.08927289 2.748841 -0.5659224 -0.1926801 2.747206 -0.2436925 0.4260074 2.834812 -0.02527802 0.5864558 2.881323 -0.01990982 0.8643848 2.842431 -0.4329753 -0.04304886 2.785001 -0.4722916 -0.4685137 2.842892 -0.5111338 -0.8653809 2.522691 -0.2424461 -0.0107001 2.835777 -0.2246396 -0.437241 2.84311 -0.1812183 -0.7845988 2.862916 
-0.4336969 0.6123821 2.788491 -0.4024485 0.40332 2.798983 -0.3727931 0.1899266 2.806123 -0.5674318 0.3795025 2.772395 -0.5674359 0.09754443 2.7724 -0.5671125 -0.1844103 2.771075 -0.2374651 0.4271375 2.825571 -0.03813969 0.6288164 2.814214 -0.0606069 0.9135338 2.768106 -0.4437757 -0.03799527 2.797046 -0.4684006 -0.5290098 2.784015 -0.5088072 -0.8809663 2.544116 -0.2424997 -0.008938446 2.829483 -0.2259267 -0.4383344 2.847851 -0.1863556 -0.7896009 2.85442 
-0.4296392 0.6076671 2.794347 -0.3991089 0.3983845 2.801585 -0.3694944 0.1849011 2.8056 -0.5654199 0.3750334 2.786672 -0.565423 0.09307532 2.786677 -0.5651327 -0.18888 2.785484 -0.2327978 0.4217356 2.816498 -0.04516717 0.6393092 2.775629 -0.07189539 0.9240473 2.718057 -0.4396116 -0.04258531 2.800672 -0.4712083 -0.5021368 2.811563 -0.495499 -0.8642156 2.571234 -0.2401483 -0.01457939 2.818558 -0.2140945 -0.4437003 2.841777 -0.1767459 -0.7897089 2.847413 
-0.4266219 0.6118392 2.796896 -0.3998123 0.4016798 2.803766 -0.3738828 0.1877096 2.806781 -0.5670553 0.3813598 2.800001 -0.5670578 0.09940173 2.800004 -0.5667971 -0.1825542 2.798931 -0.2325693 0.4219998 2.807532 -0.05811186 0.6461384 2.741464 -0.09053756 0.9259902 2.668327 -0.4472975 -0.03833099 2.807559 -0.4838726 -0.4820683 2.829696 -0.512038 -0.8600037 2.550793 -0.2486089 -0.01419031 2.812033 -0.2222843 -0.4427233 2.846637 -0.1882735 -0.787168 2.850029 
-0.4255143 0.6133158 2.816183 -0.4024896 0.4039949 2.814701 -0.3800944 0.1896308 2.811453 -0.5692639 0.3863111 2.831896 -0.5692653 0.1043531 2.831898 -0.5690545 -0.1776036 2.831028 -0.2357153 0.4216788 2.797507 -0.07364333 0.6406664 2.681227 -0.1072362 0.8973724 2.557603 -0.4559233 -0.03514845 2.818331 -0.473644 -0.4685028 2.84762 -0.5100107 -0.8687093 2.526967 -0.2594754 -0.01431822 2.798077 -0.2187052 -0.4408024 2.84437 -0.1771089 -0.787328 2.850402 
-0.4232799 0.6110269 2.821199 -0.4002228 0.4006445 2.817477 -0.3782319 0.1862465 2.812594 -0.5661096 0.3830549 2.842709 -0.5661107 0.1010968 2.84271 -0.5659212 -0.1808601 2.841928 -0.234336 0.4182342 2.792245 -0.08285417 0.6287976 2.648637 -0.1160838 0.8783378 2.507362 -0.4538456 -0.0385009 2.822557 -0.4697253 -0.4706536 2.840495 -0.5096222 -0.8671635 2.526998 -0.2586363 -0.01780202 2.792866 -0.215658 -0.443872 2.842159 -0.1724554 -0.7911181 2.853997 
-0.4222342 0.6094298 2.831758 -0.4005253 0.3994434 2.82343 -0.3793231 0.1850691 2.815361 -0.5648451 0.3819089 2.857514 -0.5648459 0.09995081 2.857515 -0.5646755 -0.1820063 2.856811 -0.2362054 0.4169779 2.789346 -0.09400079 0.6108214 2.616352 -0.1263598 0.8477997 2.456669 -0.4548038 -0.03962215 2.827347 -0.4732095 -0.4710593 2.836271 -0.5117514 -0.8660016 2.522657 -0.2614379 -0.01898818 2.787238 -0.2207333 -0.4443378 2.844182 -0.1749285 -0.7880193 2.850472 
-0.4207879 0.6101307 2.850661 -0.401294 0.3994673 2.833979 -0.3822548 0.1854105 2.817803 -0.5616062 0.3814495 2.883721 -0.5616067 0.09949142 2.883722 -0.5614687 -0.182466 2.883152 -0.2409819 0.4174851 2.784237 -0.108648 0.5683118 2.554612 -0.1402048 0.7671486 2.358869 -0.4574691 -0.03923964 2.830873 -0.4689207 -0.4704163 2.835703 -0.5117362 -0.8630037 2.519335 -0.268962 -0.01805293 2.772382 -0.2185718 -0.4407534 2.84027 -0.1751558 -0.779332 2.847197 
-0.4144459 0.6061819 2.847983 -0.398872 0.3942691 2.834125 -0.3838437 0.1797495 2.81986 -0.5569124 0.3793801 2.891531 -0.5569127 0.09742203 2.891532 -0.5567887 -0.1845355 2.891018 -0.2408316 0.4091581 2.77672 -0.1222783 0.5411675 2.531402 -0.1490509 0.7152827 2.319587 -0.4617681 -0.04352717 2.839358 -0.4724362 -0.4745926 2.835855 -0.5175752 -0.8670409 2.531802 -0.2758626 -0.02601305 2.771831 -0.2251567 -0.4480248 2.843994 -0.1781283 -0.7913822 2.856426 
-0.4089847 0.6076149 2.845628 -0.3962465 0.3947007 2.834793 -0.384374 0.1798408 2.822576 -0.5526184 0.382497 2.897456 -0.5526186 0.100539 2.897456 -0.5525072 -0.1814186 2.896994 -0.2398744 0.4069044 2.772131 -0.1296063 0.5185953 2.51825 -0.1579343 0.6593243 2.287757 -0.4644064 -0.04219153 2.847187 -0.4714732 -0.4729981 2.833436 -0.5163482 -0.86255 2.534901 -0.2805968 -0.02784653 2.773529 -0.2212467 -0.447878 2.850137 -0.1768705 -0.7880337 2.859588 
-0.4079793 0.6097323 2.856398 -0.3948681 0.3978797 2.840413 -0.382558 0.1833796 2.823462 -0.549415 0.3837254 2.90729 -0.5494151 0.1017673 2.907291 -0.5493149 -0.1801903 2.906874 -0.2403212 0.4120339 2.773536 -0.1338727 0.4872478 2.509103 -0.1606386 0.5971522 2.260154 -0.4610846 -0.03943979 2.845819 -0.4643287 -0.4694655 2.818281 -0.5135081 -0.8621932 2.524597 -0.2794112 -0.02280112 2.767204 -0.2152236 -0.4436895 2.834342 -0.1704775 -0.7795525 2.850093 
-0.4074386 0.6104881 2.871862 -0.3955986 0.399157 2.84845 -0.3845175 0.1850751 2.826372 -0.5487862 0.3840166 2.918376 -0.5487862 0.1020586 2.918377 -0.5486963 -0.1798991 2.918002 -0.2424111 0.4142975 2.778524 -0.1539892 0.4405793 2.496554 -0.1583159 0.4890247 2.235994 -0.4634767 -0.03790607 2.845395 -0.4711155 -0.4682615 2.822614 -0.5182189 -0.8654052 2.521562 -0.2833962 -0.02010764 2.763193 -0.2211283 -0.4408115 2.833779 -0.1762735 -0.7821294 2.855201 
-0.4065062 0.6099638 2.868467 -0.3963555 0.3974473 2.849724 -0.3867669 0.1830372 2.82985 -0.5496967 0.3840909 2.919839 -0.5496966 0.1021329 2.919839 -0.5496157 -0.179825 2.919502 -0.2430143 0.4108037 2.779609 -0.16149 0.3967831 2.49026 -0.1559219 0.4046081 2.221905 -0.4673163 -0.03922414 2.851192 -0.470902 -0.4699979 2.836963 -0.5196812 -0.8687571 2.521772 -0.2870401 -0.02352162 2.768761 -0.2208534 -0.4435627 2.839993 -0.1772588 -0.784346 2.863661 
