-0.3169219 0.7777445 2.804334 -0.3248848 0.5264412 2.864024 -0.3072743 0.289158 2.875192 -0.4821621 0.5134903 2.836869 -0.5354654 0.2334903 2.887227 -0.4056343 0.004371933 2.74017 -0.1676074 0.539392 2.89118 -0.05372651 0.4324354 3.095042 0.1088189 0.7092991 3.161808 -0.3805555 0.04439052 2.870667 -0.3940784 -0.407122 2.835791 -0.4011492 -0.8455058 2.764397 -0.198772 0.05935927 2.902054 -0.1959307 -0.3790752 2.951356 -0.2247327 -0.7851777 3.068414 
-0.3177248 0.7778293 2.804061 -0.3235683 0.528505 2.869426 -0.3068894 0.2896875 2.877702 -0.4849509 0.5160967 2.836605 -0.5364979 0.2371293 2.888861 -0.4083071 0.006296921 2.739285 -0.1621857 0.5409132 2.902247 -0.03405507 0.4497539 3.092553 0.06565972 0.7615415 3.134208 -0.3809257 0.04389522 2.867528 -0.3936077 -0.4037359 2.833158 -0.4013741 -0.844265 2.761909 -0.1994951 0.05784493 2.904426 -0.1959668 -0.381214 2.954688 -0.2241733 -0.7872089 3.072647 
-0.3183707 0.7781528 2.802552 -0.324807 0.5446999 2.869193 -0.307198 0.2987194 2.877101 -0.4898968 0.531789 2.835205 -0.5399635 0.254471 2.886461 -0.4237492 0.02339348 2.742439 -0.1597173 0.5576108 2.903182 -0.01988991 0.4845756 3.056642 0.05799595 0.7879235 3.109 -0.3815055 0.04555052 2.866085 -0.3935518 -0.400366 2.831325 -0.4020367 -0.8415293 2.760214 -0.1976727 0.05992723 2.903932 -0.1954156 -0.3843426 2.956221 -0.2207559 -0.7911621 3.067055 
-0.3217544 0.7802023 2.800694 -0.3238179 0.5495436 2.867566 -0.3068489 0.3006218 2.876375 -0.4913849 0.536973 2.835137 -0.542583 0.2582235 2.887206 -0.4508471 0.01667491 2.743842 -0.156251 0.5621142 2.899994 0.01748642 0.5722464 3.028326 0.04352791 0.8804771 3.054877 -0.3828846 0.04472287 2.867185 -0.3933406 -0.4005826 2.833649 -0.4031102 -0.8415619 2.761604 -0.1968753 0.05867703 2.903183 -0.1952338 -0.3850412 2.955813 -0.2167195 -0.793098 3.063209 
-0.3212534 0.7821323 2.800639 -0.3236895 0.553054 2.864982 -0.3071516 0.3040228 2.873944 -0.4945099 0.5406117 2.834464 -0.547514 0.2636893 2.88602 -0.475323 0.02929811 2.760464 -0.152869 0.5654963 2.8955 0.04132129 0.5866335 2.990305 0.0424311 0.926429 2.95953 -0.3845668 0.04814827 2.866121 -0.3943015 -0.398745 2.833606 -0.4044028 -0.8407202 2.762057 -0.1966606 0.06183504 2.899691 -0.1946369 -0.3873818 2.95652 -0.2171015 -0.7955077 3.067605 
-0.3217816 0.7834165 2.800914 -0.3261907 0.5482439 2.864335 -0.3089796 0.3027253 2.873985 -0.495335 0.535185 2.833763 -0.557216 0.2645901 2.891831 -0.4661498 0.03943298 2.758268 -0.1570465 0.5613027 2.894906 0.05933656 0.6786453 2.923344 0.03537608 0.9665243 2.935685 -0.3852666 0.04998816 2.866736 -0.393447 -0.3955558 2.834934 -0.4015163 -0.8373752 2.770691 -0.1982703 0.06442529 2.900534 -0.1947003 -0.3860882 2.956677 -0.2168135 -0.7984034 3.065097 
-0.3252603 0.7860786 2.802289 -0.3276601 0.5564076 2.860075 -0.3111686 0.3081567 2.872803 -0.5015612 0.5433701 2.831109 -0.5572999 0.3010356 2.905236 -0.4882362 0.05048694 2.754915 -0.153759 0.5694451 2.889041 0.0545367 0.700256 2.892599 0.02154406 1.032012 2.849042 -0.3881802 0.05289589 2.869956 -0.3942936 -0.3936616 2.836065 -0.4017302 -0.8395294 2.774524 -0.2011738 0.06691585 2.901104 -0.1949805 -0.3829536 2.954688 -0.2172677 -0.7971351 3.052863 
-0.3284418 0.7924905 2.80301 -0.3229691 0.5768497 2.85621 -0.3113689 0.3254465 2.871104 -0.503049 0.5672202 2.833926 -0.5532273 0.327009 2.909331 -0.5035462 0.07386684 2.761272 -0.1428891 0.5864791 2.878494 0.05430113 0.7216034 2.835704 0.009920109 1.012147 2.755185 -0.3940423 0.06900223 2.874333 -0.3998658 -0.3820371 2.826284 -0.4009763 -0.845955 2.782099 -0.2054951 0.07908444 2.897665 -0.197546 -0.3696948 2.953207 -0.2103281 -0.7861152 3.021474 
-0.3305798 0.7950504 2.804341 -0.3240044 0.5787825 2.854076 -0.3119558 0.3281111 2.869841 -0.5026654 0.5689746 2.834672 -0.5563681 0.3205359 2.909904 -0.5129469 0.06914596 2.763798 -0.1453435 0.5885903 2.87348 0.04126436 0.7309587 2.806131 0.0006437263 1.007177 2.695007 -0.3932139 0.07231759 2.875473 -0.3974505 -0.3879786 2.831878 -0.4016192 -0.8454823 2.782 -0.2066003 0.08256198 2.895741 -0.1976283 -0.3675098 2.951661 -0.2138372 -0.7861266 3.030951 
-0.3308553 0.7964953 2.810865 -0.3238836 0.5768276 2.855157 -0.3113783 0.3243504 2.870764 -0.5004888 0.5669404 2.836717 -0.557235 0.3141851 2.918124 -0.5180002 0.06601466 2.780249 -0.1472784 0.5867149 2.873597 0.01605112 0.7119909 2.765402 -0.01080064 0.9788123 2.602273 -0.3925508 0.06662858 2.876589 -0.397479 -0.389732 2.834216 -0.4022536 -0.8418806 2.78069 -0.2051952 0.07711766 2.896152 -0.1977306 -0.3703478 2.951566 -0.2156044 -0.7890084 3.03586 
-0.3162416 0.7937324 2.821325 -0.3236817 0.5781417 2.852694 -0.3116778 0.3244426 2.869353 -0.4956505 0.5693038 2.842016 -0.556938 0.3162291 2.916898 -0.518262 0.05242761 2.765231 -0.1517128 0.5869796 2.863373 0.01204393 0.730714 2.743136 -0.0171406 0.9653855 2.549224 -0.3934062 0.06592644 2.880191 -0.3979139 -0.3886321 2.83767 -0.4033034 -0.837956 2.78219 -0.2059418 0.07556071 2.891831 -0.1969981 -0.3722527 2.950185 -0.2148069 -0.7879851 3.038244 
-0.3210255 0.7958049 2.81646 -0.3213166 0.5695704 2.850192 -0.3108431 0.3202402 2.868065 -0.4918894 0.5620764 2.845603 -0.5592605 0.3043864 2.928271 -0.5187826 0.04188156 2.771467 -0.1507437 0.5770645 2.85478 -0.02256574 0.7259113 2.688607 -0.02879235 0.923934 2.459623 -0.3945543 0.06677197 2.883404 -0.4002602 -0.3837227 2.840353 -0.4042892 -0.8347141 2.784218 -0.206185 0.07504791 2.888471 -0.196107 -0.3734495 2.948961 -0.2177859 -0.7908484 3.028598 
-0.3225767 0.7959061 2.814629 -0.3201199 0.5760251 2.859605 -0.3103962 0.3239751 2.872893 -0.4898218 0.5694625 2.859306 -0.5572454 0.3067694 2.935794 -0.5208015 0.048181 2.776176 -0.150418 0.5825878 2.859903 -0.02882407 0.674492 2.668857 -0.03861589 0.8232576 2.390175 -0.3947044 0.06828868 2.886015 -0.4009823 -0.3771436 2.84205 -0.4101411 -0.8185238 2.778095 -0.2066405 0.07556139 2.886346 -0.1968127 -0.3736165 2.946942 -0.2159711 -0.792508 3.024102 
-0.3231285 0.7953506 2.813941 -0.3185817 0.5739041 2.857016 -0.3096159 0.3229578 2.871215 -0.4875692 0.56815 2.862026 -0.5534886 0.3052692 2.938004 -0.5274863 0.03974909 2.78964 -0.1495942 0.5796583 2.852006 -0.03819667 0.6421657 2.636175 -0.04874507 0.783485 2.366862 -0.3948436 0.06880421 2.888206 -0.4003824 -0.3794157 2.845193 -0.410303 -0.8174297 2.779978 -0.2064564 0.07521895 2.882621 -0.1969597 -0.3746817 2.943917 -0.2138364 -0.7968635 3.021397 
-0.3238067 0.7976605 2.81896 -0.3158478 0.5715428 2.852448 -0.3082101 0.3215349 2.868675 -0.4883267 0.5672271 2.867139 -0.5519682 0.3034322 2.94426 -0.5294032 0.03917676 2.803628 -0.1433689 0.5758585 2.837758 -0.03975568 0.6160318 2.606811 -0.04059465 0.7619672 2.451775 -0.3947855 0.06916965 2.892926 -0.3998137 -0.3804303 2.850528 -0.4104904 -0.8167669 2.783979 -0.2063595 0.07388443 2.876877 -0.1974344 -0.375824 2.938356 -0.2135408 -0.8010501 3.011441 
-0.3245514 0.7979985 2.821307 -0.3171192 0.5674461 2.851419 -0.3088596 0.3191192 2.868511 -0.4896847 0.5626428 2.865024 -0.5460125 0.3034823 2.953251 -0.5342364 0.04041574 2.802294 -0.1445536 0.5722493 2.837814 -0.05006631 0.571976 2.58469 -0.06395236 0.6159714 2.318983 -0.3950795 0.06816257 2.893053 -0.400174 -0.381028 2.849481 -0.423548 -0.7897397 2.77478 -0.2061205 0.07342215 2.878155 -0.19729 -0.3750747 2.939425 -0.2211891 -0.7974644 3.033278 
-0.3242367 0.7971126 2.827392 -0.3163524 0.5566958 2.855196 -0.3089017 0.3136001 2.870188 -0.4880643 0.5525026 2.872542 -0.5444702 0.298121 2.957807 -0.5353268 0.0375964 2.810085 -0.1446405 0.5608888 2.83785 -0.07197245 0.4601881 2.602744 -0.07463335 0.516079 2.290775 -0.3954082 0.06821013 2.894672 -0.3997002 -0.3840878 2.850899 -0.4176373 -0.8064644 2.777029 -0.2074937 0.07279887 2.875688 -0.2023634 -0.3942523 2.942467 -0.2190832 -0.8268093 3.034608 
-0.3311645 0.7941409 2.839849 -0.322853 0.5429032 2.860324 -0.3132408 0.3033361 2.874002 -0.4893278 0.5374665 2.882091 -0.5443932 0.2856607 2.960943 -0.5405331 0.02818216 2.810611 -0.1563782 0.54834 2.838556 -0.1193622 0.4103749 2.679943 -0.08052791 0.4110849 2.307577 -0.3977498 0.0606952 2.899987 -0.3985395 -0.3915237 2.854838 -0.4102769 -0.8063003 2.771992 -0.2095074 0.06684279 2.875373 -0.2000184 -0.3708521 2.936411 -0.2222713 -0.8070778 3.031221 
-0.3314601 0.7940628 2.842707 -0.326142 0.5436988 2.857156 -0.3154729 0.3056604 2.873026 -0.4906964 0.5380251 2.882679 -0.5439933 0.2812446 2.96625 -0.5373056 0.0306053 2.806355 -0.1615875 0.5493724 2.831632 -0.1115883 0.4022984 2.668288 -0.09761943 0.35042 2.327199 -0.3999202 0.06434256 2.903651 -0.398255 -0.3877188 2.854054 -0.4090674 -0.8142453 2.778636 -0.2096876 0.07090158 2.874144 -0.200057 -0.3716576 2.935205 -0.212965 -0.8031226 2.999469 
-0.3313346 0.7946964 2.840593 -0.3257742 0.54465 2.857413 -0.3156928 0.3069472 2.873359 -0.4910547 0.539447 2.884348 -0.5452667 0.2824234 2.969528 -0.5418441 0.04160936 2.801942 -0.1604938 0.549853 2.830478 -0.1092105 0.396579 2.670557 -0.1044028 0.3221715 2.331169 -0.4006171 0.06625371 2.904788 -0.3985055 -0.385557 2.854729 -0.4080955 -0.8141405 2.781156 -0.2106057 0.07223521 2.873822 -0.2002991 -0.3712445 2.935438 -0.2048322 -0.7804064 3.01111 
