-0.3299612 0.6304554 2.797406 -0.2968276 0.4192834 2.802245 -0.2620077 0.2065477 2.799288 -0.4570174 0.3937217 2.754954 -0.5108238 0.07660556 2.737316 -0.5010078 -0.2034729 2.610764 -0.1366379 0.444845 2.849537 0.04879272 0.3588862 3.019063 0.2149151 0.5535631 3.140265 -0.3213696 -0.02121668 2.768525 -0.3311865 -0.4510427 2.801175 -0.3123413 -0.799623 2.730496 -0.1330062 0.008840698 2.824134 -0.07072536 -0.4175049 2.815061 0.007470077 -0.8048255 2.710725 
-0.3307058 0.6309301 2.798319 -0.2963401 0.4198974 2.802987 -0.2610942 0.2072227 2.799727 -0.4567148 0.3940388 2.756029 -0.5109401 0.07828284 2.732697 -0.5058949 -0.194271 2.590516 -0.1359654 0.445756 2.849945 0.05287517 0.394954 3.017027 0.1876917 0.6116459 3.124027 -0.3200865 -0.02064678 2.768875 -0.3316077 -0.4506864 2.798108 -0.3133978 -0.802102 2.731184 -0.13161 0.009742904 2.824061 -0.06924547 -0.4165199 2.809156 0.007560921 -0.8010126 2.711391 
-0.3307047 0.6321095 2.798755 -0.296056 0.4211913 2.803833 -0.2606148 0.2085373 2.800904 -0.4578703 0.3947909 2.76261 -0.5099633 0.07363867 2.728845 -0.5016156 -0.1921413 2.573912 -0.1342417 0.4475916 2.845055 0.06794196 0.4469813 3.013009 0.1730381 0.6783996 3.119715 -0.3203522 -0.01964536 2.773728 -0.3327568 -0.4493193 2.807561 -0.3145218 -0.8028292 2.734784 -0.1299947 0.01141187 2.822222 -0.07161978 -0.4156035 2.812753 0.01316272 -0.8097849 2.698845 
-0.325766 0.6283339 2.801974 -0.2908402 0.4173242 2.805223 -0.2549374 0.2047782 2.800701 -0.4534323 0.3906703 2.767123 -0.5109997 0.08282861 2.730924 -0.4982355 -0.1730408 2.562969 -0.1282482 0.4439782 2.843324 0.08345775 0.5119758 2.992999 0.1508143 0.7620686 3.102762 -0.3146176 -0.0234368 2.773781 -0.3276336 -0.4530372 2.808586 -0.3074566 -0.809219 2.726506 -0.1234515 0.007901306 2.818577 -0.06573619 -0.4192822 2.809532 0.01936903 -0.8172267 2.696218 
-0.3227731 0.6302369 2.813587 -0.2884678 0.4194837 2.810412 -0.2533969 0.2070097 2.801029 -0.4511936 0.3943364 2.771643 -0.5099839 0.08841086 2.73095 -0.4962157 -0.1611651 2.55963 -0.1257419 0.444631 2.84918 0.09023532 0.5504942 2.97002 0.1169963 0.8176593 3.047901 -0.3139901 -0.02024793 2.768855 -0.3313612 -0.4489181 2.811387 -0.3139121 -0.8030083 2.719816 -0.1226622 0.009319489 2.814438 -0.07216722 -0.4187967 2.810877 0.01667767 -0.813951 2.689782 
-0.3173235 0.6301941 2.817896 -0.2845472 0.4194211 2.81294 -0.2519104 0.206621 2.80203 -0.4476232 0.3963946 2.774241 -0.5054829 0.08871432 2.735976 -0.4909284 -0.1558113 2.559929 -0.1214711 0.4424477 2.851639 0.09312668 0.5897399 2.94602 0.09009287 0.8664259 2.996549 -0.3151607 -0.01971846 2.768366 -0.331883 -0.4477073 2.817512 -0.317436 -0.8075715 2.724371 -0.1233866 0.007360275 2.813875 -0.07346193 -0.4208688 2.815503 0.0161928 -0.8176442 2.6904 
-0.3017316 0.6175539 2.806156 -0.2718257 0.4075569 2.808505 -0.2427782 0.1940138 2.803757 -0.4369034 0.385752 2.779276 -0.4933001 0.07163214 2.745789 -0.4826035 -0.169465 2.574434 -0.106748 0.4293618 2.837734 0.0873413 0.6384972 2.878278 0.06345657 0.9242098 2.915296 -0.3108754 -0.03236098 2.781808 -0.3257046 -0.4607144 2.828474 -0.313997 -0.8117837 2.731084 -0.116586 -0.006697556 2.81621 -0.06289085 -0.434051 2.800259 0.01296499 -0.8098052 2.705548 
-0.2933363 0.6160623 2.803235 -0.2655483 0.4053776 2.807281 -0.2391537 0.1914589 2.803945 -0.431891 0.3851916 2.785591 -0.4871135 0.06178683 2.757459 -0.4760446 -0.1799513 2.588898 -0.09920555 0.4255635 2.828971 0.08220069 0.6587831 2.838692 0.04993991 0.9467539 2.874927 -0.3106339 -0.03433708 2.787846 -0.3230485 -0.46317 2.830864 -0.3143039 -0.8064123 2.728477 -0.1148843 -0.01058257 2.813371 -0.06051655 -0.4380206 2.799186 0.01094395 -0.8125632 2.700378 
-0.2867307 0.6193346 2.801283 -0.2605885 0.4081641 2.806873 -0.2359643 0.1940084 2.804335 -0.4278687 0.3890369 2.797843 -0.4845205 0.0588674 2.77479 -0.4671013 -0.1910568 2.613959 -0.09330837 0.4272913 2.815904 0.07862864 0.670923 2.805918 0.0434893 0.9615843 2.828249 -0.3099138 -0.03141849 2.796476 -0.3226573 -0.4601116 2.841063 -0.313105 -0.8038232 2.731293 -0.1127662 -0.008876191 2.807119 -0.05367946 -0.4357852 2.795331 0.009224957 -0.8046146 2.696296 
-0.2801852 0.620713 2.80127 -0.2564555 0.409111 2.8066 -0.2335218 0.1947549 2.804374 -0.4242759 0.391185 2.803834 -0.4757524 0.06042673 2.790919 -0.4645537 -0.1975594 2.637534 -0.08863513 0.4270371 2.809366 0.07132042 0.6729686 2.768998 0.03926296 0.9649957 2.771797 -0.3091675 -0.03013127 2.800523 -0.3185141 -0.4593613 2.840311 -0.3128718 -0.8071231 2.726302 -0.1120086 -0.009071396 2.803773 -0.05614586 -0.4363218 2.807281 0.01545202 -0.8208216 2.684873 
-0.2685583 0.6221977 2.801899 -0.2507397 0.4103025 2.807069 -0.2324776 0.1955421 2.804474 -0.4184352 0.3959326 2.816176 -0.476885 0.05921866 2.809106 -0.4667057 -0.2052143 2.661247 -0.08304413 0.4246724 2.797962 0.05736655 0.6596038 2.725035 0.0334551 0.9476333 2.686823 -0.3129712 -0.02768066 2.807241 -0.3182594 -0.4578348 2.832818 -0.317409 -0.8067355 2.728818 -0.1154597 -0.01075586 2.796515 -0.05861625 -0.4380059 2.793986 0.005178398 -0.8140168 2.691817 
-0.2621355 0.6238712 2.813299 -0.2491124 0.4122145 2.812709 -0.2366089 0.1972435 2.805512 -0.415384 0.4017607 2.836097 -0.4776479 0.06825244 2.826735 -0.4614589 -0.2032003 2.696818 -0.08284072 0.4226683 2.789321 0.04802009 0.651616 2.68584 0.02429341 0.9319495 2.613332 -0.3220703 -0.02388673 2.812094 -0.3216926 -0.4543413 2.834538 -0.3220918 -0.8028088 2.729234 -0.1261407 -0.01156831 2.784535 -0.06176434 -0.4377887 2.782725 -0.002162865 -0.8164625 2.685896 
-0.2585341 0.6254927 2.829996 -0.2499754 0.4140508 2.821325 -0.2430946 0.1991583 2.808488 -0.4135487 0.4065527 2.859168 -0.4706875 0.08973758 2.855133 -0.451253 -0.1835706 2.730282 -0.08640219 0.4215488 2.783482 0.04180561 0.6400658 2.645251 0.01959137 0.9172367 2.557896 -0.3325029 -0.02014798 2.817928 -0.3231551 -0.4507949 2.829715 -0.3218741 -0.8029503 2.729253 -0.1399247 -0.0113204 2.773374 -0.06199026 -0.4349587 2.781132 -0.005711166 -0.8151467 2.688045 
-0.2506844 0.6266248 2.826336 -0.2461781 0.414427 2.821099 -0.2446241 0.1992538 2.810786 -0.4055263 0.410749 2.87383 -0.4664425 0.1004334 2.879636 -0.4472419 -0.173876 2.757164 -0.08682984 0.418105 2.768368 0.0350412 0.6140777 2.596405 0.009411721 0.8764462 2.473551 -0.3368733 -0.01808459 2.831513 -0.3158817 -0.4484033 2.838181 -0.3148789 -0.8001271 2.735507 -0.1492669 -0.01375433 2.769432 -0.05445129 -0.4333968 2.786735 -0.00454765 -0.813736 2.698445 
-0.2437944 0.6230669 2.824323 -0.243401 0.41161 2.820469 -0.2451354 0.1963164 2.81136 -0.4012399 0.4103955 2.879227 -0.4586872 0.1116421 2.897177 -0.4490383 -0.1647026 2.778752 -0.08556206 0.4128245 2.761712 0.02755188 0.583047 2.560281 0.004353273 0.8198987 2.400708 -0.3393911 -0.01968921 2.836693 -0.3132471 -0.4496447 2.829658 -0.3099525 -0.8067245 2.724399 -0.1543483 -0.01826541 2.767808 -0.04733506 -0.4352678 2.78006 -0.002751293 -0.8186293 2.702335 
-0.2394911 0.6256166 2.833802 -0.2409867 0.4137166 2.826694 -0.2444775 0.1985371 2.814935 -0.3959307 0.4125954 2.893214 -0.45298 0.1160204 2.90883 -0.4469897 -0.1599587 2.789181 -0.08604277 0.4148377 2.760173 0.02122074 0.5524603 2.537201 0.002103426 0.761419 2.347131 -0.3389771 -0.01730089 2.842249 -0.3089145 -0.4469613 2.828124 -0.3064856 -0.8061725 2.724968 -0.1569596 -0.01598384 2.764105 -0.04332132 -0.4314973 2.774699 -0.002809555 -0.8067742 2.704356 
-0.2289064 0.6259258 2.84139 -0.235756 0.4135049 2.831511 -0.2455603 0.1986318 2.817442 -0.3878828 0.4156277 2.905103 -0.4364199 0.1211114 2.92734 -0.4352965 -0.1554499 2.808761 -0.0836292 0.411382 2.757918 0.00529789 0.5008369 2.497857 -0.005138921 0.6555955 2.271648 -0.3447391 -0.01499414 2.846608 -0.306763 -0.4434869 2.819338 -0.3044045 -0.8021376 2.722503 -0.1659902 -0.01748853 2.760137 -0.03953122 -0.4291629 2.776029 -0.001151176 -0.8107991 2.702552 
-0.2230687 0.6280165 2.843796 -0.2312666 0.415267 2.832554 -0.2425418 0.2004839 2.817869 -0.3837232 0.418271 2.905677 -0.4396817 0.1191891 2.944553 -0.43428 -0.1489218 2.809335 -0.07881 0.412263 2.759431 0.0001664505 0.480411 2.484438 -0.009111866 0.6057003 2.245251 -0.3434136 -0.01253377 2.846157 -0.3057395 -0.4409099 2.815519 -0.30484 -0.7983339 2.719383 -0.1642206 -0.01606459 2.760211 -0.03585945 -0.4274202 2.771297 -0.001644386 -0.8083518 2.710186 
-0.2171347 0.6251016 2.833 -0.2261867 0.4123307 2.827377 -0.2385282 0.1973852 2.816915 -0.3773227 0.4173217 2.90313 -0.4323444 0.119976 2.936815 -0.4333468 -0.15449 2.815209 -0.07505081 0.4073399 2.751623 -0.0008885422 0.4797249 2.481708 -0.007981937 0.5518928 2.228166 -0.339736 -0.01462573 2.850996 -0.3034869 -0.4433796 2.823504 -0.3024072 -0.8034848 2.724742 -0.1620035 -0.0204949 2.761911 -0.0355684 -0.4325919 2.769756 -0.001017342 -0.8093202 2.714264 
