-0.3304056 0.6214926 2.805582 -0.3132238 0.4078411 2.80482 -0.2960248 0.1931213 2.796913 -0.4778389 0.3960247 2.767645 -0.5208912 0.1113528 2.77172 -0.4707718 -0.1833972 2.689686 -0.1486088 0.4196575 2.841996 0.07045361 0.4037785 3.002357 0.1891095 0.6351476 3.05485 -0.3756205 -0.02854657 2.767145 -0.4132478 -0.4549511 2.816952 -0.4505239 -0.8179045 2.715544 -0.1820311 -0.01465036 2.810864 -0.09455974 -0.4365778 2.795276 -0.007394333 -0.7936323 2.737433 
-0.3311632 0.6213797 2.813398 -0.3124222 0.4080797 2.809214 -0.2925335 0.1936811 2.799113 -0.4768077 0.3946068 2.771514 -0.5187153 0.1032637 2.769391 -0.4662273 -0.1920017 2.690625 -0.1480366 0.4215525 2.846914 0.08122264 0.4543969 2.98218 0.1651305 0.707994 3.013923 -0.3693039 -0.02863963 2.766844 -0.4040405 -0.4557753 2.813399 -0.4446876 -0.8102092 2.706412 -0.1759858 -0.01279549 2.811179 -0.08748753 -0.4342713 2.790317 -0.003726372 -0.7857642 2.733357 
-0.3298901 0.6167348 2.807293 -0.3090679 0.4040869 2.808842 -0.2883764 0.1896179 2.803349 -0.4731318 0.3892475 2.770225 -0.5186467 0.1012646 2.771499 -0.4644351 -0.1938891 2.693332 -0.145004 0.4189263 2.84746 0.08859491 0.5006898 2.9581 0.1400708 0.7700329 2.976317 -0.364159 -0.03357698 2.775149 -0.4036302 -0.4598871 2.825666 -0.4458479 -0.8169991 2.712158 -0.171211 -0.01612508 2.820565 -0.08821901 -0.4385145 2.796261 -0.00311039 -0.7916339 2.74339 
-0.3273669 0.6154701 2.814719 -0.3039417 0.4034119 2.813757 -0.2810912 0.1891432 2.807894 -0.4686117 0.3868084 2.778765 -0.5199922 0.09756799 2.781163 -0.4642217 -0.1958578 2.697861 -0.1392717 0.4200155 2.848749 0.09129236 0.5478399 2.908019 0.1073589 0.8263935 2.911022 -0.3550967 -0.03489154 2.781449 -0.399689 -0.4610865 2.828752 -0.4429186 -0.8148398 2.713224 -0.1613846 -0.01535971 2.822613 -0.08070406 -0.4370673 2.785188 -0.0006053848 -0.7748899 2.742564 
-0.3253736 0.6173059 2.828944 -0.3009199 0.4060326 2.821559 -0.2774706 0.1920455 2.810854 -0.4667868 0.3892563 2.793579 -0.5192159 0.09622501 2.79096 -0.4642986 -0.1955116 2.701495 -0.1350529 0.4228089 2.84954 0.08455272 0.5798295 2.868497 0.07854646 0.8602666 2.846513 -0.351629 -0.0318139 2.783684 -0.4038662 -0.4572796 2.82954 -0.4495401 -0.8096843 2.706219 -0.1564136 -0.01206921 2.816616 -0.08360904 -0.4345735 2.772606 -0.004713524 -0.7705374 2.733284 
-0.3252898 0.6151444 2.836538 -0.2995582 0.4045593 2.825201 -0.2751571 0.1908835 2.810871 -0.4665258 0.3865921 2.8088 -0.5192303 0.0943457 2.801 -0.4622047 -0.1966131 2.710187 -0.1325907 0.4225265 2.841602 0.0791615 0.5973017 2.824213 0.05838589 0.8789083 2.794505 -0.3491254 -0.03337778 2.786877 -0.4045128 -0.4585867 2.831875 -0.4489616 -0.8173931 2.709188 -0.1523865 -0.012207 2.806203 -0.08421766 -0.4360701 2.767546 -0.00465052 -0.7755824 2.728245 
-0.3257095 0.6168486 2.853792 -0.2996982 0.407063 2.83317 -0.2743939 0.1939227 2.813371 -0.4666958 0.3865466 2.840602 -0.5098498 0.09228143 2.827734 -0.460766 -0.1957317 2.724132 -0.1327007 0.4275795 2.825738 0.05512029 0.6129066 2.731035 0.02533303 0.8909763 2.679574 -0.3474146 -0.03129733 2.797946 -0.4073054 -0.4562204 2.840091 -0.4484032 -0.8101721 2.713068 -0.1507647 -0.007137939 2.789196 -0.08135264 -0.4321019 2.770782 -0.009553658 -0.7699181 2.730731 
-0.3228664 0.6173082 2.859616 -0.2991731 0.4076188 2.836632 -0.2764849 0.1944649 2.814006 -0.4648668 0.3877192 2.857953 -0.506698 0.0921322 2.843048 -0.4671905 -0.1934093 2.729662 -0.1334793 0.4275185 2.815312 0.0459653 0.6103342 2.695663 0.006686619 0.8787035 2.619001 -0.3513362 -0.03040346 2.80393 -0.412225 -0.4554991 2.842865 -0.4510094 -0.8088484 2.718645 -0.1562572 -0.006974655 2.778828 -0.08665251 -0.4322135 2.772147 -0.01573227 -0.7735825 2.730247 
-0.3144247 0.6169979 2.851641 -0.297358 0.4069689 2.836472 -0.2814103 0.1928427 2.819206 -0.4611156 0.3919603 2.871348 -0.5017885 0.09432501 2.853416 -0.4714982 -0.1908149 2.736152 -0.1336005 0.4219775 2.801596 0.03468927 0.6023129 2.657084 -0.0179706 0.8658611 2.570379 -0.3618411 -0.03011679 2.822465 -0.418564 -0.4562476 2.855407 -0.4569892 -0.8090103 2.730245 -0.169084 -0.01245038 2.781413 -0.09177042 -0.4364205 2.781744 -0.02428502 -0.7788789 2.74579 
-0.3070232 0.6149743 2.847561 -0.2938733 0.4040326 2.836257 -0.2819142 0.189375 2.822123 -0.4548017 0.3919553 2.883514 -0.5014471 0.09678159 2.871726 -0.4752898 -0.1854748 2.746647 -0.132945 0.4161099 2.789 0.01596919 0.5762253 2.602714 -0.043747 0.823476 2.486099 -0.3645584 -0.03238229 2.835769 -0.4099565 -0.4603858 2.853316 -0.4472016 -0.8100011 2.723915 -0.1753517 -0.01818277 2.780209 -0.08181438 -0.43868 2.781151 -0.0197007 -0.7798479 2.740124 
-0.3052709 0.6186422 2.867455 -0.2942101 0.4074925 2.84611 -0.284488 0.1934854 2.823986 -0.4519178 0.3943907 2.903542 -0.5009949 0.09763275 2.880271 -0.4771992 -0.1851045 2.755435 -0.1365025 0.4205944 2.788678 -0.0007494507 0.5438778 2.564935 -0.05779584 0.7633843 2.413202 -0.367401 -0.02821762 2.835596 -0.4111534 -0.4568037 2.843986 -0.4451365 -0.808237 2.710953 -0.1821308 -0.01282596 2.768127 -0.07802539 -0.4309235 2.767526 -0.02318697 -0.767664 2.73047 
-0.3008731 0.6106474 2.854713 -0.2984353 0.3802905 2.843189 -0.2841195 0.1664389 2.821348 -0.4528075 0.3632754 2.908607 -0.497041 0.1008993 2.886776 -0.4745095 -0.1845354 2.76796 -0.1440632 0.3973055 2.777771 -0.01235541 0.5099803 2.544881 -0.0668183 0.7079378 2.363937 -0.3602338 -0.05737991 2.837829 -0.3983001 -0.479479 2.852406 -0.4341099 -0.8316433 2.711678 -0.1793735 -0.03744531 2.761187 -0.06561556 -0.4496333 2.768506 -0.01452107 -0.7941374 2.736433 
-0.2963452 0.6048785 2.850918 -0.2928791 0.3825738 2.841694 -0.2825752 0.1679897 2.826047 -0.4489331 0.3704765 2.904834 -0.4901828 0.07434113 2.886137 -0.4703586 -0.2116484 2.768004 -0.1368251 0.3946711 2.778554 -0.0257523 0.470471 2.529855 -0.07857793 0.6161309 2.310266 -0.3638 -0.05368977 2.847433 -0.4081686 -0.4786688 2.845663 -0.4444219 -0.8035451 2.718298 -0.1807425 -0.03949919 2.773368 -0.06444379 -0.4528029 2.781849 -0.01980184 -0.7728398 2.758138 
-0.2920743 0.6084315 2.858569 -0.2890012 0.3916598 2.846281 -0.2824365 0.1769153 2.829818 -0.4449033 0.381953 2.910734 -0.4878944 0.08087812 2.893675 -0.4692155 -0.2068488 2.779612 -0.133099 0.4013665 2.781827 -0.04186795 0.4372263 2.516451 -0.08621644 0.5370953 2.272201 -0.3673743 -0.0435262 2.851186 -0.407352 -0.4708484 2.854788 -0.4443704 -0.7984436 2.711143 -0.1843695 -0.03213197 2.775527 -0.06467118 -0.4453878 2.77572 -0.021865 -0.7655374 2.74917 
-0.2841013 0.6130708 2.864526 -0.2826582 0.3997432 2.850603 -0.2806494 0.1848522 2.833731 -0.4385761 0.3931629 2.915851 -0.4816729 0.1052782 2.906393 -0.4613447 -0.181571 2.790331 -0.1267404 0.4063235 2.785356 -0.07644794 0.3897953 2.503362 -0.09236018 0.4078113 2.235203 -0.3702794 -0.0339062 2.855208 -0.3992869 -0.4634302 2.865878 -0.4427904 -0.8170058 2.710531 -0.1870015 -0.02617122 2.778511 -0.06789134 -0.4401793 2.767794 -0.01785168 -0.7707722 2.748181 
