-0.4124754 0.6220567 2.587983 -0.4013903 0.4086586 2.616987 -0.3822917 0.1947832 2.636502 -0.5453033 0.3879253 2.5306 -0.6412331 0.07731555 2.516899 -0.5968887 -0.1773788 2.362871 -0.2574773 0.4293919 2.703374 -0.08857698 0.3771116 2.894741 0.04024925 0.5789551 3.019604 -0.4477819 -0.03127882 2.60524 -0.4341714 -0.4618572 2.587741 -0.4498429 -0.8213763 2.490732 -0.2786045 -0.006905716 2.706793 -0.1520175 -0.4181586 2.679513 -0.03829731 -0.7855017 2.635165 
-0.4110382 0.6212525 2.595606 -0.399166 0.4081547 2.621816 -0.380861 0.1940015 2.638693 -0.5436526 0.3890364 2.535936 -0.6371181 0.07766507 2.522953 -0.5905238 -0.1770824 2.366867 -0.2546795 0.4272729 2.707695 -0.07529486 0.4110495 2.882384 0.0140793 0.6351184 2.999674 -0.4475019 -0.0313916 2.60508 -0.4358465 -0.4620916 2.5883 -0.454203 -0.8267989 2.489047 -0.2776099 -0.008911713 2.70606 -0.154614 -0.4208773 2.673723 -0.03926407 -0.7892294 2.632735 
-0.4079728 0.6256812 2.60792 -0.3947339 0.4132459 2.629459 -0.3773959 0.1988075 2.643276 -0.5401588 0.3960294 2.544745 -0.6350679 0.07784247 2.526479 -0.583922 -0.1779087 2.371989 -0.2493091 0.4304624 2.714174 -0.0596627 0.4605143 2.874208 -0.002503513 0.6983986 2.989614 -0.4455697 -0.02575441 2.60728 -0.4317491 -0.4561746 2.585822 -0.4533038 -0.8232025 2.491792 -0.2745461 -0.005507339 2.706906 -0.1515716 -0.4175624 2.675095 -0.04106313 -0.7842116 2.636075 
-0.4029896 0.6188986 2.606535 -0.3858133 0.4081508 2.631449 -0.3655245 0.19425 2.648678 -0.5325906 0.3876634 2.549942 -0.625995 0.07590833 2.5352 -0.5721973 -0.1803042 2.377668 -0.239036 0.4286381 2.712955 -0.03930524 0.5032713 2.85608 -0.01950821 0.7530669 2.971568 -0.4315714 -0.03170165 2.617965 -0.4205754 -0.462368 2.600044 -0.4391095 -0.8328614 2.502966 -0.2589 -0.007599961 2.71385 -0.1384825 -0.420505 2.683155 -0.03240323 -0.7924057 2.646055 
-0.3939884 0.6194785 2.614804 -0.3744121 0.408579 2.637839 -0.3519039 0.1947103 2.65263 -0.5258973 0.3876894 2.566313 -0.6160886 0.07752219 2.552028 -0.5632778 -0.181629 2.398926 -0.2229268 0.4294686 2.709364 -0.02222365 0.5665419 2.817973 -0.03896553 0.826399 2.927358 -0.4186439 -0.03146567 2.625281 -0.415051 -0.4618509 2.600868 -0.4421806 -0.8272333 2.49847 -0.2401475 -0.006851257 2.709561 -0.1317841 -0.4224621 2.673629 -0.03178297 -0.7893971 2.636317 
-0.3844359 0.6163772 2.627488 -0.3633274 0.4063057 2.644557 -0.3398867 0.1923129 2.655501 -0.5187686 0.3860849 2.582114 -0.605661 0.0803367 2.571471 -0.5567646 -0.1800686 2.417105 -0.2078862 0.4265265 2.706999 -0.01472139 0.6081697 2.778482 -0.05063968 0.877905 2.878824 -0.4079027 -0.03357715 2.629707 -0.414712 -0.4638375 2.604787 -0.4433928 -0.825307 2.496998 -0.2249891 -0.009782593 2.703185 -0.1315241 -0.4294071 2.676313 -0.03586737 -0.7940175 2.636571 
-0.3766982 0.6161954 2.63434 -0.3546309 0.4059525 2.648954 -0.3307391 0.191885 2.657615 -0.5136461 0.3860785 2.596399 -0.5934031 0.08221564 2.587207 -0.5460235 -0.1793814 2.432743 -0.1956157 0.4258265 2.701508 -0.01143048 0.6410215 2.745247 -0.06455941 0.9186023 2.830763 -0.4004018 -0.03387509 2.635357 -0.4192004 -0.4636523 2.609502 -0.4444204 -0.8228257 2.502468 -0.2132926 -0.01048987 2.697196 -0.1313397 -0.4329081 2.676827 -0.03923571 -0.7942948 2.637499 
-0.3582315 0.6195255 2.647836 -0.3376491 0.4082533 2.656628 -0.3163381 0.1938022 2.660692 -0.5024149 0.391299 2.625978 -0.5753649 0.08899066 2.618824 -0.5247538 -0.1780473 2.476104 -0.1728833 0.4252076 2.687279 -0.01973865 0.6734959 2.674029 -0.0729608 0.9658136 2.703852 -0.3920247 -0.03062993 2.646711 -0.4234611 -0.4597627 2.620448 -0.4482155 -0.8155813 2.505045 -0.1980297 -0.01066792 2.682799 -0.1310578 -0.4363079 2.677682 -0.04673162 -0.7860469 2.633669 
-0.3490651 0.6214461 2.65366 -0.3314938 0.4099776 2.659534 -0.3133763 0.195202 2.661332 -0.4982632 0.3957624 2.64195 -0.5682672 0.08603916 2.629 -0.5187097 -0.1806776 2.490811 -0.1647245 0.4241928 2.677117 -0.02938733 0.6783639 2.638988 -0.07628888 0.9745412 2.64534 -0.3934175 -0.02794051 2.652781 -0.4224336 -0.4572512 2.625583 -0.4497977 -0.8175461 2.511163 -0.1970999 -0.01120665 2.67348 -0.1299331 -0.4366747 2.682593 -0.05027425 -0.7842853 2.636333 
-0.3407078 0.6250526 2.656074 -0.3259865 0.4137518 2.662286 -0.3111519 0.1987202 2.664705 -0.4937253 0.402135 2.658307 -0.5616021 0.07849143 2.640601 -0.5116061 -0.1853518 2.497616 -0.1582478 0.4253686 2.666265 -0.03554763 0.6788564 2.601418 -0.082972 0.9754657 2.585688 -0.3950202 -0.02314703 2.664782 -0.421031 -0.4528474 2.640546 -0.4497573 -0.8132933 2.519395 -0.1976141 -0.009475647 2.669465 -0.1284374 -0.4340573 2.692554 -0.05099567 -0.7826639 2.642205 
-0.3323596 0.6273189 2.659272 -0.321607 0.415742 2.664302 -0.3100075 0.2005043 2.666555 -0.4894259 0.4067827 2.6724 -0.5513067 0.07974511 2.65738 -0.5111628 -0.1893779 2.513302 -0.153788 0.4247011 2.656204 -0.04277531 0.6772237 2.567263 -0.09267374 0.9702545 2.522531 -0.3970568 -0.01999989 2.673568 -0.4183387 -0.4494296 2.642035 -0.4486616 -0.8129219 2.519335 -0.1997592 -0.009466934 2.664047 -0.128692 -0.4329155 2.699499 -0.05239806 -0.787674 2.639075 
-0.3238503 0.6275855 2.658929 -0.3167094 0.4155428 2.664901 -0.3085048 0.2001686 2.668419 -0.4822704 0.4096636 2.691088 -0.5466145 0.09597378 2.680982 -0.5117214 -0.1775416 2.541705 -0.1511484 0.421422 2.638715 -0.0548915 0.6609767 2.51388 -0.1028272 0.9445419 2.430855 -0.3979676 -0.01867384 2.687384 -0.4130087 -0.448879 2.665755 -0.4451534 -0.8102074 2.526451 -0.2026328 -0.01173735 2.656489 -0.1236512 -0.432892 2.701437 -0.05206572 -0.7931163 2.638094 
-0.3188744 0.6229404 2.6586 -0.312858 0.4120921 2.665027 -0.3053747 0.1966974 2.669993 -0.4769646 0.4072294 2.701393 -0.5434247 0.109686 2.698884 -0.5131897 -0.1666527 2.562895 -0.1487514 0.416955 2.62866 -0.06168088 0.6456632 2.469475 -0.1150664 0.9157305 2.352674 -0.3941454 -0.02154962 2.69629 -0.404536 -0.451306 2.665343 -0.4382097 -0.8176897 2.523065 -0.2016377 -0.01584524 2.653629 -0.114534 -0.4347975 2.704436 -0.04684666 -0.797498 2.643762 
-0.3148822 0.6225486 2.660056 -0.3125336 0.4119164 2.666189 -0.3092404 0.1964474 2.671398 -0.4742202 0.4105759 2.712953 -0.5333368 0.1168453 2.715739 -0.5124177 -0.1600029 2.578583 -0.150847 0.4132569 2.619426 -0.06612974 0.624236 2.432742 -0.1225263 0.8786442 2.285697 -0.4009375 -0.01980928 2.704081 -0.4125517 -0.4497444 2.674496 -0.4464548 -0.8121776 2.525247 -0.2109569 -0.01823412 2.649134 -0.1225414 -0.4369917 2.700583 -0.05718341 -0.795079 2.643398 
-0.3118479 0.6190696 2.659204 -0.3112352 0.4096448 2.666911 -0.3098946 0.1941588 2.672992 -0.4699347 0.4102516 2.723403 -0.5242422 0.1196389 2.730819 -0.5105594 -0.1605731 2.599514 -0.1525358 0.4090378 2.61042 -0.07452612 0.5756306 2.383952 -0.1226464 0.8109456 2.212695 -0.4018025 -0.02097046 2.712266 -0.4031473 -0.4502628 2.674349 -0.441251 -0.8146207 2.52376 -0.2153053 -0.02168366 2.64588 -0.1174755 -0.4386639 2.694322 -0.05024996 -0.7973 2.644079 
-0.3102196 0.6165432 2.659212 -0.3097408 0.4075981 2.667065 -0.3083447 0.1921032 2.673497 -0.4671023 0.4083997 2.728073 -0.5198759 0.1189223 2.73991 -0.5108433 -0.1653011 2.617037 -0.1523792 0.4067966 2.606057 -0.08275481 0.5333197 2.348482 -0.1249993 0.7397459 2.1558 -0.3993105 -0.02292123 2.715737 -0.3981007 -0.450619 2.663682 -0.4372049 -0.8146896 2.520671 -0.2145869 -0.02386212 2.64412 -0.1111578 -0.4401071 2.687209 -0.04478461 -0.7945991 2.646876 
-0.3095136 0.6187342 2.65872 -0.3078685 0.4083081 2.667694 -0.3067246 0.1928011 2.674099 -0.4644573 0.4093646 2.731202 -0.5179961 0.1154317 2.749725 -0.5121796 -0.1700973 2.629308 -0.1512797 0.4072516 2.604185 -0.08587778 0.5026591 2.327741 -0.1231428 0.6596702 2.108061 -0.3975521 -0.02208527 2.717805 -0.396858 -0.4493128 2.660805 -0.4374591 -0.8085369 2.521612 -0.2136093 -0.02332632 2.643202 -0.1087032 -0.4394338 2.684814 -0.04491468 -0.7876716 2.649459 
-0.3121745 0.6183758 2.659977 -0.3090451 0.4072582 2.668087 -0.3064417 0.1917488 2.673939 -0.4655622 0.4071058 2.732091 -0.5175083 0.1057076 2.760368 -0.519473 -0.1793792 2.636699 -0.152528 0.4074106 2.604082 -0.09695217 0.4673378 2.31537 -0.120658 0.5762471 2.075316 -0.3958152 -0.0238502 2.717405 -0.3978918 -0.4512241 2.660788 -0.4368477 -0.8099513 2.519859 -0.2118612 -0.0236711 2.64218 -0.1099133 -0.4405645 2.683628 -0.04372243 -0.787449 2.648175 
-0.3098916 0.6190343 2.659097 -0.3088423 0.4077271 2.668325 -0.3077417 0.192204 2.674157 -0.4655818 0.4086478 2.731936 -0.5157431 0.098862 2.771678 -0.5284837 -0.1896502 2.648349 -0.1521028 0.4068063 2.604715 -0.1089621 0.4106611 2.308688 -0.1190334 0.4603038 2.049214 -0.3987803 -0.02277788 2.717381 -0.4030913 -0.4498864 2.658572 -0.4412367 -0.8100253 2.518602 -0.2145018 -0.02386043 2.642595 -0.1145473 -0.4418953 2.676106 -0.04787316 -0.787737 2.646513 
-0.3099331 0.6168069 2.659702 -0.3110744 0.4048841 2.66779 -0.3114034 0.189355 2.673506 -0.4639711 0.4070226 2.739624 -0.5148743 0.09544641 2.777375 -0.5339682 -0.1955099 2.656498 -0.1581777 0.4027455 2.595957 -0.1179822 0.3593174 2.305385 -0.119367 0.3687883 2.037079 -0.4017581 -0.02491501 2.721518 -0.4048223 -0.4514559 2.658563 -0.4416265 -0.8121815 2.520948 -0.2217064 -0.02743335 2.636926 -0.119588 -0.4453369 2.665416 -0.052333 -0.7898514 2.639885 
