-0.4620885 0.5895677 2.767719 -0.4197491 0.3825345 2.79421 -0.3788691 0.1717141 2.812168 -0.5821297 0.3482513 2.761384 -0.5885182 0.04525687 2.742099 -0.5046027 -0.2342477 2.687569 -0.2573685 0.4168178 2.827035 -0.02421556 0.4941504 2.963811 0.04981021 0.7640463 2.963376 -0.4334833 -0.05926791 2.810823 -0.4507462 -0.5061987 2.861506 -0.5150993 -0.8582631 2.518911 -0.2424951 -0.01894476 2.849432 -0.2229843 -0.4493711 2.862396 -0.178971 -0.785589 2.85442 
-0.4625952 0.5947688 2.77347 -0.4189434 0.3873457 2.798067 -0.3773912 0.1764196 2.813611 -0.5808468 0.3528739 2.763098 -0.5821481 0.04454337 2.740712 -0.4997929 -0.2367896 2.693222 -0.25704 0.4218175 2.833037 -0.01509843 0.5325912 2.937921 0.02193598 0.8112064 2.929152 -0.4310423 -0.05477683 2.808591 -0.4323884 -0.5315973 2.830994 -0.5155649 -0.8506294 2.531196 -0.2406357 -0.0142363 2.849718 -0.221844 -0.4448751 2.856184 -0.1772615 -0.7779361 2.857194 
-0.4657124 0.6007211 2.786325 -0.4193821 0.3932249 2.805233 -0.3757022 0.1824566 2.815948 -0.5816209 0.3579488 2.772706 -0.5805541 0.0488183 2.742139 -0.5038436 -0.2332162 2.689436 -0.2571433 0.428501 2.83776 -0.01007725 0.5657595 2.904939 0.004732792 0.8484095 2.893453 -0.4260164 -0.04874902 2.807817 -0.4553764 -0.5247908 2.77754 -0.5050122 -0.8784241 2.55528 -0.2380284 -0.007874237 2.845507 -0.2240059 -0.4386418 2.855841 -0.1769767 -0.7794574 2.851233 
-0.463797 0.6065156 2.793756 -0.4160478 0.3985876 2.809198 -0.3712686 0.1878935 2.817006 -0.5787662 0.3629111 2.779685 -0.5821097 0.05560782 2.749876 -0.4978854 -0.2179712 2.674438 -0.2533294 0.4342643 2.83871 -0.01456039 0.596853 2.870957 -0.01831457 0.8814757 2.854592 -0.4214659 -0.04362456 2.807589 -0.4656549 -0.4950405 2.801483 -0.4990282 -0.8507705 2.579098 -0.2315129 -0.001976669 2.842041 -0.221829 -0.4327555 2.85657 -0.175145 -0.7818268 2.852477 
-0.4634609 0.6104028 2.807426 -0.4137852 0.4022496 2.814661 -0.3670387 0.191913 2.816042 -0.577494 0.3657337 2.794521 -0.5846288 0.0624079 2.763445 -0.4873061 -0.2039077 2.678177 -0.2500764 0.4387656 2.834802 -0.02592386 0.619245 2.817416 -0.03837222 0.9028716 2.782733 -0.4163365 -0.03984667 2.805608 -0.4677768 -0.479114 2.797966 -0.4971306 -0.8391489 2.586679 -0.2242478 0.002999557 2.82924 -0.2191299 -0.427732 2.847344 -0.1740404 -0.7818943 2.844185 
-0.4588269 0.6134386 2.814869 -0.4106287 0.4046476 2.818734 -0.3656798 0.1938783 2.817057 -0.5754089 0.3695869 2.808613 -0.5850777 0.06731659 2.775499 -0.4838144 -0.1947259 2.680828 -0.2458484 0.4397083 2.828855 -0.03303837 0.6255391 2.772782 -0.05643228 0.9033392 2.712746 -0.4175401 -0.03748932 2.809434 -0.4760198 -0.469997 2.795548 -0.5003064 -0.8305107 2.600177 -0.2239219 0.003707275 2.821326 -0.2242153 -0.4267096 2.845699 -0.1800015 -0.7857437 2.848159 
-0.452104 0.6174558 2.818617 -0.4059934 0.4078502 2.821048 -0.3630641 0.1966525 2.817421 -0.5710554 0.3742462 2.824114 -0.5831705 0.07315262 2.789011 -0.4823725 -0.1837036 2.680561 -0.2409314 0.4414544 2.817982 -0.04457959 0.6311987 2.734997 -0.06902868 0.9072294 2.661021 -0.4172792 -0.0343224 2.815599 -0.4743875 -0.4639018 2.794327 -0.4972313 -0.8232164 2.606765 -0.2229906 0.005231766 2.81199 -0.2239332 -0.4241683 2.848897 -0.1766165 -0.7837158 2.846661 
-0.4455481 0.61985 2.837182 -0.4045853 0.4091928 2.830784 -0.3666185 0.1973456 2.819294 -0.5679476 0.3784398 2.857991 -0.5822116 0.08372442 2.803185 -0.4831111 -0.1713523 2.687745 -0.2412231 0.4399458 2.803577 -0.0645347 0.6203648 2.663934 -0.08914343 0.8819955 2.550395 -0.4245446 -0.03255344 2.823775 -0.4781395 -0.459628 2.789725 -0.4956579 -0.8209621 2.611022 -0.2327586 0.003550354 2.791835 -0.2257761 -0.4240975 2.8448 -0.1775469 -0.7887809 2.851406 
-0.4383813 0.6124117 2.84073 -0.4011782 0.4031613 2.831744 -0.3659624 0.1909103 2.818678 -0.564213 0.3741155 2.864163 -0.5795712 0.08168197 2.809028 -0.4823892 -0.1711997 2.687227 -0.2381435 0.432207 2.799325 -0.07728195 0.6021554 2.635026 -0.1004386 0.8546595 2.498045 -0.4264377 -0.03838872 2.82464 -0.4780931 -0.4645388 2.781776 -0.4949965 -0.8213413 2.60885 -0.2350554 -0.004292679 2.786585 -0.2250144 -0.4322407 2.837516 -0.1755594 -0.7905799 2.853415 
-0.43408 0.6137685 2.853011 -0.3999442 0.4043685 2.837846 -0.3676463 0.1920436 2.81999 -0.5621132 0.376501 2.875886 -0.5791624 0.07737528 2.815521 -0.4860803 -0.1755446 2.690514 -0.2377752 0.4322361 2.799806 -0.090202 0.5749933 2.60358 -0.1050452 0.8161417 2.449204 -0.4306282 -0.03665444 2.824483 -0.4814041 -0.4618466 2.773492 -0.4956289 -0.8134843 2.610261 -0.2400687 -0.003908218 2.779783 -0.2261143 -0.431013 2.836638 -0.1772152 -0.7810072 2.851519 
-0.4239638 0.5964447 2.863731 -0.3961445 0.3882445 2.841151 -0.3686565 0.175709 2.818184 -0.5555995 0.3622649 2.890722 -0.5702958 0.08540735 2.831859 -0.489496 -0.1667803 2.697273 -0.2366897 0.4142241 2.791579 -0.1190945 0.5264233 2.548724 -0.1233277 0.7153466 2.348068 -0.4348882 -0.05209593 2.824353 -0.4797678 -0.4781412 2.775209 -0.4911757 -0.8331156 2.604709 -0.247449 -0.02155693 2.766082 -0.2256872 -0.4479805 2.826029 -0.1727644 -0.8004836 2.852545 
-0.41936 0.5974392 2.867013 -0.3946945 0.3873035 2.843135 -0.3709186 0.1743061 2.820216 -0.5540644 0.3639806 2.894558 -0.5664634 0.07040549 2.829203 -0.4826205 -0.1799762 2.69298 -0.2353247 0.4106264 2.791712 -0.1335379 0.5117028 2.530383 -0.1262526 0.646859 2.309092 -0.4408131 -0.05239945 2.827521 -0.4845351 -0.4777226 2.771878 -0.4951368 -0.8171378 2.611248 -0.2534721 -0.02498309 2.767073 -0.224845 -0.4493746 2.836771 -0.1764862 -0.7830058 2.862227 
-0.4178894 0.608355 2.87713 -0.394811 0.3980647 2.850688 -0.3732617 0.1852072 2.824503 -0.5533473 0.375331 2.905021 -0.5649118 0.06794797 2.835688 -0.4835596 -0.1832683 2.699394 -0.2362747 0.4207983 2.796354 -0.1432905 0.4938184 2.518716 -0.1302527 0.5730564 2.275038 -0.4449149 -0.04101536 2.830261 -0.4828834 -0.4673596 2.778562 -0.4941928 -0.8040246 2.608752 -0.2585098 -0.01428538 2.766376 -0.2235571 -0.4379664 2.837801 -0.1757997 -0.7680998 2.855414 
-0.4100743 0.6025989 2.873171 -0.3917933 0.3915808 2.849932 -0.3741272 0.178074 2.826378 -0.550126 0.3722761 2.906168 -0.5698722 0.07661569 2.850354 -0.4949459 -0.1740189 2.709534 -0.2334607 0.4108853 2.793695 -0.1516323 0.4379104 2.508862 -0.1387726 0.4669415 2.248688 -0.4495667 -0.04678452 2.835894 -0.4835913 -0.473613 2.785254 -0.4931723 -0.8229515 2.611115 -0.2633555 -0.02408081 2.769756 -0.2249206 -0.4457895 2.850256 -0.1747007 -0.7917045 2.860913 
-0.4070603 0.6071516 2.880327 -0.3920149 0.3959615 2.853869 -0.377047 0.1825028 2.827996 -0.5480432 0.3774609 2.91624 -0.5735393 0.07573578 2.861422 -0.5057707 -0.169809 2.709079 -0.2359866 0.4144621 2.791498 -0.1593525 0.393398 2.501985 -0.1461889 0.3921216 2.23327 -0.4538763 -0.04184052 2.838818 -0.4831479 -0.4680066 2.780694 -0.4925947 -0.8096495 2.60816 -0.2702821 -0.02007141 2.765428 -0.228049 -0.4419817 2.843301 -0.174365 -0.7809436 2.852415 
