-0.2895651 0.7817603 2.725474 -0.2831339 0.5350167 2.788772 -0.2622348 0.2883084 2.800267 -0.4392238 0.5202578 2.755802 -0.5116296 0.2392547 2.796281 -0.3649359 0.1191992 2.578911 -0.127044 0.5497756 2.821742 0.007917404 0.5685144 3.000618 0.1416122 0.8315168 3.149924 -0.3340214 0.03283635 2.792185 -0.3552358 -0.4213794 2.754594 -0.3850933 -0.8430039 2.85605 -0.1486499 0.05036394 2.83134 -0.126437 -0.3992488 2.884376 -0.1289612 -0.8060126 2.98576 
-0.2936601 0.7815514 2.72124 -0.2833191 0.5373676 2.78673 -0.2623015 0.2901464 2.798761 -0.4405777 0.5223511 2.752886 -0.5151291 0.2374335 2.78822 -0.3804625 0.114307 2.573107 -0.1260604 0.552384 2.820574 0.0559547 0.6475342 2.960151 0.1342937 0.9256785 3.063783 -0.334745 0.03400066 2.790679 -0.353874 -0.420085 2.757098 -0.3827348 -0.8376542 2.847487 -0.1478229 0.05184966 2.830906 -0.1266059 -0.400019 2.885668 -0.1314382 -0.8023707 2.982215 
-0.3043388 0.7806312 2.715521 -0.2836386 0.5470847 2.782069 -0.2631356 0.2962523 2.795167 -0.4459957 0.5320022 2.74738 -0.5149339 0.254339 2.788836 -0.3850827 0.1221449 2.560792 -0.1212815 0.5621672 2.816758 0.06350845 0.6739417 2.94203 0.1246012 1.002354 2.969835 -0.3367654 0.03667531 2.788154 -0.3537958 -0.4159343 2.758943 -0.380736 -0.8329225 2.840752 -0.1485 0.05416469 2.828378 -0.1291927 -0.3983895 2.877964 -0.1302207 -0.8094396 2.98349 
-0.3111662 0.787986 2.692 -0.2860467 0.5550231 2.770702 -0.2655054 0.3032238 2.78773 -0.4543012 0.5392149 2.739912 -0.5157456 0.2651132 2.783086 -0.4033746 0.1317058 2.550313 -0.1177922 0.5708312 2.801493 0.06450404 0.6815522 2.907752 0.1194409 1.016321 2.922196 -0.341631 0.0423423 2.787068 -0.35538 -0.4082459 2.758036 -0.3761179 -0.8056865 2.796717 -0.1482972 0.06050673 2.822449 -0.1295645 -0.3954294 2.870923 -0.1334298 -0.8011942 2.96665 
-0.3196397 0.7879125 2.690846 -0.2888871 0.5649515 2.756177 -0.2691948 0.3168952 2.778704 -0.4585229 0.549158 2.730556 -0.5154066 0.2716177 2.784866 -0.4269467 0.1332332 2.558601 -0.1192512 0.580745 2.781799 0.06498905 0.7086912 2.796854 0.1044806 1.030654 2.783557 -0.3494223 0.05953624 2.786139 -0.3529494 -0.388287 2.758355 -0.3709804 -0.8111477 2.790199 -0.149583 0.07814171 2.816322 -0.1321387 -0.3829618 2.868438 -0.1327793 -0.7942302 2.964781 
-0.3204786 0.7855033 2.6967 -0.2894571 0.5684899 2.750217 -0.2701867 0.3194466 2.775188 -0.4586438 0.5531437 2.727728 -0.5171551 0.2789033 2.780698 -0.4337558 0.1318321 2.556535 -0.1202703 0.5838361 2.772706 0.07127796 0.6841474 2.783635 0.09141734 0.9968455 2.720737 -0.3496235 0.0614499 2.787039 -0.3569157 -0.3811733 2.759645 -0.3696477 -0.803679 2.795977 -0.1522092 0.07935646 2.81328 -0.1335226 -0.3812668 2.861804 -0.1302692 -0.7877018 2.956473 
-0.3207223 0.7837856 2.699198 -0.2921524 0.5726293 2.744134 -0.2721485 0.3236578 2.772047 -0.4610441 0.5566573 2.722708 -0.5238894 0.3071337 2.78442 -0.4478014 0.137564 2.553585 -0.1232606 0.5886012 2.765561 0.06003102 0.678304 2.740403 0.0750659 0.9658193 2.602179 -0.3512186 0.06531685 2.78739 -0.3663042 -0.3657535 2.760141 -0.377928 -0.7777609 2.805707 -0.1530706 0.08405562 2.812529 -0.1314041 -0.3836611 2.862471 -0.1316065 -0.7855556 2.955679 
-0.324542 0.782699 2.698933 -0.2920034 0.5672335 2.735751 -0.2721391 0.3183208 2.768311 -0.4566905 0.5525844 2.724236 -0.5253047 0.2963202 2.784516 -0.4514583 0.1337857 2.562645 -0.1273163 0.5818827 2.747267 0.05086432 0.6724479 2.681336 0.05923638 0.9146976 2.500242 -0.3524614 0.06049637 2.793864 -0.359011 -0.388245 2.783975 -0.3750714 -0.7911246 2.806232 -0.1520882 0.0783198 2.807876 -0.1317293 -0.3812433 2.857117 -0.1247513 -0.8046743 2.949564 
-0.325815 0.7823082 2.697162 -0.2933032 0.5679837 2.734807 -0.2730935 0.3193106 2.767091 -0.4592156 0.5534292 2.726559 -0.5237038 0.2933056 2.789596 -0.4598769 0.1283996 2.565367 -0.1273909 0.5825382 2.743054 0.04514335 0.6937661 2.636697 0.05450552 0.889804 2.441224 -0.3528606 0.06186711 2.794406 -0.363674 -0.3772165 2.782228 -0.3748962 -0.7903107 2.806192 -0.1529068 0.07940789 2.804346 -0.1332209 -0.3782986 2.855787 -0.1290859 -0.7989008 2.953332 
-0.3251952 0.7816179 2.697669 -0.2910908 0.5635528 2.732397 -0.2721826 0.3169875 2.765561 -0.4573191 0.5502998 2.728638 -0.523552 0.2873726 2.799666 -0.4691162 0.1291806 2.595161 -0.1248626 0.5768058 2.736155 0.03484942 0.695674 2.593246 0.0442309 0.8456708 2.342023 -0.3531457 0.06245973 2.796467 -0.3636836 -0.3744093 2.781259 -0.3744565 -0.7903212 2.80888 -0.1534031 0.07838478 2.800983 -0.1343236 -0.3757906 2.852566 -0.1311612 -0.7937633 2.948367 
-0.3248499 0.7804022 2.699014 -0.2915185 0.5605944 2.737492 -0.2729158 0.3158828 2.768439 -0.4580152 0.5484616 2.741637 -0.5225958 0.2870549 2.817006 -0.4705819 0.1256434 2.601728 -0.1250218 0.5727273 2.733348 0.01831485 0.6760495 2.554894 0.03934313 0.8202035 2.29729 -0.3546975 0.06385595 2.801883 -0.362286 -0.3753686 2.785105 -0.3732315 -0.7944167 2.813387 -0.1539286 0.07848633 2.796886 -0.1328758 -0.3746133 2.849092 -0.1310401 -0.7900026 2.942157 
-0.3223186 0.7772982 2.700533 -0.2879847 0.562251 2.741345 -0.2710194 0.316651 2.77071 -0.4553436 0.5523391 2.755134 -0.5165919 0.2886887 2.829503 -0.4653181 0.115142 2.618301 -0.1206259 0.5721631 2.727556 0.02806914 0.6455787 2.521661 0.02905683 0.7410423 2.265267 -0.3541166 0.06512462 2.80832 -0.3617788 -0.3749376 2.790832 -0.3726581 -0.8041613 2.815279 -0.1539914 0.07697728 2.791831 -0.1317573 -0.3756611 2.8452 -0.1308451 -0.7908503 2.938682 
-0.3176877 0.7771875 2.703949 -0.2807296 0.5544552 2.727638 -0.2671144 0.3131078 2.764312 -0.4534497 0.5493314 2.758042 -0.5174826 0.2870601 2.835854 -0.4739739 0.1103853 2.633933 -0.1080094 0.5595788 2.697234 0.006358352 0.4942471 2.483741 0.02089309 0.6391816 2.214837 -0.35143 0.06885526 2.818224 -0.3604504 -0.3725759 2.799314 -0.3718233 -0.8098577 2.819994 -0.1555684 0.07466549 2.783746 -0.1305818 -0.3785321 2.840761 -0.1297355 -0.7896056 2.932785 
-0.3056805 0.7809051 2.708847 -0.2741244 0.5557081 2.733787 -0.2630917 0.3137576 2.768009 -0.4512318 0.5522197 2.766222 -0.5025992 0.2984619 2.853532 -0.4682326 0.1049825 2.636153 -0.09701706 0.5591965 2.701353 0.002421196 0.5094453 2.471905 0.01540479 0.5486465 2.203309 -0.3490132 0.0698974 2.819987 -0.3570793 -0.3801973 2.802302 -0.3717949 -0.8176714 2.825634 -0.1551045 0.07371674 2.784475 -0.1304997 -0.3804596 2.841198 -0.1248347 -0.7934193 2.926474 
-0.3086669 0.7802186 2.708886 -0.2703155 0.5499471 2.743247 -0.2606841 0.3105162 2.773368 -0.4497243 0.5463835 2.772286 -0.497699 0.2915228 2.861409 -0.4521224 0.09695694 2.627129 -0.09090663 0.5535107 2.714207 0.001993439 0.4355045 2.532308 0.003757405 0.4934143 2.199072 -0.3484389 0.06915092 2.819252 -0.3582233 -0.3813609 2.804027 -0.3739078 -0.8217043 2.826928 -0.1536667 0.0730197 2.787726 -0.1300205 -0.3816215 2.844083 -0.1336953 -0.8068127 2.948107 
-0.3021567 0.7805499 2.713104 -0.2803507 0.5440082 2.752831 -0.2652614 0.3067589 2.778101 -0.4477705 0.5359857 2.777481 -0.4955593 0.27925 2.86189 -0.4567319 0.09837152 2.657794 -0.1129308 0.5520306 2.728181 -0.0276731 0.4289012 2.532236 -0.006499811 0.4042808 2.205342 -0.3472624 0.06485713 2.817666 -0.3560698 -0.3853381 2.803621 -0.374057 -0.8286681 2.828475 -0.1530821 0.07416194 2.789076 -0.1292796 -0.3791682 2.846363 -0.126261 -0.7998528 2.942181 
-0.2982268 0.7810225 2.716554 -0.27823 0.5405027 2.757242 -0.2639719 0.3038598 2.780924 -0.4455801 0.5328301 2.78133 -0.4883638 0.277685 2.862267 -0.4506554 0.1073056 2.668386 -0.1108799 0.5481752 2.733155 -0.04342378 0.4035512 2.529816 -0.01658785 0.3603323 2.219387 -0.3470728 0.06275334 2.818619 -0.355765 -0.3857706 2.801495 -0.3707216 -0.8325136 2.831865 -0.1523547 0.07168065 2.790592 -0.1283698 -0.3784971 2.847096 -0.1204688 -0.805632 2.933542 
