-0.3085156 0.6307214 2.711751 -0.3097595 0.4173142 2.707796 -0.3073021 0.2019135 2.700156 -0.4739892 0.4168808 2.667191 -0.5572839 0.1035025 2.68402 -0.5640313 -0.1944882 2.598074 -0.1455297 0.4177476 2.7484 -0.002968689 0.3396328 2.955038 0.130098 0.5516311 3.059679 -0.4014055 -0.01374199 2.668643 -0.4091371 -0.4351658 2.758175 -0.4167094 -0.8061944 2.66555 -0.2082838 -0.01323231 2.716391 -0.1193875 -0.4349304 2.717657 -0.002624374 -0.8015922 2.550112 
-0.3077319 0.6304727 2.71449 -0.3069436 0.4179069 2.708458 -0.303534 0.2025755 2.698874 -0.4698682 0.4173472 2.663076 -0.5536134 0.1007266 2.673024 -0.5546263 -0.1908186 2.562801 -0.144019 0.4184665 2.75384 0.007042618 0.3928405 2.959535 0.09642633 0.6322827 3.0483 -0.3959603 -0.01308513 2.662594 -0.4101946 -0.4298976 2.769849 -0.4177691 -0.8070152 2.664038 -0.2042885 -0.01242677 2.715984 -0.1188277 -0.4349326 2.719649 -0.003978691 -0.8046753 2.553503 
-0.3048013 0.6265028 2.706399 -0.3021686 0.4143301 2.70657 -0.2969045 0.1989154 2.701792 -0.461636 0.4116618 2.651186 -0.5524524 0.1029581 2.664046 -0.5446117 -0.174677 2.525373 -0.1427011 0.4169985 2.761953 0.01836513 0.4373164 2.954839 0.06236815 0.6957173 3.012733 -0.3855807 -0.01807121 2.664388 -0.4023819 -0.4340361 2.775595 -0.4127897 -0.8158363 2.672812 -0.1977 -0.01492741 2.729639 -0.111389 -0.4372918 2.726728 -0.003392052 -0.8052263 2.568106 
-0.302045 0.6307859 2.711303 -0.2982841 0.4175598 2.709304 -0.2929474 0.2021932 2.701963 -0.4560933 0.4157048 2.649006 -0.5516853 0.1044497 2.660525 -0.5388641 -0.1638899 2.507367 -0.1404749 0.4194149 2.769602 0.02872049 0.4791884 2.940922 0.04504655 0.7461464 2.984273 -0.3803485 -0.01426363 2.659188 -0.4051507 -0.4308977 2.766611 -0.4203494 -0.8070571 2.664192 -0.194873 -0.01208333 2.730057 -0.1113535 -0.4340373 2.707725 -0.00836435 -0.7960699 2.556655 
-0.3001641 0.6299196 2.704226 -0.2937945 0.4173104 2.708463 -0.2866236 0.2019211 2.706073 -0.4531283 0.412629 2.652306 -0.5422674 0.1066874 2.65221 -0.5158521 -0.1521105 2.490846 -0.1344607 0.4219919 2.76462 0.04641493 0.545137 2.89396 0.02049263 0.8151425 2.92709 -0.3731175 -0.01622028 2.670671 -0.3931447 -0.4325193 2.780731 -0.4189531 -0.8174049 2.680228 -0.1857879 -0.01071628 2.736695 -0.1010988 -0.4324433 2.710321 -0.003696144 -0.797075 2.564702 
-0.2980903 0.6301069 2.710169 -0.2892897 0.4174448 2.71067 -0.2805626 0.2021533 2.70512 -0.4515152 0.4120641 2.664309 -0.5357341 0.1069241 2.65106 -0.5058126 -0.1384644 2.479407 -0.1270641 0.4228254 2.757031 0.05661403 0.5834829 2.851436 0.009960327 0.8544435 2.87852 -0.367346 -0.01630615 2.672274 -0.3886603 -0.4366314 2.763959 -0.4213785 -0.8133356 2.667986 -0.1763251 -0.009970428 2.726865 -0.09914195 -0.4322344 2.689471 -0.004499931 -0.7949548 2.550244 
-0.2919473 0.6280056 2.704693 -0.283565 0.4158756 2.709464 -0.2752741 0.2004996 2.707751 -0.4477328 0.4098663 2.670466 -0.5297752 0.1113979 2.656526 -0.492743 -0.1244448 2.482584 -0.1193972 0.4218849 2.748463 0.06438877 0.6113113 2.807237 0.006114994 0.8834459 2.826644 -0.3635018 -0.01840946 2.683109 -0.3888753 -0.438635 2.775286 -0.4217648 -0.8151809 2.678034 -0.1704646 -0.01134344 2.728966 -0.1007451 -0.4355873 2.70006 -0.006392944 -0.7972654 2.562221 
-0.2861882 0.6246454 2.691449 -0.278642 0.4126868 2.704244 -0.2705605 0.1974268 2.709316 -0.4442235 0.4057022 2.671643 -0.5282482 0.1111028 2.660246 -0.4791889 -0.1219874 2.489405 -0.1130604 0.4196713 2.736844 0.06681819 0.6362612 2.757138 0.001743996 0.9102685 2.779323 -0.359815 -0.02193903 2.695225 -0.3848318 -0.4448373 2.773873 -0.4226238 -0.817108 2.678221 -0.1651433 -0.01372745 2.733553 -0.1036897 -0.4391754 2.70253 -0.006472878 -0.7967961 2.565125 
-0.2792105 0.621424 2.685435 -0.2740707 0.4095595 2.70061 -0.268573 0.1942751 2.708681 -0.441452 0.4046235 2.682958 -0.5199844 0.107939 2.684237 -0.4751084 -0.1226641 2.509081 -0.1066893 0.4144956 2.718261 0.05480179 0.63687 2.690771 0.01014059 0.9148391 2.680498 -0.3618109 -0.02392104 2.70634 -0.3864137 -0.4481391 2.778419 -0.4277534 -0.8158341 2.67666 -0.16434 -0.0180977 2.727165 -0.1074851 -0.443483 2.687523 -0.01025485 -0.8005228 2.555386 
-0.2753303 0.6261564 2.691921 -0.2717631 0.4128675 2.703024 -0.2680154 0.1974297 2.708156 -0.4395427 0.4099617 2.703559 -0.5151504 0.1050837 2.700664 -0.4761105 -0.1328291 2.535469 -0.1039834 0.4157732 2.702489 0.05057762 0.6323951 2.637352 0.01179855 0.9081032 2.593347 -0.3632704 -0.01972279 2.713603 -0.3862713 -0.4456012 2.77568 -0.4262995 -0.8113143 2.671891 -0.1652648 -0.0162935 2.712971 -0.1052312 -0.4413617 2.673465 -0.01076957 -0.7936991 2.548116 
-0.2721919 0.6270021 2.694681 -0.2707047 0.4145869 2.704242 -0.269654 0.1990875 2.709082 -0.4378148 0.4141205 2.719748 -0.5120917 0.1010493 2.714889 -0.4753799 -0.1409352 2.553659 -0.1035947 0.4150533 2.688735 0.04392844 0.6249825 2.586243 0.01661623 0.8968124 2.514617 -0.36686 -0.01668623 2.723039 -0.386827 -0.4432922 2.78173 -0.429043 -0.8121509 2.67663 -0.1703465 -0.01613774 2.704804 -0.1074139 -0.4416867 2.67948 -0.01316135 -0.7956609 2.553401 
-0.2666814 0.6393101 2.699239 -0.2697046 0.426196 2.706621 -0.2736552 0.2107328 2.708766 -0.4322772 0.4295993 2.749045 -0.5135499 0.1012879 2.738579 -0.4819567 -0.1622143 2.613182 -0.1071321 0.4227928 2.664197 0.03462885 0.5910249 2.493729 0.01015376 0.8410732 2.365883 -0.3731088 -0.002731216 2.735832 -0.3875099 -0.4297633 2.79361 -0.4229549 -0.8056695 2.680722 -0.1821026 -0.00672966 2.685988 -0.1083546 -0.4310611 2.682358 -0.009482917 -0.795985 2.5533 
-0.2621194 0.6313817 2.679283 -0.2665728 0.4191289 2.697973 -0.2733289 0.2041256 2.708707 -0.4272441 0.4266692 2.747878 -0.5160676 0.1044979 2.761899 -0.4843747 -0.1683241 2.649009 -0.1059016 0.4115885 2.648067 0.03350845 0.562661 2.453377 0.004752032 0.7935703 2.301584 -0.3743663 -0.006452973 2.748725 -0.3820597 -0.4354575 2.784981 -0.4211758 -0.8159837 2.682396 -0.1858035 -0.01530228 2.690156 -0.1067614 -0.4389148 2.686956 -0.00395472 -0.8114403 2.557237 
-0.2605371 0.6267394 2.679274 -0.2671133 0.4144156 2.69767 -0.2752096 0.1993677 2.708859 -0.4254128 0.4233632 2.755089 -0.509029 0.1092467 2.784465 -0.5034789 -0.1646132 2.669683 -0.1088139 0.4054679 2.64025 0.02127129 0.5303342 2.420236 -0.001856508 0.734706 2.242007 -0.3762752 -0.01042513 2.753772 -0.3823048 -0.4404856 2.767461 -0.4209118 -0.8116993 2.677216 -0.1903366 -0.02093504 2.686326 -0.1049042 -0.443227 2.675911 -0.004017677 -0.8089728 2.548165 
-0.2590414 0.6301113 2.690786 -0.2673905 0.4170879 2.702476 -0.2778851 0.2019632 2.709678 -0.4234178 0.4268308 2.766135 -0.5065954 0.1016967 2.793764 -0.5108689 -0.177074 2.687072 -0.1113631 0.407345 2.638817 0.01356094 0.4986011 2.401184 -0.009259557 0.6727989 2.197032 -0.3800424 -0.007437821 2.754277 -0.3850845 -0.4380181 2.76601 -0.4192647 -0.8038809 2.675538 -0.1967172 -0.0188853 2.679482 -0.1048112 -0.4399318 2.670813 -0.006148811 -0.7991172 2.545142 
-0.2555247 0.6286806 2.693992 -0.2667203 0.4160062 2.70329 -0.2787521 0.2008805 2.709447 -0.4231782 0.4265607 2.766321 -0.5057887 0.09834875 2.806379 -0.529799 -0.1883122 2.721395 -0.1102624 0.4054517 2.64026 -0.002706665 0.4517986 2.383101 -0.02416288 0.5741912 2.144494 -0.3826748 -0.008046234 2.752623 -0.3826784 -0.4388045 2.766035 -0.4187747 -0.8085074 2.672787 -0.1988929 -0.02044403 2.678584 -0.1012467 -0.4402785 2.676784 -0.00151059 -0.8021846 2.550073 
-0.2529438 0.6292138 2.696593 -0.2659312 0.417491 2.704911 -0.2798905 0.2024528 2.710889 -0.4223925 0.4294008 2.767971 -0.5018827 0.09668124 2.817688 -0.5418916 -0.1953235 2.75186 -0.10947 0.4055811 2.641852 -0.01884136 0.4293908 2.372554 -0.02986685 0.4901289 2.117341 -0.3858014 -0.005586044 2.753927 -0.3810778 -0.4364215 2.767419 -0.4206397 -0.8039929 2.673491 -0.2018982 -0.01958473 2.679807 -0.1010108 -0.4387343 2.677925 -0.002752464 -0.7984486 2.554237 
-0.2522998 0.628154 2.697393 -0.2679525 0.4167494 2.706623 -0.2838988 0.2018617 2.713356 -0.424042 0.4303308 2.770389 -0.4994294 0.09684653 2.823348 -0.5494207 -0.1994824 2.775028 -0.1118631 0.4031681 2.642856 -0.03381629 0.3310602 2.363038 -0.03416639 0.4145285 2.104937 -0.3916089 -0.005041702 2.757578 -0.3825213 -0.4359148 2.769175 -0.424077 -0.8061773 2.674242 -0.2080813 -0.02101039 2.682602 -0.1042269 -0.439431 2.677132 -0.007067367 -0.7990829 2.557302 
