-0.3556559 0.6058726 2.767893 -0.3431937 0.3859504 2.778528 -0.3106342 0.1736943 2.766144 -0.506648 0.3629474 2.743041 -0.5697193 0.07904989 2.72844 -0.5733697 -0.1919735 2.574435 -0.1797393 0.4089533 2.814015 0.05439059 0.4571795 2.934045 0.1276251 0.7197723 2.932546 -0.3731549 -0.05194245 2.733118 -0.4035605 -0.4734013 2.794088 -0.4328843 -0.825436 2.708161 -0.1829944 -0.02518115 2.774403 -0.08308769 -0.4440277 2.771719 0.01165368 -0.7893013 2.718759 
-0.3516709 0.6038923 2.763108 -0.3334292 0.3876628 2.775005 -0.3041643 0.1745318 2.770612 -0.498196 0.3656594 2.744896 -0.5682188 0.07142843 2.7338 -0.5637325 -0.1953654 2.57891 -0.1686625 0.4096662 2.805114 0.0633077 0.4897101 2.910562 0.1068102 0.7594408 2.898919 -0.3711531 -0.05145322 2.748629 -0.4191959 -0.47442 2.798262 -0.4510728 -0.8042904 2.728999 -0.1786456 -0.02574527 2.783807 -0.09405922 -0.4477514 2.792409 -0.006460503 -0.7811015 2.741951 
-0.3454948 0.6094096 2.78118 -0.324239 0.3946273 2.783031 -0.2978694 0.181105 2.774131 -0.4899718 0.3752849 2.756038 -0.559649 0.06573779 2.736902 -0.5448887 -0.2086977 2.606698 -0.1585062 0.4139698 2.810024 0.06761158 0.5328192 2.872332 0.08253776 0.8061103 2.838919 -0.3686056 -0.04375037 2.749416 -0.4159307 -0.4673463 2.805136 -0.4459897 -0.7922506 2.716486 -0.1743942 -0.02108423 2.781047 -0.0852515 -0.4424511 2.778862 -0.004406715 -0.7790679 2.728937 
-0.342482 0.6134558 2.801658 -0.3167891 0.4010779 2.792363 -0.2890491 0.1880627 2.776928 -0.4833295 0.3808634 2.772031 -0.5509676 0.06045746 2.755435 -0.5345548 -0.2164801 2.625367 -0.1502487 0.4212924 2.812695 0.0676889 0.5687913 2.826626 0.05793604 0.845399 2.792579 -0.3591088 -0.03682321 2.749553 -0.4019783 -0.4606736 2.811393 -0.4421946 -0.8025272 2.713946 -0.1635093 -0.01308157 2.773433 -0.07256974 -0.4343332 2.773238 0.005060562 -0.7793719 2.722223 
-0.3343782 0.6134502 2.800968 -0.3085144 0.4019083 2.793615 -0.2828666 0.1883786 2.780413 -0.4758337 0.3826454 2.78012 -0.536433 0.06269293 2.775264 -0.5178575 -0.2116863 2.634994 -0.141195 0.4211711 2.807109 0.06138466 0.5934377 2.787851 0.04786891 0.8690692 2.739201 -0.3555486 -0.03647148 2.759281 -0.4022761 -0.460456 2.819882 -0.4462051 -0.808804 2.722656 -0.1588892 -0.01383079 2.775142 -0.07374831 -0.4361871 2.784329 -0.0006124649 -0.7909781 2.733662 
-0.3198429 0.6138337 2.800237 -0.2974097 0.4023751 2.795169 -0.2759071 0.1882288 2.784518 -0.4651498 0.3855613 2.794585 -0.5280553 0.07663254 2.792076 -0.5027955 -0.2050412 2.667921 -0.1296697 0.419189 2.795753 0.04928483 0.6118045 2.735072 0.0300693 0.8860127 2.67309 -0.3532287 -0.03582336 2.773522 -0.396321 -0.4614802 2.824989 -0.4471092 -0.8069568 2.725661 -0.1555801 -0.01601157 2.77421 -0.06843219 -0.4380462 2.785303 -0.002351654 -0.7957746 2.731002 
-0.3140759 0.6160696 2.811341 -0.2938139 0.4041255 2.80118 -0.2752998 0.1899091 2.786796 -0.4609192 0.3887947 2.814411 -0.5091679 0.08679236 2.806346 -0.4878348 -0.2005527 2.694184 -0.1267084 0.4194562 2.78795 0.04150943 0.6187581 2.695699 0.01769177 0.8859297 2.610264 -0.3551806 -0.03333434 2.780203 -0.3993021 -0.4602223 2.818533 -0.4504781 -0.803887 2.718738 -0.1583908 -0.01528029 2.764622 -0.06969818 -0.4370285 2.776995 -0.009032986 -0.7879977 2.723223 
-0.3015449 0.6142408 2.796392 -0.2853195 0.4015681 2.796315 -0.2710998 0.1867626 2.789516 -0.4517428 0.3898171 2.819508 -0.4996325 0.09223571 2.81544 -0.4767783 -0.1979928 2.710149 -0.1188963 0.413319 2.773122 0.03446134 0.6170669 2.660435 0.01217694 0.8751978 2.550128 -0.3546697 -0.03494754 2.796346 -0.3921264 -0.4631048 2.827798 -0.4471494 -0.8067093 2.728534 -0.1590905 -0.02113797 2.769089 -0.06274734 -0.4407997 2.789201 -0.007121013 -0.7967675 2.736757 
-0.2948021 0.6118695 2.798422 -0.2826804 0.399975 2.798594 -0.2723081 0.1848429 2.792761 -0.4473553 0.3911065 2.832859 -0.495921 0.09558435 2.824309 -0.4735838 -0.1959141 2.721648 -0.1180054 0.4088436 2.764329 0.02276953 0.6100445 2.626366 -9.711266E-05 0.8665558 2.506029 -0.3587722 -0.03550443 2.807077 -0.3910356 -0.4645723 2.813517 -0.452006 -0.8047107 2.724312 -0.1650992 -0.02507419 2.766778 -0.06608917 -0.4442454 2.785882 -0.01509401 -0.796817 2.731209 
-0.2887261 0.6139944 2.799396 -0.2798589 0.4015467 2.801886 -0.2723455 0.1862067 2.797632 -0.4423263 0.3950045 2.846111 -0.4948425 0.09971402 2.833299 -0.4679112 -0.1904881 2.727805 -0.1173914 0.408089 2.757662 0.01143865 0.5845479 2.582285 -0.01649995 0.8294303 2.441116 -0.3603297 -0.03297894 2.819372 -0.3881161 -0.4627875 2.819299 -0.4470832 -0.7990594 2.72745 -0.1693346 -0.02528793 2.767382 -0.05976035 -0.4417606 2.785836 -0.01427417 -0.7941405 2.733245 
-0.2829941 0.6112254 2.800824 -0.2769911 0.3988145 2.803736 -0.271376 0.1833565 2.800747 -0.43831 0.3939255 2.853109 -0.4948844 0.1021799 2.844404 -0.4661937 -0.1852436 2.731979 -0.1156722 0.4037035 2.754363 0.0002418518 0.5507848 2.553175 -0.02516947 0.7736064 2.384495 -0.3604725 -0.03497194 2.826745 -0.3874694 -0.4649051 2.817725 -0.4444161 -0.8082988 2.723344 -0.1710495 -0.02923119 2.76877 -0.05862334 -0.4450935 2.785678 -0.01282329 -0.7983932 2.732645 
-0.2798038 0.6071382 2.800525 -0.2766934 0.3943673 2.803713 -0.272269 0.1788498 2.801025 -0.4369375 0.3904119 2.857094 -0.494429 0.1020359 2.849573 -0.4638224 -0.1843771 2.734874 -0.1164493 0.3983227 2.750332 -0.005873718 0.5188913 2.531602 -0.0344848 0.7130129 2.340313 -0.3619808 -0.03899133 2.829696 -0.3891172 -0.4685058 2.808662 -0.444535 -0.8096749 2.720864 -0.1737084 -0.03434405 2.766978 -0.05786181 -0.4494559 2.778567 -0.01436528 -0.7928355 2.731851 
-0.2712191 0.6108414 2.806053 -0.2755646 0.3964417 2.808905 -0.2797939 0.1810394 2.804028 -0.4344763 0.3982557 2.866594 -0.4948112 0.1007158 2.85453 -0.4601603 -0.1834348 2.735289 -0.1166528 0.3946277 2.751216 -0.02325238 0.4684311 2.518679 -0.03835551 0.5770512 2.278805 -0.3774332 -0.03329666 2.833061 -0.3991551 -0.4628394 2.804452 -0.44673 -0.797772 2.71974 -0.1906131 -0.03542926 2.76524 -0.06088493 -0.4459523 2.784851 -0.01882716 -0.7892775 2.738817 
-0.2744898 0.6114517 2.813632 -0.2780134 0.3973363 2.812315 -0.2819401 0.1819929 2.804198 -0.4366283 0.3980151 2.871045 -0.4946145 0.1068931 2.85897 -0.4638692 -0.1779292 2.740256 -0.1193986 0.3966575 2.753584 -0.03214142 0.4502105 2.515838 -0.04042858 0.5102065 2.260926 -0.379102 -0.03295157 2.830604 -0.3943724 -0.4623226 2.79587 -0.442494 -0.8000877 2.714618 -0.1926316 -0.03374957 2.761559 -0.06038254 -0.4438156 2.773413 -0.01609207 -0.7878081 2.732134 
-0.2763501 0.6141191 2.818431 -0.2801135 0.3997484 2.814942 -0.2839156 0.1844639 2.804678 -0.4388563 0.3997625 2.87345 -0.4953711 0.1049776 2.860521 -0.4703987 -0.1804428 2.74196 -0.1213707 0.3997343 2.756435 -0.03807093 0.4191103 2.511435 -0.04110282 0.4466319 2.24767 -0.3810448 -0.03081236 2.82881 -0.3977673 -0.460396 2.796409 -0.4433218 -0.8005739 2.717735 -0.1943909 -0.030829 2.760016 -0.06022629 -0.4402151 2.775949 -0.01530656 -0.7863255 2.733358 
