-0.3696454 0.6148412 2.793594 -0.3329579 0.4039772 2.788467 -0.2959006 0.1917946 2.779311 -0.4966594 0.3768114 2.75546 -0.5178904 0.07466574 2.755045 -0.4643223 -0.225686 2.699705 -0.1692564 0.431143 2.821474 0.02510652 0.3312139 2.96639 0.2150812 0.5134267 3.034268 -0.3550951 -0.03636073 2.750748 -0.4151978 -0.4576872 2.819308 -0.451851 -0.8032215 2.707665 -0.1625917 -0.004415359 2.789563 -0.0961386 -0.4301409 2.773925 -0.01430565 -0.7662295 2.740565 
-0.3693958 0.6170047 2.796403 -0.3315876 0.405605 2.790377 -0.2937915 0.1936062 2.779903 -0.4947022 0.3782861 2.754721 -0.5163565 0.07985877 2.757457 -0.4596288 -0.219175 2.698266 -0.1684731 0.4329239 2.826034 0.04655835 0.386617 2.96571 0.1871064 0.6155679 3.021559 -0.3519187 -0.03445822 2.748459 -0.4052443 -0.4561768 2.820206 -0.446072 -0.8122907 2.70447 -0.1600722 -0.002327179 2.790396 -0.09324057 -0.4280122 2.774378 -0.009460746 -0.771608 2.741488 
-0.3667404 0.6210566 2.798791 -0.3279915 0.4097683 2.794244 -0.2889472 0.1979658 2.784287 -0.4912198 0.3812882 2.759998 -0.5165681 0.08126117 2.764742 -0.4599003 -0.2167797 2.700674 -0.1647632 0.4382484 2.82849 0.06027294 0.4533162 2.956337 0.1400478 0.7143317 2.983642 -0.3458849 -0.03058363 2.754193 -0.4019264 -0.4507953 2.832472 -0.4446065 -0.8092298 2.710599 -0.1539209 0.002910233 2.794468 -0.08774351 -0.4229284 2.779449 -0.004339424 -0.7691044 2.742394 
-0.364812 0.6204777 2.799485 -0.3241631 0.4100938 2.795336 -0.284419 0.1984092 2.785523 -0.4878945 0.3807841 2.764465 -0.517718 0.08398651 2.774421 -0.4639499 -0.2136791 2.706241 -0.1604318 0.4394036 2.826206 0.07163699 0.5051597 2.930655 0.0968245 0.7818565 2.938998 -0.3409706 -0.03051346 2.757554 -0.4023317 -0.4492612 2.839668 -0.4453927 -0.8154849 2.707808 -0.1483791 0.003962555 2.793866 -0.08702119 -0.4222387 2.772162 -0.005704048 -0.7711139 2.738562 
-0.365968 0.6177005 2.81082 -0.321913 0.4084783 2.801038 -0.2798044 0.1975463 2.786959 -0.485903 0.3775926 2.773295 -0.5187734 0.08436356 2.782289 -0.4656707 -0.2134115 2.713882 -0.157923 0.4393641 2.828781 0.07428439 0.5465409 2.896789 0.06379491 0.8300272 2.893165 -0.3341375 -0.0315495 2.756564 -0.3988003 -0.4510677 2.831891 -0.4453359 -0.8173174 2.705243 -0.1412541 0.004777985 2.789195 -0.08417991 -0.422042 2.767519 -0.003482407 -0.7727643 2.734918 
-0.3622929 0.6194767 2.816014 -0.3178063 0.4099165 2.805852 -0.2759864 0.1989361 2.791201 -0.4825419 0.378797 2.783765 -0.5184796 0.0796109 2.796627 -0.4666813 -0.2157182 2.71808 -0.1530706 0.441036 2.82794 0.07213412 0.5812614 2.868897 0.03358148 0.8662904 2.852768 -0.331078 -0.03035144 2.763556 -0.4018115 -0.4481736 2.842751 -0.4479874 -0.8149167 2.712638 -0.137255 0.006262817 2.789543 -0.08728339 -0.4216034 2.772468 -0.004256614 -0.7723163 2.740151 
-0.353419 0.6120204 2.808662 -0.3112883 0.4025532 2.803049 -0.2712233 0.1910193 2.792517 -0.4768732 0.3717075 2.792676 -0.511903 0.08183899 2.810592 -0.4671531 -0.2122223 2.723764 -0.1457033 0.4333988 2.813422 0.06168799 0.6072695 2.812503 0.008769341 0.8939286 2.779177 -0.3287309 -0.03869058 2.775872 -0.3968195 -0.4584414 2.846545 -0.4492022 -0.8233967 2.718131 -0.1335856 -0.002338318 2.788096 -0.08046925 -0.4295814 2.765512 -0.004914276 -0.7814969 2.739952 
-0.3448253 0.6132034 2.815066 -0.3057215 0.4033007 2.807013 -0.2694272 0.1912107 2.794461 -0.4718226 0.3747766 2.808699 -0.5082783 0.07460462 2.827274 -0.4673772 -0.2129925 2.721037 -0.1396204 0.4318248 2.805326 0.04728892 0.6305639 2.758414 -0.0186385 0.9198266 2.733813 -0.3309326 -0.03767415 2.782902 -0.4007142 -0.4593344 2.837207 -0.4532868 -0.8151376 2.714871 -0.1353334 -0.004084457 2.780916 -0.08131576 -0.4312363 2.757765 -0.01101502 -0.7746172 2.734469 
-0.3379858 0.617902 2.818297 -0.3025673 0.4074157 2.810566 -0.2701903 0.1946902 2.798027 -0.468022 0.3812938 2.826508 -0.5010116 0.07993487 2.835927 -0.4703099 -0.2087807 2.72856 -0.1371126 0.4335377 2.794624 0.04165675 0.6382719 2.718401 -0.0350082 0.9245095 2.671601 -0.3352719 -0.03342203 2.794879 -0.4018325 -0.4560236 2.847324 -0.4548462 -0.8092772 2.717754 -0.1403546 -0.002648529 2.776098 -0.07657222 -0.4284391 2.754401 -0.01656244 -0.7735061 2.735378 
-0.3346866 0.6155391 2.830412 -0.3016993 0.4047363 2.817225 -0.2715684 0.1919793 2.800572 -0.462457 0.3789864 2.855339 -0.499911 0.08710855 2.852839 -0.4708996 -0.1997301 2.739478 -0.1409415 0.4304863 2.779111 0.02111829 0.622853 2.660424 -0.04874477 0.9008765 2.581234 -0.3365672 -0.03601541 2.806473 -0.3987594 -0.4604577 2.847681 -0.4496601 -0.8153636 2.717314 -0.146308 -0.005539978 2.761364 -0.07387814 -0.429873 2.738662 -0.01863001 -0.7788398 2.726699 
-0.3276212 0.6145588 2.847555 -0.3001863 0.4054568 2.826282 -0.2749026 0.1926609 2.804054 -0.4567946 0.3812128 2.880241 -0.4936672 0.08079217 2.863992 -0.469278 -0.2024509 2.740975 -0.1435779 0.4297009 2.772324 0.005878708 0.6046246 2.617558 -0.05993216 0.8702599 2.502951 -0.3416038 -0.03437491 2.813519 -0.4033705 -0.4600167 2.835003 -0.4505012 -0.809639 2.712339 -0.1576339 -0.005895111 2.750133 -0.07647195 -0.4288836 2.743644 -0.0263564 -0.7763296 2.732217 
-0.3249299 0.6156809 2.856482 -0.3002143 0.4060014 2.832752 -0.2780595 0.1930208 2.808513 -0.4537143 0.3827343 2.896891 -0.4877131 0.08112372 2.869822 -0.4630027 -0.200791 2.743429 -0.1467143 0.4292686 2.768614 -0.01158362 0.5852283 2.583931 -0.06875178 0.8356141 2.439964 -0.3458641 -0.03359561 2.821862 -0.401404 -0.4606109 2.834227 -0.4458736 -0.8075951 2.714577 -0.1659454 -0.006324005 2.746684 -0.07172771 -0.4266139 2.747601 -0.02593265 -0.7760683 2.741698 
-0.3092865 0.61141 2.846551 -0.2906328 0.3993561 2.83155 -0.2741978 0.1852118 2.813671 -0.4406678 0.3815709 2.906653 -0.4683887 0.08538061 2.882887 -0.4555959 -0.1949022 2.75108 -0.1405978 0.4171412 2.756446 -0.03556469 0.5363673 2.534784 -0.07812656 0.7384881 2.335041 -0.3458509 -0.0393744 2.839886 -0.3928634 -0.4678051 2.838316 -0.4366286 -0.8108192 2.713997 -0.1696745 -0.01849043 2.751697 -0.06053026 -0.4354426 2.751947 -0.01738037 -0.7758314 2.748819 
-0.3003632 0.6013589 2.835378 -0.2866242 0.3886988 2.826478 -0.2740937 0.1740091 2.812795 -0.436747 0.3750785 2.902709 -0.4654831 0.08739093 2.887631 -0.4536709 -0.1929338 2.755636 -0.1365014 0.4023192 2.750246 -0.0522783 0.5071911 2.512882 -0.08416203 0.6709141 2.293331 -0.3497414 -0.04868085 2.843889 -0.4006362 -0.4762454 2.82821 -0.446162 -0.8217376 2.707011 -0.1733853 -0.03268042 2.754336 -0.06263589 -0.4491877 2.746911 -0.02310286 -0.7911403 2.750546 
-0.2981156 0.6057979 2.850299 -0.2849539 0.3936859 2.833705 -0.2739603 0.1794351 2.813788 -0.4337081 0.3787199 2.912591 -0.4642194 0.08050119 2.892205 -0.4531866 -0.1983146 2.756942 -0.1361997 0.4086519 2.754819 -0.06220041 0.4815468 2.497438 -0.09012225 0.5968702 2.257292 -0.3503798 -0.0436103 2.840227 -0.3956466 -0.4715527 2.817141 -0.4447498 -0.8061489 2.697329 -0.1755538 -0.02602129 2.747515 -0.05926421 -0.44106 2.739429 -0.02191557 -0.7708145 2.740134 
-0.2985031 0.6115614 2.857694 -0.2823849 0.3718543 2.83678 -0.2760082 0.1578569 2.812679 -0.4333932 0.3589191 2.911681 -0.4637884 0.08029996 2.901496 -0.4505934 -0.1958848 2.761187 -0.1313766 0.3847896 2.761879 -0.07303257 0.4348436 2.493184 -0.0882064 0.4864407 2.234568 -0.358298 -0.06373567 2.832557 -0.4037898 -0.4921014 2.819504 -0.4519034 -0.8332025 2.692313 -0.1809649 -0.04854552 2.744599 -0.06141074 -0.4615981 2.740988 -0.02455164 -0.7960742 2.742025 
-0.2885505 0.6073259 2.850997 -0.2793436 0.3801388 2.835886 -0.2756358 0.1655592 2.81688 -0.4271474 0.3703855 2.91717 -0.476232 0.05988358 2.93504 -0.4448533 -0.186764 2.756948 -0.1315398 0.389892 2.754601 -0.08292494 0.3879729 2.484625 -0.08890942 0.396983 2.216945 -0.3588735 -0.05475761 2.84569 -0.3977854 -0.4843805 2.83116 -0.4451343 -0.8046523 2.713626 -0.1849826 -0.04328291 2.75006 -0.05845092 -0.4548258 2.746893 -0.02224616 -0.7664932 2.74806 
