-0.3663066 0.6241241 2.718189 -0.3453863 0.4120464 2.71876 -0.3220237 0.1977897 2.713498 -0.5043648 0.3960772 2.663143 -0.5457482 0.08341672 2.639752 -0.480873 -0.2109896 2.577552 -0.1864078 0.4280156 2.774376 -0.02179793 0.3669374 2.942556 0.07890093 0.5722979 3.037543 -0.3921332 -0.02585608 2.675537 -0.4136603 -0.4467712 2.766184 -0.423495 -0.8155171 2.670325 -0.2051891 -0.007077728 2.740937 -0.1316335 -0.4310784 2.714026 -0.01206295 -0.8051107 2.555308 
-0.3662924 0.628088 2.729206 -0.3442689 0.4174859 2.723579 -0.3195118 0.2036255 2.713218 -0.5028076 0.401895 2.666571 -0.5428489 0.08119287 2.63488 -0.4762901 -0.2134626 2.566028 -0.1857301 0.4330769 2.780588 -0.00638118 0.4154883 2.939791 0.05112329 0.6494424 3.030314 -0.3879761 -0.01940253 2.669336 -0.4123085 -0.4380885 2.768943 -0.4214974 -0.8016964 2.663744 -0.2015335 -0.001067444 2.736379 -0.1257722 -0.4240075 2.70114 -0.01212269 -0.7919345 2.553229 
-0.362159 0.6334768 2.733707 -0.3399259 0.4220847 2.727284 -0.3154778 0.2082606 2.714998 -0.497711 0.4074506 2.667993 -0.5389066 0.08159 2.638934 -0.4724862 -0.2036379 2.534553 -0.1821408 0.4367189 2.786575 0.009820312 0.4652538 2.928902 0.02967564 0.7138514 3.018083 -0.3838192 -0.0141694 2.667845 -0.4112086 -0.4260415 2.790036 -0.4226893 -0.8053542 2.66997 -0.1982401 0.003042541 2.737581 -0.1253908 -0.4207348 2.706084 -0.01461962 -0.7903542 2.560089 
-0.3548926 0.629307 2.735917 -0.3293606 0.418288 2.729294 -0.3020505 0.2047945 2.717211 -0.4884131 0.4010462 2.674445 -0.5359548 0.08480503 2.642932 -0.4635374 -0.1975557 2.531024 -0.1703082 0.4355299 2.784143 0.02491366 0.5376222 2.894904 -0.006157301 0.7891589 2.982243 -0.3683088 -0.01884224 2.672862 -0.3858982 -0.4254802 2.812655 -0.4269322 -0.8394735 2.63874 -0.1811719 0.001444016 2.737396 -0.1063937 -0.4201369 2.689274 -0.001397491 -0.7953268 2.559764 
-0.3496172 0.6300282 2.738052 -0.3229167 0.4190206 2.730518 -0.2951259 0.2055967 2.717946 -0.4841007 0.4008254 2.683102 -0.53399 0.08541275 2.644456 -0.4587637 -0.194137 2.530054 -0.1617328 0.4372158 2.777934 0.03194633 0.5917993 2.867441 -0.0190947 0.849669 2.948089 -0.3621931 -0.01853513 2.677468 -0.3843807 -0.4273955 2.811108 -0.4476433 -0.8505955 2.603501 -0.1724772 0.00288089 2.733278 -0.108475 -0.4195846 2.677989 -0.01000258 -0.7899304 2.556906 
-0.3417169 0.6251803 2.738644 -0.3150275 0.4148687 2.730268 -0.2877639 0.2013986 2.717167 -0.4783445 0.396392 2.691465 -0.5345078 0.08371176 2.651237 -0.4518227 -0.1931155 2.53713 -0.1517105 0.4333455 2.769072 0.02695946 0.6418893 2.827739 -0.03894045 0.8988435 2.920284 -0.3566075 -0.02294461 2.681232 -0.375253 -0.4322202 2.814918 -0.4568372 -0.8658596 2.589207 -0.1643932 -0.001198578 2.726902 -0.1078361 -0.4242854 2.667561 -0.008198097 -0.7947626 2.556661 
-0.3314512 0.6281066 2.749404 -0.3096894 0.4179113 2.732776 -0.2885004 0.2044797 2.712698 -0.4765176 0.4024956 2.720587 -0.5219977 0.07337341 2.68107 -0.4459397 -0.1946068 2.552411 -0.1428612 0.433327 2.744964 0.01890627 0.6886451 2.744346 -0.0487224 0.9595442 2.831815 -0.3659173 -0.01806357 2.685416 -0.3862295 -0.4322702 2.802988 -0.4759906 -0.8572353 2.586637 -0.1687055 0.0001596985 2.699824 -0.1197398 -0.4252622 2.650513 -0.02528833 -0.787518 2.545025 
-0.3293853 0.6331305 2.753311 -0.3067068 0.4225351 2.735594 -0.2856556 0.2090659 2.714752 -0.4739273 0.4059075 2.736999 -0.515036 0.07471012 2.697995 -0.44716 -0.1966194 2.56658 -0.1394863 0.4391628 2.734188 0.00771936 0.6893828 2.711823 -0.05154698 0.9716926 2.765268 -0.3628989 -0.01417732 2.694737 -0.3637377 -0.4305361 2.804662 -0.4603071 -0.8604941 2.603584 -0.1663096 0.005370621 2.693085 -0.1054521 -0.4198637 2.667714 -0.009155769 -0.7844175 2.55763 
-0.3202468 0.6288608 2.755835 -0.3000824 0.4198663 2.735983 -0.2808326 0.2061591 2.715392 -0.4666347 0.4033893 2.751289 -0.5124972 0.09389599 2.718346 -0.4515171 -0.1839744 2.597004 -0.1335301 0.4363432 2.720678 0.0004038086 0.6904697 2.670991 -0.05047211 0.9794677 2.698812 -0.3595178 -0.01723659 2.7038 -0.3599307 -0.4373751 2.798299 -0.4569641 -0.8652018 2.605678 -0.163648 0.002140671 2.685801 -0.1036762 -0.4239413 2.666059 -0.007871094 -0.7935834 2.554904 
-0.314146 0.6307878 2.755594 -0.29568 0.4212027 2.736599 -0.2784477 0.2072847 2.716209 -0.4608524 0.4052776 2.764082 -0.5075318 0.1025409 2.732125 -0.4550205 -0.1809527 2.619813 -0.1305075 0.4371278 2.709115 -0.003515312 0.6858738 2.636102 -0.05746156 0.9759189 2.632302 -0.3582682 -0.01599072 2.711967 -0.3614821 -0.4388149 2.794089 -0.4614538 -0.8598254 2.604373 -0.1641629 0.002723999 2.67967 -0.1012547 -0.4233519 2.6651 -0.010778 -0.7905835 2.556417 
-0.3004104 0.6290522 2.746581 -0.2878534 0.4178905 2.733323 -0.2759118 0.2033132 2.717633 -0.4509788 0.4059337 2.772692 -0.4983658 0.1074232 2.758926 -0.4609756 -0.1800209 2.650836 -0.124728 0.4298474 2.693953 -0.01785543 0.6739857 2.577008 -0.0686233 0.95531 2.518844 -0.359877 -0.01829388 2.725089 -0.3565602 -0.4419189 2.803982 -0.4664022 -0.8658265 2.602615 -0.1680635 -0.004234253 2.678796 -0.1046073 -0.4304873 2.669279 -0.01261143 -0.7985429 2.560364 
-0.294952 0.6298068 2.751994 -0.2852784 0.4190726 2.736349 -0.2760244 0.2043618 2.720026 -0.4453746 0.4083097 2.78716 -0.4920926 0.1091985 2.780159 -0.4625225 -0.179964 2.67341 -0.1251822 0.4298355 2.685538 -0.02834072 0.6527202 2.530451 -0.07851692 0.9200302 2.426165 -0.3608736 -0.01667534 2.733569 -0.3560281 -0.4415861 2.805707 -0.4670805 -0.8617096 2.600046 -0.1726672 -0.004022659 2.673836 -0.1007468 -0.4288845 2.662554 -0.01111453 -0.7925117 2.55448 
-0.2885915 0.6306764 2.736162 -0.2810269 0.4184834 2.731133 -0.2740653 0.2033474 2.721921 -0.4379298 0.4108059 2.791858 -0.4889235 0.1113262 2.792766 -0.4606777 -0.1799845 2.691037 -0.124124 0.4261609 2.670408 -0.03390938 0.6275259 2.492956 -0.08649475 0.8728186 2.345466 -0.3593121 -0.01630045 2.748395 -0.3475222 -0.4432141 2.804705 -0.465438 -0.8622583 2.606484 -0.1748953 -0.007276703 2.677022 -0.1006925 -0.4318992 2.669961 -0.007488159 -0.797128 2.562843 
-0.2808529 0.6204554 2.72927 -0.2778223 0.4078124 2.728232 -0.2743181 0.1924416 2.722678 -0.4316958 0.4035373 2.796945 -0.4832806 0.1121613 2.807018 -0.4638938 -0.1824663 2.713394 -0.1239487 0.4120876 2.659518 -0.04985993 0.5738102 2.445565 -0.09494022 0.7784116 2.258255 -0.3612177 -0.02544096 2.757496 -0.349437 -0.4544317 2.785052 -0.4690793 -0.8715528 2.596357 -0.1804102 -0.02041746 2.676755 -0.1007695 -0.4438438 2.662707 -0.008408463 -0.8074978 2.556004 
-0.2784726 0.6195432 2.724251 -0.2763676 0.4065856 2.726831 -0.2741877 0.1910934 2.723854 -0.4290619 0.4040458 2.798872 -0.4786291 0.1055358 2.813936 -0.4650511 -0.1913571 2.726383 -0.1236732 0.4091255 2.65479 -0.05840375 0.5264221 2.422791 -0.09749017 0.6795977 2.203399 -0.361651 -0.02588992 2.76317 -0.3470578 -0.4555634 2.787554 -0.4690614 -0.8631816 2.58769 -0.1823645 -0.02290775 2.678583 -0.09418307 -0.4445075 2.661626 -0.003546371 -0.7971401 2.556405 
-0.2780753 0.6192113 2.73074 -0.2775218 0.4057363 2.729457 -0.2764677 0.1902796 2.723424 -0.4294843 0.4029219 2.803415 -0.4760206 0.1051442 2.819181 -0.4662877 -0.194357 2.740438 -0.1255594 0.4085508 2.655499 -0.07372033 0.4871943 2.404403 -0.1013382 0.5835366 2.159524 -0.3646846 -0.02683052 2.760837 -0.3502126 -0.4571492 2.775449 -0.4712659 -0.8648157 2.577114 -0.1861423 -0.02352376 2.673943 -0.09500952 -0.4444606 2.654543 -0.006210251 -0.7959331 2.552187 
-0.2724464 0.6174846 2.724442 -0.2741237 0.4037933 2.726573 -0.2754896 0.1882783 2.722595 -0.4278395 0.4034685 2.796952 -0.4765307 0.1102316 2.824821 -0.4688257 -0.189875 2.747582 -0.1204078 0.4041181 2.656195 -0.08788554 0.4440903 2.393167 -0.1032137 0.4923827 2.134258 -0.3672309 -0.02742755 2.759995 -0.3498164 -0.4576713 2.778475 -0.470628 -0.8650237 2.576363 -0.1864801 -0.02704565 2.677238 -0.08985528 -0.4469447 2.662887 -0.004554146 -0.7981884 2.561706 
-0.2721003 0.6140431 2.722313 -0.2733398 0.4004648 2.72474 -0.2754753 0.1849106 2.722292 -0.4271603 0.4011903 2.795076 -0.4742925 0.1104557 2.828121 -0.466524 -0.1909024 2.755733 -0.1195194 0.3997395 2.654403 -0.1039384 0.3790373 2.39557 -0.1073169 0.3897061 2.127178 -0.3680238 -0.03021738 2.761187 -0.3493837 -0.4607242 2.771108 -0.4653367 -0.8600003 2.592341 -0.1871978 -0.03107013 2.678502 -0.08851785 -0.45012 2.656161 -0.003276375 -0.8013621 2.557482 
