-0.4513318 0.6131781 2.511046 -0.4369048 0.4043189 2.516948 -0.4207884 0.1954784 2.522092 -0.5810971 0.3911761 2.43513 -0.669421 0.08094623 2.411904 -0.6022922 -0.1781694 2.260869 -0.2927125 0.4174616 2.598766 -0.1464553 0.3743718 2.825799 0.01729291 0.5448986 2.948039 -0.488539 -0.02100632 2.479649 -0.495613 -0.4384296 2.517866 -0.5408487 -0.8352135 2.487109 -0.320805 -0.005717804 2.574825 -0.2702892 -0.4177437 2.630785 -0.1034789 -0.8461617 2.485627 
-0.4562554 0.6145783 2.513679 -0.4382637 0.4061921 2.519216 -0.419889 0.1974718 2.523713 -0.5835082 0.3916879 2.43949 -0.6707197 0.08048081 2.415441 -0.6090283 -0.1722037 2.255318 -0.2930192 0.4206962 2.598942 -0.132729 0.4391761 2.823378 -0.00112796 0.6501004 2.936724 -0.4859805 -0.01968333 2.481846 -0.4977462 -0.437557 2.512715 -0.5426394 -0.8327906 2.488031 -0.3170484 -0.002813705 2.574574 -0.2758115 -0.416392 2.627375 -0.1042885 -0.8493147 2.481224 
-0.461382 0.6153387 2.51398 -0.4401775 0.407903 2.519507 -0.4192303 0.1994123 2.524434 -0.5865731 0.3913707 2.442337 -0.6708597 0.07624502 2.419202 -0.6115606 -0.1689838 2.248969 -0.2937819 0.4244352 2.596676 -0.1203588 0.4910825 2.812163 -0.02848982 0.7343862 2.912622 -0.483429 -0.01869373 2.484479 -0.4993019 -0.4360967 2.519833 -0.5430347 -0.83856 2.487575 -0.3131372 0.0005370789 2.574244 -0.270022 -0.4139433 2.618335 -0.1076136 -0.8457636 2.485915 
-0.4639648 0.612198 2.505676 -0.4397173 0.4056447 2.51731 -0.4156721 0.1976862 2.526699 -0.58768 0.3852416 2.444326 -0.6718566 0.07010001 2.432038 -0.6103072 -0.1687486 2.248922 -0.2917544 0.4260478 2.590293 -0.1111331 0.5475726 2.783058 -0.05031402 0.814947 2.855523 -0.4777182 -0.02214383 2.493623 -0.4951305 -0.4394761 2.529688 -0.5395941 -0.8437223 2.494636 -0.3055355 0.00159906 2.578552 -0.26475 -0.4119122 2.632804 -0.1036549 -0.849497 2.487954 
-0.4707489 0.6170509 2.50946 -0.439766 0.4108683 2.520063 -0.4100693 0.2036456 2.528912 -0.5893014 0.3865222 2.451761 -0.6679524 0.06108069 2.440956 -0.6093325 -0.1694467 2.247467 -0.2902306 0.4352144 2.588365 -0.1085591 0.5902475 2.746922 -0.06757937 0.871856 2.802922 -0.4673678 -0.01774088 2.498024 -0.4900956 -0.4352655 2.52773 -0.5348898 -0.8342582 2.492161 -0.2933776 0.01058676 2.577497 -0.2544832 -0.404008 2.625001 -0.1015021 -0.8382755 2.48584 
-0.469798 0.6149029 2.512334 -0.4351346 0.4099799 2.522229 -0.4019514 0.2032587 2.531223 -0.5879968 0.3828917 2.463602 -0.6654791 0.0600668 2.45737 -0.604919 -0.168424 2.264535 -0.2822723 0.437068 2.580855 -0.1002713 0.6205887 2.685851 -0.08553791 0.9124966 2.714212 -0.4578019 -0.01923987 2.50607 -0.484381 -0.4366129 2.535233 -0.5350631 -0.839307 2.49702 -0.2797345 0.01231485 2.574363 -0.2483955 -0.4025352 2.62523 -0.09916145 -0.8464178 2.48189 
-0.4689207 0.6121973 2.512835 -0.4322634 0.4072303 2.522091 -0.397621 0.2007183 2.531343 -0.5886398 0.3788959 2.475166 -0.6622286 0.06204019 2.477116 -0.603277 -0.168618 2.284545 -0.275887 0.4355646 2.569015 -0.09891669 0.6296351 2.646928 -0.09081609 0.9255751 2.645581 -0.4540569 -0.0222964 2.513266 -0.4860822 -0.4390107 2.545962 -0.5426925 -0.8419594 2.494749 -0.2719005 0.01070912 2.567926 -0.2483556 -0.4036957 2.625794 -0.1039504 -0.8516713 2.476726 
-0.4672838 0.6118281 2.515134 -0.4292778 0.4068948 2.522428 -0.3945561 0.2003025 2.529812 -0.5888745 0.3788744 2.488926 -0.6616958 0.0620665 2.498028 -0.6040954 -0.1692621 2.302512 -0.2696811 0.4349152 2.555931 -0.1001626 0.6323586 2.605781 -0.09709451 0.9291403 2.580785 -0.452789 -0.02260985 2.517682 -0.4877579 -0.4391129 2.550483 -0.5440232 -0.8392711 2.489725 -0.2668798 0.01003029 2.556708 -0.2457363 -0.4034173 2.62211 -0.1028152 -0.8537028 2.468442 
-0.4602681 0.6107607 2.517144 -0.4241913 0.4053409 2.522437 -0.3908074 0.1984826 2.528929 -0.5872588 0.3786644 2.510965 -0.656179 0.05526633 2.525491 -0.6030734 -0.1733576 2.331089 -0.2611239 0.4320175 2.533909 -0.09647754 0.6333086 2.522384 -0.1103211 0.9243039 2.453481 -0.4521276 -0.02386856 2.528759 -0.4791538 -0.4398995 2.572559 -0.54246 -0.8379454 2.494525 -0.2627196 0.007117096 2.542084 -0.2295361 -0.4014955 2.628571 -0.1113058 -0.8513567 2.484767 
-0.4535538 0.6106611 2.515838 -0.4186138 0.4051832 2.521875 -0.3868946 0.1981253 2.530015 -0.5824043 0.3800155 2.519922 -0.6480362 0.05010007 2.538778 -0.6039633 -0.175794 2.340297 -0.2548234 0.430351 2.523829 -0.0965826 0.6280263 2.477689 -0.1183228 0.9131272 2.388202 -0.4503815 -0.02356192 2.537018 -0.4741735 -0.4401298 2.577759 -0.5423626 -0.8361512 2.496876 -0.2599692 0.005696472 2.539289 -0.224967 -0.4016414 2.631461 -0.1126039 -0.8519537 2.483275 
-0.4495046 0.6146185 2.515267 -0.4174257 0.4080394 2.522425 -0.3887227 0.2006407 2.532393 -0.5808868 0.3860118 2.534794 -0.6389288 0.05100235 2.560503 -0.5983204 -0.1773209 2.360691 -0.2539645 0.4300669 2.510055 -0.09711763 0.6210643 2.433561 -0.1203977 0.8985119 2.322589 -0.4552723 -0.01959398 2.549569 -0.4782562 -0.4362133 2.590632 -0.5490049 -0.8332978 2.5028 -0.2647672 0.006077988 2.535153 -0.2284151 -0.4011547 2.627727 -0.1205117 -0.8493668 2.480364 
-0.4388486 0.6108118 2.514461 -0.4107399 0.4051023 2.522756 -0.3851931 0.1973973 2.534531 -0.5735326 0.3863959 2.545972 -0.6309013 0.05346689 2.583835 -0.5947859 -0.1829868 2.392845 -0.2479473 0.4238088 2.499539 -0.09767813 0.5961259 2.373578 -0.1210204 0.8570647 2.230548 -0.4542684 -0.02118071 2.559802 -0.4655824 -0.4387933 2.592457 -0.5448455 -0.8403043 2.499734 -0.2650243 0.0005652313 2.532812 -0.2222437 -0.4029492 2.637324 -0.1169894 -0.8553376 2.484276 
-0.4317495 0.6117511 2.522496 -0.406549 0.4062091 2.526743 -0.3833063 0.1981031 2.535772 -0.5688657 0.3893555 2.556131 -0.6235121 0.05676819 2.600435 -0.5951555 -0.1856406 2.417895 -0.2442323 0.4230626 2.497356 -0.1004792 0.5688242 2.326942 -0.1208481 0.8111858 2.15472 -0.4542865 -0.01978621 2.56186 -0.4643703 -0.4379695 2.588008 -0.544856 -0.8359864 2.491679 -0.2658407 -0.0002196503 2.527742 -0.2184754 -0.4027634 2.634448 -0.1163945 -0.8512019 2.47866 
-0.4255014 0.6074603 2.526504 -0.4028582 0.4012925 2.529235 -0.3812943 0.1929314 2.536835 -0.5641509 0.3859103 2.565155 -0.606791 0.05940683 2.626237 -0.5969253 -0.1899685 2.447056 -0.2415655 0.4166748 2.493315 -0.1112608 0.518885 2.277021 -0.1251709 0.7369155 2.080229 -0.453455 -0.02436812 2.565308 -0.458683 -0.4422418 2.597482 -0.543892 -0.8407277 2.492168 -0.2660058 -0.006491348 2.523563 -0.218763 -0.4056781 2.64195 -0.1140476 -0.8570134 2.474186 
-0.4200492 0.6068078 2.528989 -0.3994231 0.3997926 2.53113 -0.3791911 0.1912365 2.537172 -0.5603835 0.3852946 2.569675 -0.5974098 0.06471289 2.642625 -0.5980521 -0.1914924 2.4749 -0.2384626 0.4142906 2.492585 -0.1186397 0.4824304 2.247028 -0.1246288 0.6537447 2.02175 -0.4524668 -0.02574214 2.565605 -0.4570504 -0.4437343 2.597401 -0.5438573 -0.8364317 2.489612 -0.2654513 -0.008897263 2.520822 -0.2134986 -0.409393 2.632839 -0.1163468 -0.8477875 2.481917 
-0.4075541 0.6105985 2.527449 -0.3967893 0.4024304 2.533012 -0.3862207 0.1933096 2.540817 -0.556143 0.3961178 2.579651 -0.5908609 0.07145209 2.657239 -0.5969641 -0.1919561 2.500646 -0.2374356 0.4087431 2.486373 -0.1448003 0.4088779 2.218148 -0.1243778 0.4855668 1.971525 -0.4683387 -0.01948296 2.57575 -0.4677784 -0.4382998 2.591279 -0.5549589 -0.8282881 2.493979 -0.2829654 -0.01213954 2.521496 -0.224526 -0.4124308 2.631288 -0.130373 -0.8472583 2.485089 
-0.4024562 0.6110528 2.528965 -0.3968129 0.4026869 2.534657 -0.3912458 0.1933561 2.541985 -0.5562935 0.4000837 2.581458 -0.5904348 0.07522552 2.663108 -0.5924675 -0.1892515 2.508293 -0.2373323 0.40529 2.487857 -0.1483957 0.3989394 2.213595 -0.1305992 0.3988032 1.952423 -0.4783932 -0.0174881 2.576519 -0.4647219 -0.435939 2.59304 -0.5540537 -0.8317544 2.490443 -0.2929643 -0.01446143 2.522104 -0.2255894 -0.4124372 2.634984 -0.1285844 -0.8516352 2.486967 
-0.4006331 0.6041014 2.522207 -0.3961254 0.3958349 2.532457 -0.3906592 0.1866865 2.544177 -0.5551563 0.3944001 2.581025 -0.588533 0.09570388 2.665118 -0.5934703 -0.1736834 2.525162 -0.2370945 0.3972696 2.48389 -0.1516765 0.3644889 2.214786 -0.1339572 0.3412091 1.944442 -0.4776494 -0.02329605 2.584133 -0.4538199 -0.4414426 2.596628 -0.5427164 -0.838682 2.499424 -0.2927368 -0.02162781 2.527661 -0.2145804 -0.4177811 2.639806 -0.1181044 -0.8573234 2.490754 
