-0.3484778 0.6161464 2.694103 -0.3395375 0.4035801 2.705333 -0.3274889 0.1884192 2.710345 -0.5031362 0.3934461 2.663554 -0.5946634 0.09117557 2.631276 -0.5989379 -0.1839877 2.488232 -0.1759388 0.4137143 2.747113 -0.008880585 0.3645227 2.954428 0.1492043 0.571039 3.028655 -0.4116519 -0.03270154 2.690786 -0.4099497 -0.4603806 2.743587 -0.4195079 -0.8088725 2.663018 -0.2192288 -0.02078189 2.739926 -0.08957841 -0.4212636 2.646798 0.03728557 -0.791385 2.593774 
-0.3378483 0.6166129 2.696659 -0.3281021 0.4043702 2.706569 -0.3154823 0.1891855 2.709543 -0.491119 0.394201 2.662506 -0.5848168 0.09607685 2.630642 -0.5866941 -0.1652112 2.466324 -0.1650852 0.4145394 2.750632 0.02157085 0.4062734 2.941725 0.1462353 0.6430159 2.992604 -0.3987146 -0.03197864 2.686609 -0.4000005 -0.4581701 2.750318 -0.4159487 -0.8103566 2.662814 -0.2070107 -0.02001993 2.738426 -0.07969055 -0.4228091 2.652386 0.04515702 -0.7912833 2.607489 
-0.3140009 0.6134504 2.69795 -0.305514 0.4011705 2.706156 -0.2948644 0.1858612 2.706837 -0.4694625 0.3929322 2.665334 -0.5699285 0.1035524 2.632838 -0.5688884 -0.1526038 2.456652 -0.1415656 0.4094087 2.746977 0.06226408 0.4576204 2.900889 0.1363345 0.7164714 2.932072 -0.3806361 -0.03429311 2.683511 -0.3799486 -0.4611593 2.743476 -0.410862 -0.8178607 2.661891 -0.1877936 -0.02460298 2.731526 -0.06182515 -0.4277404 2.644833 0.05965804 -0.7916005 2.602085 
-0.2898664 0.6067915 2.678648 -0.2828485 0.3947479 2.697788 -0.2759017 0.1796362 2.706671 -0.4482799 0.3879975 2.66369 -0.5492963 0.102645 2.633524 -0.549543 -0.1524736 2.457188 -0.1174171 0.4014982 2.731886 0.09180217 0.5009595 2.862483 0.1342117 0.7734469 2.875462 -0.3663019 -0.0394476 2.695489 -0.3729231 -0.4670613 2.749304 -0.4131308 -0.8179184 2.674945 -0.1716079 -0.03150323 2.735618 -0.0525155 -0.4379769 2.655453 0.06294241 -0.7924158 2.61257 
-0.2678818 0.6109695 2.689928 -0.2612722 0.397662 2.702518 -0.2554292 0.1823264 2.706787 -0.4269986 0.3925044 2.669176 -0.5306563 0.0983302 2.641253 -0.5262161 -0.1542834 2.466011 -0.09554573 0.4028196 2.73586 0.1168882 0.5344687 2.823263 0.1307531 0.8142041 2.81873 -0.3469955 -0.0360408 2.691458 -0.3582155 -0.4651856 2.725907 -0.4061546 -0.8065691 2.658888 -0.1521771 -0.02997781 2.730653 -0.03556109 -0.4363822 2.646345 0.06969968 -0.7821566 2.605694 
-0.2346731 0.6132019 2.694109 -0.2298081 0.3988808 2.70246 -0.2263218 0.1834134 2.703507 -0.396679 0.3960509 2.675687 -0.5053896 0.09670614 2.65116 -0.4967682 -0.1556959 2.479299 -0.06293718 0.4017107 2.729233 0.1333797 0.56769 2.755693 0.1341906 0.8551409 2.740719 -0.3210215 -0.03371921 2.688801 -0.3305985 -0.4638552 2.708557 -0.3951652 -0.8106564 2.658803 -0.1246494 -0.03038898 2.720307 -0.008537422 -0.4386422 2.644947 0.08109181 -0.7797589 2.59997 
-0.2082351 0.6171064 2.696167 -0.2040325 0.4032076 2.701819 -0.200936 0.1876789 2.701457 -0.3720422 0.4008204 2.686062 -0.4787408 0.09788657 2.671588 -0.4773046 -0.1559401 2.507082 -0.03602287 0.4055947 2.717577 0.1511442 0.5918094 2.708867 0.1366602 0.884824 2.679664 -0.2967938 -0.02925577 2.691814 -0.3105686 -0.4597321 2.704573 -0.3923583 -0.8110005 2.665173 -0.09888523 -0.02644382 2.710375 0.005879921 -0.439348 2.645862 0.08168851 -0.7787505 2.601201 
-0.1812181 0.621356 2.696796 -0.1794058 0.4083076 2.702879 -0.1794969 0.192748 2.70278 -0.3478965 0.4083805 2.69944 -0.4533565 0.09892774 2.690397 -0.4610413 -0.1568259 2.531567 -0.01091517 0.4082347 2.706318 0.1625855 0.6094208 2.660063 0.134941 0.9024494 2.606943 -0.2788099 -0.0227688 2.700656 -0.2988296 -0.4530803 2.699236 -0.3893902 -0.8092253 2.668894 -0.08036579 -0.02285464 2.704706 0.0101515 -0.440529 2.651939 0.07615437 -0.7802761 2.606897 
-0.1434036 0.6223125 2.697857 -0.1434732 0.4082745 2.703829 -0.1449429 0.1927159 2.706992 -0.3114088 0.4096453 2.719208 -0.4005116 0.1021691 2.716852 -0.4267972 -0.168625 2.584417 0.02446244 0.4069038 2.68845 0.1714791 0.6016684 2.577558 0.1343281 0.8870422 2.482252 -0.2451612 -0.02203682 2.719197 -0.2677289 -0.4516708 2.694916 -0.3724896 -0.823604 2.659953 -0.04766385 -0.02364888 2.701112 0.02457512 -0.4454926 2.651233 0.075215 -0.7847664 2.611354 
-0.1248079 0.6258377 2.699139 -0.1284418 0.4106013 2.705289 -0.1329247 0.1950971 2.708781 -0.2943179 0.4145165 2.733951 -0.3797429 0.1070836 2.731025 -0.4073714 -0.1682934 2.613655 0.03743432 0.406686 2.676626 0.1691305 0.5903375 2.542817 0.1400308 0.8648362 2.418332 -0.2351051 -0.018101 2.729156 -0.2579323 -0.4471395 2.695436 -0.3650492 -0.8218175 2.651526 -0.03970994 -0.02271297 2.695393 0.02427668 -0.4457184 2.643365 0.06804986 -0.7810083 2.606312 
-0.1080985 0.6281214 2.698742 -0.1153534 0.4141234 2.706477 -0.1232539 0.1987705 2.711757 -0.2796586 0.4210586 2.743479 -0.3543284 0.1110137 2.749086 -0.3879802 -0.1670731 2.638719 0.04895183 0.4071882 2.669475 0.1693479 0.5746049 2.506303 0.1442173 0.8329136 2.351212 -0.2276704 -0.01250861 2.738773 -0.2470558 -0.4396418 2.686961 -0.3422955 -0.8137828 2.640295 -0.03463868 -0.02065628 2.695302 0.02695285 -0.4446304 2.647616 0.06626072 -0.7814189 2.612791 
-0.0859077 0.6282758 2.698084 -0.09596677 0.4158216 2.706595 -0.1071643 0.2006404 2.712783 -0.2568009 0.4255996 2.755571 -0.3326343 0.1145018 2.761142 -0.3694015 -0.1686946 2.685959 0.06486739 0.4060436 2.65762 0.1677204 0.5443097 2.455794 0.1425694 0.7662274 2.257798 -0.2130276 -0.008785477 2.747797 -0.2202033 -0.4343623 2.682711 -0.2820914 -0.8109877 2.629735 -0.02369616 -0.02029594 2.690145 0.03522598 -0.4446504 2.641832 0.07331085 -0.7858549 2.607743 
-0.06944131 0.6367063 2.698635 -0.08013802 0.4239618 2.707623 -0.0916272 0.208778 2.714102 -0.2390586 0.4341214 2.763237 -0.3123166 0.116247 2.775564 -0.3502006 -0.1733711 2.724713 0.07878249 0.4138021 2.65201 0.1643717 0.5181582 2.419915 0.1377783 0.6967714 2.18979 -0.1964228 -0.0004407043 2.753232 -0.2052463 -0.4239463 2.675295 -0.2334439 -0.8085079 2.619694 -0.009809992 -0.01237067 2.687928 0.04324028 -0.4379281 2.643716 0.07767558 -0.7756873 2.611087 
-0.05696588 0.6368307 2.697936 -0.07053759 0.42472 2.706639 -0.08467862 0.2097016 2.713255 -0.2280712 0.4369159 2.766279 -0.2999726 0.1274913 2.789453 -0.3369119 -0.1654931 2.750384 0.08699601 0.4125242 2.646999 0.1576924 0.4910735 2.389498 0.1301017 0.6278316 2.143954 -0.1913436 0.001846176 2.7549 -0.1995029 -0.4201455 2.66823 -0.2107635 -0.8096535 2.615219 -0.00629574 -0.01247972 2.684844 0.03522396 -0.4385681 2.635098 0.06721517 -0.7844009 2.608634 
-0.04931523 0.6356173 2.698082 -0.06464753 0.4229253 2.705344 -0.0800046 0.2079451 2.710567 -0.2188347 0.4355821 2.772955 -0.2857878 0.1346286 2.800017 -0.3219846 -0.1606969 2.781097 0.08953969 0.4102685 2.637734 0.148313 0.4505047 2.36279 0.1178745 0.5324361 2.107338 -0.1860602 0.000410141 2.75556 -0.1718315 -0.4209087 2.66842 -0.1911025 -0.8034073 2.610381 -0.004663202 -0.01448024 2.676018 0.03668468 -0.4411728 2.630643 0.06593968 -0.7881461 2.600521 
-0.0404346 0.6338237 2.698161 -0.05972177 0.4217092 2.704599 -0.07863574 0.2070104 2.708783 -0.2127464 0.4365573 2.774753 -0.2774024 0.1103304 2.807527 -0.3099867 -0.1865242 2.807477 0.09330285 0.4068612 2.634445 0.1401554 0.4212379 2.350437 0.1132856 0.4566635 2.085512 -0.1874526 0.001034851 2.754183 -0.1603037 -0.4199927 2.667792 -0.1901366 -0.7968364 2.60598 -0.007646835 -0.01641174 2.671751 0.03702227 -0.4435342 2.634443 0.06379048 -0.7910342 2.604846 
