-0.3191391 0.7617244 2.821302 -0.3282919 0.5477245 2.855425 -0.3347687 0.3310582 2.878929 -0.5018266 0.5456054 2.788072 -0.5025403 0.2604763 2.788916 -0.5029398 -0.02297708 2.758031 -0.1547572 0.5498437 2.922779 -0.0404816 0.4911656 3.179978 0.06846897 0.7318749 3.246178 -0.4349735 0.1132473 2.866055 -0.3936214 -0.3144273 2.938412 -0.4199912 -0.7166359 2.66733 -0.2475173 0.1155365 2.938811 -0.2286932 -0.3072514 3.043412 -0.1759439 -0.6758321 3.046513 
-0.3241538 0.7630643 2.822395 -0.3325765 0.5489211 2.855396 -0.338896 0.3320507 2.876931 -0.5065299 0.5473942 2.788972 -0.5071006 0.2622643 2.789648 -0.5075187 -0.02150757 2.761841 -0.1586231 0.5504479 2.921818 -0.02974762 0.521579 3.17449 0.04608548 0.7777588 3.221043 -0.4391715 0.1143557 2.862589 -0.3969003 -0.3104811 2.949314 -0.4208152 -0.7172312 2.662648 -0.2512597 0.1160051 2.934342 -0.234262 -0.3065129 3.040599 -0.1748211 -0.6781374 3.038729 
-0.3334287 0.7592541 2.82241 -0.3358324 0.5460633 2.857043 -0.3374237 0.3294892 2.88156 -0.5107953 0.5401814 2.793728 -0.5112517 0.255051 2.794269 -0.5116757 -0.02897888 2.769236 -0.1608695 0.5519452 2.920357 -0.01385518 0.5652929 3.156222 0.03455458 0.8324217 3.188998 -0.4335676 0.1097364 2.871861 -0.3933125 -0.3160846 2.95567 -0.4116864 -0.721787 2.679333 -0.2444625 0.1160938 2.940293 -0.2226509 -0.3074925 3.041192 -0.1657493 -0.6757162 3.05205 
-0.3464842 0.7604715 2.824899 -0.3412522 0.5474973 2.859989 -0.3370103 0.3310668 2.885672 -0.519644 0.5378355 2.808034 -0.5199361 0.2527046 2.80838 -0.5203454 -0.03170398 2.788095 -0.1628605 0.5571589 2.911944 0.001053726 0.6433085 3.105234 0.01808251 0.9198932 3.108605 -0.4291967 0.1094139 2.883271 -0.4083771 -0.3199811 2.953979 -0.4126195 -0.721449 2.674981 -0.23634 0.119859 2.939439 -0.233272 -0.3035199 3.043127 -0.1689014 -0.6732927 3.045165 
-0.3510772 0.7570625 2.812661 -0.3434888 0.5458356 2.856262 -0.337277 0.3303086 2.887885 -0.5235503 0.5340175 2.811086 -0.523784 0.2488865 2.811363 -0.5241777 -0.0356593 2.793104 -0.1634273 0.5576537 2.901437 0.004622238 0.6772343 3.079608 0.009629365 0.9571483 3.0762 -0.4283659 0.1083955 2.895097 -0.4140205 -0.3199733 2.97371 -0.4130304 -0.7219052 2.678649 -0.2337644 0.1211679 2.94392 -0.2345905 -0.3036927 3.041532 -0.1709642 -0.6725321 3.05222 
-0.3570081 0.7583724 2.817496 -0.3450894 0.5471225 2.859238 -0.3355508 0.3314715 2.889356 -0.527034 0.5340734 2.823427 -0.5272211 0.2489422 2.823648 -0.5275959 -0.03571478 2.807214 -0.1631449 0.5601716 2.895049 0.005276321 0.7155557 3.032723 0.01485587 0.9967484 3.011448 -0.4243766 0.1087658 2.900114 -0.4121746 -0.3207872 2.973082 -0.4105369 -0.7191147 2.669951 -0.2276478 0.1228753 2.938834 -0.2305059 -0.3014132 3.03914 -0.1697724 -0.669165 3.047332 
-0.361267 0.7607383 2.819448 -0.3461311 0.5501785 2.860605 -0.3339868 0.3347196 2.891355 -0.5292428 0.5357288 2.831676 -0.5293924 0.2505976 2.831854 -0.5297463 -0.03414951 2.817061 -0.1630195 0.5646281 2.889533 0.01114893 0.746773 2.988822 0.02211032 1.030546 2.96135 -0.4207447 0.1114563 2.90648 -0.4110793 -0.3198256 2.968553 -0.4111504 -0.7165174 2.672404 -0.2229402 0.1270654 2.937729 -0.2291904 -0.2976505 3.036175 -0.1741399 -0.6627567 3.049196 
-0.3649919 0.7595733 2.820907 -0.3455751 0.5497986 2.862694 -0.3303764 0.3347862 2.895172 -0.5296131 0.5336359 2.841817 -0.5297328 0.2485046 2.841959 -0.5300649 -0.0363154 2.828645 -0.1615371 0.5659613 2.88357 0.009808395 0.7601366 2.937047 0.02739801 1.039407 2.880882 -0.4146196 0.1110405 2.91637 -0.4094199 -0.3190129 2.987022 -0.4087174 -0.7190098 2.675963 -0.2157356 0.128507 2.938931 -0.2238902 -0.2972439 3.032653 -0.1732912 -0.6620295 3.051893 
-0.36694 0.7608941 2.821157 -0.3450187 0.5515029 2.864195 -0.3274627 0.3369224 2.898364 -0.5296577 0.5342134 2.850485 -0.5297534 0.2490821 2.850598 -0.5300632 -0.03579706 2.838615 -0.1603797 0.5687923 2.877906 0.005954422 0.7673811 2.896397 0.0287138 1.041969 2.819184 -0.4096449 0.1130025 2.925126 -0.4069969 -0.3185714 2.985936 -0.4105071 -0.7168422 2.672346 -0.2101687 0.1316813 2.939938 -0.2274553 -0.293831 3.033202 -0.1701933 -0.6725393 3.047928 
-0.366966 0.7551378 2.822718 -0.3403482 0.5464962 2.864874 -0.3171269 0.3323814 2.898257 -0.5249807 0.5255502 2.858959 -0.5250573 0.2404189 2.85905 -0.5253449 -0.04450821 2.848265 -0.1557157 0.5674421 2.870789 0.0005429687 0.7701876 2.843982 0.02611569 1.035176 2.739694 -0.3936791 0.1069476 2.928443 -0.3930281 -0.3913275 2.956448 -0.3997832 -0.7234629 2.670653 -0.1941321 0.1295856 2.934836 -0.2140424 -0.2971829 3.021641 -0.1603993 -0.6769375 3.041906 
-0.3700653 0.7584205 2.826297 -0.3405102 0.5491305 2.866673 -0.3155289 0.3348674 2.898131 -0.5245936 0.5298919 2.881821 -0.5246423 0.2447606 2.881879 -0.5248876 -0.04023676 2.873143 -0.1564268 0.5683691 2.851525 -0.01054378 0.7673508 2.766276 0.02345396 1.010335 2.618363 -0.3902728 0.110182 2.937794 -0.4115927 -0.3541249 2.965213 -0.4234971 -0.7132416 2.69517 -0.1908223 0.1310266 2.921382 -0.2291547 -0.2912767 3.0219 -0.1835452 -0.6677159 3.04185 
-0.370737 0.761439 2.834596 -0.346249 0.5505822 2.871126 -0.3266249 0.3354713 2.900096 -0.5290985 0.5376707 2.899116 -0.5291375 0.2525393 2.899162 -0.5293629 -0.03248346 2.891299 -0.1633996 0.5634936 2.843136 -0.01669293 0.7573025 2.732793 0.01510262 0.9895021 2.56748 -0.4060716 0.1133648 2.944231 -0.4260132 -0.3359956 2.974587 -0.4334753 -0.7155453 2.683427 -0.2079298 0.1273561 2.9139 -0.2438755 -0.2946292 3.017167 -0.1998232 -0.6712644 3.041169 
-0.3716093 0.7601398 2.839138 -0.349272 0.548601 2.874627 -0.3322451 0.3330806 2.902419 -0.5299841 0.5395278 2.914981 -0.5300152 0.2543965 2.915018 -0.5302219 -0.03064688 2.907941 -0.16856 0.5576741 2.834273 -0.02918678 0.7294191 2.69407 0.00502657 0.9414576 2.505199 -0.4129608 0.1126527 2.952038 -0.4174709 -0.3298655 2.974892 -0.4237956 -0.7175572 2.680099 -0.2174756 0.1224676 2.908385 -0.2378964 -0.2978421 3.02103 -0.1921591 -0.6747445 3.041111 
-0.3707815 0.7595018 2.842884 -0.3505335 0.5477002 2.876689 -0.3359178 0.3318627 2.903532 -0.5290418 0.5418556 2.92689 -0.5290666 0.2567242 2.92692 -0.5292559 -0.02833579 2.920551 -0.1720252 0.5535449 2.826488 -0.03610748 0.7096888 2.652637 0.0005375557 0.9033667 2.449782 -0.4177223 0.1128682 2.95749 -0.4137655 -0.3262418 2.97559 -0.4206498 -0.7181905 2.672987 -0.2248819 0.1191821 2.903259 -0.2322749 -0.3020907 3.014019 -0.1921977 -0.6732479 3.039615 
-0.3723736 0.7633218 2.86567 -0.3534319 0.5515194 2.886626 -0.3378512 0.3350109 2.905014 -0.5291971 0.5439052 2.945903 -0.529217 0.2587739 2.945926 -0.5293899 -0.02629974 2.940194 -0.1776666 0.5591335 2.827349 -0.04575948 0.6806508 2.612782 -0.01777313 0.8451341 2.391601 -0.417196 0.1143904 2.955416 -0.411038 -0.323086 2.970375 -0.4153213 -0.7171693 2.663088 -0.2273451 0.1226147 2.891389 -0.2236647 -0.2991875 3.00059 -0.1904033 -0.6645739 3.034468 
-0.3719442 0.7640846 2.866578 -0.3525921 0.5522594 2.886794 -0.3368243 0.3355593 2.903819 -0.5262963 0.544776 2.952419 -0.5263121 0.2596446 2.952438 -0.5264698 -0.02543997 2.947279 -0.1788877 0.5597428 2.821168 -0.05589884 0.6663043 2.586399 -0.02701735 0.7861289 2.347516 -0.4148221 0.1148196 2.956268 -0.409376 -0.3219394 2.961893 -0.4133184 -0.7178015 2.664452 -0.227291 0.1228987 2.885419 -0.2211905 -0.294609 3.009573 -0.1902275 -0.6682944 3.043216 
-0.3714847 0.7667713 2.876542 -0.3550706 0.554131 2.893126 -0.3409205 0.3370339 2.906157 -0.528381 0.5468721 2.960386 -0.5283936 0.2617407 2.960401 -0.5285372 -0.02335269 2.955758 -0.1817603 0.5613898 2.825867 -0.07096591 0.6321353 2.571709 -0.04207486 0.713149 2.316345 -0.420308 0.1160192 2.955489 -0.4213191 -0.3200828 2.969487 -0.4207465 -0.7179006 2.664494 -0.2332329 0.1238546 2.882888 -0.2235041 -0.2937415 3.007274 -0.1986192 -0.6688439 3.047596 
-0.3719023 0.7673278 2.88801 -0.3597485 0.5536129 2.899356 -0.3495696 0.3360315 2.907923 -0.532554 0.5482515 2.968504 -0.5325621 0.2631201 2.968513 -0.5326809 -0.02198627 2.964752 -0.1869429 0.5589743 2.830208 -0.07549727 0.5797774 2.556442 -0.06327683 0.5908834 2.283906 -0.4327264 0.1155543 2.953839 -0.4274313 -0.3200873 2.973401 -0.4196778 -0.7219088 2.664308 -0.246055 0.1213459 2.879143 -0.2265511 -0.2904095 3.020598 -0.19709 -0.6761699 3.046381 
-0.3676935 0.7644956 2.889134 -0.3586626 0.5500479 2.899837 -0.3514905 0.332327 2.908702 -0.5304797 0.5473117 2.971641 -0.5304847 0.2621803 2.971648 -0.5305827 -0.02293469 2.968601 -0.1868455 0.5527839 2.828032 -0.08412435 0.5099445 2.558872 -0.07741227 0.488169 2.280289 -0.4371377 0.1131281 2.956357 -0.4212903 -0.3218198 2.979336 -0.4165215 -0.7246289 2.66186 -0.251499 0.1160844 2.878776 -0.2219364 -0.2945416 3.022254 -0.1926776 -0.6780273 3.040612 
-0.3684536 0.7650633 2.888319 -0.3596866 0.550459 2.900636 -0.3532029 0.3327405 2.910268 -0.5303121 0.5486777 2.975227 -0.5303161 0.2635463 2.975232 -0.5304049 -0.02157178 2.97249 -0.1890613 0.5522404 2.826044 -0.09005573 0.4694764 2.563943 -0.08440025 0.4386507 2.284789 -0.4389089 0.1140594 2.960202 -0.4228104 -0.3212729 2.975301 -0.4183954 -0.7192582 2.668619 -0.2545296 0.1159844 2.879597 -0.2220869 -0.2950356 3.021442 -0.1970823 -0.6682832 3.043414 
