-0.4323863 0.6144729 2.774508 -0.4031628 0.4035121 2.789767 -0.3741176 0.1900556 2.797941 -0.5648737 0.3798346 2.746067 -0.6074634 0.08200876 2.747372 -0.5637589 -0.2047785 2.684637 -0.2414518 0.4271896 2.833468 -0.008266602 0.4248435 2.958343 0.1349105 0.6591364 2.990117 -0.4401495 -0.03732196 2.780422 -0.4764271 -0.4626916 2.72089 -0.4927882 -0.8123313 2.600142 -0.2499954 -0.009479858 2.831809 -0.2240606 -0.439505 2.850276 -0.1786743 -0.7903048 2.858108 
-0.4325437 0.6180002 2.777862 -0.4028244 0.4066018 2.793193 -0.3735979 0.1931211 2.800461 -0.5641607 0.3829768 2.748035 -0.6031684 0.08472101 2.748699 -0.5589477 -0.2007194 2.679802 -0.2414882 0.4302268 2.838351 0.001864914 0.4634247 2.938192 0.09925925 0.7211241 2.962032 -0.4392363 -0.03425102 2.781176 -0.4791962 -0.4596434 2.723676 -0.4939026 -0.810072 2.600189 -0.2495064 -0.006468277 2.834281 -0.2266475 -0.4366263 2.853732 -0.1815311 -0.7924982 2.858045 
-0.4299854 0.6166484 2.77957 -0.3995504 0.4056202 2.79421 -0.3699535 0.1921549 2.800622 -0.5609148 0.3818937 2.749148 -0.6000145 0.08521594 2.750371 -0.5569678 -0.2003518 2.680676 -0.238186 0.4293468 2.839272 0.00591536 0.5037153 2.921131 0.07929181 0.7740177 2.9306 -0.4352393 -0.03526175 2.780537 -0.4756574 -0.461375 2.728869 -0.49091 -0.8130841 2.597564 -0.2454738 -0.007359192 2.83353 -0.2252032 -0.4376736 2.852496 -0.1774831 -0.7911448 2.855534 
-0.4263611 0.6120746 2.79429 -0.3956566 0.4015291 2.801592 -0.3659214 0.1880053 2.802787 -0.55928 0.3785412 2.765495 -0.5955288 0.08431327 2.756763 -0.5390728 -0.1949074 2.673301 -0.2320332 0.4245171 2.837689 -0.0005582123 0.5678903 2.876283 0.02628316 0.8474209 2.856256 -0.4324193 -0.0390387 2.782751 -0.4772417 -0.4651679 2.734584 -0.4930339 -0.8106709 2.605422 -0.2399532 -0.01199857 2.825211 -0.222946 -0.4419663 2.852325 -0.1802084 -0.7927443 2.858003 
-0.4237484 0.6106147 2.797753 -0.3930008 0.4000783 2.803923 -0.3635958 0.1864948 2.804029 -0.5581442 0.3773287 2.77647 -0.594227 0.08230945 2.76279 -0.5315606 -0.194747 2.676241 -0.2278574 0.4228279 2.831375 -0.009304505 0.5944208 2.836652 -0.002920123 0.8759862 2.81389 -0.4314075 -0.0404809 2.787974 -0.4775772 -0.4666485 2.741254 -0.4929478 -0.8138033 2.605986 -0.2369742 -0.01369641 2.820296 -0.2206425 -0.4439799 2.842488 -0.1786476 -0.7891141 2.853736 
-0.4180804 0.6091197 2.798995 -0.3880076 0.3981495 2.805907 -0.3594459 0.1844452 2.806209 -0.5543018 0.3758969 2.78657 -0.5963767 0.08261847 2.772101 -0.5319434 -0.1932105 2.682578 -0.2217133 0.4204021 2.825244 -0.01514841 0.6162171 2.80635 -0.02614927 0.898437 2.770488 -0.4287101 -0.04234966 2.795136 -0.4761968 -0.4682687 2.747372 -0.4913525 -0.8130466 2.606517 -0.2330582 -0.01616859 2.817886 -0.2162 -0.445967 2.847334 -0.1752721 -0.7871751 2.851922 
-0.4199603 0.6131217 2.810013 -0.3875706 0.4018848 2.812482 -0.3570706 0.1885111 2.809103 -0.5542055 0.3781328 2.808248 -0.5966554 0.08133493 2.785876 -0.5381439 -0.1944624 2.692299 -0.2209356 0.4256368 2.816717 -0.02572249 0.6284518 2.753594 -0.05579424 0.9071473 2.698884 -0.4248609 -0.03887282 2.803227 -0.4749844 -0.4644425 2.755038 -0.4881642 -0.8106139 2.607751 -0.2282802 -0.0108524 2.808222 -0.2116575 -0.4407305 2.837325 -0.1738384 -0.7805347 2.847979 
-0.4183294 0.6147343 2.819711 -0.3884237 0.403539 2.818044 -0.360281 0.1899429 2.811163 -0.5547935 0.3812879 2.828312 -0.5954705 0.08510791 2.79883 -0.5429285 -0.1913215 2.703533 -0.222054 0.42579 2.807776 -0.03948839 0.6225895 2.715951 -0.07307713 0.890345 2.626778 -0.4300939 -0.03675429 2.810329 -0.4856399 -0.4618827 2.764539 -0.4973653 -0.8153655 2.609507 -0.2341826 -0.01055217 2.798237 -0.2209643 -0.4394412 2.839077 -0.1837504 -0.7886404 2.847921 
-0.4168366 0.6161296 2.83205 -0.3903724 0.4048961 2.8251 -0.3653571 0.1910418 2.815189 -0.5560941 0.3845241 2.846397 -0.5958163 0.08147473 2.810047 -0.5447013 -0.1940786 2.71134 -0.2246508 0.4252681 2.803803 -0.05482277 0.609701 2.670626 -0.093136 0.8675635 2.560092 -0.4377047 -0.03478127 2.81779 -0.4868441 -0.4607311 2.772537 -0.4990137 -0.8156749 2.60954 -0.2429789 -0.0108438 2.792766 -0.2257682 -0.4379841 2.84692 -0.1855944 -0.7868139 2.850391 
-0.406148 0.6101079 2.829516 -0.3870968 0.3977308 2.827528 -0.3681031 0.1831462 2.821374 -0.5502518 0.3821558 2.867056 -0.5916408 0.08319995 2.827667 -0.5493321 -0.1918899 2.723719 -0.2239419 0.4133059 2.788 -0.08058956 0.5690162 2.596527 -0.1136261 0.8046266 2.447869 -0.4450034 -0.04059256 2.838452 -0.4790484 -0.4662769 2.779865 -0.4904591 -0.8227096 2.615553 -0.2532153 -0.02228412 2.791987 -0.220098 -0.4465423 2.859982 -0.1780689 -0.7914822 2.859401 
-0.4064335 0.6130311 2.847302 -0.3874198 0.4005605 2.836044 -0.368569 0.1862712 2.823688 -0.5486531 0.383678 2.882854 -0.5886154 0.08227929 2.839362 -0.5507384 -0.1907129 2.728562 -0.2261865 0.4174431 2.789233 -0.09342472 0.5358863 2.566759 -0.1278732 0.7509236 2.394196 -0.4444528 -0.03793761 2.838837 -0.478034 -0.4615834 2.767383 -0.4879065 -0.8139613 2.602606 -0.2549835 -0.01809853 2.783828 -0.2174197 -0.4429076 2.846388 -0.1756577 -0.7842309 2.848334 
-0.406298 0.614491 2.856282 -0.3877067 0.4018442 2.842196 -0.3703823 0.1875993 2.826557 -0.547971 0.38518 2.89295 -0.5836183 0.08731464 2.85568 -0.5534207 -0.1838802 2.738509 -0.2274424 0.4185084 2.791442 -0.1077462 0.4989047 2.547403 -0.1346697 0.6841162 2.346296 -0.4471936 -0.03643378 2.84073 -0.4818932 -0.4617796 2.780982 -0.4907815 -0.8152206 2.601987 -0.2589223 -0.01685745 2.781106 -0.2205009 -0.4408299 2.849035 -0.175795 -0.7860211 2.85603 
-0.4072173 0.6130997 2.871274 -0.3900116 0.4014483 2.850428 -0.3742349 0.1876034 2.829117 -0.5489691 0.384257 2.905257 -0.5828917 0.08998795 2.872135 -0.5547647 -0.1785541 2.748419 -0.2310539 0.4186396 2.7956 -0.129941 0.4558861 2.525215 -0.1491362 0.5625761 2.290846 -0.4518836 -0.03634555 2.840031 -0.4845046 -0.462447 2.783608 -0.4926059 -0.8197422 2.596803 -0.2650327 -0.0161376 2.775581 -0.2238913 -0.4400909 2.842391 -0.1780675 -0.7834331 2.854854 
-0.4089856 0.6104358 2.86819 -0.3924061 0.3983916 2.85094 -0.37689 0.1843267 2.831074 -0.5514765 0.3817595 2.90592 -0.5818384 0.08633493 2.881616 -0.5557922 -0.1813898 2.755473 -0.2333356 0.4150237 2.795959 -0.1499658 0.4024355 2.511075 -0.1583434 0.4505816 2.254841 -0.4548614 -0.03951309 2.84352 -0.483437 -0.4667078 2.79336 -0.4913702 -0.8270407 2.598223 -0.2678864 -0.01996329 2.778896 -0.2212665 -0.4431942 2.846693 -0.1752555 -0.787428 2.863976 
-0.4088607 0.6080911 2.867218 -0.3930875 0.3951976 2.850209 -0.3793999 0.1809319 2.830878 -0.5506272 0.3797667 2.909699 -0.5813712 0.08173187 2.887274 -0.556612 -0.1853297 2.759346 -0.2355478 0.4106286 2.79072 -0.170475 0.3397139 2.50956 -0.1666029 0.353444 2.242755 -0.458366 -0.04240916 2.846535 -0.4838116 -0.4689453 2.78948 -0.4926762 -0.8278264 2.598901 -0.2730587 -0.02425838 2.77656 -0.2214726 -0.4477039 2.839064 -0.1784086 -0.7826085 2.858032 
-0.4058862 0.6078115 2.854711 -0.3892045 0.392796 2.843549 -0.376056 0.1781425 2.829187 -0.5455917 0.3790094 2.90643 -0.5823125 0.07874496 2.895015 -0.5582421 -0.1893667 2.769104 -0.2328174 0.4065827 2.780668 -0.1771963 0.2813956 2.516764 -0.1727802 0.2410847 2.253748 -0.4548639 -0.04461755 2.851799 -0.4763917 -0.4705211 2.788653 -0.4851311 -0.8256747 2.601198 -0.2709512 -0.02840436 2.77785 -0.2140528 -0.4511941 2.840296 -0.1679822 -0.7842985 2.860434 
