-0.3087969 0.7811463 2.833563 -0.3139824 0.5312175 2.888308 -0.2936062 0.2878282 2.895804 -0.4733022 0.5170782 2.86229 -0.524618 0.2415237 2.898187 -0.3502162 0.1082863 2.669228 -0.1546626 0.5453568 2.914325 0.003229446 0.4869403 3.09559 0.0984122 0.7985278 3.183247 -0.3707103 0.03578789 2.887381 -0.3949445 -0.4175816 2.843028 -0.3838438 -0.8459185 2.775885 -0.1757499 0.0530902 2.919219 -0.1780559 -0.3849279 2.971945 -0.2038526 -0.815348 3.066044 
-0.3102087 0.7824244 2.824703 -0.3143213 0.5349671 2.889541 -0.2985149 0.2945378 2.89537 -0.4752062 0.5236824 2.860351 -0.5308369 0.2469212 2.891853 -0.3782738 0.1278818 2.648998 -0.1534364 0.5462518 2.918731 0.009479889 0.5289608 3.082786 0.06239891 0.8506869 3.091531 -0.3737002 0.04772618 2.88469 -0.3958438 -0.404704 2.841374 -0.3996953 -0.8235685 2.770149 -0.1917166 0.06049077 2.917708 -0.1797587 -0.399436 2.972063 -0.1985237 -0.8024257 3.049212 
-0.3101135 0.7817627 2.825407 -0.3145692 0.5447179 2.887933 -0.2968581 0.2977411 2.894865 -0.4770197 0.5321783 2.856224 -0.5335556 0.2528285 2.892381 -0.3753829 0.1265528 2.66171 -0.1521188 0.5572575 2.919642 0.05249176 0.6127426 3.032148 0.05565679 0.8901492 3.0517 -0.3717986 0.04361246 2.883712 -0.3931036 -0.4075212 2.841561 -0.3987565 -0.813351 2.771161 -0.1864954 0.05791599 2.919882 -0.1805718 -0.3875481 2.958008 -0.2035372 -0.78355 3.048996 
-0.3142104 0.7826372 2.816869 -0.311599 0.5516732 2.882675 -0.2967862 0.3010821 2.892079 -0.4789695 0.5406275 2.851971 -0.5336459 0.2588881 2.891672 -0.3955722 0.1285379 2.646256 -0.1442286 0.5627189 2.913379 0.06459372 0.6118729 2.994786 0.03068596 0.9299716 2.956483 -0.3708064 0.04462834 2.885186 -0.3936575 -0.4082845 2.844294 -0.4030933 -0.8186408 2.774489 -0.1931405 0.0563535 2.917779 -0.1837122 -0.3814357 2.948112 -0.2124213 -0.7717524 3.05516 
-0.3166252 0.7837439 2.812029 -0.3125364 0.555446 2.875951 -0.2978173 0.3045969 2.887729 -0.4820168 0.5441603 2.847389 -0.5374389 0.2604807 2.885533 -0.4133914 0.1210945 2.659553 -0.143056 0.5667317 2.904513 0.07717533 0.6665756 2.895194 0.01765767 0.9660858 2.858826 -0.3696391 0.04798502 2.884923 -0.3924096 -0.4064905 2.845368 -0.4040684 -0.8195087 2.774671 -0.1965571 0.05951059 2.914092 -0.1848531 -0.3814237 2.941422 -0.2105294 -0.7868764 3.056276 
-0.3188226 0.7837309 2.808543 -0.3129649 0.5570325 2.870924 -0.2973104 0.3047715 2.885605 -0.4815921 0.5451418 2.846415 -0.5476002 0.2727335 2.886775 -0.418612 0.1166634 2.668508 -0.1443375 0.5689233 2.895432 0.07235818 0.6692958 2.88966 0.01372966 0.9760526 2.812123 -0.3714572 0.04617807 2.887235 -0.3933475 -0.4078001 2.848318 -0.4040523 -0.8239053 2.77613 -0.1918549 0.05884268 2.913338 -0.1846311 -0.3769993 2.936222 -0.2117222 -0.7785619 3.052987 
-0.3186373 0.7854127 2.806665 -0.3150122 0.5610229 2.86315 -0.2976609 0.3133752 2.87675 -0.4835933 0.5485451 2.851017 -0.5548018 0.283312 2.907489 -0.451183 0.1062428 2.675758 -0.1464312 0.5735008 2.875282 0.06509241 0.6860146 2.832588 -0.001472908 0.9789882 2.705036 -0.3749394 0.05872327 2.883539 -0.395698 -0.3908199 2.843626 -0.4086196 -0.8144497 2.771349 -0.1856795 0.07273169 2.89716 -0.1848864 -0.3810649 2.936551 -0.2149879 -0.7851204 3.056915 
-0.3170861 0.7870329 2.81118 -0.3164601 0.5677158 2.85557 -0.2997704 0.3207532 2.872154 -0.4854988 0.5558673 2.849241 -0.538021 0.3211816 2.933189 -0.4672564 0.1308996 2.698027 -0.1474215 0.5795644 2.861898 0.05435222 0.6727864 2.794244 -0.007781986 0.9634572 2.642115 -0.3802873 0.06697707 2.885099 -0.3972073 -0.383719 2.842875 -0.4081978 -0.8087717 2.770779 -0.1858743 0.0806042 2.892377 -0.183831 -0.3782638 2.935089 -0.2155284 -0.7839297 3.058769 
-0.3193921 0.7898968 2.808057 -0.3161224 0.5685459 2.851332 -0.3014845 0.3199071 2.871571 -0.4863252 0.5581014 2.84612 -0.5446667 0.3166927 2.930612 -0.4798194 0.1183071 2.711712 -0.1459196 0.5789903 2.856543 0.03821288 0.6745853 2.761585 -0.01871327 0.9184827 2.553484 -0.3812603 0.06547464 2.888919 -0.3956629 -0.3886453 2.846435 -0.4038443 -0.8143463 2.772386 -0.1924328 0.07706198 2.894701 -0.1855075 -0.3728372 2.934284 -0.2185143 -0.7757918 3.058454 
-0.3197888 0.7892774 2.804212 -0.3142869 0.5626712 2.843881 -0.30204 0.3167857 2.867381 -0.487734 0.5540975 2.844564 -0.5436456 0.2992745 2.931051 -0.49057 0.1039653 2.723528 -0.1408398 0.5712448 2.843198 0.01450063 0.6752227 2.677088 -0.03494128 0.884635 2.465998 -0.3833632 0.06627492 2.89125 -0.396215 -0.3878199 2.84965 -0.403163 -0.8157002 2.777223 -0.1962231 0.0755254 2.890513 -0.187288 -0.3701019 2.931165 -0.2229867 -0.7729456 3.059302 
-0.3193185 0.7895529 2.803658 -0.3158049 0.5620859 2.844615 -0.3038711 0.3166692 2.867498 -0.4906634 0.5540218 2.849319 -0.5456185 0.296274 2.933184 -0.4851561 0.1128674 2.719635 -0.1409463 0.5701501 2.839911 0.00389563 0.654874 2.64914 -0.04403789 0.8568611 2.434245 -0.3863555 0.06689809 2.892922 -0.3957416 -0.3889889 2.851081 -0.4021186 -0.8193867 2.779643 -0.1975192 0.07560683 2.887842 -0.1877657 -0.370715 2.930165 -0.2236838 -0.7721221 3.058483 
-0.3190848 0.7897655 2.80318 -0.3179463 0.5598211 2.845417 -0.3056452 0.3155105 2.867532 -0.4943881 0.551605 2.852794 -0.5474514 0.2939978 2.940136 -0.485694 0.1025891 2.730202 -0.1415044 0.5680371 2.838039 -0.004998566 0.627072 2.616056 -0.05128373 0.7607532 2.381403 -0.3877491 0.06680387 2.893595 -0.396945 -0.3851735 2.84957 -0.4004414 -0.8137816 2.776822 -0.1989391 0.07559586 2.8857 -0.1876278 -0.3716931 2.929766 -0.2324665 -0.7526556 3.080752 
-0.3180116 0.7898501 2.805657 -0.3177339 0.5566196 2.845268 -0.3056234 0.3134441 2.867225 -0.4951303 0.5487105 2.855519 -0.5474673 0.2908854 2.943675 -0.4827166 0.1040636 2.722326 -0.1403375 0.5645288 2.835018 -0.008917359 0.6091289 2.603009 -0.05617102 0.7232157 2.34797 -0.3869384 0.06610332 2.894581 -0.3981899 -0.3841003 2.850031 -0.4006037 -0.8098913 2.77478 -0.2000871 0.07443395 2.883784 -0.1880195 -0.3729981 2.929443 -0.2300515 -0.7604304 3.069041 
-0.3185457 0.7909971 2.806757 -0.3159445 0.5523179 2.841615 -0.3056941 0.3110633 2.865132 -0.4936885 0.5458955 2.853202 -0.5473601 0.2844917 2.946741 -0.482475 0.1057867 2.725159 -0.1382005 0.5587404 2.830027 -0.02577119 0.5103325 2.568074 -0.07245039 0.7520433 2.441082 -0.389278 0.06641819 2.894767 -0.3978926 -0.3848665 2.849331 -0.4002439 -0.8096048 2.773702 -0.2016094 0.07319925 2.882532 -0.1890951 -0.3737589 2.932004 -0.2278776 -0.7636232 3.065905 
-0.3198514 0.7924236 2.807596 -0.316272 0.5494345 2.839273 -0.3074982 0.3085417 2.863387 -0.4937428 0.5448 2.857549 -0.5461704 0.2786348 2.947251 -0.472524 0.09739493 2.725769 -0.1388013 0.554069 2.820997 -0.03530912 0.4845019 2.582115 -0.05909269 0.5223612 2.296435 -0.3928734 0.0651904 2.897196 -0.3978732 -0.3849264 2.847141 -0.4002405 -0.8123705 2.771935 -0.2045754 0.07010757 2.877805 -0.1914366 -0.3753294 2.93886 -0.2057721 -0.7995777 3.039961 
-0.3202233 0.7917405 2.807294 -0.3168328 0.5451934 2.836409 -0.3077982 0.305875 2.862525 -0.4932405 0.5407073 2.856327 -0.5449276 0.2634517 2.939814 -0.4736455 0.09445707 2.719345 -0.140425 0.5496795 2.816491 -0.05417631 0.462317 2.582404 -0.04939219 0.4749031 2.290078 -0.3931557 0.06415622 2.899299 -0.3982991 -0.3860968 2.8482 -0.400208 -0.814261 2.772345 -0.2043715 0.06895706 2.877984 -0.1910539 -0.376584 2.938582 -0.2135864 -0.7949392 3.042313 
