-0.3258561 0.6272871 2.79542 -0.3038672 0.4151369 2.788131 -0.2826998 0.2011171 2.773157 -0.4712884 0.3999218 2.768929 -0.5170002 0.1058697 2.757678 -0.4697792 -0.1904628 2.686238 -0.136446 0.430352 2.807333 0.08031631 0.483364 2.964396 0.167284 0.7323279 3.003259 -0.3599891 -0.0218503 2.746891 -0.4083207 -0.4399449 2.839809 -0.4461236 -0.8101068 2.702584 -0.1630755 -0.003954971 2.769475 -0.08506447 -0.4279125 2.758908 -0.01124048 -0.7737073 2.740674 
-0.3219767 0.6194093 2.787302 -0.299192 0.4086566 2.785172 -0.2773317 0.1944472 2.775794 -0.4665064 0.3924301 2.765802 -0.5156432 0.1105059 2.758075 -0.4665878 -0.1845048 2.682537 -0.1318775 0.4248831 2.804542 0.08915376 0.5381809 2.941705 0.1362778 0.8043517 2.978206 -0.3538574 -0.02930395 2.755025 -0.4017819 -0.4481322 2.845271 -0.4427815 -0.8217799 2.711979 -0.1570853 -0.01022061 2.777805 -0.0817448 -0.4345893 2.76477 -0.005373039 -0.7810663 2.748505 
-0.3114121 0.6209518 2.79665 -0.2878152 0.4105692 2.791281 -0.2650822 0.1964122 2.781312 -0.4543718 0.3940374 2.766613 -0.5124707 0.09951971 2.76588 -0.461491 -0.1930612 2.682563 -0.1212587 0.427101 2.815948 0.08179834 0.6125443 2.873701 0.07010679 0.8873725 2.869422 -0.3402694 -0.0274639 2.75684 -0.4036926 -0.4462557 2.836734 -0.4462851 -0.8130444 2.708303 -0.1444291 -0.008025513 2.785845 -0.07903901 -0.4336273 2.76421 -0.004438698 -0.7774354 2.744413 
-0.3053783 0.620158 2.797977 -0.2845911 0.4095561 2.791878 -0.2645128 0.1951072 2.782644 -0.4521293 0.3945668 2.775697 -0.5079265 0.09473761 2.771773 -0.4604894 -0.1962984 2.6815 -0.1170528 0.4245453 2.808059 0.07042088 0.6352914 2.826911 0.0523293 0.9128001 2.81616 -0.3430727 -0.02816655 2.763884 -0.411666 -0.4451957 2.848752 -0.4539069 -0.8159924 2.71104 -0.1457966 -0.01051671 2.782937 -0.08529619 -0.4370515 2.766245 -0.01209373 -0.7784778 2.739108 
-0.302345 0.6221255 2.798638 -0.2833841 0.4106971 2.793368 -0.2654866 0.1960377 2.784468 -0.4515333 0.3969775 2.786136 -0.4996899 0.09952127 2.782316 -0.462601 -0.19013 2.683859 -0.1152348 0.4244168 2.8006 0.05872138 0.6506546 2.785015 0.03872703 0.9293238 2.750383 -0.3465414 -0.02669551 2.771313 -0.4125977 -0.4460295 2.845939 -0.4516702 -0.8121963 2.713353 -0.148637 -0.01054805 2.779824 -0.0865488 -0.4369907 2.76578 -0.01309566 -0.7739996 2.73884 
-0.2990868 0.6194712 2.798929 -0.2823179 0.4087946 2.793612 -0.2657137 0.1939818 2.78581 -0.4506193 0.3957292 2.795163 -0.4929676 0.1032736 2.790888 -0.4641018 -0.1865401 2.690006 -0.1140165 0.4218599 2.79206 0.04738887 0.6628516 2.740546 0.02030139 0.9434748 2.699324 -0.3481085 -0.02851619 2.77892 -0.4090095 -0.4506077 2.840498 -0.4481916 -0.8146594 2.716012 -0.1501106 -0.01314552 2.777095 -0.08481897 -0.4392264 2.767293 -0.0125993 -0.778073 2.738688 
-0.2916275 0.6122171 2.779663 -0.278392 0.4017214 2.787593 -0.26501 0.1868838 2.791145 -0.446161 0.3914891 2.800765 -0.4899711 0.1024019 2.799451 -0.4627556 -0.1871406 2.696919 -0.110623 0.4119537 2.774421 0.02509412 0.6476005 2.680213 0.006266646 0.9205758 2.603048 -0.3504139 -0.03397882 2.802453 -0.4089481 -0.4570628 2.860462 -0.4476391 -0.816896 2.733701 -0.1528422 -0.02192886 2.786941 -0.08114717 -0.4470171 2.781201 -0.01383224 -0.785009 2.749023 
-0.2901343 0.6116171 2.779493 -0.2790155 0.40116 2.788757 -0.2673265 0.1861404 2.794929 -0.4445601 0.3929793 2.817273 -0.4891565 0.1005276 2.806779 -0.4644134 -0.1898859 2.705909 -0.1134708 0.4093407 2.76024 0.01316734 0.6378978 2.628698 -0.01012647 0.8992143 2.522904 -0.353227 -0.03370175 2.817912 -0.4110027 -0.4589485 2.84963 -0.4484742 -0.8126527 2.725996 -0.1580482 -0.02405661 2.78429 -0.0759921 -0.4465853 2.765264 -0.01854938 -0.7785831 2.740292 
-0.286781 0.6130733 2.782135 -0.2814814 0.4009619 2.791159 -0.2749256 0.185639 2.797877 -0.4434279 0.3974833 2.837693 -0.4861796 0.09922766 2.81565 -0.4563195 -0.191872 2.718088 -0.1195348 0.4044405 2.744625 -0.01869378 0.5907095 2.543343 -0.03385008 0.8228512 2.390067 -0.3635739 -0.0317289 2.831951 -0.4123297 -0.4595681 2.845503 -0.4499353 -0.8089185 2.716478 -0.173166 -0.02763896 2.77724 -0.07242548 -0.4465423 2.767856 -0.02718527 -0.7787462 2.741088 
-0.2841876 0.6090661 2.780273 -0.2829112 0.3975598 2.791332 -0.2806345 0.1822686 2.800801 -0.4418147 0.3983481 2.84746 -0.4850973 0.1032367 2.822489 -0.4592074 -0.1879367 2.72401 -0.1240077 0.3967714 2.735203 -0.02725629 0.5609 2.510803 -0.03976286 0.7638966 2.326694 -0.3718068 -0.03255887 2.843278 -0.408634 -0.4616043 2.857515 -0.4510593 -0.8123268 2.718335 -0.1849088 -0.03348608 2.777261 -0.07435698 -0.4499725 2.770425 -0.02885753 -0.7779062 2.746525 
-0.2836425 0.6095324 2.779774 -0.2848166 0.3974162 2.792753 -0.2851988 0.182113 2.802948 -0.4419846 0.4006032 2.854161 -0.4877858 0.105772 2.827222 -0.4595946 -0.1858481 2.730674 -0.1276487 0.3942292 2.731345 -0.04361034 0.5269516 2.488954 -0.05079184 0.6921893 2.276071 -0.3778723 -0.03131879 2.849203 -0.4094315 -0.4610412 2.853839 -0.4475876 -0.810038 2.713806 -0.1932896 -0.03506171 2.777084 -0.07170897 -0.4484353 2.769787 -0.02600398 -0.7750887 2.746444 
-0.2823254 0.6134779 2.780008 -0.2853194 0.4005892 2.795031 -0.288634 0.1853946 2.806997 -0.4411518 0.4066009 2.859978 -0.4901738 0.1080805 2.834578 -0.457103 -0.1823795 2.736178 -0.1294869 0.3945776 2.730085 -0.05178238 0.4974827 2.476506 -0.05756322 0.6118429 2.236671 -0.3834986 -0.02626831 2.857118 -0.4107356 -0.4563753 2.854164 -0.4457688 -0.8070928 2.716753 -0.2003988 -0.03333191 2.780807 -0.07332682 -0.4451844 2.77527 -0.02606708 -0.7725254 2.750047 
-0.2799869 0.609058 2.779093 -0.2851885 0.3968844 2.794201 -0.2890933 0.1816655 2.806094 -0.4421925 0.4031794 2.856568 -0.492442 0.1143552 2.843792 -0.453769 -0.1745486 2.742978 -0.1281845 0.3905892 2.731834 -0.0673869 0.4402419 2.458254 -0.06939036 0.499817 2.200285 -0.3852583 -0.02985422 2.854636 -0.409447 -0.4602118 2.848445 -0.4423317 -0.8106641 2.706896 -0.200738 -0.03725259 2.781339 -0.07071571 -0.4481294 2.770529 -0.02036417 -0.7805442 2.748672 
-0.2786634 0.6057504 2.770132 -0.2840677 0.3932951 2.791003 -0.2886928 0.1783851 2.807048 -0.4418912 0.4011899 2.851254 -0.4935974 0.1110852 2.849178 -0.4536546 -0.1765253 2.745131 -0.1262442 0.3854003 2.730752 -0.07372409 0.3906001 2.454106 -0.07420094 0.4082575 2.18593 -0.3860928 -0.03188399 2.85851 -0.4121391 -0.4622256 2.855063 -0.441101 -0.81357 2.711556 -0.2005432 -0.04116576 2.787675 -0.07192166 -0.452572 2.777713 -0.01934165 -0.7807226 2.751422 
