-0.4727044 0.6113833 2.586004 -0.4604222 0.4029339 2.591422 -0.4455646 0.1938262 2.591764 -0.6198217 0.3915326 2.545184 -0.6780345 0.05002231 2.559932 -0.6486738 -0.2379953 2.447553 -0.3010228 0.4143352 2.63766 -0.1103673 0.4090818 2.858459 0.05998525 0.6125727 2.927579 -0.5234082 -0.02191209 2.565215 -0.5139521 -0.4398321 2.597509 -0.5547081 -0.8345333 2.554024 -0.3380056 -0.008650894 2.618996 -0.2770201 -0.4164404 2.694921 -0.1214543 -0.8595836 2.523617 
-0.4698309 0.6134214 2.594216 -0.4559484 0.4044444 2.597346 -0.440859 0.1953644 2.59545 -0.6156243 0.3933319 2.551981 -0.6755241 0.05001587 2.556469 -0.6481555 -0.2352484 2.440064 -0.2962726 0.4155569 2.642711 -0.09468973 0.452035 2.843733 0.04092189 0.6887815 2.894606 -0.5186324 -0.02017827 2.567172 -0.5083266 -0.4379274 2.601504 -0.5504064 -0.8330653 2.551825 -0.3329068 -0.007252792 2.619938 -0.2734753 -0.4155858 2.694264 -0.1166675 -0.857617 2.52072 
-0.4552464 0.6097576 2.600117 -0.4372366 0.4024374 2.604561 -0.4189741 0.1936042 2.605656 -0.5964492 0.3882731 2.55856 -0.6763844 0.0605043 2.566864 -0.6509482 -0.2188738 2.441582 -0.2780239 0.4166018 2.650561 -0.07067776 0.5367573 2.796437 -0.002060921 0.8133054 2.824057 -0.493307 -0.02346675 2.579998 -0.4974113 -0.440643 2.620001 -0.5448046 -0.8417857 2.55369 -0.3081161 -0.006991287 2.633504 -0.2642033 -0.4184486 2.699819 -0.1099463 -0.8578392 2.522527 
-0.4467399 0.6113226 2.609797 -0.4292034 0.4042688 2.609952 -0.4123201 0.1953402 2.608089 -0.5903122 0.391595 2.571253 -0.6767593 0.06279144 2.571956 -0.6440737 -0.2125976 2.441445 -0.2680946 0.4169427 2.648651 -0.0674034 0.577328 2.764261 -0.02298386 0.864921 2.781515 -0.4892226 -0.02096619 2.583698 -0.5014418 -0.4381374 2.622259 -0.5523064 -0.8358473 2.55168 -0.3016511 -0.006210632 2.628753 -0.2675749 -0.4182376 2.697249 -0.1148757 -0.8567218 2.515097 
-0.4301572 0.6159995 2.627685 -0.4180236 0.410629 2.618697 -0.4077611 0.2016021 2.608896 -0.5826176 0.4034374 2.599729 -0.658381 0.0583133 2.59234 -0.6345714 -0.2158101 2.450895 -0.2534297 0.4178206 2.637665 -0.07676164 0.625739 2.694837 -0.06271708 0.920656 2.677583 -0.4932807 -0.01160974 2.588058 -0.5074771 -0.4282748 2.632272 -0.5609006 -0.8274837 2.549607 -0.3017166 -0.003239685 2.610134 -0.2725034 -0.4132374 2.692123 -0.1245614 -0.8538908 2.510363 
-0.4208353 0.6170966 2.633605 -0.4103959 0.4113771 2.621587 -0.4018455 0.2023064 2.609996 -0.5758113 0.4052674 2.609767 -0.6527293 0.06067935 2.601693 -0.6294843 -0.211833 2.456259 -0.2449806 0.4174868 2.633406 -0.07969344 0.6418787 2.655845 -0.08303361 0.9339393 2.610411 -0.4894348 -0.01031534 2.591536 -0.4931766 -0.4268925 2.637676 -0.5527993 -0.8320246 2.554633 -0.2971552 -0.003213348 2.605275 -0.2610654 -0.4100649 2.698698 -0.1162167 -0.8594742 2.514244 
-0.4119542 0.6194183 2.636099 -0.4045065 0.4132217 2.623193 -0.3988818 0.2040961 2.61048 -0.5703321 0.4089263 2.620486 -0.6443942 0.0593541 2.612411 -0.617404 -0.2149988 2.469713 -0.2386809 0.4175172 2.625899 -0.08338988 0.6508589 2.615365 -0.09273573 0.9395765 2.54845 -0.4897265 -0.007528488 2.596192 -0.4943781 -0.4242168 2.64199 -0.5574849 -0.8353502 2.555196 -0.296788 -0.002530746 2.599341 -0.2572858 -0.4095377 2.691318 -0.1240754 -0.855583 2.518081 
-0.4009844 0.6263744 2.65642 -0.3981937 0.4209758 2.634505 -0.3964526 0.2123038 2.615958 -0.5635955 0.4187592 2.643918 -0.635409 0.06283115 2.629808 -0.6116426 -0.2157747 2.493179 -0.2327919 0.4231924 2.625093 -0.09541734 0.6462844 2.550957 -0.1127952 0.9280085 2.459696 -0.4910345 0.002340958 2.602891 -0.4908913 -0.4135043 2.655655 -0.5584356 -0.8291847 2.558378 -0.2983884 0.004922714 2.591929 -0.253739 -0.3992494 2.693297 -0.1272337 -0.8486837 2.514527 
-0.3877365 0.6264066 2.657118 -0.3903803 0.4207973 2.635688 -0.3939596 0.2119823 2.619071 -0.5545015 0.4218904 2.657304 -0.6231317 0.06735467 2.64558 -0.6072274 -0.2124632 2.510562 -0.2262592 0.4197041 2.614071 -0.1042451 0.6357027 2.49889 -0.1275931 0.908557 2.384447 -0.4930719 0.003803711 2.615038 -0.4811477 -0.4124076 2.662158 -0.5585123 -0.8364513 2.563822 -0.3020061 0.002531067 2.589872 -0.2526468 -0.3976118 2.703781 -0.1281111 -0.859042 2.520285 
-0.3656271 0.6227463 2.658001 -0.3779433 0.4180771 2.637693 -0.3914351 0.209539 2.62265 -0.5398537 0.4260045 2.673013 -0.6090692 0.09606344 2.679688 -0.5991256 -0.1785781 2.548224 -0.2160329 0.4101498 2.602373 -0.1222176 0.5998266 2.414067 -0.1542142 0.8543834 2.263538 -0.4989966 0.005606598 2.628128 -0.4720821 -0.4115552 2.656457 -0.5613191 -0.8355903 2.557536 -0.3108573 -0.00360498 2.587086 -0.2387583 -0.4016898 2.695864 -0.1348628 -0.8567289 2.523684 
-0.3599494 0.6212125 2.658728 -0.3738641 0.416252 2.638628 -0.3880855 0.2076731 2.623877 -0.535121 0.4244914 2.67759 -0.6007874 0.1170048 2.69416 -0.599737 -0.1608268 2.573849 -0.2126072 0.4080125 2.599666 -0.1262649 0.57128 2.383234 -0.1582623 0.8135163 2.213626 -0.4959826 0.003880524 2.631759 -0.4641068 -0.4132208 2.657529 -0.5529776 -0.8363412 2.556361 -0.3086311 -0.0056922 2.586492 -0.2266503 -0.4006369 2.699765 -0.1314828 -0.8548904 2.526547 
-0.3499038 0.6216221 2.658592 -0.3656467 0.4166592 2.638971 -0.3810822 0.2081401 2.624144 -0.5263851 0.4256157 2.680347 -0.5955237 0.125197 2.706589 -0.6020432 -0.1535767 2.590509 -0.2049084 0.4077027 2.597595 -0.129632 0.5376371 2.360127 -0.1706036 0.7648411 2.172204 -0.4899348 0.004826233 2.633364 -0.4602415 -0.4127123 2.655714 -0.5488904 -0.8323652 2.553944 -0.3031005 -0.00558432 2.58527 -0.2210246 -0.399903 2.701222 -0.1293882 -0.850789 2.525859 
-0.3414005 0.6178728 2.658019 -0.3577403 0.4124657 2.638401 -0.3730986 0.2039628 2.623014 -0.5182341 0.4211393 2.681062 -0.5864289 0.1337025 2.719642 -0.6012093 -0.1485725 2.614829 -0.1972464 0.4037921 2.595741 -0.1318194 0.4913175 2.339561 -0.1818346 0.675775 2.120212 -0.4817571 0.0005020599 2.632426 -0.4573838 -0.417596 2.650343 -0.5457799 -0.8359784 2.550719 -0.2951566 -0.009582383 2.582826 -0.217658 -0.4047983 2.699102 -0.1260274 -0.8559461 2.520591 
-0.3310022 0.6115645 2.668771 -0.3515603 0.4087943 2.642986 -0.3699344 0.2010217 2.62274 -0.5107071 0.4182697 2.690177 -0.5771343 0.1317345 2.731442 -0.6009113 -0.1524233 2.634156 -0.1924135 0.3993188 2.595795 -0.1444771 0.4605975 2.320835 -0.1878331 0.5902274 2.079777 -0.4808816 -0.001239242 2.629943 -0.4628474 -0.419766 2.645197 -0.5545924 -0.8380682 2.546844 -0.2957355 -0.01226262 2.575043 -0.2235687 -0.4105338 2.683898 -0.1340706 -0.8561543 2.515234 
-0.3232634 0.6127506 2.660376 -0.3519823 0.4084533 2.641518 -0.3797584 0.2013748 2.62556 -0.5069993 0.4248268 2.698867 -0.5686058 0.117621 2.74464 -0.6025349 -0.1722932 2.662644 -0.1969654 0.3920799 2.584168 -0.1628019 0.3914108 2.302054 -0.1846161 0.4303718 2.045894 -0.4977651 0.003826645 2.642983 -0.4627849 -0.4135676 2.655056 -0.5604857 -0.8270432 2.56 -0.3173039 -0.0152343 2.576221 -0.2299828 -0.4080946 2.692616 -0.1437333 -0.8477964 2.527166 
-0.3224809 0.6156023 2.659423 -0.3511207 0.409815 2.64068 -0.3794153 0.2027293 2.625003 -0.5037242 0.4258513 2.704275 -0.567799 0.1078078 2.745826 -0.6067756 -0.1843613 2.663407 -0.1985173 0.3937787 2.577085 -0.1663934 0.3567048 2.301041 -0.182604 0.3542272 2.042336 -0.496459 0.004969772 2.646312 -0.4545212 -0.4119108 2.648266 -0.5528822 -0.8287559 2.55554 -0.3189607 -0.01368257 2.572342 -0.222756 -0.4038125 2.691155 -0.1356882 -0.8498687 2.519233 
