-0.4257797 0.614502 2.701871 -0.4105211 0.4011067 2.723612 -0.3915405 0.1867505 2.736794 -0.5681109 0.3835288 2.664686 -0.6282668 0.06395254 2.648741 -0.6017349 -0.2269843 2.550577 -0.2529313 0.4186846 2.782538 -0.06724788 0.3518918 2.962679 0.09312108 0.5570575 3.035761 -0.4652002 -0.03793896 2.715337 -0.43711 -0.4654654 2.763682 -0.4244472 -0.8064514 2.669481 -0.2799197 -0.01727237 2.784617 -0.1452909 -0.4024526 2.646035 -0.04842383 -0.7877989 2.571533 
-0.4256779 0.6191228 2.710055 -0.4072471 0.4054593 2.726571 -0.3853135 0.1912367 2.736175 -0.5643102 0.3866872 2.66655 -0.6246253 0.06346478 2.643895 -0.5861598 -0.2247834 2.538572 -0.2501841 0.4242315 2.786591 -0.05461105 0.3914606 2.962842 0.06156336 0.6250917 3.026115 -0.4557291 -0.03402358 2.710489 -0.4302222 -0.4614128 2.761538 -0.4176039 -0.8073539 2.665392 -0.2710305 -0.01194844 2.78107 -0.1420717 -0.4044288 2.659494 -0.0339501 -0.7825536 2.565737 
-0.422501 0.6157003 2.714649 -0.40091 0.4031733 2.726858 -0.3764262 0.18911 2.732663 -0.5571661 0.3836236 2.66499 -0.6217917 0.06171402 2.636972 -0.5677003 -0.2222847 2.526331 -0.2446539 0.4227231 2.788726 -0.0402847 0.4362543 2.953431 0.03880699 0.6902874 3.020642 -0.4438263 -0.03644939 2.702087 -0.425877 -0.4647567 2.747717 -0.4146497 -0.81457 2.661211 -0.2600584 -0.0134575 2.774849 -0.1464868 -0.414537 2.668011 -0.02245355 -0.7904415 2.560402 
-0.4174899 0.6141217 2.707927 -0.3941445 0.4021093 2.724478 -0.369097 0.1881834 2.733052 -0.5498367 0.3813587 2.661565 -0.6114031 0.06286032 2.631975 -0.5453216 -0.2218221 2.530804 -0.2384523 0.4228601 2.787391 -0.03165585 0.4791218 2.936221 0.008664238 0.7483827 2.998987 -0.4356008 -0.0379445 2.704631 -0.4293543 -0.4654282 2.758634 -0.4170744 -0.8110829 2.672836 -0.2524982 -0.01354051 2.77862 -0.1523724 -0.4209639 2.682649 -0.02417064 -0.7870392 2.571062 
-0.4003356 0.6229796 2.712611 -0.3801163 0.4080946 2.726205 -0.35899 0.1936939 2.732855 -0.5373951 0.3907434 2.666444 -0.6002194 0.06343393 2.635528 -0.5232151 -0.2172679 2.53621 -0.2228374 0.4254459 2.785965 -0.01984637 0.5365561 2.894154 -0.02024459 0.8149003 2.94987 -0.4303845 -0.03091383 2.70435 -0.4270886 -0.4591941 2.752869 -0.4189186 -0.8037592 2.669363 -0.245343 -0.01049977 2.774659 -0.1501695 -0.4194985 2.67859 -0.02170447 -0.7849392 2.56219 
-0.3894141 0.6228891 2.714391 -0.368062 0.4095473 2.725188 -0.3459156 0.1951673 2.729377 -0.5276628 0.3920277 2.672365 -0.5853877 0.08413617 2.645189 -0.5093307 -0.198082 2.551774 -0.2084612 0.4270669 2.778011 -0.01097205 0.583227 2.862056 -0.04333055 0.8665491 2.907677 -0.4176883 -0.02952234 2.702482 -0.4114646 -0.4577835 2.751663 -0.412387 -0.8110043 2.667899 -0.2298503 -0.008903076 2.764651 -0.1364946 -0.4211515 2.681468 -0.01038506 -0.7848915 2.55504 
-0.3757906 0.620933 2.71682 -0.3545432 0.4086131 2.724084 -0.3331447 0.1941129 2.725553 -0.5163187 0.3921602 2.678175 -0.5752522 0.07810214 2.644103 -0.4900036 -0.2018095 2.559472 -0.1927678 0.4250662 2.769994 -0.008542618 0.6215685 2.825055 -0.0621348 0.908724 2.868538 -0.4069125 -0.03006595 2.700014 -0.4087986 -0.4583998 2.748725 -0.4132639 -0.8087142 2.666421 -0.2165798 -0.01070862 2.754028 -0.1325288 -0.4256178 2.673682 -0.01006365 -0.7900645 2.551438 
-0.3533718 0.622222 2.719949 -0.3338888 0.409485 2.721302 -0.3157293 0.1947064 2.71783 -0.5001265 0.395821 2.697082 -0.5471492 0.09217829 2.660241 -0.4647806 -0.1886041 2.580576 -0.1676511 0.4231489 2.745521 -0.003761246 0.6530434 2.744375 -0.07415643 0.945811 2.760273 -0.3954828 -0.02812007 2.700093 -0.4003973 -0.4564652 2.74854 -0.4179223 -0.8046263 2.670432 -0.1996565 -0.01202415 2.728623 -0.1205461 -0.4285229 2.650263 -0.0117333 -0.7898226 2.544194 
-0.3392375 0.6183983 2.718642 -0.3229145 0.4064273 2.717416 -0.3071263 0.1914888 2.712401 -0.4904009 0.3944986 2.701387 -0.531343 0.09445972 2.675491 -0.4567655 -0.1863942 2.589951 -0.1554282 0.418356 2.733444 -0.007584351 0.6537058 2.708208 -0.07233834 0.9477187 2.692799 -0.3897558 -0.03045914 2.697968 -0.3916344 -0.4597221 2.737212 -0.4164099 -0.8076773 2.666111 -0.1929204 -0.01644018 2.716806 -0.1117921 -0.4328986 2.640069 -0.01188844 -0.7927302 2.54714 
-0.3294639 0.627177 2.728598 -0.3165954 0.4126583 2.721143 -0.3047433 0.1976717 2.71179 -0.4846904 0.4034877 2.71893 -0.5178691 0.09662836 2.686184 -0.451219 -0.185606 2.599112 -0.1485004 0.4218289 2.723356 -0.01106531 0.6475341 2.670744 -0.06901649 0.9400428 2.625774 -0.3919254 -0.02271784 2.701133 -0.3949634 -0.45182 2.74284 -0.4205498 -0.7954006 2.67223 -0.1938572 -0.01191202 2.703741 -0.1117098 -0.4277524 2.624651 -0.01786523 -0.7821494 2.547848 
-0.3178201 0.6218973 2.723417 -0.3052158 0.4087828 2.717072 -0.2937815 0.1936487 2.709977 -0.4733889 0.3996226 2.7238 -0.5117155 0.1061731 2.698954 -0.4512215 -0.1769805 2.610456 -0.1370427 0.417943 2.710345 -0.01225618 0.6453673 2.630611 -0.06766855 0.9357859 2.566517 -0.3811269 -0.02686583 2.706832 -0.375075 -0.4564236 2.741991 -0.4064477 -0.8081397 2.67403 -0.1835675 -0.01610503 2.698929 -0.09549085 -0.4315847 2.624749 -0.001779152 -0.7940782 2.549511 
-0.3024633 0.6158841 2.710928 -0.2940273 0.4025952 2.709971 -0.2856256 0.1872587 2.707595 -0.4613337 0.3958634 2.728473 -0.5076855 0.09840915 2.709079 -0.4506595 -0.1846753 2.618006 -0.1267209 0.409327 2.69147 -0.01834347 0.6245415 2.573991 -0.06585805 0.8987732 2.463366 -0.3756656 -0.03203882 2.716104 -0.3756927 -0.4623962 2.736215 -0.4115137 -0.8091894 2.677912 -0.1787823 -0.02411694 2.694332 -0.09229135 -0.4395728 2.617978 -0.006517433 -0.7974424 2.54757 
-0.2934204 0.6173804 2.705645 -0.2877923 0.4044301 2.706688 -0.2816701 0.1889758 2.706474 -0.4538104 0.3996844 2.735264 -0.4957283 0.09904333 2.718092 -0.4526892 -0.1851171 2.623739 -0.1217742 0.4091758 2.678113 -0.01860287 0.6018201 2.522076 -0.06789643 0.8606212 2.38201 -0.3731382 -0.02926829 2.723058 -0.3785338 -0.4599909 2.731818 -0.4112393 -0.7978253 2.677184 -0.1779578 -0.02368895 2.689462 -0.0900083 -0.4388548 2.613064 -0.01138327 -0.7887142 2.547103 
-0.2853831 0.6192362 2.705485 -0.2826964 0.4068093 2.706092 -0.2787056 0.1912792 2.705989 -0.4469049 0.4037507 2.74416 -0.4855601 0.1034118 2.7265 -0.4553435 -0.1818378 2.630734 -0.1184879 0.4098679 2.668023 -0.01779111 0.5764058 2.480118 -0.0696578 0.8072471 2.305198 -0.3712414 -0.0260488 2.728264 -0.3758029 -0.4569671 2.737286 -0.4094887 -0.7966061 2.676737 -0.178188 -0.02245288 2.683508 -0.08849724 -0.4382336 2.612851 -0.01396568 -0.7873113 2.546982 
-0.2760873 0.6232573 2.70235 -0.2741727 0.4107739 2.705899 -0.2711291 0.1952128 2.707047 -0.4383798 0.4086658 2.745382 -0.4816818 0.109927 2.738096 -0.4585085 -0.1757431 2.641151 -0.1099656 0.412882 2.666416 -0.02538829 0.5267047 2.440054 -0.07079068 0.7119401 2.230876 -0.3644719 -0.02158559 2.731371 -0.3690431 -0.4526435 2.737197 -0.404913 -0.7989467 2.674795 -0.1716992 -0.01911079 2.685019 -0.08108818 -0.4360047 2.622991 -0.004898674 -0.7859335 2.554935 
-0.2743295 0.6259375 2.702286 -0.2724448 0.4136603 2.706489 -0.2695938 0.1980969 2.708956 -0.4360901 0.4119805 2.748812 -0.4804619 0.1175178 2.747666 -0.4623577 -0.1683269 2.649799 -0.1087996 0.4153402 2.664166 -0.02818339 0.4903609 2.412025 -0.06862567 0.6224288 2.177669 -0.3628972 -0.0184536 2.736292 -0.3717835 -0.4494547 2.743445 -0.4121162 -0.7995723 2.67773 -0.1705884 -0.01647954 2.686556 -0.08994812 -0.4345457 2.619471 -0.01175025 -0.786508 2.556784 
-0.2728745 0.6287774 2.699752 -0.2705606 0.4162657 2.705071 -0.2681381 0.2007029 2.708479 -0.4334728 0.4151515 2.750394 -0.4805527 0.121445 2.756542 -0.4633671 -0.1631151 2.654631 -0.1076484 0.4173799 2.659749 -0.0375837 0.455186 2.393512 -0.06605718 0.5358481 2.145747 -0.3614805 -0.01551476 2.738528 -0.3745646 -0.446457 2.742038 -0.4114498 -0.8014187 2.675143 -0.1699508 -0.01420485 2.685245 -0.09577712 -0.4342596 2.623179 -0.01229462 -0.7872902 2.552811 
-0.2701676 0.625734 2.698486 -0.2701249 0.4132736 2.70504 -0.2692873 0.1977093 2.709014 -0.4327005 0.4135032 2.751749 -0.4808922 0.1252031 2.762498 -0.4645091 -0.1594937 2.660641 -0.1075492 0.413044 2.65833 -0.04678568 0.4220894 2.389256 -0.06272469 0.4598161 2.128573 -0.3640251 -0.01772011 2.740448 -0.3819563 -0.4483809 2.749518 -0.4139887 -0.8093876 2.677371 -0.1728744 -0.01799007 2.685528 -0.1004839 -0.4391783 2.628911 -0.01489706 -0.7955647 2.553339 
-0.2758277 0.620246 2.698767 -0.2813195 0.4071289 2.706812 -0.2853284 0.1916532 2.712615 -0.4444488 0.4113666 2.751462 -0.4857012 0.1232863 2.77184 -0.4662717 -0.1618672 2.671826 -0.1181902 0.4028912 2.662162 -0.06093986 0.3622619 2.390296 -0.06225239 0.3468394 2.117534 -0.3852481 -0.02133107 2.74467 -0.3883208 -0.451697 2.765959 -0.4224181 -0.8034753 2.677324 -0.1934264 -0.0263141 2.692167 -0.1071811 -0.4447476 2.635246 -0.01866445 -0.7946586 2.556859 
