-0.3673507 0.6188869 2.79066 -0.3260488 0.4090931 2.793499 -0.2867192 0.1972092 2.793171 -0.4848234 0.3796989 2.743504 -0.5141011 0.09147476 2.742973 -0.4613456 -0.2100016 2.693535 -0.1672742 0.4384874 2.843493 0.0677594 0.3937723 3.008058 0.2337562 0.6131077 3.108593 -0.3407386 -0.03195664 2.763451 -0.4033601 -0.4547206 2.819639 -0.4491211 -0.8168831 2.709944 -0.1540408 0.002607056 2.822238 -0.09835669 -0.4241218 2.797038 -0.004188858 -0.7703952 2.742466 
-0.3729584 0.6190415 2.796908 -0.3294823 0.4105935 2.795411 -0.2875342 0.1992166 2.79218 -0.4887952 0.3797047 2.747851 -0.5129042 0.08430167 2.744791 -0.4591651 -0.2161515 2.690312 -0.1701695 0.4414822 2.842971 0.06736223 0.4303626 2.987999 0.2012767 0.6790194 3.07327 -0.3392321 -0.030317 2.760992 -0.4075564 -0.4530284 2.810526 -0.4500396 -0.8118421 2.707266 -0.1519401 0.005996567 2.816904 -0.09872939 -0.4208921 2.788379 -0.006925102 -0.7692878 2.735912 
-0.3754196 0.6211894 2.798038 -0.3304817 0.4123359 2.796505 -0.2870991 0.2012181 2.792669 -0.490284 0.3803205 2.751245 -0.5133969 0.08373395 2.75171 -0.4582931 -0.2154212 2.69173 -0.1706795 0.4443513 2.841765 0.07117535 0.4671774 2.972982 0.1699059 0.7373175 3.035268 -0.3376671 -0.02872203 2.762224 -0.405271 -0.4489619 2.828691 -0.4496583 -0.8111244 2.709628 -0.149766 0.008922745 2.815442 -0.09651085 -0.4181798 2.789788 -0.004338928 -0.7719247 2.736661 
-0.3746196 0.6181955 2.799565 -0.3274512 0.4092923 2.797567 -0.28177 0.1986843 2.792241 -0.4885699 0.3753093 2.759448 -0.5172866 0.08658112 2.766685 -0.4556891 -0.2091928 2.697754 -0.1663325 0.4432752 2.835685 0.07556267 0.5195494 2.928932 0.1215438 0.8041779 2.972862 -0.3309073 -0.03192252 2.764482 -0.3987609 -0.4518786 2.833758 -0.4443423 -0.8190564 2.71047 -0.1412704 0.00807547 2.809348 -0.08900395 -0.4188249 2.778784 0.001246063 -0.772273 2.734471 
-0.3775691 0.6218234 2.810398 -0.3296709 0.4136105 2.802621 -0.2843033 0.2030664 2.793668 -0.4926032 0.3797117 2.774177 -0.5154582 0.07840103 2.777975 -0.4527939 -0.2152716 2.70132 -0.1667387 0.4475093 2.831064 0.07619313 0.5536739 2.890985 0.08569051 0.8454494 2.910079 -0.3348532 -0.02743384 2.76797 -0.4093425 -0.4469756 2.833064 -0.4545511 -0.8119309 2.713129 -0.1430181 0.01247836 2.80146 -0.09576176 -0.4152539 2.774916 -0.009751136 -0.7693059 2.732459 
-0.3696832 0.6218994 2.821083 -0.3250629 0.4135563 2.808359 -0.2836111 0.2023963 2.795453 -0.4904928 0.3816551 2.798975 -0.5156782 0.08162665 2.800381 -0.4526357 -0.2071439 2.707312 -0.159633 0.4454575 2.817742 0.06398184 0.6073461 2.809345 0.03355273 0.9048023 2.810217 -0.3394081 -0.02751701 2.77703 -0.4085463 -0.4493912 2.83282 -0.4477394 -0.8129298 2.7122 -0.1449105 0.009989548 2.788063 -0.08980976 -0.4173879 2.775511 -0.007923882 -0.7744493 2.7337 
-0.3636597 0.6146508 2.810668 -0.3196312 0.4061531 2.802791 -0.2792069 0.1946343 2.792944 -0.4852857 0.3744487 2.803768 -0.5123505 0.08402713 2.811355 -0.4550343 -0.2039257 2.712172 -0.1539768 0.4378575 2.801813 0.05507059 0.6267635 2.772713 0.01482102 0.9254444 2.766151 -0.3362401 -0.03553688 2.783673 -0.402913 -0.4581786 2.836872 -0.4441469 -0.8208715 2.712508 -0.1413251 0.001767715 2.782522 -0.08663835 -0.4257882 2.77247 -0.005850037 -0.7800873 2.735559 
-0.3628725 0.6174973 2.816916 -0.3178265 0.4083848 2.806148 -0.2767884 0.1971201 2.793658 -0.4828084 0.3756479 2.817806 -0.5083462 0.07535318 2.815047 -0.4571542 -0.2131331 2.7139 -0.1528446 0.4411218 2.794488 0.04596576 0.6363007 2.732847 -2.817535E-05 0.934645 2.719732 -0.3328046 -0.03340282 2.788027 -0.4050151 -0.4555944 2.837257 -0.4438672 -0.8103635 2.70875 -0.1386959 0.005113724 2.774309 -0.08337259 -0.4224484 2.767466 -0.009129921 -0.7705491 2.733814 
-0.3497451 0.6115766 2.821445 -0.3104435 0.4031378 2.808594 -0.2737067 0.1912205 2.793811 -0.4744596 0.3728793 2.834764 -0.4988459 0.0777876 2.834075 -0.459427 -0.2107883 2.728005 -0.1464272 0.4333963 2.782425 0.02922115 0.6347867 2.663298 -0.03030836 0.9283825 2.602864 -0.3333834 -0.03848367 2.79441 -0.4075505 -0.461711 2.829751 -0.4442064 -0.8143592 2.712374 -0.1405564 -0.002910034 2.763644 -0.08289149 -0.4301427 2.769409 -0.01351389 -0.7783755 2.734848 
-0.3428615 0.6098244 2.82141 -0.3067189 0.4002337 2.809039 -0.2728194 0.1879057 2.793474 -0.4687315 0.3716467 2.846154 -0.4973271 0.07885779 2.844327 -0.4658993 -0.2088823 2.73356 -0.1447062 0.4288207 2.771924 0.01433305 0.6222231 2.633308 -0.0439583 0.9063733 2.537839 -0.3342912 -0.04125058 2.799757 -0.4085953 -0.4643905 2.836431 -0.4446105 -0.8127812 2.713815 -0.1435487 -0.007594177 2.756061 -0.08200181 -0.4343283 2.758332 -0.01544934 -0.7785669 2.732998 
-0.3356336 0.6123138 2.8224 -0.3024643 0.4011452 2.809851 -0.2722374 0.1883285 2.793619 -0.4626643 0.3748949 2.855697 -0.4968076 0.07983429 2.856367 -0.467582 -0.2039896 2.735568 -0.1422643 0.4273956 2.764005 0.007163834 0.6045738 2.60077 -0.05324681 0.8776937 2.480055 -0.3361971 -0.03992153 2.804342 -0.4099558 -0.4633716 2.838696 -0.4453591 -0.81117 2.711241 -0.1478239 -0.009054764 2.750433 -0.0813874 -0.4349814 2.757597 -0.0183601 -0.7773894 2.736551 
-0.3311399 0.6135286 2.82237 -0.301298 0.4017258 2.811147 -0.2738933 0.1884645 2.795689 -0.4591447 0.3774981 2.865558 -0.4944902 0.0822442 2.859089 -0.4651227 -0.2022997 2.739636 -0.1434513 0.4259534 2.756736 0.0006092376 0.5857855 2.57347 -0.0610191 0.8402103 2.420393 -0.3392982 -0.03904204 2.812223 -0.4130811 -0.4629066 2.840569 -0.4452512 -0.8103321 2.714585 -0.153679 -0.01055162 2.748239 -0.07977256 -0.4351567 2.758308 -0.02244786 -0.777481 2.740327 
-0.3270413 0.6177793 2.832373 -0.3003591 0.405435 2.817359 -0.2771081 0.1920054 2.798452 -0.4560773 0.3830487 2.87857 -0.4932155 0.08325385 2.869202 -0.4621676 -0.1973947 2.74141 -0.1446409 0.4278213 2.756147 -0.0172436 0.5448015 2.539346 -0.07301932 0.760585 2.34409 -0.3453753 -0.03458113 2.81552 -0.4141927 -0.4596482 2.836335 -0.4471746 -0.8061428 2.709565 -0.162339 -0.008267501 2.74357 -0.08038846 -0.4314114 2.751915 -0.02598009 -0.772706 2.736026 
-0.3260759 0.6188279 2.826797 -0.300752 0.4053574 2.817337 -0.2792069 0.191427 2.802475 -0.4556049 0.3852778 2.881888 -0.4870628 0.08387195 2.874304 -0.458396 -0.1939698 2.739945 -0.1458991 0.4254371 2.752786 -0.02508999 0.5114304 2.518173 -0.07958971 0.682372 2.293758 -0.3486391 -0.03430032 2.825537 -0.4083292 -0.4609181 2.840255 -0.4437098 -0.810954 2.717032 -0.1666847 -0.01070648 2.749689 -0.07627941 -0.431783 2.766285 -0.02197243 -0.7759678 2.74641 
-0.3216853 0.6166504 2.835519 -0.3002846 0.4040582 2.82197 -0.2817855 0.19011 2.803713 -0.4544604 0.3850317 2.888715 -0.4792364 0.08602658 2.876848 -0.4583316 -0.1935281 2.744647 -0.1461088 0.4230846 2.755226 -0.04055779 0.4876871 2.503618 -0.08420023 0.6073968 2.253925 -0.3538909 -0.03501938 2.824679 -0.4091321 -0.4623873 2.827182 -0.4449519 -0.8108487 2.708119 -0.1726818 -0.01265677 2.746232 -0.07789222 -0.4330005 2.750982 -0.02441592 -0.7722123 2.738191 
-0.3114014 0.613543 2.839896 -0.294518 0.4017194 2.823528 -0.2800161 0.1876447 2.803252 -0.447488 0.3847222 2.893578 -0.4746118 0.08595206 2.884992 -0.4543777 -0.1913966 2.747988 -0.1415479 0.4187165 2.753479 -0.05728705 0.4373088 2.480862 -0.08729994 0.4900002 2.217321 -0.3554557 -0.03642369 2.824163 -0.4030637 -0.4647765 2.828174 -0.4418826 -0.8109488 2.708436 -0.1755728 -0.01643617 2.74179 -0.07362457 -0.4352054 2.745085 -0.02059543 -0.7749212 2.73687 
