-0.2498271 0.635501 2.816812 -0.2429389 0.4212984 2.805313 -0.2355075 0.2066267 2.787172 -0.4080168 0.418682 2.768652 -0.5008754 0.09667908 2.790646 -0.5234414 -0.1951706 2.674409 -0.07786097 0.4239147 2.841974 0.1351062 0.3610933 3.005497 0.3017504 0.559972 3.038278 -0.325121 -0.009583008 2.747479 -0.3242333 -0.4373271 2.801197 -0.3124608 -0.7993897 2.725711 -0.1310311 -0.006506836 2.790583 -0.05808286 -0.4310457 2.80031 0.01336354 -0.8165054 2.700836 
-0.2514446 0.629645 2.809002 -0.2429888 0.4164014 2.803471 -0.2341317 0.2014733 2.789934 -0.4080495 0.4119144 2.766717 -0.4989345 0.09933893 2.7798 -0.5261823 -0.1899973 2.661081 -0.07792813 0.4208885 2.840225 0.1395481 0.410548 2.996761 0.2674431 0.6430541 3.037208 -0.3223153 -0.01609283 2.754789 -0.3257973 -0.4428041 2.81591 -0.3121459 -0.8095303 2.733925 -0.1282341 -0.01081693 2.798005 -0.05502498 -0.4354637 2.796847 0.0110624 -0.8139148 2.71487 
-0.2547866 0.6306379 2.815607 -0.2441168 0.4173575 2.807208 -0.2332434 0.2026648 2.791333 -0.4092034 0.4117031 2.770606 -0.4999759 0.09566629 2.766412 -0.5239899 -0.1762428 2.621276 -0.07903016 0.4230119 2.843811 0.1382682 0.4752753 2.979878 0.2240316 0.7313613 3.007086 -0.3194346 -0.01535248 2.753938 -0.3236223 -0.4430486 2.807779 -0.3095825 -0.7982705 2.727953 -0.1253056 -0.008703339 2.796979 -0.05116871 -0.4326367 2.779012 0.007550339 -0.801689 2.710712 
-0.2565919 0.6296673 2.819402 -0.2438169 0.4174322 2.81073 -0.2315141 0.2028185 2.794485 -0.4090906 0.410653 2.775125 -0.4965005 0.09532626 2.766213 -0.5195383 -0.1651702 2.603594 -0.0785431 0.4242114 2.846334 0.1381244 0.5321432 2.959429 0.1853251 0.8023245 2.976733 -0.3163954 -0.01578154 2.757305 -0.3228398 -0.4432809 2.81293 -0.3101824 -0.8014346 2.729769 -0.1220274 -0.007808914 2.799177 -0.05178181 -0.4327916 2.786552 0.007593594 -0.8055049 2.712056 
-0.260307 0.6299416 2.821781 -0.2445643 0.4177109 2.813658 -0.2301719 0.2031861 2.797868 -0.4103689 0.4089741 2.781232 -0.4937488 0.0976622 2.762589 -0.5129709 -0.1628216 2.602696 -0.0787596 0.4264478 2.846085 0.1330642 0.5730755 2.935689 0.144572 0.8520774 2.9416 -0.3132994 -0.01647748 2.763006 -0.3239174 -0.4445496 2.813202 -0.308506 -0.8007017 2.73641 -0.1182598 -0.006200165 2.80115 -0.05051338 -0.4316779 2.786945 0.007938732 -0.8025866 2.710399 
-0.2658388 0.6327507 2.832943 -0.2471914 0.4209552 2.820166 -0.2307307 0.2068409 2.801347 -0.4140562 0.4102871 2.79559 -0.4874543 0.09239078 2.771262 -0.4895576 -0.1601359 2.59789 -0.08032661 0.4316233 2.844741 0.1134638 0.6179751 2.890782 0.1090975 0.9039182 2.892488 -0.3124946 -0.01355306 2.768062 -0.3236037 -0.4421906 2.813219 -0.3105185 -0.7970825 2.737929 -0.1160456 -0.000993576 2.796994 -0.04955226 -0.4268535 2.787626 0.007318573 -0.80389 2.704081 
-0.2675851 0.6349082 2.838044 -0.2477241 0.4232099 2.823681 -0.2298496 0.2092615 2.804091 -0.4152785 0.4108682 2.805589 -0.4807443 0.09271115 2.775105 -0.4762424 -0.1626879 2.602367 -0.08016976 0.4355517 2.841773 0.09821658 0.6409736 2.848362 0.09190267 0.931954 2.843632 -0.3105196 -0.01194545 2.77386 -0.3199298 -0.4407225 2.818406 -0.3087058 -0.7993643 2.739279 -0.1134306 0.002571762 2.795141 -0.04657971 -0.4233382 2.790147 0.005334583 -0.8010117 2.712817 
-0.2699939 0.63627 2.842389 -0.2494525 0.4249236 2.827249 -0.2301869 0.2110997 2.807404 -0.4174511 0.409609 2.829166 -0.4791952 0.08818775 2.801492 -0.460421 -0.1656503 2.623054 -0.08145395 0.4402382 2.825331 0.06167036 0.6657113 2.778135 0.06682199 0.9577529 2.742938 -0.3097699 -0.01173517 2.788688 -0.3201086 -0.4414915 2.821782 -0.3106313 -0.8001549 2.741131 -0.1120726 0.006286774 2.786431 -0.05066751 -0.4204347 2.78567 3.871536E-05 -0.8088872 2.706755 
-0.2750905 0.6352858 2.854361 -0.2559948 0.424594 2.833244 -0.2382584 0.2109972 2.810085 -0.4227593 0.4089449 2.84986 -0.4767519 0.08719171 2.811801 -0.4605139 -0.1673146 2.636583 -0.08923027 0.440243 2.816628 0.04862392 0.6637403 2.74935 0.0576081 0.9545229 2.698425 -0.3188143 -0.01182326 2.79672 -0.3233182 -0.4421422 2.821907 -0.3169109 -0.7979577 2.743366 -0.1222296 0.0066241 2.777133 -0.0593944 -0.4195281 2.79006 -0.008635326 -0.8154892 2.696319 
-0.2785144 0.6346819 2.859848 -0.2608725 0.4245284 2.837744 -0.2451906 0.2108178 2.814085 -0.4264193 0.4093768 2.864879 -0.4758953 0.08210587 2.820437 -0.4584278 -0.1803786 2.659915 -0.09532569 0.43968 2.81061 0.03676138 0.6580739 2.715122 0.04700658 0.9419891 2.63594 -0.3267906 -0.01179645 2.80637 -0.3212174 -0.4422544 2.827633 -0.3159732 -0.7933385 2.745258 -0.1322267 0.006010925 2.77448 -0.05469498 -0.4175469 2.788736 -0.009889946 -0.8095574 2.708572 
-0.2786081 0.6290969 2.851551 -0.2611698 0.4182487 2.83531 -0.2464437 0.2040363 2.816427 -0.4247812 0.4036901 2.872872 -0.4772922 0.07194977 2.826727 -0.4634246 -0.1947619 2.674604 -0.09755845 0.4328072 2.797748 0.02702584 0.6501586 2.679604 0.03963037 0.9262042 2.574851 -0.3278966 -0.0187344 2.819624 -0.3156044 -0.4493496 2.833129 -0.3074135 -0.8035859 2.748454 -0.1355385 -0.001617828 2.775463 -0.04789351 -0.4229252 2.796679 -0.003923061 -0.8181206 2.71507 
-0.280206 0.6283908 2.858461 -0.2640533 0.4173744 2.841623 -0.2508842 0.2030014 2.823099 -0.4220607 0.4029284 2.896472 -0.4696362 0.08147196 2.855411 -0.4612759 -0.1930395 2.714349 -0.1060458 0.4318204 2.786775 0.01505161 0.6240702 2.62542 0.02415533 0.885212 2.487042 -0.3309749 -0.019898 2.836947 -0.3194942 -0.4507025 2.838965 -0.3073801 -0.798063 2.754385 -0.1444553 -0.0028452 2.772201 -0.05204771 -0.4232644 2.794111 -0.01087512 -0.8154163 2.711268 
-0.2807002 0.6279455 2.850828 -0.2639234 0.415727 2.840338 -0.2507278 0.2010446 2.826216 -0.4203919 0.4021066 2.901194 -0.4661557 0.0934805 2.878179 -0.4635341 -0.1927839 2.76472 -0.1074549 0.4293475 2.779482 0.007606728 0.5966039 2.579721 0.009408024 0.8336853 2.412271 -0.3292395 -0.0216209 2.847762 -0.3144825 -0.452276 2.840128 -0.3023075 -0.7981975 2.746865 -0.145825 -0.005654831 2.776426 -0.04436772 -0.4230924 2.809595 -0.003505291 -0.8138671 2.718306 
-0.2817924 0.6330343 2.859493 -0.264333 0.4205185 2.846537 -0.2502815 0.2059699 2.830905 -0.4172854 0.4054545 2.915802 -0.4646288 0.0887645 2.892054 -0.4566337 -0.2030286 2.789972 -0.1113805 0.4355824 2.777272 -0.002229332 0.5642754 2.549352 0.001989523 0.7716853 2.357986 -0.3260993 -0.01742972 2.85597 -0.3124833 -0.4475995 2.835015 -0.3009855 -0.792547 2.74005 -0.146361 0.0002722778 2.774575 -0.042335 -0.4170145 2.803349 -0.00615953 -0.7971132 2.715878 
-0.2829595 0.6348488 2.862861 -0.2660062 0.422413 2.84956 -0.2530779 0.2077758 2.833947 -0.4176773 0.4079808 2.922371 -0.4643148 0.08438477 2.905036 -0.4534269 -0.2119927 2.812291 -0.1143352 0.4368451 2.77675 -0.01111112 0.5311333 2.519191 -0.006400797 0.7032405 2.308344 -0.3291926 -0.01533418 2.861079 -0.3198923 -0.4453165 2.833203 -0.3066966 -0.7977632 2.737569 -0.1511065 0.001611435 2.775588 -0.04676145 -0.4147067 2.814923 -0.01043308 -0.802189 2.716383 
-0.2807771 0.6331447 2.855026 -0.2657149 0.4208163 2.847916 -0.2531834 0.205901 2.837176 -0.4168877 0.4082758 2.92247 -0.461158 0.09954266 2.925063 -0.4630393 -0.2025633 2.861235 -0.1145421 0.4333569 2.773363 -0.01553986 0.4665856 2.499577 -0.02059454 0.5883072 2.261496 -0.3294645 -0.01638188 2.870234 -0.3174755 -0.4459898 2.836915 -0.302966 -0.8009639 2.739318 -0.1518394 -0.001646957 2.782635 -0.04275752 -0.4174481 2.813962 -0.007687424 -0.8015339 2.724275 
-0.278451 0.6354062 2.849603 -0.2644682 0.4217166 2.845296 -0.2527975 0.2066466 2.836346 -0.4169141 0.4104355 2.9176 -0.4570915 0.09428003 2.941022 -0.4640767 -0.210612 2.885116 -0.1120224 0.4329977 2.772993 -0.02928174 0.4317833 2.499278 -0.02728532 0.4869789 2.243254 -0.3307326 -0.01505429 2.869896 -0.3189118 -0.443633 2.825737 -0.3026232 -0.7991422 2.731748 -0.1515208 -0.00179245 2.784898 -0.04183105 -0.4181244 2.802735 -0.005701103 -0.8037747 2.717376 
-0.2799551 0.6539501 2.866857 -0.2666184 0.4367343 2.856399 -0.2566966 0.2218794 2.843418 -0.4090207 0.4247377 2.946116 -0.4444284 0.08393857 2.969835 -0.4729473 -0.227537 2.935771 -0.1242162 0.4487308 2.766683 -0.03323693 0.3570559 2.499599 -0.03241025 0.3477653 2.227618 -0.3305756 -3.50647E-05 2.883233 -0.3204173 -0.4281424 2.833692 -0.3053343 -0.7906708 2.733676 -0.1629741 0.01408435 2.77764 -0.05206505 -0.4024369 2.779722 -0.01555059 -0.7962424 2.707861 
