-0.3391933 0.621348 2.79093 -0.3014272 0.4107148 2.796408 -0.263891 0.198457 2.795508 -0.4675564 0.3813889 2.783994 -0.503159 0.05686264 2.791826 -0.5186558 -0.229446 2.658669 -0.135298 0.4400408 2.808822 0.0811988 0.4005374 2.967704 0.2381699 0.6250896 3.012472 -0.3240618 -0.03104857 2.787306 -0.330814 -0.4585983 2.84261 -0.3134258 -0.8158047 2.731855 -0.1286479 0.003446823 2.801909 -0.06756894 -0.4233161 2.798863 0.006291199 -0.8094853 2.71381 
-0.3421711 0.6268312 2.806068 -0.303616 0.4171242 2.804084 -0.2655491 0.2051479 2.796823 -0.4697821 0.3877011 2.79191 -0.5005849 0.06293396 2.788418 -0.5203146 -0.2114903 2.641265 -0.1374498 0.4465474 2.816258 0.08859502 0.4382643 2.959854 0.209347 0.6890557 2.994452 -0.3251767 -0.02412732 2.782405 -0.3333647 -0.4524753 2.830673 -0.3157265 -0.8028972 2.721029 -0.1297877 0.01047037 2.79672 -0.06845831 -0.4160258 2.784066 0.00150206 -0.7950293 2.711046 
-0.3358306 0.6261329 2.813412 -0.2963394 0.4156134 2.809928 -0.2586082 0.2035222 2.801853 -0.4618141 0.3869398 2.78985 -0.4988716 0.06322245 2.788841 -0.5121714 -0.1958214 2.614261 -0.1308647 0.444287 2.830006 0.1031656 0.5260847 2.918966 0.1392859 0.8048173 2.932413 -0.3182071 -0.02543452 2.78197 -0.3257824 -0.4530681 2.835772 -0.314977 -0.8072227 2.719626 -0.1235469 0.008296371 2.805589 -0.06585982 -0.4187142 2.803874 0.005665191 -0.8042021 2.711055 
-0.3331555 0.630595 2.817315 -0.2924894 0.4202144 2.813446 -0.2541383 0.2082744 2.804009 -0.4577324 0.3912857 2.791608 -0.4984289 0.06410523 2.788424 -0.5030177 -0.1990805 2.617916 -0.1272463 0.4491431 2.835284 0.1040855 0.5615493 2.893996 0.105712 0.8445749 2.897699 -0.3129395 -0.02067389 2.781734 -0.3189388 -0.4478078 2.839951 -0.308971 -0.8051069 2.717253 -0.1186351 0.01334256 2.807413 -0.0654715 -0.4142207 2.815361 0.02074026 -0.8168274 2.686364 
-0.3275878 0.6310618 2.81974 -0.286344 0.4213637 2.816251 -0.2477027 0.2094362 2.807464 -0.4516225 0.3921128 2.794914 -0.4997219 0.06604218 2.793206 -0.4958223 -0.1961867 2.623477 -0.1210655 0.4506146 2.837588 0.1035351 0.5932839 2.870964 0.0858244 0.8789582 2.870122 -0.3062396 -0.01968982 2.786132 -0.3149946 -0.4468201 2.844351 -0.3093921 -0.8114486 2.722636 -0.1118832 0.01470728 2.811222 -0.0581418 -0.4129709 2.815832 0.01812921 -0.8145741 2.696071 
-0.3188765 0.6308531 2.820506 -0.2800741 0.4217965 2.818561 -0.2444117 0.209327 2.810718 -0.4461168 0.3945664 2.801234 -0.4988464 0.06901144 2.798646 -0.490908 -0.1922883 2.626471 -0.1140315 0.4490267 2.835888 0.09628003 0.6196534 2.843508 0.06441971 0.9072724 2.834623 -0.306419 -0.01915988 2.792683 -0.3212036 -0.4470139 2.843282 -0.3167129 -0.8111907 2.727199 -0.1110794 0.01287482 2.813068 -0.061404 -0.4153549 2.81791 0.01149499 -0.8222964 2.690987 
-0.3096406 0.6312864 2.821003 -0.2735847 0.4209735 2.81933 -0.2411598 0.2080182 2.810917 -0.4401577 0.3956962 2.817172 -0.4929423 0.06751014 2.803466 -0.4865746 -0.1960557 2.635986 -0.1070116 0.4462508 2.821489 0.07562336 0.6418049 2.796905 0.04051518 0.9294613 2.770576 -0.307071 -0.01985948 2.80123 -0.3201443 -0.4489022 2.840049 -0.3129664 -0.8060728 2.737838 -0.1103987 0.009985367 2.803778 -0.05929142 -0.4179979 2.798451 0.008546917 -0.8156103 2.690246 
-0.29594 0.6257738 2.811697 -0.264662 0.4154532 2.815607 -0.2359973 0.2018921 2.812389 -0.4316204 0.3929426 2.822318 -0.4898185 0.06816385 2.808345 -0.4783856 -0.2019761 2.655145 -0.09770347 0.4379638 2.808896 0.0559327 0.6625318 2.755531 0.02515533 0.9506183 2.717899 -0.3054503 -0.02489792 2.813115 -0.3172256 -0.454835 2.840169 -0.3068874 -0.8082643 2.742378 -0.109215 0.001559998 2.805227 -0.05299427 -0.4258544 2.802324 0.007503529 -0.8207291 2.703075 
-0.2836975 0.6239807 2.807049 -0.2574139 0.412772 2.814396 -0.2326897 0.1986927 2.813973 -0.4242866 0.3934698 2.829587 -0.484831 0.06503513 2.817276 -0.47437 -0.2064872 2.672408 -0.09054118 0.4320742 2.799205 0.03733663 0.6644094 2.728798 0.009501486 0.9472575 2.663482 -0.3060566 -0.02673288 2.822479 -0.3183502 -0.4571831 2.840055 -0.3072336 -0.8034942 2.744024 -0.1098744 -0.004040436 2.80462 -0.05042305 -0.4309257 2.795254 0.002600014 -0.8142439 2.707601 
-0.2720116 0.6269173 2.825687 -0.2550544 0.4156094 2.824065 -0.2395933 0.2010974 2.816017 -0.4186205 0.4025242 2.858611 -0.4813908 0.06536127 2.827058 -0.4760819 -0.2103795 2.704067 -0.09148835 0.4286945 2.789519 0.01586951 0.6586838 2.680027 -0.01400921 0.9355748 2.592798 -0.3208835 -0.0211546 2.828403 -0.3300855 -0.451861 2.830242 -0.3212008 -0.7942913 2.738657 -0.127381 -0.005674561 2.787534 -0.06346272 -0.4319319 2.777319 -0.01446039 -0.8149319 2.687919 
-0.2646245 0.6249748 2.834632 -0.2530203 0.4140341 2.829213 -0.2426843 0.1991696 2.819166 -0.4140395 0.4041024 2.875967 -0.4702942 0.06924771 2.851645 -0.472 -0.2108497 2.731954 -0.0920012 0.4239659 2.782459 0.001981636 0.6508685 2.644853 -0.03157095 0.9142547 2.526223 -0.3268802 -0.0215258 2.836568 -0.319031 -0.45187 2.826825 -0.3118941 -0.7970625 2.740505 -0.1378164 -0.009864243 2.781671 -0.05340263 -0.4315096 2.79266 -0.00637833 -0.8174702 2.69654 
-0.2608147 0.6259511 2.850541 -0.2520101 0.4149525 2.837168 -0.2446787 0.2003239 2.820942 -0.4088673 0.4050943 2.896695 -0.4649248 0.07881348 2.86741 -0.4721554 -0.208905 2.76223 -0.09515288 0.4248106 2.777641 -0.01171819 0.6376978 2.61259 -0.0466923 0.8922245 2.474256 -0.3295341 -0.02009843 2.839701 -0.3114092 -0.4495486 2.815516 -0.30661 -0.7933288 2.735964 -0.1451605 -0.008510941 2.769732 -0.05197492 -0.428124 2.792478 0.001332527 -0.8203541 2.67972 
-0.2586831 0.6269142 2.857927 -0.2512396 0.4158111 2.841071 -0.2458946 0.2012099 2.822516 -0.4046483 0.4060524 2.909748 -0.4625487 0.08146524 2.880736 -0.4610766 -0.2123664 2.786028 -0.09783087 0.4255699 2.772393 -0.02090575 0.6182761 2.58588 -0.05757371 0.8592391 2.429298 -0.3306016 -0.01911972 2.844275 -0.3094461 -0.4486549 2.818032 -0.3018465 -0.7962521 2.737844 -0.1504978 -0.007662811 2.763647 -0.04720419 -0.424319 2.797111 -0.002211319 -0.810106 2.69564 
-0.2530144 0.6232452 2.862098 -0.247513 0.4116563 2.843838 -0.2434971 0.1970633 2.824122 -0.3971862 0.4017915 2.920724 -0.4513181 0.08326279 2.898388 -0.4561187 -0.2166327 2.806566 -0.09783971 0.4215212 2.766952 -0.02446957 0.5796 2.551993 -0.06678674 0.7893724 2.362682 -0.3273973 -0.02332426 2.849568 -0.3036425 -0.4526766 2.820027 -0.2964964 -0.7982656 2.739792 -0.1515654 -0.01173524 2.759244 -0.03742078 -0.4262097 2.78533 -0.002060547 -0.8110894 2.703479 
-0.2484601 0.6282125 2.863665 -0.2432944 0.415265 2.847167 -0.2404896 0.2005195 2.828552 -0.3911518 0.4063125 2.928168 -0.4391459 0.08462561 2.907705 -0.4559362 -0.219488 2.830195 -0.09543688 0.4242175 2.766166 -0.03121728 0.545805 2.524516 -0.06999055 0.7277974 2.311309 -0.3244926 -0.01948212 2.857493 -0.300029 -0.4485418 2.823459 -0.3004035 -0.7931629 2.735614 -0.1508771 -0.008970032 2.762381 -0.03427691 -0.4232688 2.783895 -0.002289942 -0.806261 2.713067 
-0.2446156 0.6303149 2.867445 -0.2384962 0.4174901 2.849654 -0.2353076 0.2028796 2.829427 -0.3861504 0.4075991 2.931321 -0.4330758 0.08180682 2.92587 -0.4571084 -0.2224707 2.849821 -0.09084192 0.427381 2.767988 -0.03261886 0.5124052 2.501763 -0.0706027 0.664184 2.273829 -0.318848 -0.01754065 2.857168 -0.2975886 -0.4468912 2.824015 -0.2984354 -0.7990587 2.725451 -0.1453901 -0.005921173 2.76123 -0.0279165 -0.4203516 2.776771 0.001393286 -0.8054659 2.711853 
-0.2419143 0.6284011 2.866823 -0.2355834 0.4155113 2.849815 -0.2318695 0.2008078 2.830559 -0.3846693 0.4058284 2.929028 -0.4264787 0.09710654 2.941891 -0.4475087 -0.2088224 2.886085 -0.08649753 0.4251941 2.770602 -0.03181702 0.4781946 2.492887 -0.05773183 0.5705647 2.243089 -0.3157867 -0.01958723 2.857865 -0.2988859 -0.4494179 2.828692 -0.3004403 -0.8035451 2.72506 -0.1405247 -0.0082043 2.764743 -0.0263978 -0.4236897 2.779243 0.002793205 -0.8145388 2.711517 
