-0.502268 0.6106842 2.58077 -0.4693251 0.4057843 2.572522 -0.4359803 0.1989357 2.566222 -0.6151814 0.3846142 2.49562 -0.6868413 0.04312448 2.485419 -0.5842254 -0.2088206 2.340216 -0.3234688 0.4269544 2.649425 -0.1797545 0.3914106 2.884726 0.007922333 0.5555762 3.000203 -0.4874203 -0.02021889 2.515218 -0.497209 -0.4380969 2.546288 -0.544418 -0.8430255 2.49836 -0.3178506 0.004393021 2.604624 -0.2622746 -0.4089704 2.645036 -0.1040665 -0.8508277 2.482098 
-0.4927754 0.6088344 2.55559 -0.4647327 0.4024091 2.563593 -0.4345876 0.1953174 2.568217 -0.6111892 0.3794087 2.488267 -0.6858343 0.04152719 2.481686 -0.5812634 -0.2081472 2.332216 -0.3182762 0.4254096 2.63892 -0.1643465 0.4412602 2.88442 -0.00353328 0.6361576 2.995584 -0.4895948 -0.02514726 2.529044 -0.5046225 -0.442527 2.564692 -0.5514275 -0.8484315 2.514833 -0.31929 0.001598465 2.616637 -0.263115 -0.4120751 2.654258 -0.1128173 -0.8534276 2.497878 
-0.4774834 0.6068872 2.541741 -0.4556752 0.4003313 2.560165 -0.4309243 0.1926448 2.57161 -0.6047025 0.3786802 2.489557 -0.6796851 0.04660886 2.477957 -0.5765992 -0.2029079 2.329332 -0.3066478 0.4219824 2.630772 -0.1328089 0.5273461 2.864867 -0.03615332 0.7708768 2.952683 -0.4928223 -0.02763023 2.542001 -0.500164 -0.446004 2.566424 -0.5503846 -0.8454662 2.509311 -0.3195246 -0.002453049 2.624108 -0.2641168 -0.4164374 2.660468 -0.1110457 -0.8528765 2.490479 
-0.4729474 0.6087216 2.553578 -0.4484998 0.4030479 2.567126 -0.4230365 0.1952371 2.575691 -0.5981696 0.3818475 2.4977 -0.6693552 0.04731235 2.477976 -0.5767128 -0.1957939 2.323348 -0.2988299 0.4242482 2.636552 -0.125416 0.5706614 2.841935 -0.04670881 0.8309001 2.915555 -0.4846084 -0.02490201 2.543883 -0.490944 -0.4436097 2.563069 -0.5418368 -0.8439859 2.499488 -0.3105379 -0.0002453919 2.624627 -0.2501159 -0.4139506 2.655216 -0.09974692 -0.8503584 2.483213 
-0.45702 0.6010743 2.567465 -0.4321397 0.3973226 2.57338 -0.4064505 0.1893525 2.576879 -0.5862455 0.3772954 2.514431 -0.6596228 0.05959329 2.489009 -0.5659719 -0.1784096 2.325974 -0.2780339 0.4173499 2.63233 -0.1143843 0.6463922 2.782752 -0.06905229 0.9323077 2.82541 -0.47043 -0.03027092 2.546076 -0.4950961 -0.4472167 2.579197 -0.5466738 -0.8500726 2.503323 -0.2910924 -0.006964584 2.614677 -0.2492517 -0.4214327 2.658 -0.1011843 -0.8552353 2.475757 
-0.4482037 0.6061576 2.575945 -0.4233536 0.4002054 2.577828 -0.398951 0.1920391 2.578419 -0.5794485 0.3817535 2.523828 -0.6563566 0.05781976 2.493516 -0.5642035 -0.1760139 2.325165 -0.2672585 0.4186572 2.631828 -0.1262299 0.6478636 2.74249 -0.07607117 0.9381186 2.766181 -0.4653359 -0.02685909 2.547604 -0.4912477 -0.4442514 2.575255 -0.5472986 -0.8445413 2.499193 -0.283761 -0.005395279 2.610419 -0.2442802 -0.4212698 2.64099 -0.1026784 -0.8490036 2.481581 
-0.4396122 0.6094141 2.579784 -0.4182783 0.4033212 2.580012 -0.3978567 0.1947515 2.578382 -0.5771152 0.3881281 2.534097 -0.6412303 0.05892133 2.502849 -0.5522488 -0.173751 2.329399 -0.2594415 0.4185143 2.625927 -0.1268689 0.6593699 2.702269 -0.08125835 0.9526227 2.704355 -0.4699033 -0.02266309 2.550021 -0.4993626 -0.4394433 2.583427 -0.5557013 -0.8427562 2.501729 -0.2849671 -0.004973511 2.603482 -0.2505246 -0.4204853 2.64429 -0.1101827 -0.8523782 2.476461 
-0.4251761 0.6089884 2.592328 -0.4090541 0.4040045 2.585337 -0.394128 0.1951434 2.579024 -0.5707548 0.3935021 2.550488 -0.6397629 0.06652692 2.517569 -0.5521469 -0.1636927 2.342512 -0.2473533 0.4145069 2.620186 -0.1264191 0.6670904 2.640043 -0.0896825 0.9586737 2.605712 -0.47341 -0.01983644 2.552408 -0.4952398 -0.4365478 2.591618 -0.5531073 -0.8421421 2.502408 -0.2849938 -0.007598892 2.593014 -0.2417213 -0.4221111 2.636395 -0.1108741 -0.8530212 2.476161 
-0.4174499 0.612368 2.59701 -0.4044867 0.4065397 2.587859 -0.3927508 0.1974875 2.579724 -0.568279 0.3982417 2.56481 -0.6369421 0.07028705 2.532872 -0.549329 -0.15597 2.355188 -0.2406942 0.4148378 2.610908 -0.1274413 0.6656279 2.58512 -0.09588068 0.9535447 2.5223 -0.4763509 -0.01639464 2.558172 -0.4942825 -0.4330362 2.600636 -0.5517058 -0.8404839 2.506035 -0.2856789 -0.006734848 2.585004 -0.2397981 -0.4183414 2.646792 -0.1088397 -0.851359 2.476163 
-0.397828 0.614679 2.609664 -0.391486 0.4093817 2.593798 -0.384068 0.2003195 2.581184 -0.5571563 0.4039179 2.586927 -0.6263173 0.07562045 2.557756 -0.5477162 -0.1497568 2.376712 -0.2258157 0.4148455 2.600668 -0.1251831 0.6455825 2.487304 -0.1061833 0.9162765 2.367507 -0.4728894 -0.01191656 2.56458 -0.4856756 -0.4286545 2.60861 -0.548285 -0.839501 2.500285 -0.2804107 -0.005568604 2.572562 -0.235035 -0.4125538 2.660658 -0.1104115 -0.8523762 2.477938 
-0.3903779 0.6173315 2.615573 -0.3859822 0.4121827 2.597284 -0.3807407 0.2031633 2.582702 -0.5519971 0.4082853 2.593475 -0.6266756 0.07932068 2.568388 -0.5482298 -0.1511537 2.390443 -0.2199674 0.41608 2.601094 -0.124365 0.620573 2.444833 -0.1141623 0.8759304 2.295186 -0.4719343 -0.008120041 2.565907 -0.4812566 -0.4245012 2.613942 -0.548662 -0.8387665 2.503736 -0.2790639 -0.00359227 2.570333 -0.2316435 -0.4084393 2.667291 -0.1113342 -0.8504591 2.483829 
-0.3834455 0.6192768 2.627018 -0.3814598 0.4137907 2.60302 -0.3774264 0.2051371 2.583875 -0.5476332 0.4106137 2.602638 -0.6278847 0.08219434 2.582198 -0.5503824 -0.1527902 2.40329 -0.2152864 0.4169678 2.603403 -0.1250102 0.5866105 2.404609 -0.1155461 0.8229365 2.226661 -0.4699796 -0.005363251 2.564507 -0.4782147 -0.4215427 2.614651 -0.5482762 -0.8380146 2.49878 -0.2768064 -0.001669983 2.564952 -0.2250211 -0.406755 2.6592 -0.1151271 -0.8463016 2.486134 
-0.3702996 0.6183991 2.632868 -0.3742509 0.413276 2.606284 -0.3756614 0.2048285 2.58505 -0.5400522 0.413534 2.614766 -0.6219943 0.08513004 2.599717 -0.5551139 -0.1551866 2.426128 -0.2084495 0.413018 2.597803 -0.1255547 0.5247462 2.353466 -0.1210986 0.7216343 2.14622 -0.4736083 -0.003468628 2.568754 -0.4748524 -0.4202835 2.613327 -0.5541993 -0.8404668 2.506317 -0.2805358 -0.003769104 2.558877 -0.2294725 -0.4062449 2.663862 -0.1223746 -0.8512293 2.487677 
-0.3602876 0.6188892 2.638726 -0.3688234 0.4136551 2.60964 -0.3744619 0.2055919 2.585546 -0.5342439 0.4164682 2.624059 -0.6195469 0.08910047 2.613406 -0.5629252 -0.1545175 2.441191 -0.2034028 0.410842 2.595221 -0.1273241 0.4783229 2.326829 -0.126297 0.6281019 2.094014 -0.4762762 -0.0008358764 2.569835 -0.4681133 -0.417924 2.610285 -0.5535402 -0.8400084 2.50397 -0.2839244 -0.004106934 2.553068 -0.2268126 -0.4034733 2.666409 -0.1215228 -0.8499162 2.486934 
-0.3471745 0.6162151 2.630262 -0.3638667 0.4110249 2.608203 -0.3778054 0.203009 2.588873 -0.528048 0.4199595 2.630445 -0.6141656 0.09545325 2.637431 -0.5700488 -0.1556492 2.465314 -0.1996854 0.4020903 2.58596 -0.1385604 0.4257186 2.304543 -0.1332457 0.4946744 2.052293 -0.4873164 0.0001939697 2.582491 -0.4719295 -0.4165628 2.624497 -0.5603441 -0.8412592 2.516008 -0.2961719 -0.01020795 2.556596 -0.2339762 -0.4077254 2.673968 -0.1313504 -0.8554071 2.498347 
