-0.4685793 0.614212 2.604807 -0.4536366 0.4066979 2.605363 -0.4358762 0.1978463 2.601546 -0.6043997 0.3951319 2.536719 -0.6939133 0.06715729 2.543945 -0.6726278 -0.219658 2.427055 -0.3028737 0.418264 2.674007 -0.1630547 0.362679 2.906664 0.01936153 0.5384927 3.031632 -0.5057969 -0.01773192 2.557807 -0.5174706 -0.431559 2.623756 -0.5482047 -0.8344054 2.540797 -0.3304346 -0.004278671 2.637651 -0.2850543 -0.4145706 2.710013 -0.1217887 -0.8584771 2.530094 
-0.4672908 0.6145974 2.604134 -0.4500568 0.4068136 2.607679 -0.4299418 0.1981696 2.606799 -0.5993788 0.3927196 2.536154 -0.6859825 0.06709045 2.541986 -0.6706596 -0.213828 2.414315 -0.3007348 0.4209076 2.679205 -0.1505574 0.4233223 2.909361 -0.001517059 0.6452451 3.009413 -0.4966137 -0.01866585 2.564348 -0.5134972 -0.4321135 2.631621 -0.5431754 -0.8316091 2.548527 -0.3230398 -0.002282761 2.64749 -0.2789868 -0.4136486 2.714843 -0.1140708 -0.85861 2.524611 
-0.4606908 0.6144059 2.612774 -0.4429236 0.4073716 2.613081 -0.4237878 0.1986403 2.610425 -0.5932534 0.3944784 2.543254 -0.6799997 0.06604984 2.543997 -0.66251 -0.2133656 2.413089 -0.2925938 0.4202648 2.682909 -0.129789 0.488654 2.88719 -0.02870638 0.7487326 2.958219 -0.4920355 -0.0175855 2.56718 -0.5134666 -0.4316331 2.629152 -0.5480153 -0.8347407 2.540328 -0.3172686 -0.00259639 2.648359 -0.2790958 -0.4150472 2.712712 -0.1159917 -0.8596277 2.516712 
-0.4557621 0.6182922 2.616596 -0.4373348 0.4111918 2.616589 -0.4183295 0.2024511 2.612934 -0.5898628 0.3984402 2.551749 -0.6755165 0.0635343 2.542 -0.6541777 -0.2116529 2.404691 -0.2848068 0.4239434 2.681429 -0.1174103 0.5428141 2.859599 -0.05020135 0.8231488 2.913175 -0.4880483 -0.01370702 2.571561 -0.5097023 -0.427962 2.632385 -0.5492814 -0.8300261 2.541627 -0.3106003 0.001127975 2.646995 -0.2750435 -0.4116676 2.710986 -0.1132224 -0.857936 2.513543 
-0.4510375 0.6189902 2.629939 -0.4291645 0.4121624 2.623652 -0.4089697 0.2036601 2.615916 -0.5869256 0.3987421 2.57353 -0.6617153 0.06319351 2.551973 -0.6295801 -0.2087581 2.406387 -0.2714034 0.4255828 2.673774 -0.09843132 0.6131284 2.797387 -0.06674961 0.9094223 2.815245 -0.4805374 -0.01264832 2.579026 -0.5028053 -0.4276682 2.634049 -0.5497717 -0.8289346 2.542875 -0.2970126 0.002963654 2.637333 -0.254437 -0.4112216 2.675451 -0.1467742 -0.8359317 2.574217 
-0.4415505 0.6206548 2.634727 -0.4217034 0.4137357 2.625831 -0.4040045 0.2051813 2.614761 -0.5814743 0.4025093 2.581886 -0.6534172 0.06062628 2.564517 -0.6232992 -0.2075129 2.415431 -0.2619324 0.424962 2.669776 -0.09578067 0.63352 2.754761 -0.08151618 0.9312358 2.751937 -0.4792215 -0.009901795 2.578135 -0.5028595 -0.4247175 2.634329 -0.5530245 -0.8334438 2.537774 -0.2933899 0.003155701 2.629248 -0.2609952 -0.4096415 2.687257 -0.140064 -0.8471367 2.551785 
-0.4357041 0.6199002 2.637645 -0.4176998 0.4137764 2.627055 -0.4023216 0.2050859 2.614889 -0.5797174 0.4038467 2.592592 -0.6482373 0.06231824 2.573317 -0.6192484 -0.2091422 2.429405 -0.2556823 0.4237061 2.661519 -0.09566747 0.6396227 2.720804 -0.08619253 0.9354264 2.689178 -0.481253 -0.009384659 2.582662 -0.5054188 -0.4224754 2.649447 -0.5561275 -0.8345485 2.544302 -0.2926338 0.002175369 2.622784 -0.2667679 -0.408354 2.698606 -0.130537 -0.8556596 2.533429 
-0.4212183 0.6200504 2.641269 -0.4122865 0.41277 2.629385 -0.4062518 0.2036631 2.617273 -0.5773282 0.4087208 2.617063 -0.6375433 0.06152618 2.589596 -0.6056923 -0.2146294 2.452778 -0.2472449 0.4168192 2.641708 -0.09310562 0.6392735 2.643382 -0.0943666 0.9268231 2.565545 -0.4964102 -0.007803818 2.59798 -0.5048511 -0.4236359 2.646931 -0.5635111 -0.8347942 2.54889 -0.304024 -0.003083725 2.612343 -0.2744565 -0.4109248 2.703431 -0.1260995 -0.8649361 2.513145 
-0.4179878 0.6159182 2.649942 -0.412186 0.4097839 2.63355 -0.408499 0.2007301 2.619274 -0.577779 0.4069892 2.631707 -0.635839 0.06430393 2.600841 -0.6023221 -0.2125601 2.468251 -0.2465931 0.4125785 2.635392 -0.09655447 0.631761 2.605532 -0.09675372 0.9123393 2.505002 -0.5010747 -0.009948288 2.603927 -0.4974505 -0.426663 2.645617 -0.5591396 -0.836162 2.547344 -0.3085493 -0.006699143 2.606069 -0.2511474 -0.415327 2.66689 -0.1553672 -0.8427045 2.576551 
-0.4145771 0.6211856 2.653751 -0.4110594 0.4128331 2.636233 -0.4095833 0.2038049 2.620853 -0.5767143 0.4111865 2.642714 -0.6344479 0.06666739 2.610954 -0.6021989 -0.2116451 2.481447 -0.2454046 0.4144797 2.629752 -0.09888618 0.6186477 2.568279 -0.0973148 0.891927 2.448571 -0.5043555 -0.006180115 2.609239 -0.4932644 -0.422643 2.653763 -0.5568053 -0.8302009 2.545925 -0.3118588 -0.004266663 2.601708 -0.2498773 -0.4088552 2.684437 -0.1513113 -0.8421357 2.556987 
-0.403968 0.6276894 2.665687 -0.4040828 0.4195725 2.643169 -0.4057145 0.2109664 2.62333 -0.5691866 0.4193887 2.658681 -0.6253463 0.06592392 2.631032 -0.6040903 -0.2127826 2.498984 -0.238979 0.4197564 2.627657 -0.1005436 0.5961864 2.511958 -0.1108611 0.8507338 2.359985 -0.5033449 0.002253387 2.612509 -0.4860322 -0.413972 2.658324 -0.5516539 -0.8245342 2.544505 -0.3113474 0.002467133 2.594471 -0.2486497 -0.4004121 2.687941 -0.1350346 -0.846558 2.534397 
-0.3928327 0.6204295 2.654166 -0.3963462 0.4127405 2.6391 -0.4009027 0.2037518 2.625145 -0.5601653 0.4146146 2.664523 -0.6179975 0.06832156 2.647611 -0.6066455 -0.2136374 2.517149 -0.2325272 0.4108665 2.613677 -0.0975952 0.5757216 2.463548 -0.1175806 0.8136011 2.288537 -0.5007576 -0.004146774 2.62598 -0.4763034 -0.4209772 2.660808 -0.5501527 -0.8398182 2.555485 -0.3101605 -0.006327194 2.596401 -0.2499908 -0.4074166 2.700269 -0.1259419 -0.8669886 2.531181 
-0.3819091 0.6218296 2.655833 -0.3880957 0.4140634 2.640983 -0.3961772 0.2051837 2.626361 -0.5513602 0.4182961 2.670752 -0.6160105 0.07066602 2.667336 -0.6149739 -0.2176016 2.555045 -0.2248312 0.4098306 2.611214 -0.09980332 0.5398474 2.415332 -0.1322211 0.745303 2.212168 -0.4990859 -0.001237473 2.62903 -0.4735669 -0.4188614 2.643321 -0.5514098 -0.8298716 2.546486 -0.3094315 -0.006154434 2.594449 -0.2446367 -0.4087429 2.690294 -0.1264762 -0.8583404 2.523077 
-0.3768671 0.6228718 2.657133 -0.3848283 0.4149134 2.642123 -0.3940005 0.2060901 2.626667 -0.5466156 0.4192787 2.679155 -0.6095253 0.07034967 2.684685 -0.6199741 -0.2194098 2.575814 -0.223041 0.410548 2.605091 -0.1139181 0.5034039 2.380198 -0.1385132 0.6756669 2.158199 -0.4972558 -0.0001945801 2.632747 -0.470578 -0.4181854 2.642181 -0.5505666 -0.8308415 2.547359 -0.3090893 -0.005271698 2.589677 -0.2326741 -0.4093842 2.667297 -0.1544016 -0.8344755 2.571314 
-0.3603973 0.6221921 2.657174 -0.3784094 0.4156407 2.644018 -0.396333 0.2073629 2.629156 -0.5367576 0.4257675 2.69307 -0.6028718 0.07058816 2.706015 -0.6265201 -0.2215773 2.603875 -0.2200612 0.405514 2.594967 -0.1317111 0.4590818 2.334424 -0.1497338 0.5401416 2.088589 -0.506332 0.004973389 2.642817 -0.4732809 -0.4128473 2.646498 -0.5558741 -0.8249751 2.551625 -0.3221812 -0.006803467 2.585772 -0.2450344 -0.4045395 2.691423 -0.142045 -0.8527306 2.533315 
-0.3580172 0.6208717 2.667359 -0.3786366 0.4155082 2.647932 -0.3981391 0.2077453 2.628699 -0.5361778 0.4254825 2.699933 -0.6009745 0.07082892 2.716022 -0.631168 -0.2244404 2.622356 -0.2210954 0.405534 2.595931 -0.1423976 0.4355075 2.327228 -0.1490572 0.4698615 2.069586 -0.5091995 0.005779129 2.639686 -0.4699201 -0.4113138 2.631678 -0.5531768 -0.8259125 2.544071 -0.3260839 -0.005814285 2.579244 -0.2441615 -0.4019473 2.688302 -0.1347547 -0.8568036 2.518005 
