-0.4540954 0.6187727 2.602234 -0.4397064 0.4116948 2.60424 -0.4223464 0.2028463 2.600289 -0.5886057 0.4006994 2.531213 -0.6759406 0.06634729 2.53999 -0.6575086 -0.2247595 2.431864 -0.2908072 0.4226902 2.677267 -0.1221266 0.3957464 2.894928 0.03805155 0.6083242 3.010622 -0.491524 -0.01239262 2.553896 -0.515106 -0.4241711 2.627088 -0.5461851 -0.8314405 2.544355 -0.3184486 0.0003880768 2.638781 -0.2844014 -0.4116136 2.706901 -0.1076625 -0.8622066 2.525537 
-0.4512894 0.6180328 2.604323 -0.4362445 0.4108136 2.605306 -0.4184408 0.2019864 2.601003 -0.5863433 0.3994723 2.534684 -0.6744742 0.06817633 2.539493 -0.6522844 -0.219465 2.424215 -0.2861458 0.4221549 2.675929 -0.1125657 0.4313695 2.882959 0.02177744 0.6718342 2.976707 -0.4878997 -0.01343419 2.555642 -0.5158146 -0.4261424 2.62258 -0.5492328 -0.8290785 2.54713 -0.3133745 -0.0002472381 2.637757 -0.2814409 -0.4131508 2.702209 -0.1119494 -0.8614863 2.519083 
-0.444368 0.6143478 2.598635 -0.4284095 0.4079283 2.604392 -0.4095121 0.1991646 2.60445 -0.5807658 0.3941189 2.539172 -0.6711003 0.06628766 2.540107 -0.6344433 -0.2145056 2.416782 -0.2760531 0.4217377 2.669612 -0.08662857 0.4968514 2.851233 0.0001866989 0.7707341 2.898238 -0.4792195 -0.0176302 2.566579 -0.5062944 -0.4319199 2.62415 -0.5487975 -0.834031 2.546439 -0.30201 -0.001568161 2.642438 -0.2751584 -0.4145261 2.709512 -0.1096551 -0.861349 2.516463 
-0.4405926 0.6158739 2.600538 -0.4238115 0.4088706 2.60597 -0.405438 0.2000441 2.605432 -0.578642 0.3954 2.547072 -0.6585621 0.06064828 2.547064 -0.6279727 -0.2143658 2.415446 -0.268981 0.4223411 2.664868 -0.06982599 0.5334187 2.822628 -0.01006756 0.8170021 2.849037 -0.4771675 -0.01662146 2.570617 -0.5024306 -0.4318779 2.621916 -0.550822 -0.8302512 2.54772 -0.2969617 -0.0009432068 2.639168 -0.266183 -0.4147838 2.698293 -0.1144674 -0.8568534 2.517637 
-0.4345863 0.6186386 2.611263 -0.4175235 0.411394 2.611687 -0.4024114 0.2023826 2.60674 -0.5781244 0.4007374 2.571331 -0.6439825 0.06170981 2.559309 -0.6172046 -0.2102729 2.418705 -0.2569226 0.4220506 2.652043 -0.04705206 0.5857897 2.755495 -0.02630268 0.8764184 2.747567 -0.4806752 -0.01282472 2.578328 -0.5018677 -0.4287398 2.626554 -0.5537542 -0.8310313 2.544805 -0.2939235 -0.0004329071 2.625256 -0.2627792 -0.4120793 2.697847 -0.1173481 -0.8592232 2.514959 
-0.4284559 0.6148644 2.615877 -0.4127766 0.4088367 2.613647 -0.3991406 0.1997468 2.60745 -0.575268 0.3991964 2.581368 -0.6405202 0.06136822 2.56468 -0.6044493 -0.2120338 2.427468 -0.2502853 0.418477 2.645925 -0.04355716 0.6103753 2.720298 -0.03904706 0.9016693 2.695978 -0.4800019 -0.01494936 2.582481 -0.4942431 -0.4315643 2.626682 -0.5535608 -0.8311128 2.548288 -0.2910072 -0.003736679 2.620024 -0.2590406 -0.414715 2.696287 -0.1144549 -0.8637649 2.514445 
-0.4225067 0.6167159 2.630215 -0.4086814 0.4110862 2.618995 -0.3969905 0.2022578 2.606424 -0.5728611 0.4032121 2.597116 -0.632961 0.06131696 2.572369 -0.5992052 -0.2139201 2.435226 -0.2445018 0.4189603 2.640874 -0.04804562 0.6202593 2.687044 -0.04577249 0.9081456 2.635811 -0.4808586 -0.01115356 2.581117 -0.4923691 -0.4275829 2.628133 -0.5559512 -0.8281862 2.539157 -0.2897405 -0.001987457 2.606587 -0.2536856 -0.4123032 2.684692 -0.1188813 -0.8564873 2.508873 
-0.4115084 0.6215656 2.63507 -0.4028168 0.4145119 2.622718 -0.3969291 0.2055263 2.609075 -0.5680214 0.4103465 2.61523 -0.6225159 0.06265716 2.582405 -0.5859955 -0.2139511 2.450207 -0.2376123 0.4186774 2.630205 -0.05790121 0.62484 2.628819 -0.05593103 0.9051811 2.547044 -0.48735 -0.005887619 2.591068 -0.4917194 -0.4217972 2.643134 -0.560419 -0.8261263 2.550112 -0.2947328 -0.001030991 2.599797 -0.242297 -0.4113721 2.664747 -0.1587442 -0.8343973 2.574945 
-0.4057805 0.6258385 2.64634 -0.3988369 0.4190898 2.628731 -0.3950996 0.2102891 2.61154 -0.5642112 0.4157617 2.633202 -0.617888 0.06541696 2.590743 -0.579441 -0.2132062 2.460379 -0.2334625 0.4224178 2.624259 -0.0629786 0.6274426 2.576918 -0.07396326 0.8986531 2.469367 -0.4875181 -0.0004466705 2.596948 -0.4809361 -0.4169601 2.642506 -0.5532857 -0.8237374 2.548691 -0.2952067 0.003423477 2.591749 -0.237705 -0.4016517 2.679125 -0.1491236 -0.8367118 2.556092 
-0.3927285 0.6203597 2.656451 -0.389542 0.4152782 2.633762 -0.3883129 0.2067204 2.612839 -0.5549346 0.4128462 2.648288 -0.6062603 0.06788 2.611446 -0.5766608 -0.2180962 2.493748 -0.2241495 0.4177101 2.619236 -0.07455643 0.611787 2.491472 -0.1036614 0.8527527 2.329731 -0.4831088 -0.003249268 2.60035 -0.4649152 -0.4209526 2.628448 -0.5488471 -0.836893 2.543057 -0.2910587 -0.000425354 2.583483 -0.2270996 -0.4013337 2.683154 -0.1432056 -0.8413258 2.559868 
-0.3857679 0.6196338 2.658959 -0.3836476 0.4138409 2.635155 -0.3828337 0.2053516 2.613346 -0.5490254 0.4114835 2.65152 -0.6031345 0.06694333 2.622227 -0.5753996 -0.2198343 2.504927 -0.2182698 0.4161983 2.618789 -0.08278231 0.5878887 2.450238 -0.1176564 0.815082 2.275941 -0.4781118 -0.004507553 2.601047 -0.4632297 -0.4223814 2.630296 -0.5483841 -0.8359899 2.541475 -0.2859277 -0.001768051 2.582029 -0.215546 -0.4054998 2.665897 -0.1569569 -0.8261887 2.595084 
-0.3796174 0.6205157 2.660307 -0.3810735 0.4144028 2.637231 -0.3844593 0.2059269 2.615828 -0.5452705 0.4145267 2.661999 -0.5945556 0.06646268 2.632712 -0.5761818 -0.2214102 2.515393 -0.2168765 0.4142788 2.612463 -0.08887787 0.5624327 2.417226 -0.1331704 0.7679134 2.224511 -0.4834253 -0.002476883 2.608842 -0.4713302 -0.4205173 2.637916 -0.5569928 -0.8288319 2.550679 -0.2922651 -0.00262117 2.580007 -0.2339883 -0.4029419 2.685482 -0.1508841 -0.8432778 2.560744 
-0.3726811 0.6216704 2.659251 -0.3798974 0.4147341 2.640127 -0.3886378 0.2061408 2.621469 -0.5400997 0.4175968 2.683172 -0.5940419 0.09194269 2.661606 -0.5861661 -0.1951617 2.554964 -0.219695 0.4118714 2.597081 -0.1029066 0.5126297 2.369408 -0.1486124 0.6567468 2.142653 -0.4905379 -0.000787796 2.627844 -0.461094 -0.4185559 2.639049 -0.5528467 -0.8327556 2.553713 -0.3042187 -0.004117172 2.577781 -0.2335298 -0.3979647 2.701135 -0.1263634 -0.8582591 2.526961 
-0.3675027 0.6190032 2.658362 -0.3771022 0.4114115 2.640678 -0.3878352 0.2028034 2.623147 -0.5366949 0.4157674 2.686552 -0.5916758 0.1087496 2.672218 -0.5958389 -0.1791822 2.576161 -0.2175095 0.4070556 2.594805 -0.1164425 0.481318 2.34572 -0.1589056 0.5951273 2.109127 -0.4912723 -0.00327449 2.632262 -0.4626248 -0.4212746 2.632272 -0.5535074 -0.8362255 2.54778 -0.305864 -0.008335006 2.578969 -0.2192092 -0.405842 2.673635 -0.1543311 -0.8371654 2.580293 
-0.3609597 0.6196254 2.659598 -0.3722969 0.4130322 2.64227 -0.3831573 0.2044637 2.624118 -0.5318212 0.4172634 2.689097 -0.5932999 0.09671436 2.692519 -0.6151302 -0.1920247 2.599506 -0.2127727 0.408801 2.595443 -0.1401075 0.4303279 2.322434 -0.1707044 0.4652629 2.066089 -0.4867577 -0.001644943 2.633189 -0.4592828 -0.4199429 2.632806 -0.5560725 -0.8349214 2.5367 -0.3012776 -0.006564652 2.578743 -0.2093182 -0.4065687 2.658339 -0.1610152 -0.8281088 2.594834 
