-0.3156316 0.779172 2.818128 -0.3178148 0.5282323 2.866894 -0.297502 0.2871072 2.879128 -0.4710538 0.5137945 2.836768 -0.5168335 0.2348871 2.883168 -0.3717528 0.108027 2.639403 -0.1645758 0.5426699 2.897019 -0.07474592 0.4326303 3.11953 0.1360382 0.6850358 3.199299 -0.3644475 0.03776099 2.874208 -0.3883505 -0.4178661 2.845558 -0.3997397 -0.8468616 2.775193 -0.1899308 0.05420343 2.908517 -0.1873678 -0.3898335 2.957614 -0.2057074 -0.8468494 3.027536 
-0.3181648 0.7790726 2.814539 -0.3161604 0.5297589 2.86462 -0.2977456 0.2888133 2.877356 -0.4716083 0.5163962 2.836581 -0.5177054 0.2361774 2.881315 -0.3700991 0.1054407 2.631367 -0.1607126 0.5431215 2.892659 -0.07857263 0.4662958 3.107461 0.1276601 0.7173334 3.184515 -0.3671071 0.04032231 2.87426 -0.38715 -0.4151907 2.84574 -0.3999376 -0.8459081 2.775983 -0.1915543 0.05541325 2.905926 -0.1878773 -0.387134 2.947217 -0.2069352 -0.8454571 3.027041 
-0.3236814 0.779306 2.807938 -0.3185255 0.5315075 2.863135 -0.2996043 0.2909358 2.875929 -0.4729306 0.5179766 2.837059 -0.5185141 0.2375954 2.876163 -0.3906077 0.1083898 2.63794 -0.1641204 0.5450384 2.88921 -0.05860549 0.5125953 3.088562 0.1240923 0.8086023 3.149776 -0.3692592 0.04260204 2.873765 -0.3885906 -0.4112394 2.843515 -0.4010009 -0.8427179 2.776092 -0.1921069 0.05812633 2.903682 -0.1885936 -0.381473 2.937699 -0.2040716 -0.8283334 3.026498 
-0.3286813 0.7803189 2.803347 -0.3218454 0.5322315 2.861591 -0.3017351 0.2905775 2.875346 -0.4790755 0.5177348 2.836781 -0.5211695 0.2368281 2.874644 -0.4009118 0.1025432 2.63126 -0.1646153 0.5467283 2.886402 -0.007749603 0.5547416 3.055359 0.1034063 0.8655277 3.081475 -0.3696919 0.0408037 2.875205 -0.3902478 -0.4104781 2.841751 -0.3968817 -0.8383196 2.774984 -0.1935578 0.05704344 2.902998 -0.1921887 -0.3813812 2.935428 -0.2296077 -0.8028615 3.033295 
-0.3325661 0.7802586 2.802051 -0.3217016 0.5332955 2.862242 -0.302649 0.2929551 2.8762 -0.4815914 0.5192693 2.838977 -0.5213383 0.2377712 2.876557 -0.4006715 0.09944214 2.633219 -0.1618119 0.5473217 2.885506 0.06627268 0.6278154 3.004823 0.09855571 0.8880461 3.048855 -0.3722289 0.04483954 2.877262 -0.3893142 -0.4047574 2.839866 -0.3900403 -0.7915264 2.735917 -0.1949639 0.06038995 2.903055 -0.1922072 -0.3814495 2.944083 -0.2228004 -0.8087965 3.033067 
-0.3354126 0.7807084 2.801848 -0.3143364 0.5466839 2.859508 -0.298864 0.2993408 2.874438 -0.484882 0.5346625 2.837093 -0.5227209 0.2525971 2.874353 -0.429178 0.09749565 2.644681 -0.1437909 0.5587054 2.881923 0.06502275 0.6303473 2.974754 0.09500411 0.9496236 2.954848 -0.3726079 0.04570897 2.877642 -0.3907443 -0.4003927 2.84187 -0.39584 -0.8039598 2.762041 -0.1941752 0.05828636 2.901094 -0.1917346 -0.3835382 2.945619 -0.2207536 -0.8101645 3.032139 
-0.3396601 0.7812483 2.799255 -0.3106122 0.5517942 2.860719 -0.2969351 0.3018632 2.87504 -0.4858132 0.5410253 2.840103 -0.5244324 0.2549964 2.879074 -0.4363782 0.1171138 2.647212 -0.1354112 0.5625631 2.881336 0.07521921 0.6313976 2.942609 0.09621059 0.9545143 2.8956 -0.3732488 0.04640092 2.878772 -0.3915972 -0.4021387 2.843333 -0.3974019 -0.8094128 2.768561 -0.1932674 0.05746361 2.899951 -0.191447 -0.3844748 2.945024 -0.2172759 -0.8131168 3.029209 
-0.3405556 0.7813489 2.797022 -0.3210176 0.5583181 2.852563 -0.3056959 0.312629 2.872816 -0.4897533 0.5464862 2.836681 -0.5250103 0.2605538 2.873647 -0.4646863 0.08646626 2.670912 -0.1522819 0.5701501 2.868445 0.06483937 0.6526186 2.851033 0.09391256 0.9826581 2.793933 -0.3805947 0.06061346 2.884578 -0.3955056 -0.3892247 2.846369 -0.3999231 -0.8033609 2.774054 -0.2001536 0.07326624 2.901561 -0.1886092 -0.3899576 2.94031 -0.1868571 -0.7703601 3.0539 
-0.3418718 0.7805518 2.793786 -0.3169264 0.5707242 2.853561 -0.3044178 0.3245597 2.874195 -0.4868148 0.5614219 2.845573 -0.5359797 0.3027398 2.910709 -0.4862531 0.1207585 2.711737 -0.147038 0.5800266 2.861549 0.06505477 0.6674187 2.818716 0.0888279 0.9662269 2.688866 -0.384104 0.07334706 2.890494 -0.3960298 -0.3859362 2.847278 -0.398177 -0.8082117 2.779558 -0.1997145 0.08344337 2.899164 -0.191557 -0.3810511 2.935638 -0.2158557 -0.7771306 3.05102 
-0.3454492 0.7833143 2.794646 -0.3121623 0.571697 2.84945 -0.2975985 0.3271209 2.87324 -0.4869783 0.5611274 2.847807 -0.5444111 0.2949494 2.924733 -0.4900106 0.1102021 2.722898 -0.1373463 0.5822667 2.851093 0.0610665 0.6684463 2.75257 0.07675253 0.9250856 2.558871 -0.3827848 0.0765138 2.896093 -0.394282 -0.3863644 2.851874 -0.3971065 -0.8154052 2.788864 -0.1832845 0.08857587 2.897968 -0.1900596 -0.3639552 2.933692 -0.2119527 -0.7437403 3.061473 
-0.3456382 0.7834972 2.79615 -0.3131592 0.5714037 2.846779 -0.2981386 0.3270079 2.871742 -0.487881 0.5609165 2.849239 -0.5454478 0.2981618 2.929934 -0.4921642 0.1112636 2.73301 -0.1384375 0.581891 2.844319 0.04250583 0.6665928 2.714482 0.07366722 0.9033703 2.502846 -0.3818191 0.07668782 2.898095 -0.394118 -0.3827969 2.854936 -0.3953601 -0.8108334 2.806 -0.1844166 0.08853639 2.895316 -0.1868788 -0.3602397 2.929103 -0.2090549 -0.7384188 3.051517 
-0.344932 0.7825195 2.797587 -0.314826 0.5672989 2.840087 -0.2992733 0.3265838 2.868638 -0.4888505 0.5572901 2.8505 -0.5441176 0.2894984 2.939449 -0.4977287 0.1061089 2.732019 -0.1408017 0.5773078 2.829674 0.03833693 0.6608192 2.676084 0.0478849 0.8232135 2.410289 -0.3822306 0.08020296 2.903084 -0.3939278 -0.3785505 2.859475 -0.392248 -0.809213 2.821015 -0.1852103 0.09153432 2.891295 -0.1856989 -0.3548534 2.924258 -0.2096532 -0.7368714 3.050947 
-0.3467893 0.7822074 2.804871 -0.3146525 0.5563449 2.841653 -0.2978011 0.3217132 2.869368 -0.4915037 0.5458567 2.860391 -0.538212 0.2809021 2.948628 -0.4994185 0.09128544 2.737884 -0.1378013 0.566833 2.822914 0.01919569 0.6485817 2.640431 0.04076615 0.7912859 2.376117 -0.3810297 0.08114639 2.907688 -0.393664 -0.3775255 2.861813 -0.3932353 -0.8107343 2.823792 -0.1808697 0.09301682 2.88648 -0.181507 -0.3440159 2.919765 -0.2117596 -0.7326586 3.043079 
-0.3459275 0.7826098 2.803466 -0.3151907 0.5563179 2.844184 -0.2977591 0.3212035 2.869168 -0.4925794 0.5456182 2.867258 -0.5334261 0.2771592 2.958801 -0.4964353 0.09395653 2.744956 -0.137802 0.5670176 2.821109 0.001187286 0.6066798 2.608788 0.04983542 0.7540383 2.433191 -0.3804457 0.0800502 2.907176 -0.3927913 -0.3738144 2.8624 -0.3925064 -0.8016343 2.818198 -0.1802095 0.09212796 2.881129 -0.1842251 -0.3442531 2.918909 -0.2217664 -0.7207078 3.037217 
-0.3462968 0.7818755 2.810561 -0.3117534 0.5586908 2.851282 -0.2962545 0.3225667 2.87119 -0.4887298 0.5494747 2.879754 -0.5284985 0.2739525 2.967046 -0.5046531 0.08357047 2.750647 -0.1347769 0.5679069 2.822811 -0.001333679 0.5600293 2.601806 -0.01115611 0.6046556 2.291798 -0.3806912 0.0812384 2.907174 -0.3917513 -0.3764488 2.863081 -0.3931856 -0.8301208 2.813999 -0.18082 0.09164673 2.87502 -0.187092 -0.3494227 2.917587 -0.2225352 -0.7284355 3.039035 
-0.3476069 0.7829163 2.813729 -0.3112208 0.5551632 2.852015 -0.2971388 0.3184932 2.87099 -0.4884173 0.5468332 2.879622 -0.5254 0.2732639 2.966974 -0.5056522 0.08475232 2.757759 -0.1340242 0.5634933 2.824409 -0.01170025 0.5167621 2.592165 -0.02115212 0.54289 2.277499 -0.3809341 0.07722189 2.905213 -0.3919884 -0.3780554 2.862167 -0.3952397 -0.8211184 2.8157 -0.1851795 0.08642434 2.874715 -0.1873283 -0.3471952 2.920617 -0.222213 -0.7315792 3.038326 
-0.3499874 0.7840989 2.816525 -0.3093702 0.551608 2.856569 -0.2970738 0.314177 2.870426 -0.4848347 0.5444152 2.889028 -0.519953 0.2764753 2.973726 -0.5028161 0.08380807 2.785266 -0.1339057 0.5588009 2.82411 -0.07753586 0.4234215 2.608631 -0.03724963 0.4344386 2.255427 -0.3816172 0.07277617 2.902197 -0.3908941 -0.3786291 2.860715 -0.3945526 -0.8222244 2.813491 -0.1879376 0.08071575 2.866368 -0.1885957 -0.3520263 2.922415 -0.2122576 -0.7674096 3.041474 
