-0.2979916 0.7837606 2.841004 -0.3146333 0.5210704 2.86967 -0.296472 0.2772489 2.87676 -0.4702086 0.5084692 2.834831 -0.5162196 0.2330666 2.892223 -0.3394309 0.09257005 2.671947 -0.159058 0.5336717 2.904508 -0.04423923 0.4547774 3.109498 0.1714539 0.702525 3.237144 -0.3624038 0.02661594 2.865018 -0.3844469 -0.4506301 2.80583 -0.4032025 -0.8662539 2.77045 -0.1942175 0.04023868 2.902681 -0.1974784 -0.4005441 2.961846 -0.2322305 -0.7908899 3.081918 
-0.3009011 0.7809412 2.832677 -0.3229543 0.5316933 2.859776 -0.305856 0.2827074 2.873566 -0.4741444 0.5190979 2.81982 -0.5208589 0.2419436 2.875627 -0.3356913 0.09660707 2.662377 -0.1717643 0.5442887 2.899732 -0.04119071 0.52147 3.117555 0.1209894 0.7998597 3.212384 -0.3681587 0.02710669 2.866372 -0.3835326 -0.4316205 2.808464 -0.4043373 -0.8550785 2.773725 -0.2093565 0.0403363 2.908339 -0.1968053 -0.41002 2.961171 -0.2353901 -0.7880468 3.076675 
-0.3150013 0.781408 2.817846 -0.3239366 0.536126 2.855308 -0.3039804 0.2886077 2.869382 -0.4779188 0.5214289 2.81517 -0.5244454 0.2464941 2.870427 -0.3489934 0.1149354 2.647807 -0.1699544 0.5508231 2.895446 -0.05304606 0.534135 3.111351 0.07255654 0.8521818 3.157144 -0.3595451 0.03388117 2.86377 -0.3768646 -0.4243036 2.814438 -0.399161 -0.8599588 2.765414 -0.2085033 0.04829761 2.903141 -0.2002187 -0.3964643 2.959804 -0.2427709 -0.7758458 3.119057 
-0.3180404 0.7810043 2.813623 -0.3216687 0.5375537 2.855806 -0.3030737 0.2920019 2.868976 -0.4785372 0.523591 2.816961 -0.5286946 0.2512318 2.866447 -0.3515649 0.1185462 2.640455 -0.1648003 0.5515165 2.894651 -0.03693627 0.5759344 3.119533 0.05711223 0.8853371 3.131068 -0.3578853 0.03991623 2.863968 -0.3769856 -0.4187429 2.816291 -0.3977351 -0.8579988 2.762356 -0.2110719 0.05298398 2.900323 -0.2002447 -0.3979909 2.961341 -0.2693603 -0.7641068 3.125923 
-0.3246628 0.7822081 2.806716 -0.3204647 0.5386344 2.85634 -0.301576 0.2923629 2.869567 -0.480659 0.5242857 2.817949 -0.5336246 0.2468723 2.862294 -0.3719012 0.1108635 2.636101 -0.1602703 0.552983 2.894731 -0.004081085 0.6663119 3.063839 0.04239992 0.9623561 3.055715 -0.358873 0.03926741 2.864537 -0.3778495 -0.4189448 2.816814 -0.3962022 -0.860858 2.7601 -0.2065018 0.05291536 2.901053 -0.2006962 -0.3952068 2.962765 -0.2772224 -0.7816628 3.116292 
-0.3295168 0.7834172 2.80384 -0.319836 0.5399269 2.856535 -0.3028376 0.2947755 2.869601 -0.4822339 0.5266721 2.819117 -0.5325302 0.2493212 2.864495 -0.3786424 0.1189004 2.632805 -0.1574381 0.5531818 2.893953 0.01121716 0.6809508 3.04868 0.03716734 0.9904021 3.02053 -0.361132 0.04347878 2.86532 -0.3795453 -0.4121785 2.81696 -0.3952641 -0.8570672 2.757343 -0.2105464 0.05576948 2.900016 -0.2021815 -0.3947076 2.963035 -0.2806694 -0.7899978 3.114281 
-0.3335104 0.7851883 2.802189 -0.3197909 0.5519167 2.849185 -0.3035121 0.3021852 2.866502 -0.4864494 0.538738 2.815799 -0.5348693 0.2615281 2.85992 -0.3903811 0.1152949 2.641574 -0.1531324 0.5650955 2.882571 0.01104294 0.6664717 3.016807 0.02325645 1.005655 2.944243 -0.3635333 0.04642006 2.868534 -0.3860559 -0.4034515 2.823258 -0.3968185 -0.8505833 2.759569 -0.2109332 0.05848714 2.899104 -0.2021638 -0.3932083 2.960429 -0.2782031 -0.7812548 3.116379 
-0.3362341 0.7868177 2.802246 -0.3184184 0.5504557 2.850678 -0.2998536 0.3031011 2.869354 -0.4898336 0.535449 2.822316 -0.5373017 0.2584102 2.863131 -0.4049557 0.1037517 2.66469 -0.1470032 0.5654625 2.879039 0.04741453 0.703253 2.8827 0.01779453 1.024505 2.835553 -0.3654065 0.04838234 2.874112 -0.3947793 -0.3991629 2.832719 -0.4115552 -0.80991 2.794962 -0.197171 0.06311067 2.901947 -0.2006384 -0.3870091 2.953124 -0.2719794 -0.7535431 3.076962 
-0.3368001 0.7870382 2.801431 -0.3196215 0.5535902 2.850291 -0.3011054 0.3055435 2.868551 -0.4910949 0.5390756 2.827 -0.539533 0.2630268 2.876931 -0.4186448 0.1069425 2.654808 -0.1481481 0.5681048 2.87358 0.0506123 0.6926425 2.851601 0.01802348 1.000639 2.766536 -0.3662529 0.05041499 2.875447 -0.3944665 -0.3974431 2.833105 -0.4101043 -0.8148347 2.794524 -0.1989258 0.06457863 2.898174 -0.1987677 -0.3777422 2.940163 -0.2665587 -0.7374963 3.082562 
-0.3379658 0.7876952 2.800982 -0.3210704 0.5562075 2.848842 -0.3023168 0.3078217 2.867191 -0.4931471 0.5418072 2.829781 -0.5434167 0.2671518 2.884277 -0.4302246 0.09560262 2.682687 -0.1489937 0.5706078 2.867903 0.04432905 0.6850594 2.807256 0.01404605 0.9607949 2.650978 -0.3676812 0.05239638 2.876223 -0.3935 -0.398018 2.831499 -0.4093569 -0.816319 2.794019 -0.1994451 0.06647529 2.894858 -0.1989769 -0.3787729 2.942074 -0.2613171 -0.7246634 3.080891 
-0.3398866 0.7862416 2.801514 -0.3223257 0.5588078 2.839924 -0.3034164 0.3106775 2.861672 -0.4947882 0.5446911 2.828814 -0.5512121 0.2781352 2.886168 -0.4430084 0.09913728 2.716137 -0.1498632 0.5729245 2.851034 0.03868448 0.6721314 2.754339 0.008101181 0.9095179 2.555817 -0.3699707 0.05555168 2.877915 -0.3948185 -0.3938959 2.836745 -0.4053282 -0.8229386 2.792001 -0.1990437 0.06954271 2.888926 -0.1972412 -0.3730834 2.937816 -0.2298748 -0.7266005 3.059965 
-0.3402904 0.7849262 2.802274 -0.3205679 0.5530888 2.834314 -0.3033659 0.3080772 2.859051 -0.4938097 0.5404813 2.829912 -0.5467697 0.2742415 2.887175 -0.4484935 0.08811387 2.715545 -0.1473261 0.5656964 2.838715 0.02316064 0.6638445 2.705767 0.009582621 0.8876024 2.509246 -0.3723915 0.05679036 2.881598 -0.3956577 -0.394588 2.840924 -0.4022792 -0.8273583 2.791339 -0.1999361 0.06934071 2.885979 -0.1970827 -0.3727091 2.935898 -0.2221466 -0.7451475 3.079299 
-0.3401733 0.7849524 2.803132 -0.3202803 0.5535526 2.835207 -0.3043534 0.3081251 2.85962 -0.4941734 0.5422734 2.835263 -0.5468928 0.274854 2.894018 -0.4512846 0.07638063 2.721739 -0.1463872 0.5648317 2.835151 0.007558029 0.6289133 2.672412 -4.427862E-05 0.8003138 2.424557 -0.3760704 0.05701292 2.884061 -0.395125 -0.3961529 2.841797 -0.4009933 -0.8288302 2.790561 -0.2007827 0.06838255 2.884004 -0.1958841 -0.3734191 2.934958 -0.2263209 -0.7507035 3.07038 
-0.3415324 0.7850505 2.804368 -0.3186994 0.5518107 2.841224 -0.3036018 0.3086276 2.861057 -0.4929458 0.5419847 2.853385 -0.5426528 0.2658101 2.916296 -0.4559948 0.06860869 2.726229 -0.1444531 0.5616366 2.829062 0.001858063 0.614772 2.653723 -0.0069755 0.6912149 2.370049 -0.3766904 0.06047159 2.887046 -0.3957325 -0.3916806 2.84444 -0.4005734 -0.826417 2.79189 -0.2003181 0.07041745 2.874736 -0.1931129 -0.3718657 2.928776 -0.2192054 -0.7450914 3.042829 
-0.3417138 0.7853119 2.805919 -0.3188881 0.5504215 2.842319 -0.304588 0.3095867 2.861344 -0.4931594 0.5413383 2.858329 -0.5403715 0.2608846 2.929074 -0.4560703 0.07471402 2.718397 -0.1446168 0.5595045 2.82631 -0.01558159 0.5918213 2.644447 -0.02189858 0.6288722 2.348736 -0.3790828 0.06412394 2.888526 -0.3964756 -0.3843901 2.846476 -0.4050855 -0.792416 2.779799 -0.201493 0.07337999 2.872211 -0.1896945 -0.3675781 2.9289 -0.2144878 -0.7411986 3.030743 
-0.3434001 0.7855155 2.808709 -0.319247 0.548143 2.841496 -0.3051549 0.3074797 2.861839 -0.4960734 0.5393036 2.859417 -0.540242 0.255439 2.933142 -0.4623185 0.07602498 2.725488 -0.1424206 0.5569824 2.823576 -0.01973775 0.5146228 2.577388 -0.03208223 0.531951 2.334431 -0.3791834 0.06241124 2.891111 -0.3955676 -0.3859726 2.848166 -0.4043307 -0.8318095 2.976403 -0.2029422 0.07122142 2.87325 -0.1909227 -0.3691162 2.928155 -0.2184036 -0.7470223 3.024663 
-0.3439888 0.7851393 2.816914 -0.3216051 0.5476602 2.84568 -0.306997 0.3067348 2.864895 -0.5004703 0.5383777 2.865275 -0.5405991 0.2533417 2.93544 -0.4635441 0.08700314 2.707882 -0.14274 0.5569425 2.826084 -0.03635172 0.4805477 2.60338 -0.04011743 0.4783598 2.335178 -0.3809193 0.06121503 2.893809 -0.395305 -0.3869211 2.850898 -0.4001423 -0.8274134 2.977057 -0.2038583 0.07040381 2.874411 -0.191607 -0.3691841 2.927019 -0.2133546 -0.7492298 3.018184 
-0.3427144 0.785722 2.82388 -0.3221873 0.5469814 2.848866 -0.307712 0.3062393 2.867119 -0.5009052 0.5377372 2.868671 -0.5391685 0.2498366 2.938532 -0.4643153 0.08441937 2.719205 -0.1434693 0.5562256 2.82906 -0.0629715 0.4409962 2.613228 -0.0505784 0.3955459 2.347681 -0.3807117 0.06097266 2.895067 -0.3953226 -0.3885968 2.851951 -0.4005054 -0.8190709 2.85333 -0.2057617 0.07002197 2.875679 -0.1919575 -0.3697214 2.925317 -0.215443 -0.7534674 3.016279 
