-0.4897197 0.6059172 2.662795 -0.4787256 0.3939209 2.699052 -0.4654464 0.1801794 2.723554 -0.6429337 0.3793957 2.661337 -0.7239389 0.06616385 2.705964 -0.7249677 -0.2203608 2.576646 -0.3145175 0.4084462 2.736766 -0.08722933 0.3534272 2.843563 0.0687119 0.5633263 2.876477 -0.5486737 -0.04209877 2.725891 -0.5857762 -0.4654866 2.653555 -0.5987692 -0.8194665 2.585303 -0.3556605 -0.02502556 2.770221 -0.2905245 -0.4463046 2.706907 -0.1660181 -0.8076758 2.648619 
-0.5050488 0.6042956 2.660997 -0.4922416 0.393314 2.697487 -0.4776432 0.1796984 2.722571 -0.6564296 0.3776777 2.659883 -0.7424818 0.06356918 2.690977 -0.7379512 -0.2208438 2.557418 -0.3280535 0.4089501 2.735091 -0.09512941 0.4032232 2.835275 0.02532523 0.6361039 2.887008 -0.5595654 -0.04310921 2.725549 -0.5907695 -0.4680007 2.659774 -0.5942081 -0.8203735 2.587551 -0.3665242 -0.02472523 2.769761 -0.2974371 -0.4467027 2.715914 -0.1663007 -0.8056566 2.652403 
-0.5238858 0.6038157 2.660119 -0.5088921 0.3932566 2.696865 -0.4918428 0.1798376 2.722113 -0.6724097 0.3755134 2.657303 -0.7637443 0.06828174 2.690504 -0.7651808 -0.2086368 2.542723 -0.3453745 0.4109998 2.736428 -0.1120701 0.4691174 2.823154 -0.03591441 0.7186729 2.875375 -0.5709482 -0.04401498 2.724097 -0.5923187 -0.4681675 2.650753 -0.594524 -0.8180919 2.587002 -0.3786387 -0.02314758 2.770626 -0.3138063 -0.4468447 2.725603 -0.174323 -0.8108932 2.660801 
-0.5384564 0.6008822 2.660172 -0.5207881 0.3909239 2.696534 -0.5014856 0.1777847 2.722538 -0.6838487 0.3712083 2.655974 -0.7813789 0.06963681 2.682255 -0.7911035 -0.1998237 2.528501 -0.3577275 0.4106395 2.737094 -0.1325451 0.5260628 2.809587 -0.09199148 0.7875227 2.864823 -0.5780645 -0.04694755 2.724691 -0.587445 -0.4715388 2.651613 -0.5896947 -0.8240308 2.590802 -0.3863017 -0.02376158 2.772391 -0.321127 -0.4478632 2.730765 -0.1782507 -0.8118472 2.66972 
-0.5485163 0.6026624 2.661686 -0.5295336 0.3925353 2.697424 -0.5087737 0.1795475 2.723625 -0.6927372 0.3717675 2.657914 -0.792198 0.06931131 2.67863 -0.8061541 -0.1946715 2.521252 -0.36633 0.4133032 2.736933 -0.14878 0.5695358 2.785781 -0.1365282 0.8411301 2.829776 -0.5839782 -0.04565198 2.726594 -0.5875713 -0.4707052 2.655086 -0.5881875 -0.8222553 2.5955 -0.3920494 -0.02122885 2.773058 -0.325442 -0.4447227 2.72726 -0.1860402 -0.8040822 2.674139 
-0.5529895 0.6041853 2.659942 -0.5339505 0.3943326 2.69775 -0.512912 0.1815906 2.725691 -0.6974589 0.3731667 2.65971 -0.7985918 0.06314895 2.670311 -0.8172129 -0.1949937 2.503027 -0.3704421 0.4154983 2.735791 -0.1668839 0.5987745 2.760881 -0.1735261 0.8757428 2.798831 -0.5880219 -0.04359759 2.731263 -0.5843019 -0.4697309 2.666672 -0.584668 -0.8182224 2.598977 -0.3957253 -0.0187052 2.776001 -0.3230895 -0.4400137 2.721059 -0.2018186 -0.8072798 2.694179 
-0.562132 0.6122518 2.673893 -0.5423473 0.4019661 2.703128 -0.5205483 0.1885799 2.724683 -0.7080997 0.3823076 2.676145 -0.806475 0.06658582 2.67632 -0.8203928 -0.1955565 2.515075 -0.3765948 0.4216245 2.730112 -0.2030382 0.6431305 2.708977 -0.226112 0.923525 2.719299 -0.5962355 -0.03636821 2.730368 -0.584474 -0.4628191 2.668073 -0.5877358 -0.8171958 2.597857 -0.4012631 -0.01324419 2.762108 -0.3223908 -0.433255 2.705532 -0.2278655 -0.7964636 2.70557 
-0.5625382 0.6117654 2.677061 -0.5445534 0.4018309 2.703733 -0.5233749 0.1882149 2.723693 -0.7110649 0.3831912 2.680924 -0.8072583 0.06930686 2.681166 -0.8232816 -0.1957209 2.522249 -0.3780419 0.4204706 2.726542 -0.2165381 0.6565496 2.6755 -0.2448914 0.9394551 2.671341 -0.6001055 -0.03636128 2.730242 -0.5849977 -0.4635558 2.674156 -0.5857708 -0.8153654 2.600284 -0.4042874 -0.0144409 2.757065 -0.3215838 -0.4352894 2.716015 -0.2345784 -0.7975699 2.715745 
-0.5610958 0.6115606 2.679191 -0.546165 0.4012832 2.704709 -0.5274146 0.1873924 2.724133 -0.7136763 0.3852144 2.689466 -0.80964 0.07066211 2.688637 -0.826287 -0.1977504 2.535751 -0.3786537 0.4173521 2.719952 -0.2373933 0.66031 2.645186 -0.2612221 0.9438626 2.621898 -0.6072449 -0.03595505 2.734587 -0.5873162 -0.4628178 2.677313 -0.589554 -0.8177685 2.604542 -0.4100836 -0.01704196 2.752528 -0.3230723 -0.4381081 2.726086 -0.2430691 -0.7962973 2.723846 
-0.5570495 0.6093743 2.688779 -0.5443544 0.3985794 2.70832 -0.5276722 0.1842135 2.723496 -0.7124653 0.3852335 2.7046 -0.8024727 0.07243387 2.707863 -0.8154365 -0.1978946 2.553178 -0.3762435 0.4119253 2.71204 -0.2606741 0.6499685 2.600686 -0.284387 0.9281071 2.544305 -0.6100179 -0.03801398 2.73648 -0.5824881 -0.4633338 2.672002 -0.5855479 -0.817156 2.599925 -0.4119623 -0.02229083 2.740863 -0.3274941 -0.4444069 2.734317 -0.2434251 -0.7990963 2.72048 
-0.5473415 0.606226 2.684102 -0.5388517 0.3953009 2.706527 -0.5263714 0.1808613 2.724206 -0.7072179 0.3858912 2.711247 -0.7966654 0.06717721 2.719549 -0.8099428 -0.2080078 2.572196 -0.3704855 0.4047106 2.701807 -0.2705803 0.6360494 2.562181 -0.2984253 0.906315 2.47683 -0.6128916 -0.03911125 2.744661 -0.5883811 -0.4653595 2.684957 -0.5847523 -0.8150856 2.6056 -0.4148904 -0.0280453 2.73911 -0.3344878 -0.4503298 2.756242 -0.2449199 -0.8002263 2.732262 
-0.5449826 0.6144876 2.701188 -0.5379394 0.4033734 2.714444 -0.5264589 0.1884815 2.724346 -0.7059075 0.3950259 2.728033 -0.788048 0.06673666 2.729277 -0.7936629 -0.2160061 2.59639 -0.3699715 0.4117209 2.700856 -0.2744849 0.6208522 2.532651 -0.3140862 0.878091 2.417849 -0.6137365 -0.03131831 2.742238 -0.5880377 -0.4553294 2.669539 -0.5807555 -0.8052412 2.593688 -0.4162201 -0.02150233 2.726259 -0.3325358 -0.4433256 2.749404 -0.2474876 -0.7901831 2.727042 
-0.540987 0.6124889 2.709882 -0.539435 0.4022888 2.718561 -0.5335876 0.187046 2.72516 -0.7062165 0.3985003 2.742773 -0.7786357 0.06946478 2.735268 -0.7869499 -0.2222892 2.615559 -0.3726535 0.4060772 2.694349 -0.2873367 0.5978396 2.498564 -0.3238149 0.8448278 2.364481 -0.6259052 -0.03042667 2.746009 -0.6016417 -0.4562648 2.684457 -0.5909126 -0.8125184 2.599777 -0.4295754 -0.02596704 2.717508 -0.3486751 -0.446433 2.761503 -0.2597355 -0.7994103 2.734681 
-0.5377638 0.6147173 2.714159 -0.5391331 0.4035611 2.721205 -0.5382289 0.1881796 2.72707 -0.704829 0.4037265 2.752824 -0.7673379 0.06325745 2.747218 -0.7719217 -0.2310729 2.634155 -0.3734372 0.4033956 2.689586 -0.2921795 0.5584049 2.456921 -0.3371952 0.7682311 2.281791 -0.6346977 -0.02710472 2.751515 -0.5952705 -0.4519204 2.691678 -0.5881627 -0.8103366 2.603806 -0.4399516 -0.02729915 2.714353 -0.3441194 -0.4426109 2.773302 -0.256862 -0.7938613 2.742897 
-0.5340305 0.6157765 2.720704 -0.5375744 0.4040977 2.724277 -0.5398342 0.1886343 2.727408 -0.7031661 0.4063194 2.75764 -0.7581846 0.06714026 2.75761 -0.7636497 -0.2329541 2.656628 -0.3719827 0.401876 2.690913 -0.2951002 0.5186906 2.435995 -0.3381806 0.690653 2.233823 -0.6393284 -0.02552455 2.750129 -0.5857439 -0.4477893 2.684119 -0.5836933 -0.8127415 2.594618 -0.4448597 -0.02813368 2.710948 -0.3365169 -0.4394706 2.777198 -0.2487423 -0.7991168 2.739543 
-0.5244154 0.6158388 2.708938 -0.5313653 0.4041505 2.721678 -0.5379001 0.1890287 2.731066 -0.6972367 0.4105783 2.753504 -0.7534643 0.08818347 2.762849 -0.7498578 -0.2142985 2.684567 -0.365494 0.3977226 2.689852 -0.3090885 0.4753302 2.424427 -0.3407048 0.6143092 2.200367 -0.6419276 -0.02231512 2.759161 -0.5814442 -0.4439173 2.693641 -0.5815088 -0.8109463 2.607983 -0.4469424 -0.02987118 2.721749 -0.3336167 -0.4388384 2.79562 -0.2445955 -0.7998834 2.75179 
-0.5224478 0.6230667 2.715156 -0.5276779 0.4106149 2.726162 -0.5321136 0.1952615 2.734565 -0.6934609 0.4153304 2.759501 -0.7524477 0.09884827 2.777675 -0.7416569 -0.2036212 2.709899 -0.3618949 0.4058992 2.692823 -0.3217908 0.4080978 2.414863 -0.3354712 0.4554116 2.159426 -0.6340078 -0.01731969 2.762566 -0.5729256 -0.4366105 2.683439 -0.5758857 -0.8115072 2.601194 -0.4390907 -0.022864 2.723368 -0.3263275 -0.4340495 2.78634 -0.2386957 -0.7920597 2.741894 
-0.5202767 0.626605 2.718203 -0.5249386 0.4134869 2.728137 -0.5288116 0.1980667 2.735665 -0.6907805 0.4176311 2.761401 -0.7532355 0.09491306 2.786355 -0.7356404 -0.2060779 2.702383 -0.3590967 0.4093426 2.694873 -0.3364066 0.3695616 2.42195 -0.3270614 0.3787163 2.156168 -0.630193 -0.01491684 2.762751 -0.5744029 -0.4361389 2.690209 -0.5760088 -0.8111245 2.600682 -0.4351764 -0.01979016 2.723635 -0.3239926 -0.4320582 2.782904 -0.2368906 -0.796689 2.74213 
