-0.3286827 0.6297415 2.78936 -0.2987722 0.4181288 2.788447 -0.2669228 0.2050503 2.781933 -0.457931 0.3959538 2.735623 -0.5243643 0.08502387 2.718561 -0.4884732 -0.1958369 2.589443 -0.1396135 0.4403039 2.841271 0.03281465 0.3711968 3.04737 0.1964777 0.5923617 3.157523 -0.3286374 -0.02106418 2.744366 -0.3315727 -0.4474026 2.808603 -0.3185849 -0.8035898 2.736346 -0.1415092 0.005007751 2.806473 -0.07945459 -0.4215275 2.812862 0.01472417 -0.8062578 2.707947 
-0.3309406 0.6310355 2.794272 -0.2993024 0.4193182 2.791142 -0.2663627 0.2064357 2.782983 -0.4592456 0.3964921 2.740998 -0.5232006 0.08352109 2.71478 -0.4844006 -0.1951864 2.581296 -0.1393593 0.4421443 2.841287 0.03139552 0.4150848 3.045672 0.1778176 0.6558908 3.141104 -0.3274725 -0.01986896 2.745337 -0.3315227 -0.4470252 2.803774 -0.3164754 -0.7945914 2.733209 -0.1393734 0.006975464 2.804309 -0.07746112 -0.4196531 2.803891 0.01370247 -0.7970991 2.705391 
-0.3318261 0.6301961 2.797255 -0.3000499 0.4184397 2.793771 -0.2669039 0.2056244 2.784314 -0.4599867 0.3957662 2.743438 -0.5171017 0.08576099 2.713906 -0.4793032 -0.190816 2.575754 -0.1401131 0.4411133 2.844104 0.03419472 0.4585393 3.044858 0.1524779 0.7217333 3.114184 -0.3277934 -0.0205219 2.745264 -0.3355046 -0.4484407 2.797188 -0.3191369 -0.7985384 2.730554 -0.1397223 0.006140091 2.804452 -0.07968169 -0.4208131 2.802707 0.006960548 -0.789372 2.716428 
-0.3310792 0.6351755 2.799209 -0.2979802 0.4226329 2.79728 -0.2644337 0.2098476 2.788291 -0.4577579 0.3995859 2.746566 -0.5130606 0.08586319 2.718917 -0.4774818 -0.1875576 2.572546 -0.1382025 0.4456798 2.847995 0.03457245 0.5207829 3.030926 0.1064015 0.8037434 3.083301 -0.3248377 -0.0164894 2.74948 -0.3297686 -0.4436832 2.807376 -0.3149363 -0.797906 2.732513 -0.1369365 0.01061421 2.809121 -0.07603471 -0.4161118 2.800448 0.00942894 -0.7827958 2.72329 
-0.3247756 0.634609 2.799702 -0.2924393 0.4216345 2.799533 -0.2588419 0.208785 2.792522 -0.4514095 0.3982884 2.746505 -0.5040433 0.08343937 2.722949 -0.4707302 -0.1877288 2.574528 -0.1334692 0.4449805 2.852561 0.0357713 0.5708793 3.011465 0.07751383 0.8639562 3.053101 -0.3187337 -0.01779402 2.754326 -0.3267639 -0.4450336 2.811833 -0.3103206 -0.803781 2.733004 -0.1317553 0.009665268 2.816697 -0.07255451 -0.4168748 2.797569 0.01101601 -0.7875728 2.728415 
-0.3211957 0.6341108 2.810954 -0.2883088 0.4226942 2.805519 -0.2547074 0.2100702 2.79415 -0.4462151 0.4007656 2.748933 -0.4999631 0.0806929 2.729465 -0.4646105 -0.1894132 2.580672 -0.1304026 0.4446229 2.862104 0.03292422 0.6109815 2.98975 0.0413817 0.906458 3.025435 -0.3139824 -0.01545172 2.749499 -0.3279582 -0.4432789 2.800742 -0.311956 -0.8003891 2.721749 -0.1282296 0.01034399 2.816063 -0.07122996 -0.4156625 2.784539 0.0104662 -0.7891355 2.720296 
-0.3138719 0.6296604 2.815578 -0.2805184 0.41891 2.80911 -0.2470082 0.2062931 2.796908 -0.4399081 0.3967764 2.757056 -0.497495 0.07785272 2.736736 -0.4608091 -0.195145 2.594107 -0.1211288 0.4410438 2.861164 0.03045257 0.6584805 2.943875 0.004093863 0.9551374 2.983054 -0.3072487 -0.01934262 2.754088 -0.3250188 -0.4453624 2.816919 -0.3086784 -0.8077865 2.73086 -0.1197472 0.006694824 2.815323 -0.06302994 -0.4196295 2.785861 0.01541381 -0.7955414 2.719235 
-0.3070976 0.6205366 2.820382 -0.2735981 0.4127076 2.811129 -0.2398925 0.2001793 2.797784 -0.4348994 0.3899574 2.766042 -0.4947748 0.07844181 2.741865 -0.4575086 -0.1979292 2.606661 -0.1122969 0.4354578 2.856215 0.02320482 0.6892173 2.899933 -0.02931403 0.984054 2.954973 -0.3011012 -0.02573579 2.757909 -0.3234806 -0.4518903 2.81894 -0.3080595 -0.8123356 2.730952 -0.1112726 0.001037949 2.810969 -0.06048486 -0.4259287 2.779672 0.01446433 -0.7971044 2.716634 
-0.3014061 0.6204751 2.810308 -0.2686062 0.4113996 2.808928 -0.2356976 0.1985359 2.801164 -0.4315523 0.3875864 2.771151 -0.4852467 0.07214297 2.751436 -0.4550456 -0.1995641 2.610301 -0.1056601 0.4352128 2.846706 0.01970936 0.7092236 2.858993 -0.0399451 1.008204 2.914737 -0.2986488 -0.02833691 2.771175 -0.3244496 -0.4547909 2.829015 -0.3111781 -0.8080643 2.740322 -0.1069292 -0.0003186951 2.815623 -0.06183809 -0.428426 2.793781 0.01141414 -0.7960809 2.724664 
-0.2938061 0.6205281 2.805342 -0.2634085 0.4104423 2.807702 -0.2333314 0.197074 2.802673 -0.4283746 0.387836 2.78022 -0.4835276 0.06950186 2.764309 -0.4563841 -0.2016288 2.6247 -0.0984425 0.4330485 2.835185 0.01793163 0.7067003 2.821578 -0.04595658 1.006322 2.855325 -0.3003752 -0.0296033 2.781464 -0.327035 -0.4575268 2.824734 -0.3121638 -0.8040746 2.739295 -0.1061333 -0.002985199 2.813823 -0.06327605 -0.4313763 2.79121 0.006705673 -0.792989 2.720197 
-0.2865399 0.6270226 2.802957 -0.2597373 0.4139642 2.809127 -0.2326787 0.2001451 2.806737 -0.4258957 0.3930014 2.803384 -0.4805641 0.06412186 2.785324 -0.4601484 -0.2057131 2.648746 -0.09357876 0.4349269 2.814871 0.009049377 0.695815 2.769928 -0.05342664 0.9949463 2.764327 -0.3040226 -0.02608852 2.800946 -0.3228683 -0.4553419 2.833017 -0.3140394 -0.7984577 2.749387 -0.1072178 -0.001259323 2.807749 -0.06127141 -0.4296448 2.793067 0.00587093 -0.7903858 2.71035 
-0.2805539 0.6251531 2.812778 -0.2572534 0.4139061 2.813561 -0.233984 0.1997425 2.807546 -0.4233924 0.395541 2.824734 -0.479977 0.06216443 2.803759 -0.4642404 -0.2081295 2.671034 -0.09111434 0.4322711 2.802389 0.003664787 0.6874585 2.720427 -0.05958461 0.9842584 2.685512 -0.3084431 -0.02522411 2.808102 -0.3233319 -0.455363 2.827933 -0.3154224 -0.7988099 2.7384 -0.1129862 -0.00361821 2.794958 -0.06259312 -0.4316752 2.787436 0.0001533394 -0.7952676 2.70276 
-0.2741661 0.6271096 2.830807 -0.2629097 0.4148739 2.825368 -0.2536142 0.1999452 2.814631 -0.4243396 0.4056964 2.869328 -0.4809762 0.0639361 2.834489 -0.4738779 -0.2131117 2.723283 -0.1014797 0.4240515 2.781408 0.002308685 0.6411396 2.638389 -0.0599274 0.9256003 2.553228 -0.3390644 -0.02036996 2.829695 -0.3250944 -0.450429 2.830766 -0.3128106 -0.7953216 2.743195 -0.1495731 -0.009597076 2.778094 -0.05930426 -0.4297693 2.78994 -0.0115304 -0.7944127 2.708424 
-0.2679375 0.6247025 2.837091 -0.2594741 0.4134843 2.828635 -0.2530536 0.1984661 2.81611 -0.4183908 0.4055862 2.88276 -0.4730679 0.06501584 2.847282 -0.4776439 -0.2146778 2.749755 -0.1005573 0.4213824 2.774511 0.00362722 0.6105061 2.600837 -0.07037893 0.8749144 2.484395 -0.3398035 -0.02118259 2.835317 -0.314716 -0.4509676 2.829358 -0.304293 -0.7984644 2.739478 -0.1534628 -0.01192154 2.771852 -0.04565082 -0.428129 2.786453 -0.005291874 -0.7967942 2.709472 
-0.2631521 0.635253 2.850677 -0.2551091 0.4228567 2.837124 -0.2497503 0.2080556 2.820585 -0.4109016 0.4141 2.900378 -0.4676664 0.06809476 2.870156 -0.4768873 -0.2141089 2.777256 -0.09931667 0.4316135 2.773869 0.0002165222 0.5751492 2.561969 -0.07484292 0.8216475 2.426172 -0.3358401 -0.01188562 2.841177 -0.3079077 -0.4412841 2.8227 -0.298086 -0.7884794 2.741597 -0.1529427 -0.001605377 2.766917 -0.04134988 -0.4167226 2.791752 -0.002301617 -0.7859522 2.709934 
-0.2563174 0.6352195 2.857973 -0.2513446 0.4223763 2.842324 -0.2486802 0.2076574 2.823796 -0.4057719 0.4146307 2.909883 -0.4658656 0.07307226 2.893601 -0.4737247 -0.2169786 2.813896 -0.09691725 0.4301219 2.774765 -0.005408447 0.517543 2.520034 -0.07494178 0.7318391 2.349956 -0.3366317 -0.01160654 2.844911 -0.308296 -0.4412736 2.827178 -0.3026867 -0.7925421 2.74004 -0.1554002 -0.00251651 2.765625 -0.0433073 -0.4178087 2.790977 -0.006268414 -0.7950952 2.71714 
-0.2481446 0.6304297 2.85008 -0.2455453 0.4172387 2.839969 -0.245289 0.2022111 2.825294 -0.4003129 0.4124408 2.907567 -0.4634257 0.07553833 2.910311 -0.4685963 -0.2217821 2.843916 -0.09077769 0.4220365 2.772371 -0.01571352 0.4752737 2.496495 -0.07234628 0.6313593 2.285981 -0.3359275 -0.01563428 2.850318 -0.3044733 -0.4452256 2.83308 -0.3011102 -0.7984132 2.737964 -0.1541378 -0.00999878 2.770918 -0.0380534 -0.4244309 2.794763 -0.002227123 -0.8075926 2.721032 
-0.2451083 0.6289824 2.857641 -0.2437309 0.416127 2.844265 -0.2438688 0.2012372 2.8273 -0.396488 0.4105322 2.916379 -0.447746 0.07779419 2.937166 -0.4651173 -0.2234336 2.866717 -0.09097374 0.4217219 2.772151 -0.02039084 0.4356099 2.487751 -0.06185424 0.535601 2.251715 -0.3338038 -0.01694147 2.852727 -0.3036105 -0.4463294 2.828918 -0.2997583 -0.7995036 2.737194 -0.1542098 -0.01036368 2.767944 -0.03602026 -0.424601 2.776085 -0.004339636 -0.7974212 2.712901 
-0.2360627 0.6337838 2.864882 -0.2383321 0.4202197 2.850799 -0.2423667 0.2052849 2.834607 -0.3835946 0.4164639 2.936855 -0.4353312 0.07580872 2.966253 -0.4604554 -0.2271715 2.906106 -0.09306961 0.4239754 2.764742 -0.0338268 0.3638767 2.482774 -0.0483817 0.3757446 2.21566 -0.3318578 -0.01185928 2.869042 -0.3010673 -0.4400359 2.829702 -0.2985091 -0.7964176 2.741452 -0.1609448 -0.007440369 2.76779 -0.03742013 -0.4203087 2.773462 -0.005976515 -0.7943317 2.716751 
