-0.2921197 0.7920613 2.84073 -0.3114606 0.5349698 2.87585 -0.2952257 0.2970822 2.875077 -0.4660838 0.5245602 2.83186 -0.5207876 0.2482712 2.866541 -0.3923328 0.09937929 2.630999 -0.1568373 0.5453793 2.91984 -0.08289391 0.4231221 3.121118 0.1056544 0.6927769 3.238313 -0.361136 0.0536644 2.850935 -0.3759116 -0.4055077 2.820384 -0.3940727 -0.8323286 2.752966 -0.1968457 0.06472476 2.897675 -0.1863458 -0.3722393 2.943889 -0.2366959 -0.7937947 3.05687 
-0.2920034 0.7930481 2.839309 -0.3114957 0.5382888 2.872241 -0.2958714 0.2978548 2.875035 -0.4667356 0.5277362 2.832285 -0.5228791 0.2505907 2.868355 -0.4045251 0.098412 2.6454 -0.1562558 0.5488413 2.912197 -0.05755345 0.4708978 3.113698 0.1053401 0.7950431 3.197153 -0.3621639 0.05185254 2.856746 -0.3791543 -0.3969106 2.811774 -0.3971022 -0.8409989 2.757625 -0.1983302 0.0629892 2.898914 -0.1878744 -0.3759628 2.946812 -0.2341159 -0.7981094 3.056411 
-0.2985004 0.796083 2.834573 -0.3152414 0.5393136 2.872419 -0.29915 0.2983874 2.875013 -0.4695484 0.5285579 2.830661 -0.5242063 0.2508635 2.869104 -0.3985479 0.1030931 2.627118 -0.1609343 0.5500692 2.914177 -0.02223479 0.5137646 3.101345 0.09892131 0.8405518 3.157849 -0.3663608 0.05165483 2.855063 -0.3797438 -0.3988398 2.814339 -0.4069299 -0.8277795 2.782969 -0.1997564 0.06326763 2.900149 -0.1876931 -0.3765689 2.947285 -0.2311883 -0.7993817 3.051396 
-0.3024291 0.7959909 2.831965 -0.3114111 0.5430199 2.873817 -0.2980343 0.2992573 2.878194 -0.4718477 0.5334877 2.833277 -0.5268989 0.2560472 2.871388 -0.4246392 0.09457275 2.64583 -0.1509744 0.5525521 2.914356 0.02057011 0.591008 3.058082 0.07774269 0.8827649 3.071093 -0.3693604 0.05046222 2.861169 -0.3809469 -0.3971262 2.815097 -0.4052806 -0.8237669 2.780307 -0.1999548 0.06052734 2.903975 -0.188104 -0.3794354 2.949054 -0.2138341 -0.8085223 3.030294 
-0.3054099 0.7952424 2.830987 -0.3110462 0.5459917 2.875851 -0.2985623 0.3009463 2.879724 -0.4753565 0.536989 2.835872 -0.5303801 0.2620253 2.875766 -0.4343455 0.1057862 2.660418 -0.1467357 0.5549944 2.91583 0.05032812 0.6293387 3.040356 0.07675476 0.9521983 3.016598 -0.3709467 0.05125096 2.862948 -0.3875915 -0.3931603 2.812109 -0.4049903 -0.8206077 2.77887 -0.2012104 0.06055095 2.904247 -0.1886362 -0.3813084 2.950075 -0.2042105 -0.8112704 3.02158 
-0.3024837 0.7926958 2.832379 -0.3047325 0.5630863 2.878581 -0.2973934 0.3110894 2.880305 -0.4779948 0.5577686 2.838871 -0.5325544 0.283034 2.876328 -0.4419873 0.1225283 2.660991 -0.1314702 0.5684041 2.918291 0.05695473 0.6287249 3.001463 0.06756552 0.959856 2.936171 -0.3762529 0.05644687 2.862273 -0.3914601 -0.3892595 2.811616 -0.4070766 -0.8221223 2.781184 -0.2038558 0.06173801 2.901785 -0.1889138 -0.3833738 2.950326 -0.2000222 -0.8140634 3.014858 
-0.3005987 0.7906986 2.833091 -0.3038655 0.5757476 2.876554 -0.2989751 0.3200199 2.881129 -0.4835302 0.5716481 2.839458 -0.5360421 0.2970146 2.878621 -0.4602968 0.1258742 2.674454 -0.1242009 0.5798472 2.91365 0.05243228 0.6628504 2.922819 0.06948142 0.9885299 2.841401 -0.3799828 0.06233218 2.867968 -0.3956867 -0.3830317 2.811339 -0.4061989 -0.8211892 2.777863 -0.2081864 0.06625216 2.90344 -0.1905013 -0.3886622 2.95221 -0.1955554 -0.8140379 3.009183 
-0.3004583 0.7905458 2.832334 -0.3065919 0.5775667 2.873794 -0.302375 0.3240395 2.877908 -0.4855007 0.5740781 2.842187 -0.5364198 0.3048872 2.890579 -0.4736883 0.1288379 2.693331 -0.127683 0.5810553 2.905401 0.06100878 0.6806459 2.887295 0.06778549 1.001947 2.807253 -0.3806599 0.06890355 2.867446 -0.3985935 -0.3788329 2.812081 -0.4066516 -0.8184386 2.775766 -0.2156565 0.07212102 2.896597 -0.1924289 -0.3904595 2.950876 -0.1962345 -0.8168144 3.010233 
-0.3006123 0.7908984 2.832255 -0.3078205 0.5777482 2.874457 -0.3026718 0.3226428 2.879077 -0.4862845 0.5736852 2.849 -0.5331302 0.3069688 2.913185 -0.4697294 0.1225261 2.707309 -0.1293564 0.5818112 2.899913 0.06220267 0.6943718 2.866367 0.04840449 0.9719247 2.70327 -0.3827603 0.06559682 2.87154 -0.4061217 -0.3840577 2.827849 -0.4057455 -0.8235356 2.774029 -0.2122861 0.06947792 2.895857 -0.1926945 -0.3869405 2.949331 -0.1962775 -0.8088661 3.006246 
-0.2985297 0.7929614 2.834003 -0.3068623 0.5751583 2.871003 -0.3023285 0.3212368 2.879768 -0.4851819 0.5713965 2.854261 -0.5309654 0.3015293 2.925668 -0.4680129 0.1147429 2.733264 -0.1285427 0.5789202 2.887745 0.06097108 0.7073545 2.828781 0.03839664 0.9577008 2.651728 -0.3858184 0.06545821 2.880269 -0.4105666 -0.386721 2.837213 -0.4046057 -0.8255419 2.771979 -0.2097709 0.06917214 2.896797 -0.1931361 -0.3857955 2.948931 -0.1970204 -0.8084351 3.007974 
-0.2981636 0.7932231 2.834916 -0.3023954 0.5773349 2.877821 -0.2993713 0.3231139 2.883302 -0.4772399 0.5750673 2.869114 -0.5295463 0.2960818 2.927034 -0.4749736 0.1121456 2.73566 -0.127551 0.5796025 2.886528 0.05253254 0.7039508 2.801426 0.02655795 0.9226226 2.568804 -0.3854382 0.06773732 2.884346 -0.4103865 -0.3846024 2.839023 -0.4044906 -0.8260541 2.777352 -0.2072563 0.07004824 2.893219 -0.1928786 -0.3842892 2.942819 -0.2007374 -0.8029759 3.000546 
-0.2938016 0.7950642 2.841371 -0.2929711 0.5711678 2.880892 -0.293967 0.3197309 2.886073 -0.4741183 0.5718687 2.880086 -0.5260252 0.2857504 2.96506 -0.4843735 0.1082499 2.744483 -0.1118238 0.5704669 2.881698 0.02944965 0.6529043 2.683613 0.01040902 0.8958897 2.484709 -0.3872052 0.06865092 2.890844 -0.4056655 -0.3824793 2.840435 -0.4038592 -0.827672 2.782261 -0.2027207 0.06793712 2.891665 -0.1922264 -0.3836486 2.9377 -0.1965891 -0.7744813 3.010581 
-0.2883779 0.797062 2.84694 -0.2894125 0.5658736 2.874704 -0.2907934 0.3166093 2.88542 -0.4739558 0.5670651 2.878639 -0.5253834 0.2840785 2.965861 -0.4853259 0.1029137 2.741524 -0.1048692 0.5646821 2.87077 0.03484069 0.6562774 2.673274 0.002625591 0.8614509 2.463696 -0.3888561 0.06796926 2.898198 -0.4057415 -0.383391 2.845559 -0.4030998 -0.828733 2.785593 -0.1954926 0.06672084 2.894075 -0.1927503 -0.3840398 2.93457 -0.2019423 -0.7848191 3.005651 
-0.2867494 0.7965414 2.84588 -0.2896942 0.5648831 2.878564 -0.2911933 0.3165757 2.886676 -0.4732338 0.5661861 2.884535 -0.5223643 0.286876 2.969437 -0.4878087 0.09716942 2.759287 -0.1061546 0.56358 2.872593 0.02938204 0.6186165 2.667136 -0.006467652 0.7675394 2.401253 -0.3887386 0.06895029 2.897913 -0.4056451 -0.3819531 2.849877 -0.4025047 -0.8266092 2.793493 -0.1966462 0.06758646 2.891664 -0.1923725 -0.3842825 2.934239 -0.2049181 -0.7902963 3.008622 
-0.277633 0.7987575 2.851979 -0.2913173 0.556896 2.871263 -0.2922348 0.3120686 2.881876 -0.4721785 0.5581862 2.88539 -0.5195239 0.2801196 2.969464 -0.505952 0.09220116 2.772763 -0.110456 0.5556059 2.857137 0.005001915 0.5748564 2.643971 -0.01944248 0.6832898 2.34228 -0.3889935 0.06792479 2.899974 -0.4037302 -0.383131 2.850774 -0.4003687 -0.8144018 2.809676 -0.1973112 0.06655748 2.885002 -0.1935373 -0.3844178 2.932246 -0.20373 -0.7977204 3.010113 
-0.2757306 0.7993052 2.852935 -0.2910717 0.5552419 2.86981 -0.2918282 0.3098588 2.881387 -0.4716051 0.556533 2.885376 -0.5197653 0.2793636 2.969399 -0.5082723 0.0857975 2.781708 -0.1105382 0.553951 2.854244 -0.006516594 0.5640123 2.626171 -0.01764625 0.6338791 2.326476 -0.3892182 0.06516656 2.901296 -0.4037766 -0.3894532 2.850832 -0.4006425 -0.8179732 2.811514 -0.1959514 0.06378455 2.884632 -0.1947242 -0.3838034 2.931071 -0.2048922 -0.7986873 3.009817 
-0.2745124 0.7993345 2.852854 -0.2903849 0.561021 2.868229 -0.2922658 0.3129997 2.880524 -0.4695224 0.5633909 2.888631 -0.5197989 0.3003443 2.978855 -0.5115855 0.07605687 2.775873 -0.1112474 0.5586512 2.847827 -0.01677534 0.5276682 2.606169 -0.02903389 0.5395876 2.304068 -0.3903461 0.06625101 2.903775 -0.404374 -0.3913901 2.850241 -0.4007685 -0.8209188 2.810452 -0.1979473 0.06370572 2.881863 -0.1950075 -0.3857139 2.928867 -0.2049136 -0.7990286 3.008687 
-0.2763135 0.798771 2.850027 -0.2962487 0.5445282 2.859768 -0.2952562 0.3044801 2.87676 -0.470531 0.545383 2.882025 -0.5196116 0.3045321 2.981122 -0.5224167 0.08125464 2.781722 -0.1219663 0.5436734 2.837512 -0.07049962 0.4527366 2.585132 -0.02578956 0.4684256 2.29504 -0.3912252 0.06490764 2.906134 -0.4060002 -0.3931875 2.853638 -0.4083438 -0.7979464 2.79094 -0.1973021 0.06395653 2.881369 -0.1948668 -0.3848423 2.926533 -0.205206 -0.7996406 3.01183 
