-0.3296408 0.6035953 2.446823 -0.3068275 0.393049 2.474162 -0.280256 0.1798166 2.491468 -0.4714964 0.3700022 2.443024 -0.5768926 0.06999637 2.487474 -0.6158329 -0.2091848 2.349917 -0.1421586 0.4160959 2.5053 0.1180273 0.4524299 2.60576 0.2918259 0.6549948 2.666795 -0.3505032 -0.04696649 2.490466 -0.4463252 -0.4638261 2.441872 -0.5243576 -0.7958267 2.428432 -0.1568659 -0.0198652 2.527082 -0.06736026 -0.4288737 2.42411 0.1283237 -0.7553098 2.335577 
-0.3535415 0.6097935 2.456006 -0.3303834 0.3995289 2.480377 -0.3042434 0.1861204 2.496282 -0.4941868 0.3768197 2.444883 -0.6059249 0.07548703 2.483229 -0.6440602 -0.2067708 2.352805 -0.16658 0.4222381 2.515871 0.09302948 0.4942296 2.599878 0.241638 0.7182506 2.669441 -0.374444 -0.0406445 2.491311 -0.4613712 -0.4604491 2.450036 -0.5266495 -0.797787 2.424031 -0.1817626 -0.01393176 2.533062 -0.09991691 -0.4223206 2.422036 0.0700284 -0.759888 2.34868 
-0.3745385 0.6153717 2.460108 -0.350912 0.4056908 2.484421 -0.3244234 0.1922916 2.500025 -0.5144413 0.3827057 2.447674 -0.6279613 0.0797399 2.477108 -0.6656285 -0.2028061 2.351801 -0.1873827 0.4286761 2.521169 0.06450935 0.5336182 2.594454 0.1883463 0.7748939 2.662961 -0.3940764 -0.03462102 2.494024 -0.4667527 -0.4577782 2.460786 -0.5240268 -0.7985436 2.426305 -0.2017933 -0.007594284 2.537233 -0.1320997 -0.4163552 2.419957 0.01593458 -0.7600642 2.364031 
-0.4090585 0.625124 2.462903 -0.3841839 0.4162038 2.490232 -0.357467 0.203017 2.508227 -0.5474986 0.3925757 2.452781 -0.6647415 0.08567774 2.472242 -0.6976004 -0.2004314 2.352274 -0.2208692 0.4398319 2.527682 0.01411978 0.6036561 2.575099 0.09216794 0.8692113 2.626764 -0.426782 -0.02406352 2.504201 -0.4804394 -0.4512186 2.487875 -0.5246008 -0.804247 2.430546 -0.2347181 0.003723923 2.548244 -0.19457 -0.4084667 2.429818 -0.09099393 -0.7641542 2.39441 
-0.4217727 0.6263824 2.464054 -0.3975078 0.4180471 2.492115 -0.3712002 0.2048555 2.510681 -0.5614735 0.3947957 2.457456 -0.6778658 0.08733606 2.472629 -0.7110132 -0.1967062 2.343502 -0.233542 0.4412986 2.526773 -0.01043396 0.6303324 2.564046 0.04856401 0.9022803 2.600932 -0.4413237 -0.02201071 2.508864 -0.4911661 -0.4499142 2.495746 -0.5230755 -0.8072671 2.43163 -0.2484616 0.00533844 2.549631 -0.2218894 -0.4097878 2.437943 -0.1373786 -0.7693059 2.396399 
-0.4324463 0.6275916 2.46413 -0.4101824 0.4191683 2.492841 -0.3848502 0.2059625 2.512537 -0.5746226 0.3965972 2.460008 -0.6894246 0.0886655 2.472824 -0.7184749 -0.1946892 2.339417 -0.2457421 0.4417394 2.525673 -0.0425986 0.6499872 2.549477 0.009850895 0.9249926 2.573668 -0.4562159 -0.02051599 2.512928 -0.5014189 -0.4490553 2.500831 -0.5246781 -0.8091699 2.434545 -0.2628202 0.006029571 2.551541 -0.249067 -0.4124663 2.45101 -0.1786683 -0.7712659 2.400913 
-0.4459357 0.628105 2.469196 -0.4277304 0.4187255 2.494867 -0.4056534 0.2052114 2.514779 -0.5934592 0.399005 2.467153 -0.7071027 0.09566671 2.463977 -0.7245784 -0.1863657 2.331777 -0.2620015 0.438446 2.522581 -0.09190225 0.6738617 2.504073 -0.05344526 0.952485 2.506484 -0.4810244 -0.01989822 2.518396 -0.5157441 -0.4495779 2.514807 -0.5266076 -0.8085617 2.439123 -0.2861286 0.003292908 2.550987 -0.2922146 -0.4204145 2.475219 -0.2234939 -0.7751404 2.405746 
-0.4535156 0.6287754 2.469239 -0.437136 0.4189526 2.494895 -0.4174434 0.2052699 2.515548 -0.6038979 0.4014802 2.473126 -0.7115359 0.1013243 2.468539 -0.7288542 -0.1801495 2.337612 -0.2703741 0.4364249 2.516664 -0.1127489 0.6744406 2.477161 -0.08005065 0.952933 2.460015 -0.4958751 -0.01869373 2.523393 -0.5266478 -0.4486772 2.516788 -0.5291945 -0.8076302 2.438049 -0.2996266 0.001868103 2.549011 -0.3151125 -0.4231384 2.481112 -0.233554 -0.7824214 2.398877 
-0.4591779 0.6315944 2.468775 -0.4454325 0.4211179 2.494984 -0.4284688 0.2072251 2.515882 -0.6131114 0.4063549 2.479995 -0.7112607 0.1051591 2.477329 -0.7269447 -0.171855 2.335971 -0.2777537 0.4358808 2.509973 -0.1285028 0.6752031 2.44784 -0.1047601 0.9509888 2.404744 -0.5101613 -0.01535358 2.527961 -0.5331034 -0.4456782 2.51663 -0.527536 -0.8060978 2.438548 -0.3128486 0.002018433 2.5456 -0.3288488 -0.4247553 2.489073 -0.2372013 -0.782338 2.395977 
-0.4680061 0.6390309 2.478222 -0.4589035 0.4280828 2.500347 -0.4477566 0.213636 2.51922 -0.6274086 0.4195458 2.502866 -0.7156138 0.1048315 2.480946 -0.7162384 -0.1708955 2.34153 -0.2903985 0.4366198 2.497828 -0.1560119 0.6571966 2.376518 -0.1389728 0.9239486 2.292839 -0.5358055 -0.005836258 2.539576 -0.5419052 -0.4365442 2.523298 -0.5261737 -0.8002599 2.441255 -0.337414 0.004214889 2.53661 -0.3436043 -0.4256925 2.511722 -0.2379443 -0.7924535 2.387468 
-0.4688273 0.6388618 2.480873 -0.4648213 0.4278961 2.50144 -0.4589679 0.2132193 2.519604 -0.6328843 0.4244013 2.514292 -0.7153268 0.106946 2.484617 -0.7107841 -0.1725077 2.349657 -0.2967582 0.4313909 2.488587 -0.1653807 0.6387528 2.338732 -0.1561469 0.8934075 2.224917 -0.5520331 -0.003514496 2.545333 -0.5482841 -0.4342939 2.531236 -0.5293121 -0.8029802 2.441219 -0.354196 0.0005994263 2.530204 -0.3470851 -0.4297219 2.516201 -0.2387603 -0.7978253 2.383502 
-0.4685784 0.6373853 2.493175 -0.4714728 0.4259796 2.50826 -0.4704335 0.210912 2.522829 -0.6389012 0.426702 2.530864 -0.7113653 0.1100179 2.497437 -0.7070372 -0.1738213 2.359439 -0.3040444 0.4252572 2.485655 -0.1884475 0.5770044 2.268994 -0.1786124 0.7987566 2.100917 -0.5677105 -0.003731339 2.550672 -0.5388834 -0.4323274 2.518736 -0.5144426 -0.8052668 2.43685 -0.3710781 -0.004579697 2.524124 -0.3372211 -0.4339781 2.521223 -0.2255227 -0.798539 2.385609 
-0.4674432 0.637868 2.496684 -0.4721092 0.425395 2.510666 -0.4730923 0.2102164 2.523672 -0.6398323 0.4274459 2.531916 -0.7066723 0.112505 2.502207 -0.7024508 -0.1689502 2.362777 -0.304386 0.4233441 2.489417 -0.199712 0.5320049 2.242002 -0.1904467 0.7372516 2.056657 -0.572632 -0.003756989 2.549165 -0.5386419 -0.4318937 2.513714 -0.5131188 -0.8027996 2.433299 -0.375519 -0.006167236 2.524192 -0.3345948 -0.4351358 2.521105 -0.2243053 -0.7992641 2.387497 
-0.4655591 0.6375123 2.49995 -0.4721112 0.4245452 2.512214 -0.4748341 0.2092835 2.523623 -0.6399369 0.4277731 2.533062 -0.7048271 0.1112557 2.508103 -0.695353 -0.1707558 2.370724 -0.3042855 0.4213172 2.491366 -0.206346 0.4904989 2.223013 -0.198132 0.6601593 2.014979 -0.5762071 -0.004080856 2.547287 -0.5402139 -0.4324111 2.514705 -0.5116814 -0.8022128 2.431524 -0.3789067 -0.007875687 2.522777 -0.3323159 -0.4363378 2.516696 -0.2238342 -0.7980435 2.387808 
-0.4723102 0.6367379 2.508089 -0.4771528 0.4235404 2.516187 -0.4787598 0.2081182 2.52372 -0.6453539 0.4254185 2.53401 -0.7078779 0.1136005 2.511574 -0.6955429 -0.1693649 2.377306 -0.3089516 0.4216622 2.498365 -0.2281394 0.4457763 2.22451 -0.210229 0.5401298 1.982468 -0.5792748 -0.006199631 2.541733 -0.5411953 -0.4345658 2.511145 -0.511627 -0.8035613 2.427637 -0.381459 -0.008408432 2.520772 -0.3292427 -0.4361288 2.509029 -0.2247885 -0.7932017 2.389605 
-0.4763725 0.6369756 2.513426 -0.4795352 0.4232366 2.518908 -0.4805188 0.2076872 2.522794 -0.6481152 0.4242641 2.533222 -0.7112069 0.1168868 2.511653 -0.7005405 -0.1672463 2.387522 -0.3109553 0.4222092 2.504594 -0.256022 0.3787071 2.232644 -0.2291588 0.3879187 1.968169 -0.5806338 -0.007258072 2.535097 -0.5351272 -0.4351588 2.518615 -0.5072718 -0.7986301 2.427023 -0.3823709 -0.008466446 2.518263 -0.3221816 -0.4341645 2.501231 -0.2231948 -0.7847941 2.392932 
-0.4744859 0.6352929 2.505802 -0.4771 0.4210787 2.515071 -0.4781838 0.2055956 2.521597 -0.6453747 0.4224526 2.532484 -0.7135786 0.1159247 2.51433 -0.6979048 -0.1700475 2.396961 -0.3088252 0.4197047 2.497658 -0.2609872 0.3348718 2.235314 -0.2360549 0.315908 1.967474 -0.578229 -0.009079468 2.538364 -0.5339331 -0.437526 2.525982 -0.5068102 -0.8041377 2.435248 -0.3803064 -0.01069553 2.517884 -0.3250223 -0.4376252 2.504389 -0.22373 -0.790694 2.394401 
-0.4796028 0.6374783 2.51283 -0.4798356 0.422476 2.517561 -0.4793971 0.2068981 2.519919 -0.6474659 0.4223852 2.540423 -0.7156672 0.1179957 2.519343 -0.7044789 -0.1697622 2.412554 -0.3122052 0.4225667 2.494699 -0.2720237 0.2639529 2.252563 -0.2483367 0.199531 1.990009 -0.5775206 -0.008733154 2.53572 -0.5336338 -0.43713 2.515918 -0.510261 -0.7995857 2.432165 -0.3803966 -0.008626465 2.508835 -0.324847 -0.4357299 2.491189 -0.2241776 -0.7876695 2.391531 
