-0.3154222 0.7875282 2.838903 -0.3173625 0.5207408 2.905333 -0.2974226 0.2767282 2.906838 -0.4766592 0.5074419 2.859655 -0.5323371 0.2428924 2.920613 -0.3661267 0.1182883 2.666278 -0.1580658 0.5340396 2.951012 0.01045442 0.5253454 3.091569 0.1012439 0.8322259 3.1476 -0.3648997 0.02541765 2.883275 -0.3815984 -0.4246131 2.831683 -0.3858247 -0.8355443 2.739838 -0.1900658 0.0400136 2.933409 -0.1881901 -0.4088179 2.981155 -0.2487067 -0.8039675 3.084333 
-0.3228928 0.7847732 2.829184 -0.3216638 0.5457684 2.906085 -0.2997108 0.295386 2.905523 -0.4931992 0.5308241 2.863478 -0.5380815 0.2508698 2.913741 -0.383381 0.1182423 2.683777 -0.1501283 0.5607128 2.948691 0.03666475 0.5711529 3.068903 0.06531785 0.895143 3.069716 -0.3654532 0.03736345 2.88318 -0.3893527 -0.3971391 2.832071 -0.3877004 -0.8365451 2.741093 -0.1900623 0.05264372 2.926744 -0.1883425 -0.4028515 2.97788 -0.2406922 -0.8031649 3.076032 
-0.3256869 0.7841955 2.826676 -0.3197635 0.5378824 2.905165 -0.2986248 0.2897956 2.90642 -0.4883414 0.5232966 2.861308 -0.539774 0.2468355 2.89958 -0.3917606 0.1162832 2.672681 -0.1511857 0.5524682 2.949023 0.04041638 0.5873616 3.05062 0.04857614 0.9134079 3.025198 -0.3648935 0.03414603 2.884934 -0.3869032 -0.4059719 2.834137 -0.3887257 -0.837824 2.744142 -0.1900786 0.04927152 2.930415 -0.1895124 -0.4022838 2.976108 -0.231685 -0.8018203 3.059068 
-0.330483 0.7832563 2.821181 -0.3232582 0.5501875 2.889756 -0.3015101 0.2985797 2.89771 -0.4891017 0.5347968 2.856359 -0.5395451 0.2558739 2.887452 -0.4073625 0.09805807 2.664566 -0.1574146 0.5655781 2.923152 0.06351622 0.6450953 2.945961 0.03102627 0.9585742 2.943676 -0.3668185 0.03889284 2.888134 -0.3899119 -0.3953608 2.839267 -0.3905871 -0.8373295 2.749771 -0.1927058 0.05505092 2.923195 -0.1886252 -0.3973854 2.966659 -0.2079444 -0.7999629 3.040314 
-0.3309611 0.7858902 2.821312 -0.3239837 0.5556698 2.882529 -0.3033416 0.3054301 2.894101 -0.4908544 0.5405408 2.853033 -0.5502859 0.2553905 2.900284 -0.4393621 0.114129 2.663972 -0.157113 0.5707988 2.912025 0.06731901 0.664417 2.9313 0.01228458 0.9735547 2.888178 -0.3696274 0.04730914 2.890307 -0.392538 -0.387719 2.840934 -0.4011061 -0.8224159 2.783991 -0.1957717 0.06307147 2.921038 -0.1876937 -0.394752 2.961564 -0.195698 -0.7946285 3.030903 
-0.3347227 0.7875558 2.819458 -0.3221934 0.5531024 2.86882 -0.303981 0.3064674 2.886321 -0.4924226 0.53899 2.847088 -0.5463344 0.2551878 2.906845 -0.4344244 0.1063462 2.677932 -0.1519642 0.5672147 2.890552 0.05097999 0.6761306 2.890178 -0.01340621 0.9855991 2.782709 -0.3741826 0.05250281 2.892534 -0.3968319 -0.3853822 2.846554 -0.4074772 -0.8143297 2.763602 -0.1973546 0.06716223 2.915108 -0.1873325 -0.3924543 2.954763 -0.1973816 -0.7960296 3.023316 
-0.3351275 0.7893341 2.82023 -0.3212742 0.5534899 2.860149 -0.3042061 0.3067832 2.881038 -0.4940476 0.5401478 2.843743 -0.5602294 0.2739893 2.910776 -0.4490517 0.09940425 2.685317 -0.1485007 0.5668321 2.876554 0.02711365 0.7185932 2.786134 -0.03486791 0.9727231 2.675393 -0.377314 0.05311281 2.893364 -0.3995096 -0.3848334 2.848279 -0.4050411 -0.8230558 2.76878 -0.196962 0.06704023 2.910489 -0.1904257 -0.386207 2.947353 -0.2064447 -0.7983093 3.043252 
-0.3347626 0.7906046 2.820187 -0.3253861 0.5606294 2.857549 -0.3071858 0.3102949 2.878919 -0.5007896 0.5470238 2.847557 -0.5606437 0.2761834 2.919663 -0.458261 0.09723797 2.700649 -0.1499827 0.5742349 2.867542 0.00832457 0.70442 2.759169 -0.04969722 0.9634886 2.623237 -0.3796234 0.05292989 2.895124 -0.3999269 -0.3865033 2.849499 -0.4030235 -0.828068 2.771233 -0.1983476 0.06699092 2.905452 -0.1918318 -0.3839065 2.943229 -0.2242088 -0.7859948 3.039932 
-0.3351296 0.7909928 2.8199 -0.3267787 0.5607054 2.856279 -0.3086275 0.310852 2.877384 -0.5012986 0.5474282 2.84919 -0.5534576 0.2765479 2.93403 -0.4743062 0.1064285 2.715967 -0.1522588 0.5739826 2.863368 -0.01197717 0.6814247 2.72191 -0.07386346 0.925162 2.517445 -0.3826573 0.0539856 2.894745 -0.4017181 -0.3850501 2.84923 -0.4009659 -0.819282 2.775516 -0.1982953 0.0680116 2.902234 -0.1930238 -0.3829726 2.941745 -0.2255441 -0.7886708 3.044973 
-0.3352813 0.7911271 2.820555 -0.3270651 0.5619078 2.859731 -0.3124594 0.3124835 2.875066 -0.5034571 0.5516342 2.860633 -0.5522829 0.2775089 2.940834 -0.4770495 0.1096059 2.709101 -0.1506731 0.5721815 2.858829 -0.0265045 0.652829 2.683497 -0.07736529 0.8798034 2.471873 -0.3943426 0.05743926 2.890894 -0.4044435 -0.379867 2.850365 -0.4010945 -0.8166786 2.77822 -0.2013648 0.06867888 2.889907 -0.1944723 -0.3821475 2.937337 -0.2197664 -0.7928067 3.000408 
-0.3358513 0.7912627 2.821156 -0.3268481 0.5634838 2.860802 -0.3121465 0.3145777 2.875659 -0.5047969 0.5533095 2.866437 -0.5515589 0.2781516 2.946731 -0.4842197 0.1085494 2.720829 -0.1488993 0.5736579 2.855167 -0.04096967 0.6192697 2.653489 -0.09649555 0.781796 2.3872 -0.3927918 0.06022017 2.893534 -0.4060412 -0.3753476 2.849909 -0.4010199 -0.8140767 2.778517 -0.2020979 0.07112312 2.887496 -0.1947855 -0.380979 2.934869 -0.2192186 -0.7933166 3.012471 
-0.3379439 0.7914989 2.821018 -0.3293689 0.5582937 2.849409 -0.313899 0.3124375 2.869854 -0.505805 0.5484929 2.865055 -0.5507575 0.2724197 2.945467 -0.4783652 0.0884662 2.732347 -0.152933 0.5680944 2.833763 -0.04332291 0.6169997 2.635851 -0.1030484 0.7493933 2.353305 -0.3929291 0.06133194 2.898679 -0.4062047 -0.3728927 2.851658 -0.3995434 -0.8147127 2.781573 -0.2039292 0.0718306 2.881919 -0.1947078 -0.3821462 2.931635 -0.2097648 -0.8118125 2.992499 
-0.3393521 0.791847 2.820404 -0.3272812 0.5563091 2.844259 -0.3132012 0.3114645 2.867807 -0.5057549 0.5479323 2.863875 -0.5512024 0.2715074 2.944258 -0.4943929 0.1100862 2.721557 -0.1488076 0.5646859 2.824643 -0.05389808 0.5876453 2.605661 -0.1116309 0.6489173 2.318887 -0.3943925 0.06214825 2.901826 -0.4058789 -0.3742958 2.854167 -0.3987465 -0.8223388 2.782271 -0.2038497 0.07109149 2.880883 -0.194905 -0.3789513 2.928804 -0.2106628 -0.8086328 2.988893 
-0.3392546 0.7923061 2.82189 -0.3212525 0.5513685 2.841119 -0.311056 0.3088735 2.864138 -0.5042293 0.5463669 2.869482 -0.5541355 0.2742659 2.952876 -0.4973239 0.1040542 2.738403 -0.1382757 0.5563701 2.812757 -0.09085052 0.4830152 2.559205 -0.1177981 0.5549763 2.292758 -0.3939856 0.06383283 2.901592 -0.4043849 -0.3771982 2.854684 -0.398174 -0.8329661 2.777605 -0.2077333 0.06892395 2.872721 -0.1959117 -0.378768 2.930804 -0.2089808 -0.8034489 2.992825 
-0.3397048 0.7923244 2.823392 -0.3228519 0.547504 2.84411 -0.3118255 0.3066712 2.866364 -0.5075225 0.5418667 2.874601 -0.5541211 0.2752825 2.951641 -0.4951949 0.09809366 2.727063 -0.1381812 0.5531414 2.813618 -0.09450192 0.4796146 2.565447 -0.1196992 0.5109832 2.283217 -0.3932579 0.063016 2.903885 -0.4037578 -0.378735 2.857542 -0.3969774 -0.8418366 2.773424 -0.2083405 0.06866091 2.873353 -0.1963794 -0.3775685 2.928487 -0.2061949 -0.8038742 2.991898 
-0.3395593 0.7915913 2.825227 -0.3230709 0.546993 2.845362 -0.3125684 0.3064197 2.866722 -0.5060067 0.5417127 2.875841 -0.5549038 0.2787537 2.956587 -0.5028808 0.1106306 2.745084 -0.1401351 0.5522733 2.814884 -0.1281759 0.3433889 2.697147 -0.121476 0.4449636 2.384367 -0.3941566 0.06318834 2.903424 -0.4033258 -0.3795756 2.856961 -0.3967671 -0.8283585 2.76597 -0.2099752 0.06850456 2.872738 -0.1973647 -0.3767043 2.929044 -0.2087319 -0.8021258 2.993127 
