-0.3481699 0.623435 2.711119 -0.3351098 0.4098248 2.71438 -0.3207598 0.1947841 2.710638 -0.4969245 0.399842 2.667531 -0.5858019 0.07907669 2.680047 -0.578679 -0.2220426 2.601225 -0.1732951 0.4198076 2.761229 0.002061111 0.4132029 2.966038 0.1620024 0.6267186 3.056459 -0.4014729 -0.02612128 2.679372 -0.3916923 -0.4415185 2.79299 -0.4543675 -0.8486363 2.60013 -0.2113465 -0.01439188 2.734418 -0.1212139 -0.4352591 2.709052 -0.007156944 -0.7979286 2.559262 
-0.3461064 0.625006 2.714169 -0.3324644 0.4123659 2.718069 -0.3173042 0.1973515 2.714256 -0.4934927 0.4018999 2.667998 -0.5849011 0.08353613 2.674032 -0.582197 -0.2103761 2.579554 -0.1714362 0.4228317 2.768139 0.006529953 0.4441036 2.955027 0.1322829 0.6871359 3.027206 -0.3967246 -0.02380995 2.681035 -0.3925863 -0.4403356 2.791515 -0.4535488 -0.8461331 2.613106 -0.2075634 -0.01151558 2.739853 -0.1231004 -0.4333749 2.711779 -0.005992531 -0.796024 2.561323 
-0.342469 0.6278721 2.715692 -0.3281627 0.4147984 2.719908 -0.3123752 0.199829 2.715364 -0.4895733 0.4039844 2.670709 -0.5714624 0.08326548 2.670033 -0.5740886 -0.1954455 2.541569 -0.166752 0.4256124 2.769108 0.01725853 0.4965526 2.93051 0.09837846 0.7568244 2.987596 -0.3914329 -0.02149464 2.681911 -0.3894506 -0.4350822 2.802965 -0.4517897 -0.8469036 2.616112 -0.2017427 -0.008786026 2.73973 -0.1171248 -0.4291237 2.696685 -0.005633537 -0.7967238 2.554791 
-0.340758 0.6301908 2.726455 -0.3248364 0.417188 2.725411 -0.3077231 0.2024593 2.717127 -0.4859744 0.4062856 2.675126 -0.56572 0.08962265 2.672026 -0.5706429 -0.176342 2.515417 -0.1636984 0.4280904 2.775696 0.02813856 0.5417868 2.899765 0.07310982 0.8141459 2.948403 -0.3853318 -0.01867816 2.679285 -0.3866997 -0.4311188 2.80457 -0.451915 -0.8467919 2.603997 -0.1958878 -0.005860657 2.738403 -0.1136247 -0.4259569 2.688175 -0.006378349 -0.7973006 2.554612 
-0.3394924 0.6241636 2.721829 -0.3188152 0.411669 2.724644 -0.2972583 0.1972851 2.7199 -0.4795214 0.3966281 2.674097 -0.562358 0.09481061 2.672494 -0.5704647 -0.1653554 2.501657 -0.1581091 0.4267099 2.77519 0.03305809 0.5773939 2.874901 0.05895199 0.8572815 2.911768 -0.3702144 -0.02594453 2.68543 -0.3746984 -0.4370635 2.815094 -0.4424009 -0.8540768 2.616446 -0.1811883 -0.008253067 2.744883 -0.1032539 -0.4286075 2.689659 0.00107238 -0.7989996 2.56494 
-0.3333248 0.6274409 2.733853 -0.311426 0.4153231 2.729816 -0.2893282 0.2011252 2.719792 -0.4756497 0.4001061 2.692952 -0.5561673 0.09600165 2.682869 -0.5546852 -0.1515944 2.492299 -0.1472023 0.4305401 2.76668 0.03594626 0.6302843 2.813224 0.03244109 0.9190838 2.827008 -0.3638035 -0.02202118 2.68809 -0.3882402 -0.4359021 2.805504 -0.4553473 -0.8419936 2.61743 -0.1706572 -0.004124237 2.731446 -0.1107786 -0.427065 2.675359 -0.01085525 -0.7889012 2.558374 
-0.3277663 0.6291647 2.736542 -0.3055876 0.4174488 2.730891 -0.2843049 0.2031592 2.720599 -0.4712421 0.4024185 2.701285 -0.5495884 0.09650113 2.68945 -0.5433958 -0.1451008 2.492303 -0.139933 0.4324792 2.760497 0.03596736 0.6491391 2.774633 0.02483125 0.9406464 2.777641 -0.3604639 -0.0199716 2.692892 -0.3858657 -0.4369969 2.798293 -0.4537826 -0.8441362 2.621462 -0.1655804 -0.002289261 2.727721 -0.110745 -0.4264096 2.674183 -0.008670776 -0.7902662 2.560466 
-0.3222736 0.6282513 2.739019 -0.3043266 0.4168037 2.730776 -0.2864316 0.2023619 2.718066 -0.4715831 0.4037328 2.715822 -0.5413945 0.1012991 2.699355 -0.5441958 -0.1317524 2.490605 -0.1370701 0.4298746 2.74573 0.03488971 0.6634873 2.729987 0.01142296 0.9556412 2.729342 -0.3671952 -0.01979009 2.696534 -0.3888947 -0.4376176 2.800186 -0.4663142 -0.8479115 2.612448 -0.1698779 -0.004369949 2.714175 -0.1205752 -0.4297318 2.664752 -0.01563907 -0.7961284 2.549038 
-0.313078 0.6281177 2.739572 -0.299838 0.4164512 2.731635 -0.2877709 0.2015508 2.719709 -0.4675728 0.4064935 2.741351 -0.5310686 0.09004294 2.712967 -0.519412 -0.1493215 2.512508 -0.1321032 0.4264088 2.721918 0.02009657 0.6569024 2.653413 0.005894554 0.9477255 2.615941 -0.3744027 -0.01920879 2.713502 -0.3821848 -0.4398612 2.806847 -0.4651191 -0.8522341 2.613636 -0.1770051 -0.007490158 2.702067 -0.1201787 -0.4332955 2.665971 -0.01497202 -0.7922158 2.556619 
-0.3068012 0.629932 2.738965 -0.2957351 0.4175086 2.731951 -0.2863282 0.202422 2.720934 -0.4627958 0.4091817 2.751875 -0.5285074 0.09099887 2.718539 -0.5156826 -0.1548629 2.530392 -0.1286744 0.4258355 2.712028 0.01464713 0.6465684 2.615221 -0.0007094698 0.9329786 2.553949 -0.375081 -0.01755722 2.721624 -0.3722543 -0.4376869 2.817564 -0.4624418 -0.8503575 2.610493 -0.1787615 -0.007771973 2.69821 -0.1158825 -0.433242 2.669344 -0.01074709 -0.7921433 2.557657 
-0.3030736 0.6305039 2.739118 -0.2934471 0.4182623 2.73235 -0.2853489 0.2030412 2.722777 -0.4589214 0.4106677 2.763115 -0.5222093 0.0899668 2.73179 -0.5174103 -0.1598194 2.552074 -0.1279728 0.4258568 2.701585 0.007180618 0.6373434 2.574906 -0.008205257 0.9178776 2.490985 -0.3745413 -0.0166451 2.731293 -0.3719492 -0.4402051 2.8094 -0.4607618 -0.8495961 2.615251 -0.1799601 -0.007714676 2.695117 -0.113928 -0.4330534 2.671048 -0.01183416 -0.7898651 2.560109 
-0.2894159 0.6260993 2.727809 -0.2870094 0.413361 2.726889 -0.2854344 0.1979333 2.723753 -0.4480715 0.4114618 2.776476 -0.5167825 0.09449585 2.752588 -0.5267693 -0.1659579 2.597725 -0.1259472 0.4152601 2.677301 0.00125753 0.6005969 2.501226 -0.02857532 0.8582129 2.371958 -0.378616 -0.01861157 2.74979 -0.3730935 -0.446591 2.797902 -0.46449 -0.848717 2.609751 -0.1891028 -0.01637695 2.691444 -0.1154067 -0.4403851 2.665693 -0.011743 -0.793452 2.551556 
-0.2836864 0.6235362 2.724078 -0.2855011 0.4111714 2.725425 -0.2874397 0.1956894 2.722855 -0.4445442 0.4119311 2.781718 -0.5183452 0.1088449 2.773786 -0.518417 -0.1581154 2.632309 -0.126458 0.4104117 2.669131 -0.007353088 0.5707928 2.4732 -0.0340526 0.8118204 2.31834 -0.382805 -0.01934633 2.753354 -0.3719547 -0.4476176 2.799945 -0.4684386 -0.8526744 2.608624 -0.1959517 -0.02023888 2.687217 -0.1166722 -0.4436387 2.675453 -0.01140693 -0.8008482 2.555137 
-0.2782758 0.6288429 2.730788 -0.2845558 0.4166794 2.72983 -0.2915147 0.2013504 2.725205 -0.439745 0.4202799 2.795704 -0.5123043 0.1136378 2.788773 -0.5131941 -0.1589252 2.659067 -0.1293666 0.413079 2.663957 -0.01622154 0.5393077 2.44579 -0.03560386 0.762495 2.269336 -0.3897789 -0.01186023 2.759336 -0.3752958 -0.4388527 2.815793 -0.4699935 -0.8419802 2.60339 -0.2071682 -0.01609683 2.681823 -0.1172142 -0.4374168 2.671728 -0.0146264 -0.7958524 2.550266 
-0.2731003 0.6201589 2.715045 -0.2831821 0.4072286 2.723354 -0.2935747 0.1920941 2.726118 -0.4363478 0.4155328 2.793786 -0.5068045 0.1217397 2.803085 -0.5135664 -0.1608693 2.701214 -0.1300164 0.3989243 2.652922 -0.0300223 0.5002222 2.418395 -0.03996127 0.6718607 2.208996 -0.393953 -0.01816161 2.770262 -0.3690972 -0.4458722 2.815572 -0.4672284 -0.8579801 2.607491 -0.2139816 -0.02791918 2.687503 -0.112842 -0.4467229 2.679025 -0.008356506 -0.812869 2.559841 
-0.2724626 0.6173299 2.706652 -0.283199 0.4051711 2.719673 -0.2952157 0.1901711 2.726922 -0.4334007 0.416141 2.796035 -0.5038103 0.1053135 2.813588 -0.5218908 -0.1815828 2.72857 -0.1329971 0.3942012 2.643311 -0.03592671 0.4746623 2.396214 -0.0438658 0.5876606 2.165033 -0.3955244 -0.01838051 2.779059 -0.3685863 -0.4471402 2.811479 -0.4675879 -0.8541035 2.595511 -0.2189405 -0.03127715 2.689284 -0.1066098 -0.4467792 2.670969 -0.004956589 -0.8043355 2.552331 
-0.2694378 0.6231278 2.712425 -0.2819392 0.4102957 2.722896 -0.2965143 0.1953439 2.72822 -0.43246 0.4223838 2.798861 -0.5034011 0.09365305 2.823787 -0.5248442 -0.1986635 2.757353 -0.1314184 0.3982075 2.646931 -0.04145173 0.448331 2.388114 -0.04649009 0.5118639 2.138292 -0.3995092 -0.012507 2.778169 -0.3697196 -0.4418334 2.799011 -0.469086 -0.8510981 2.587446 -0.2226695 -0.02670876 2.688921 -0.1069202 -0.4415056 2.671302 -0.0008112183 -0.7993858 2.546872 
