-0.4793459 0.6108939 2.611995 -0.4645137 0.4038379 2.608519 -0.4461403 0.1950931 2.60335 -0.6188474 0.3917555 2.547865 -0.7084303 0.0553898 2.555295 -0.6709958 -0.217442 2.414276 -0.3101801 0.4159202 2.669172 -0.1687668 0.3973415 2.891961 0.002127686 0.5740405 2.968269 -0.5175002 -0.02067673 2.562916 -0.5160522 -0.4375735 2.60551 -0.5524717 -0.8351813 2.542625 -0.3380336 -0.006626801 2.633447 -0.2871739 -0.4174543 2.698444 -0.1125134 -0.8546228 2.512854 
-0.473731 0.6123781 2.619206 -0.4571699 0.4062301 2.614292 -0.4385782 0.1975336 2.607623 -0.6119683 0.3943459 2.554647 -0.6972209 0.05919831 2.56515 -0.6674318 -0.2137753 2.419007 -0.3023715 0.4181142 2.673937 -0.1398881 0.4561658 2.882481 -0.008362976 0.6753951 2.940364 -0.5099869 -0.01807231 2.566276 -0.5094744 -0.4347425 2.612036 -0.5462834 -0.8355613 2.546231 -0.329986 -0.004253342 2.635632 -0.2806514 -0.414356 2.706676 -0.1084807 -0.8558663 2.520047 
-0.4629137 0.6158087 2.635839 -0.4402126 0.4112161 2.623708 -0.4187087 0.2031303 2.61059 -0.5971279 0.3983718 2.570224 -0.6830981 0.05608258 2.578514 -0.6598095 -0.2151289 2.426035 -0.2832972 0.4240605 2.677191 -0.1025058 0.5482534 2.842838 -0.03197629 0.8096786 2.863005 -0.4885004 -0.01242853 2.566356 -0.4996221 -0.4274383 2.623808 -0.5427181 -0.8312667 2.549726 -0.3059094 0.002517486 2.628591 -0.2714032 -0.4059754 2.713471 -0.1034906 -0.85735 2.514115 
-0.4548514 0.612883 2.637159 -0.4326546 0.4088846 2.624435 -0.4118389 0.2006761 2.6118 -0.5916027 0.3958268 2.577753 -0.673537 0.05803015 2.59227 -0.6534693 -0.2105575 2.435145 -0.2737065 0.4219425 2.671117 -0.08824376 0.5811381 2.815935 -0.04468237 0.853284 2.817133 -0.4835221 -0.0151313 2.571998 -0.4994479 -0.4306028 2.625162 -0.5473728 -0.8338277 2.554769 -0.2985244 6.65741E-05 2.626331 -0.2731466 -0.4093499 2.711127 -0.1102252 -0.8623713 2.514886 
-0.4450566 0.6124478 2.639351 -0.4248242 0.4077224 2.625839 -0.4066969 0.1992822 2.612957 -0.5856119 0.3962228 2.585655 -0.663271 0.05600314 2.597687 -0.642952 -0.2130706 2.446553 -0.2640365 0.4192221 2.666024 -0.07962649 0.6105738 2.785523 -0.05565604 0.888981 2.777838 -0.4821066 -0.01584789 2.576699 -0.5002654 -0.4316223 2.62717 -0.5508085 -0.830789 2.552238 -0.2950328 -0.002468308 2.623453 -0.2708903 -0.4124725 2.706804 -0.1112861 -0.8639855 2.511692 
-0.423424 0.6159597 2.634948 -0.4123009 0.4099038 2.625909 -0.4042519 0.2008672 2.614866 -0.576705 0.4046171 2.606153 -0.643089 0.05696908 2.623441 -0.6332974 -0.2138988 2.476045 -0.2478967 0.4151905 2.645664 -0.07936288 0.635692 2.713607 -0.05965307 0.9171105 2.674363 -0.4920301 -0.01125085 2.592309 -0.50697 -0.4275532 2.639602 -0.5642452 -0.8269736 2.549291 -0.3003758 -0.00508786 2.615338 -0.2576941 -0.4175141 2.667768 -0.1582298 -0.8415786 2.56859 
-0.4173742 0.6196935 2.649782 -0.4090625 0.413635 2.630932 -0.4042518 0.2049944 2.613344 -0.5744455 0.4107461 2.619968 -0.6357141 0.05909637 2.636254 -0.6235219 -0.2178267 2.49621 -0.2436794 0.416524 2.641897 -0.08070748 0.6394982 2.674266 -0.06141914 0.9191735 2.618811 -0.495568 -0.005325485 2.589383 -0.4973499 -0.4209842 2.642407 -0.558243 -0.8253331 2.542424 -0.3033141 -0.001967148 2.602129 -0.2571208 -0.4089595 2.683342 -0.1449739 -0.8465387 2.545455 
-0.4084564 0.6212051 2.644694 -0.4031057 0.4150991 2.629441 -0.4018181 0.2061079 2.61498 -0.5689353 0.4142603 2.6268 -0.6302797 0.06047699 2.641715 -0.6189585 -0.2212983 2.509416 -0.2372762 0.4159379 2.632083 -0.08003447 0.6454602 2.635428 -0.06219409 0.922116 2.564132 -0.4969278 -0.003370957 2.598984 -0.4911831 -0.4179478 2.659646 -0.5563782 -0.8340803 2.554176 -0.3041331 -0.002395706 2.602055 -0.2575014 -0.4039311 2.707325 -0.1308308 -0.8573211 2.538187 
-0.3964455 0.6242408 2.651224 -0.395173 0.4178719 2.632904 -0.3979353 0.2089358 2.617357 -0.5604265 0.4192832 2.6433 -0.621829 0.09384055 2.665247 -0.6177145 -0.18709 2.543213 -0.2299194 0.4164606 2.622509 -0.08236838 0.6460882 2.578573 -0.06776695 0.9119088 2.476609 -0.496962 0.0008217926 2.607866 -0.4825785 -0.4150003 2.656525 -0.5551031 -0.8308629 2.555083 -0.3044332 -0.0008224945 2.595755 -0.2400465 -0.4057452 2.672651 -0.154665 -0.8327082 2.581351 
-0.385326 0.6198535 2.654367 -0.386862 0.4152405 2.633732 -0.3909239 0.2062844 2.617977 -0.5514445 0.4169749 2.653162 -0.6091262 0.1114944 2.680878 -0.6160828 -0.1711955 2.570582 -0.2222795 0.4135062 2.614302 -0.08290138 0.6407503 2.531298 -0.08015914 0.8930221 2.400213 -0.4906196 -0.001663986 2.613512 -0.4693102 -0.4183412 2.650959 -0.5483345 -0.8359812 2.553583 -0.2993522 -0.00367955 2.590931 -0.2346172 -0.4048153 2.687896 -0.140384 -0.8460068 2.55735 
-0.3680855 0.6253877 2.657583 -0.3788278 0.4188812 2.637891 -0.3909843 0.2101996 2.62273 -0.539745 0.4253978 2.677222 -0.5978609 0.1248301 2.703586 -0.6090882 -0.1604348 2.605202 -0.2179105 0.4123645 2.59856 -0.09145357 0.6071133 2.448611 -0.1010493 0.8334596 2.27565 -0.4965459 0.005300766 2.630399 -0.4670761 -0.4120072 2.652402 -0.5547736 -0.8258356 2.55205 -0.3097356 -0.002264511 2.584739 -0.2297326 -0.3970853 2.695518 -0.1534193 -0.8396341 2.565272 
-0.3634921 0.6231664 2.658511 -0.3750304 0.4171815 2.638147 -0.3871979 0.2084573 2.623104 -0.535208 0.4234015 2.681404 -0.5944355 0.1314815 2.713088 -0.6083834 -0.1544472 2.617698 -0.2148528 0.4109615 2.594891 -0.0937233 0.5815572 2.405812 -0.1110823 0.7958845 2.223324 -0.4923827 0.0033452 2.633181 -0.4587413 -0.4140061 2.650715 -0.5503653 -0.8315074 2.550412 -0.3063481 -0.003878861 2.582941 -0.2284356 -0.3959785 2.706254 -0.1329657 -0.8515202 2.540724 
-0.3546395 0.6194578 2.658478 -0.3690055 0.415598 2.638294 -0.3828772 0.206946 2.623586 -0.5291213 0.4231481 2.6822 -0.5907136 0.1172419 2.724546 -0.6077421 -0.1673802 2.62036 -0.2088896 0.4080479 2.594387 -0.1028577 0.5377764 2.358907 -0.128291 0.7214134 2.154115 -0.4897775 0.002680679 2.634389 -0.4574099 -0.415029 2.647377 -0.5506127 -0.8284425 2.550005 -0.3037204 -0.006092667 2.583369 -0.2157222 -0.4028348 2.680693 -0.154137 -0.8315913 2.590748 
-0.3500144 0.6182512 2.65797 -0.3666052 0.414567 2.638852 -0.3828954 0.2060615 2.624585 -0.5262561 0.4239276 2.684345 -0.5868526 0.09012149 2.728783 -0.6052722 -0.1961009 2.622664 -0.2069542 0.4052064 2.593359 -0.1124247 0.5033854 2.327965 -0.1389209 0.6490543 2.108069 -0.491997 0.002997696 2.636765 -0.4573588 -0.4146125 2.649208 -0.5563095 -0.8320721 2.549266 -0.3063744 -0.007885636 2.583872 -0.2241604 -0.4027546 2.694847 -0.1510634 -0.8434805 2.567168 
-0.3476987 0.6174116 2.657714 -0.3660972 0.4132262 2.639414 -0.3834586 0.2047373 2.626071 -0.5248813 0.4233536 2.687778 -0.5789176 0.07655536 2.732402 -0.606761 -0.2167869 2.635339 -0.207313 0.4030989 2.59105 -0.1217039 0.4786954 2.313489 -0.1439863 0.5759605 2.076555 -0.4931534 0.002137436 2.640852 -0.4544107 -0.4152018 2.650121 -0.5547121 -0.8320528 2.552022 -0.3084869 -0.00964067 2.584605 -0.2280632 -0.4029507 2.703667 -0.1378148 -0.8530985 2.544554 
-0.3481491 0.6182231 2.65858 -0.3667962 0.4132053 2.640814 -0.3838584 0.2047228 2.626874 -0.5253016 0.4228685 2.6903 -0.5769607 0.07377795 2.732705 -0.6045626 -0.2236678 2.646275 -0.2082907 0.403542 2.591328 -0.1343558 0.4233475 2.302742 -0.1521908 0.4724916 2.053223 -0.4930854 0.001859131 2.641708 -0.4550847 -0.4156301 2.644919 -0.5527245 -0.8288754 2.550317 -0.308756 -0.00937851 2.58416 -0.2140537 -0.4050782 2.68066 -0.1574745 -0.8308922 2.586585 
-0.3487024 0.6143864 2.65801 -0.3684171 0.4092568 2.639813 -0.3854541 0.2007997 2.625402 -0.5275235 0.4189738 2.687357 -0.5769782 0.06988648 2.733351 -0.6071633 -0.2308023 2.650759 -0.2093107 0.3995398 2.592269 -0.1581744 0.3861754 2.298374 -0.1601686 0.393678 2.03936 -0.4950199 -0.002006409 2.638641 -0.4569601 -0.4195347 2.639315 -0.5568138 -0.8366647 2.544662 -0.3099625 -0.01330832 2.583343 -0.2196927 -0.4069223 2.693149 -0.1463203 -0.8485064 2.5592 
