-0.4100218 0.6159704 2.567296 -0.3922994 0.4032669 2.589833 -0.3695958 0.1894516 2.605733 -0.539928 0.381658 2.510047 -0.626955 0.0720885 2.492568 -0.5945709 -0.2060556 2.354575 -0.2446707 0.4248759 2.669618 -0.09373005 0.4344069 2.895789 0.02862891 0.6643922 3.006015 -0.4336906 -0.03706874 2.574724 -0.4283185 -0.4670438 2.543266 -0.4474277 -0.8192579 2.490467 -0.2600939 -0.01165877 2.668543 -0.1374516 -0.4232441 2.630488 -0.0295928 -0.7887796 2.598314 
-0.405602 0.6175004 2.568259 -0.387193 0.4052627 2.591909 -0.3647475 0.1913775 2.60729 -0.5355397 0.3840449 2.51334 -0.623482 0.06954822 2.498296 -0.5864944 -0.2053083 2.360308 -0.2388464 0.4264805 2.670477 -0.08036153 0.4727003 2.889892 0.001276024 0.7263166 2.988442 -0.4295335 -0.03498431 2.57647 -0.4252249 -0.4651358 2.546896 -0.4443471 -0.8209313 2.49325 -0.2550705 -0.01003107 2.668871 -0.1320419 -0.4216428 2.631939 -0.02555218 -0.7885644 2.601134 
-0.400002 0.6179751 2.577255 -0.3759575 0.4062911 2.598973 -0.3482522 0.1930015 2.61308 -0.5233501 0.3818949 2.519587 -0.6132509 0.06376383 2.510191 -0.5819147 -0.207326 2.368818 -0.2285648 0.4306872 2.678359 -0.05516971 0.5198636 2.868442 -0.01488467 0.791659 2.945742 -0.4072342 -0.03463641 2.580496 -0.3999378 -0.4647146 2.550305 -0.4259579 -0.8221587 2.496276 -0.2338596 -0.005939789 2.673876 -0.1143577 -0.4190968 2.643887 -0.01007093 -0.7850068 2.611402 
-0.3932513 0.6211704 2.580711 -0.3669968 0.4091006 2.603084 -0.3379251 0.1959436 2.616919 -0.5167384 0.3838474 2.528664 -0.6041327 0.05939059 2.523576 -0.575255 -0.2064482 2.373279 -0.2172551 0.4343538 2.677503 -0.03758749 0.558419 2.837696 -0.01695187 0.8404008 2.899355 -0.396946 -0.03206981 2.586974 -0.4057699 -0.4616516 2.554394 -0.4408615 -0.8186976 2.49709 -0.2207609 -0.00235704 2.674535 -0.1208704 -0.4202135 2.64404 -0.02052218 -0.7889585 2.613332 
-0.3835441 0.6176046 2.582452 -0.3570144 0.4065385 2.605949 -0.3276252 0.1934478 2.620417 -0.5100266 0.3808906 2.539014 -0.5895489 0.06168884 2.544779 -0.5683798 -0.2092949 2.394719 -0.204002 0.4321864 2.672884 -0.02728122 0.5932192 2.80934 -0.02519827 0.8801011 2.851941 -0.388291 -0.03473793 2.59549 -0.4047828 -0.4638343 2.558779 -0.4419462 -0.8217969 2.500832 -0.2081809 -0.004547928 2.674279 -0.1171885 -0.4247104 2.645428 -0.02219426 -0.7924607 2.616615 
-0.3592432 0.6142474 2.587056 -0.3330431 0.4041435 2.613486 -0.3058394 0.1908742 2.629641 -0.4923087 0.3800108 2.563091 -0.5758556 0.05940018 2.576474 -0.554903 -0.2096701 2.423585 -0.1737774 0.4282764 2.66388 -0.01124632 0.6535413 2.7381 -0.02769214 0.9474804 2.760003 -0.3723639 -0.03659727 2.616139 -0.4017741 -0.4646878 2.574874 -0.4403276 -0.8163855 2.50415 -0.1849078 -0.008192917 2.675454 -0.1105481 -0.4315414 2.643667 -0.02225221 -0.7923486 2.617439 
-0.3478203 0.6147543 2.586673 -0.3234939 0.4046221 2.614835 -0.2975957 0.1913511 2.632912 -0.4856972 0.3815328 2.574811 -0.5678562 0.06915518 2.594771 -0.5456228 -0.2020486 2.448178 -0.1612906 0.4277115 2.654859 -0.005362366 0.6598669 2.697599 -0.02548567 0.9553367 2.705144 -0.3671537 -0.03550795 2.627434 -0.4034542 -0.4633639 2.589241 -0.4420807 -0.8154607 2.510654 -0.1762414 -0.008331925 2.674542 -0.1071961 -0.4322487 2.637972 -0.02239703 -0.7927765 2.619564 
-0.3416093 0.6198725 2.594477 -0.3157809 0.4089461 2.620166 -0.2906685 0.19546 2.636781 -0.4806136 0.3874528 2.593134 -0.5544853 0.07110965 2.613393 -0.5416872 -0.1959584 2.462956 -0.1509482 0.4304393 2.647197 -0.0005027313 0.6644205 2.657198 -0.02641364 0.960232 2.655713 -0.3626279 -0.0306837 2.637478 -0.4024419 -0.458453 2.601281 -0.4432125 -0.8134995 2.516174 -0.1684843 -0.005368485 2.669316 -0.1053923 -0.4297772 2.627827 -0.02530643 -0.7873286 2.615481 
-0.3334205 0.6249128 2.589383 -0.3072622 0.4144653 2.621333 -0.2836125 0.2012907 2.642752 -0.4737269 0.3943634 2.605069 -0.5435702 0.07394897 2.631232 -0.5394752 -0.1958994 2.485183 -0.1407974 0.4345672 2.637597 0.00323436 0.6687336 2.614827 -0.02940281 0.9633817 2.597208 -0.357825 -0.02370146 2.654611 -0.398014 -0.4518991 2.624331 -0.4416153 -0.8081673 2.527634 -0.1621009 -6.629944E-05 2.673733 -0.1048264 -0.4257183 2.636619 -0.02448637 -0.7808477 2.624767 
-0.3172027 0.6202992 2.586285 -0.2915639 0.410484 2.624187 -0.2689719 0.1977028 2.650406 -0.4590284 0.3934133 2.629948 -0.5302642 0.08015656 2.67457 -0.5270907 -0.1992332 2.54324 -0.1240994 0.4275547 2.618427 -0.0003428955 0.6775733 2.54027 -0.04506982 0.9657367 2.485579 -0.3449326 -0.02512451 2.680015 -0.3903878 -0.4526782 2.64785 -0.4405368 -0.8154545 2.525508 -0.1478272 -0.005032348 2.673235 -0.1001529 -0.4321222 2.638792 -0.02767943 -0.7893559 2.621783 
-0.3089527 0.6192045 2.594302 -0.2840936 0.4092242 2.628313 -0.2626993 0.196052 2.652287 -0.4506179 0.3946785 2.647581 -0.5192349 0.07814246 2.696295 -0.5183055 -0.2021648 2.564626 -0.1175694 0.42377 2.609045 -0.003617226 0.6720034 2.502936 -0.05222321 0.9566831 2.433769 -0.3393271 -0.02568239 2.687602 -0.3859569 -0.453012 2.653808 -0.4392801 -0.8128058 2.518852 -0.1432828 -0.00855806 2.664918 -0.1000121 -0.4362921 2.632361 -0.0284242 -0.7898605 2.613818 
-0.3036129 0.619774 2.598336 -0.2799058 0.4094832 2.631095 -0.2601961 0.1960367 2.654132 -0.4440843 0.3979927 2.665099 -0.5056579 0.09100403 2.714586 -0.5125995 -0.1935036 2.592573 -0.1157274 0.4209736 2.597092 -0.01048999 0.6580831 2.467849 -0.05808748 0.9369277 2.378227 -0.3371528 -0.0241752 2.69719 -0.3888983 -0.4510829 2.665835 -0.440745 -0.812078 2.52365 -0.1438199 -0.01064429 2.657148 -0.1033011 -0.4391231 2.63221 -0.03186433 -0.7892853 2.616259 
-0.2948384 0.6129961 2.610943 -0.2748551 0.402642 2.636566 -0.2577359 0.1886195 2.655597 -0.4335788 0.3946402 2.689355 -0.4950916 0.1067597 2.743493 -0.5128275 -0.1806095 2.629696 -0.1161315 0.4106438 2.583776 -0.02216826 0.635236 2.421975 -0.07551566 0.8979888 2.298921 -0.3342856 -0.03012529 2.705781 -0.386905 -0.4567544 2.671919 -0.4386332 -0.8177322 2.522536 -0.1469478 -0.02068089 2.643475 -0.1053332 -0.4494615 2.628583 -0.03217124 -0.7976561 2.609272 
-0.2897772 0.6149302 2.623746 -0.2726485 0.4040559 2.64347 -0.25832 0.1895473 2.658774 -0.4246314 0.3988836 2.713262 -0.489306 0.1005572 2.765305 -0.5169715 -0.1887015 2.661418 -0.1206656 0.4092282 2.573677 -0.02833642 0.6145765 2.386719 -0.0872969 0.8593889 2.234113 -0.3334416 -0.02800557 2.715156 -0.3884936 -0.4533257 2.671442 -0.4389745 -0.8096644 2.522721 -0.1545412 -0.02191716 2.633003 -0.1067537 -0.4501826 2.62995 -0.0350896 -0.7936455 2.609789 
-0.2848724 0.6147882 2.622058 -0.2703561 0.4046147 2.644981 -0.2581456 0.1902138 2.663467 -0.4171492 0.4032566 2.726187 -0.4807661 0.1027598 2.78422 -0.5170448 -0.1877943 2.688059 -0.123563 0.4059728 2.563774 -0.03926064 0.5942384 2.352029 -0.09335884 0.8256252 2.177122 -0.3320304 -0.02498369 2.729582 -0.3857032 -0.4495676 2.677818 -0.4372467 -0.809258 2.52835 -0.1598396 -0.02339061 2.634326 -0.1046356 -0.4505316 2.644502 -0.03240135 -0.7942875 2.618871 
-0.284224 0.6172838 2.631184 -0.2712488 0.4064637 2.64901 -0.2611479 0.1916652 2.663621 -0.4149402 0.4056722 2.736712 -0.4731221 0.1097834 2.795135 -0.5180097 -0.1834692 2.713277 -0.1275573 0.4072551 2.561308 -0.04919159 0.5665451 2.32909 -0.09557067 0.783815 2.142296 -0.3352549 -0.02359717 2.729627 -0.3901092 -0.4461752 2.665215 -0.4429291 -0.8123125 2.514762 -0.1668394 -0.02266953 2.626835 -0.1061637 -0.4492945 2.633855 -0.03342395 -0.7941614 2.608878 
-0.2825568 0.6183037 2.625707 -0.2701739 0.407419 2.649457 -0.2604879 0.1929138 2.668149 -0.4089104 0.4094856 2.745068 -0.4689804 0.1113208 2.804376 -0.5172391 -0.1848198 2.736389 -0.1314375 0.4053524 2.553847 -0.05397675 0.5278568 2.304052 -0.1000992 0.7191666 2.099934 -0.3323092 -0.02037729 2.743011 -0.3856821 -0.443153 2.677789 -0.4356595 -0.8095847 2.528064 -0.1692944 -0.02280554 2.630669 -0.1021591 -0.4482188 2.646387 -0.03075005 -0.7961178 2.623102 
-0.2803219 0.6175184 2.62297 -0.2704098 0.4064373 2.650098 -0.2624421 0.1921591 2.672027 -0.4082391 0.4112784 2.747481 -0.4634968 0.115064 2.810383 -0.5183769 -0.1828543 2.757599 -0.1325805 0.4015962 2.552715 -0.05997 0.4974414 2.288027 -0.105346 0.6579074 2.070392 -0.3353686 -0.01927774 2.751112 -0.3920759 -0.439064 2.672039 -0.4415477 -0.8128573 2.523968 -0.17358 -0.02496042 2.6368 -0.1064317 -0.4505863 2.649907 -0.02847942 -0.8011064 2.622221 
-0.2809817 0.6150381 2.623597 -0.2711042 0.4034208 2.651856 -0.2643323 0.1891461 2.67451 -0.4080632 0.4095435 2.750703 -0.4609841 0.1217823 2.819779 -0.5173937 -0.1775152 2.775717 -0.1341452 0.3972982 2.553008 -0.07297964 0.4702187 2.275515 -0.1125688 0.5952945 2.044242 -0.3380122 -0.02153207 2.75523 -0.3924118 -0.4391049 2.66392 -0.4412896 -0.8127463 2.520964 -0.1771085 -0.02872516 2.639101 -0.1046231 -0.4536039 2.643703 -0.02826949 -0.7992315 2.620417 
-0.2844172 0.6192092 2.631412 -0.2747911 0.4072341 2.656846 -0.2684667 0.1927162 2.677297 -0.4108174 0.4127882 2.757167 -0.462337 0.1248521 2.832444 -0.5193807 -0.1747292 2.789398 -0.1387647 0.4016801 2.556524 -0.08650357 0.4336025 2.26226 -0.1274409 0.5057002 2.015993 -0.3420885 -0.01853742 2.756709 -0.395085 -0.4349524 2.658952 -0.4418961 -0.8077516 2.519891 -0.1821963 -0.02506586 2.638786 -0.1053471 -0.4492431 2.638258 -0.03047574 -0.7880752 2.617746 
-0.2817427 0.6180794 2.635323 -0.2745547 0.4072414 2.658661 -0.2696152 0.192565 2.677876 -0.4109019 0.4130522 2.758627 -0.4654275 0.1247244 2.84772 -0.5180384 -0.173706 2.793349 -0.1382074 0.4014306 2.558695 -0.1082405 0.3998026 2.269138 -0.1314721 0.4260068 2.006902 -0.3448287 -0.01869542 2.755858 -0.3952946 -0.4355831 2.658317 -0.4396367 -0.8115271 2.520348 -0.1845226 -0.0255273 2.638326 -0.1048461 -0.4492477 2.63774 -0.02701392 -0.7953335 2.617061 
