-0.5750746 0.6183228 2.892173 -0.5688344 0.406851 2.922884 -0.560949 0.1924176 2.943679 -0.7183891 0.3938046 2.84506 -0.7988631 0.07911944 2.894961 -0.7550527 -0.2215238 2.82227 -0.4192797 0.4198975 3.000708 -0.2826066 0.3842538 3.114474 -0.1121883 0.5141836 3.244303 -0.6409475 -0.02968242 2.918741 -0.6024206 -0.4577201 2.95334 -0.6240917 -0.8307639 2.8406 -0.4651796 -0.01434926 3.010206 -0.4840212 -0.4441682 3.037045 -0.4512646 -0.8171275 2.874347 
-0.5779006 0.6129874 2.877697 -0.5708446 0.4036141 2.919099 -0.5613394 0.1901943 2.947396 -0.7180153 0.3862633 2.83767 -0.799682 0.0854476 2.890918 -0.7566063 -0.2141984 2.815349 -0.4236739 0.420965 3.000527 -0.2068512 0.4930189 3.144524 -0.1262671 0.7167407 3.246603 -0.6384137 -0.03343291 2.927788 -0.6000848 -0.4618706 2.957668 -0.6212804 -0.8323627 2.854199 -0.4652545 -0.01301811 3.023596 -0.4862666 -0.4429861 3.047838 -0.4499997 -0.8254413 2.883897 
-0.5795171 0.6074136 2.88345 -0.5710449 0.3985704 2.921306 -0.5611101 0.1848558 2.94752 -0.7195544 0.3819502 2.842088 -0.7988582 0.07373542 2.888956 -0.7447302 -0.2195835 2.798746 -0.4225353 0.4151905 3.000525 -0.2089419 0.5414955 3.120763 -0.143443 0.786832 3.219599 -0.6384828 -0.0386295 2.927161 -0.6045961 -0.4678184 2.949907 -0.6233255 -0.8350019 2.843193 -0.4638679 -0.01908781 3.020305 -0.4834309 -0.449481 3.035007 -0.4466579 -0.8318923 2.869 
-0.5827202 0.6085957 2.88725 -0.5726862 0.3994142 2.92253 -0.5617565 0.1855768 2.947742 -0.7278363 0.3838348 2.85765 -0.7952305 0.07119726 2.889968 -0.7413312 -0.2101608 2.768734 -0.4175361 0.4149936 2.98741 -0.2272521 0.6103548 3.072431 -0.1723434 0.8835464 3.136724 -0.6421501 -0.03743089 2.934765 -0.59819 -0.4659313 2.951602 -0.6271384 -0.8325211 2.84899 -0.4595034 -0.01909035 3.011143 -0.4877167 -0.4477098 3.04268 -0.4471219 -0.8248178 2.867583 
-0.5849597 0.6108423 2.888723 -0.5741584 0.4006953 2.92295 -0.5630401 0.1868414 2.948019 -0.7315583 0.3855357 2.863436 -0.7956166 0.07160053 2.885977 -0.7358802 -0.2098935 2.774436 -0.4167586 0.415855 2.982464 -0.2291299 0.6381743 3.036216 -0.177663 0.9192106 3.085619 -0.644445 -0.0359237 2.938105 -0.6015786 -0.4643001 2.960789 -0.6253883 -0.8260872 2.845671 -0.4593988 -0.01810135 3.008073 -0.4819433 -0.4478077 3.02863 -0.4636736 -0.8368884 2.888476 
-0.5842531 0.6142289 2.890457 -0.5737306 0.4044759 2.923757 -0.5622537 0.1905477 2.948046 -0.7331488 0.3897796 2.869643 -0.7908217 0.06731009 2.894979 -0.7303199 -0.210187 2.773385 -0.4143123 0.4191721 2.977872 -0.2335789 0.6565745 3.004606 -0.19498 0.9452506 3.025861 -0.644504 -0.0320209 2.940519 -0.6035534 -0.4608245 2.95887 -0.6230222 -0.8238844 2.843112 -0.4570495 -0.01474005 3.00415 -0.4734923 -0.4450782 3.009013 -0.4677678 -0.8429289 2.898492 
-0.5863692 0.6128235 2.900753 -0.5761299 0.4031298 2.927276 -0.5638717 0.1889459 2.948181 -0.7398229 0.3899598 2.888324 -0.7883596 0.06693341 2.907957 -0.7302027 -0.2091143 2.768864 -0.4124369 0.4162999 2.966229 -0.2500424 0.677268 2.927414 -0.2081215 0.9698274 2.903716 -0.6480215 -0.03299455 2.946144 -0.6087934 -0.462279 2.952135 -0.6274275 -0.8268974 2.843692 -0.4552058 -0.01748143 2.992026 -0.4607601 -0.4465913 2.958616 -0.4839862 -0.8560259 2.931759 
-0.5871814 0.6163138 2.905573 -0.5791516 0.4063589 2.930216 -0.5698071 0.1919614 2.950559 -0.7451053 0.3964611 2.90213 -0.7871932 0.06947149 2.910563 -0.7323668 -0.2077864 2.773945 -0.4131979 0.4162567 2.958301 -0.2545407 0.6756484 2.886819 -0.2177619 0.9672995 2.836402 -0.6581537 -0.02826268 2.954369 -0.6162501 -0.4573585 2.958992 -0.6311267 -0.8164238 2.8529 -0.4627716 -0.01660969 2.987435 -0.4694154 -0.4465175 2.96083 -0.4942321 -0.8580345 2.95388 
-0.5867791 0.6156334 2.910388 -0.5825559 0.4042043 2.931597 -0.5770151 0.1895302 2.950551 -0.7508555 0.3996515 2.929229 -0.7883236 0.06638257 2.920692 -0.7388347 -0.2060693 2.769714 -0.4142563 0.4087571 2.933965 -0.273161 0.6626642 2.807355 -0.2381003 0.9439714 2.704265 -0.670275 -0.02781668 2.968115 -0.6206172 -0.4560623 2.963497 -0.6047448 -0.8261729 2.85072 -0.4726734 -0.02247122 2.970895 -0.4701975 -0.4528085 2.967302 -0.4894221 -0.8658382 2.964921 
-0.5862936 0.6186468 2.910844 -0.5838596 0.4066732 2.932056 -0.5800983 0.191931 2.950786 -0.7522027 0.4043556 2.939288 -0.7926692 0.06869604 2.931373 -0.7406153 -0.2066378 2.784648 -0.4155164 0.4089907 2.924824 -0.2790833 0.6408362 2.766753 -0.2475753 0.9064573 2.631552 -0.6752523 -0.02417287 2.973766 -0.6274976 -0.452411 2.960555 -0.595259 -0.8252524 2.848086 -0.4774219 -0.02144939 2.965267 -0.4681452 -0.4518423 2.973653 -0.4941069 -0.8624477 2.939871 
-0.5869684 0.6223358 2.911568 -0.5854498 0.4108597 2.932874 -0.5836651 0.1960528 2.951183 -0.7533854 0.4107878 2.948398 -0.7953467 0.07185855 2.940217 -0.7531681 -0.2130503 2.809937 -0.4175141 0.4109316 2.917351 -0.2820481 0.6114157 2.733945 -0.2510604 0.8630084 2.575269 -0.6805559 -0.01879633 2.978613 -0.6212798 -0.445201 2.95891 -0.6069452 -0.8185771 2.850494 -0.4832052 -0.01871185 2.96037 -0.4716259 -0.4483605 2.985821 -0.4871069 -0.8581366 2.934771 
-0.5866525 0.6211534 2.911873 -0.5853153 0.4088028 2.932444 -0.5831792 0.1939622 2.950437 -0.7522243 0.4091949 2.956939 -0.7976853 0.07093335 2.951586 -0.7586526 -0.2148576 2.819728 -0.4184064 0.4084106 2.907948 -0.2895298 0.5787018 2.696978 -0.2585073 0.8097119 2.519006 -0.6791684 -0.02064789 2.98283 -0.6148819 -0.4464185 2.962779 -0.6068853 -0.8223292 2.850975 -0.4829177 -0.02110895 2.954029 -0.4675427 -0.4501525 2.989294 -0.4816523 -0.859088 2.927624 
-0.5913722 0.627335 2.911008 -0.587253 0.4148602 2.932743 -0.5841085 0.2000558 2.951054 -0.7526786 0.4152712 2.96597 -0.8018385 0.06745441 2.968754 -0.7704036 -0.2231667 2.843187 -0.4218276 0.4144493 2.899517 -0.2967541 0.5263587 2.657975 -0.266033 0.7134147 2.448976 -0.6782249 -0.01450702 2.988901 -0.6129668 -0.439599 2.95986 -0.6101995 -0.8160941 2.85145 -0.4837031 -0.0149902 2.949831 -0.4680769 -0.4438692 2.989321 -0.484666 -0.8527516 2.925227 
-0.5911332 0.6210991 2.911099 -0.5892845 0.4093613 2.932052 -0.5873021 0.1945476 2.950431 -0.7549193 0.4106911 2.965459 -0.8054036 0.07173803 2.983878 -0.7835066 -0.2263042 2.868901 -0.4236498 0.4080316 2.898645 -0.3061533 0.4534499 2.646391 -0.2769092 0.645501 2.442035 -0.6825808 -0.01948524 2.988426 -0.6168593 -0.4442138 2.954587 -0.6184314 -0.8235992 2.845732 -0.4880585 -0.02104689 2.949192 -0.4785411 -0.4481229 3.004611 -0.4832321 -0.8539031 2.923248 
-0.59242 0.6198956 2.910658 -0.5905371 0.4078638 2.931099 -0.5878205 0.1929876 2.948643 -0.7565579 0.4083847 2.963181 -0.8092021 0.07186447 2.997442 -0.8001662 -0.2294965 2.894469 -0.4245161 0.407343 2.899016 -0.3082837 0.4231165 2.626786 -0.2765504 0.5343894 2.393587 -0.6826658 -0.02158255 2.98504 -0.6126828 -0.4454106 2.948251 -0.6150053 -0.8229027 2.842693 -0.4875424 -0.02219467 2.947335 -0.4812208 -0.4441868 3.030128 -0.4620697 -0.8595762 2.872611 
-0.5920115 0.6140876 2.910932 -0.5901282 0.4005323 2.928831 -0.5879507 0.1854661 2.943762 -0.7553003 0.4013771 2.965083 -0.8116339 0.0719588 3.006228 -0.815345 -0.2299207 2.907033 -0.4249561 0.3996876 2.892578 -0.3176745 0.3430319 2.626902 -0.283982 0.3910375 2.371837 -0.6828965 -0.02910342 2.980011 -0.6115543 -0.4527233 2.942933 -0.6166942 -0.8279268 2.844002 -0.4886498 -0.03009689 2.937377 -0.4851879 -0.4502387 3.031193 -0.4563976 -0.8601144 2.845772 
-0.5925042 0.6155005 2.899065 -0.5892631 0.4015958 2.923637 -0.5869671 0.18692 2.942997 -0.754138 0.4032399 2.96142 -0.8142939 0.07146405 3.016119 -0.8221462 -0.232806 2.933234 -0.4243881 0.3999517 2.885854 -0.3253183 0.286531 2.631438 -0.2859422 0.2716308 2.374521 -0.6815977 -0.02678929 2.984568 -0.6120116 -0.4512119 2.954392 -0.614927 -0.8173733 2.854069 -0.4877444 -0.02872234 2.940145 -0.487151 -0.4429578 3.056374 -0.4451801 -0.8597472 2.83762 
