-0.2621137 0.6230605 2.780686 -0.2531784 0.4107929 2.786212 -0.2419892 0.1954921 2.78385 -0.4185141 0.4025827 2.75137 -0.4976875 0.0920191 2.7248 -0.4968853 -0.1576418 2.562553 -0.08784274 0.419003 2.821054 0.1175567 0.4475088 3.011732 0.21805 0.6945442 3.112841 -0.3280097 -0.02463586 2.761003 -0.3185399 -0.4503209 2.828969 -0.3131122 -0.8124125 2.721801 -0.1335904 -0.01498151 2.801974 -0.04884627 -0.4375716 2.808308 0.006835117 -0.8084062 2.715919 
-0.2609277 0.6242934 2.77993 -0.2496206 0.4114406 2.78907 -0.2377233 0.19617 2.78869 -0.4149774 0.4023631 2.754411 -0.492847 0.08650208 2.730383 -0.4859012 -0.15193 2.562065 -0.08426388 0.420518 2.82373 0.125773 0.4967613 2.973853 0.173753 0.765394 3.039796 -0.3230494 -0.02443784 2.767932 -0.3155921 -0.4505457 2.833543 -0.3136269 -0.8127668 2.722533 -0.1286025 -0.01376343 2.808689 -0.04788765 -0.437236 2.812435 0.00910659 -0.8066333 2.712654 
-0.258269 0.6176317 2.780556 -0.2449823 0.4067695 2.791471 -0.2319863 0.1915614 2.792211 -0.4105631 0.396656 2.758159 -0.4854255 0.0832424 2.738186 -0.4758418 -0.1482556 2.566525 -0.07940149 0.416883 2.824784 0.1313852 0.5358887 2.94291 0.1442207 0.8151768 2.977241 -0.316357 -0.02959372 2.773362 -0.3098527 -0.4562195 2.83565 -0.3120891 -0.8196418 2.720747 -0.1216237 -0.01769965 2.81254 -0.04252327 -0.441435 2.807693 0.01053463 -0.8093578 2.713836 
-0.2539412 0.6165388 2.779871 -0.240192 0.4053622 2.793142 -0.2269193 0.1901959 2.796136 -0.4061453 0.3946911 2.761934 -0.4826988 0.08960983 2.748588 -0.470937 -0.1344241 2.575684 -0.07423869 0.4160334 2.82435 0.1282054 0.5679568 2.901445 0.1220919 0.8528796 2.916574 -0.3112379 -0.03124564 2.780778 -0.3085884 -0.4584049 2.839474 -0.3137738 -0.8148997 2.723088 -0.1160555 -0.01869504 2.817483 -0.04243128 -0.4433174 2.807046 0.008351593 -0.8097008 2.716943 
-0.2512994 0.6195937 2.789605 -0.2378076 0.4083548 2.798173 -0.225978 0.1931102 2.797544 -0.4053042 0.3991981 2.781519 -0.482008 0.08441117 2.765852 -0.4665031 -0.1408356 2.601083 -0.07031105 0.4175114 2.814827 0.1209538 0.6003549 2.844304 0.1008336 0.8855785 2.835368 -0.3130126 -0.02753894 2.787085 -0.3119113 -0.45551 2.839369 -0.3202376 -0.8114249 2.723151 -0.1152842 -0.01672961 2.806745 -0.04355038 -0.4413137 2.787016 0.002652622 -0.8058806 2.703769 
-0.2490976 0.6199553 2.794931 -0.2364185 0.408265 2.80132 -0.2253517 0.1929786 2.798924 -0.4046355 0.3996788 2.79584 -0.476063 0.07724582 2.785431 -0.4633714 -0.1524773 2.625526 -0.06820153 0.416851 2.8068 0.1164206 0.6176305 2.794701 0.08736845 0.9007416 2.761084 -0.3132332 -0.02735829 2.793304 -0.3085703 -0.4551084 2.847332 -0.3181672 -0.810829 2.721029 -0.1153365 -0.01725728 2.799752 -0.04206425 -0.4418851 2.791931 0.002410969 -0.8144896 2.704234 
-0.2487754 0.6238562 2.808266 -0.2394569 0.4114519 2.808046 -0.2318563 0.1962313 2.800109 -0.4067615 0.4050818 2.820568 -0.4728312 0.07633771 2.803854 -0.4645045 -0.1611614 2.653619 -0.07215236 0.4178219 2.795523 0.1134392 0.6270667 2.747113 0.0796718 0.9102909 2.7051 -0.3230105 -0.02274939 2.799565 -0.3188794 -0.4517202 2.841424 -0.3275376 -0.8088583 2.721142 -0.125501 -0.01522931 2.784781 -0.05080005 -0.439768 2.782104 -0.009530475 -0.808484 2.697613 
-0.2484892 0.6237697 2.825334 -0.2409632 0.41235 2.8159 -0.2359133 0.1973956 2.802037 -0.4070444 0.4068224 2.841111 -0.4686532 0.07833692 2.823973 -0.4634813 -0.1623209 2.682356 -0.07488206 0.4178776 2.790689 0.1010157 0.6278397 2.696717 0.07000948 0.9109523 2.64777 -0.3284231 -0.02080589 2.802983 -0.3146238 -0.4503606 2.833777 -0.3203724 -0.8061504 2.720151 -0.1333034 -0.01431181 2.773364 -0.04796261 -0.4358951 2.791374 -0.006835129 -0.8144445 2.693682 
-0.2447083 0.6247921 2.833858 -0.2403647 0.4132522 2.820129 -0.238314 0.1984081 2.803457 -0.4048391 0.4089256 2.855655 -0.4634232 0.07373828 2.84954 -0.4687358 -0.1794821 2.72423 -0.0758903 0.4175788 2.784602 0.08893637 0.6138364 2.640493 0.06480888 0.8936346 2.56601 -0.3328408 -0.01897647 2.807647 -0.31229 -0.4487531 2.831918 -0.3183964 -0.8090878 2.720363 -0.1396857 -0.01389545 2.765925 -0.04679627 -0.4332278 2.796808 -0.00545832 -0.8153687 2.694071 
-0.2420705 0.6260456 2.838057 -0.2386377 0.4141702 2.822959 -0.2378921 0.1993463 2.805282 -0.4016194 0.4100677 2.865943 -0.4612402 0.06988895 2.869282 -0.4649718 -0.1978951 2.761628 -0.07565601 0.4182726 2.779975 0.07645316 0.5948937 2.594794 0.05609599 0.8562714 2.481238 -0.3328291 -0.01788608 2.81284 -0.3079031 -0.4476028 2.836109 -0.3113108 -0.8093144 2.722403 -0.1414638 -0.01306918 2.762371 -0.04712817 -0.4302363 2.81157 0.01018517 -0.8271064 2.678154 
-0.2404007 0.6243361 2.840173 -0.2399196 0.4128369 2.825174 -0.2410281 0.197972 2.807718 -0.4001438 0.4094022 2.877627 -0.4606186 0.06994684 2.882179 -0.4625042 -0.207478 2.784551 -0.0796954 0.4162715 2.772721 0.07124121 0.5729371 2.559965 0.04781586 0.8040294 2.406502 -0.3363452 -0.01891237 2.821103 -0.3103302 -0.4489431 2.835378 -0.3120711 -0.8147112 2.727301 -0.147928 -0.01487334 2.75942 -0.04978361 -0.4320438 2.803582 0.001954788 -0.8252833 2.683911 
-0.2346391 0.622993 2.842245 -0.2362644 0.4111522 2.827561 -0.240458 0.1963397 2.809956 -0.394519 0.4094326 2.88624 -0.4618151 0.07398441 2.905136 -0.4673427 -0.2144678 2.828548 -0.07800982 0.4128718 2.768883 0.05512487 0.5274488 2.522053 0.03512271 0.7231791 2.333796 -0.3376232 -0.01948303 2.826822 -0.3057278 -0.449224 2.828862 -0.3106351 -0.8094076 2.726693 -0.1516798 -0.01746252 2.757877 -0.04894196 -0.4329087 2.808566 0.009521011 -0.834327 2.671826 
-0.2357454 0.6236246 2.853709 -0.2366835 0.4117867 2.834047 -0.2401404 0.1973585 2.812336 -0.3924353 0.4077079 2.899132 -0.4454913 0.07555258 2.925569 -0.4714176 -0.2191271 2.862118 -0.08093175 0.4158655 2.768961 0.04797267 0.4871668 2.497001 0.02831583 0.6459457 2.282505 -0.3351548 -0.01946748 2.828885 -0.300032 -0.4490649 2.8261 -0.3071275 -0.8063887 2.720953 -0.1520398 -0.01467207 2.752365 -0.04425262 -0.4291367 2.801474 0.01569531 -0.833584 2.662653 
-0.2292415 0.6227127 2.837972 -0.2314797 0.410139 2.827398 -0.2364992 0.1952207 2.813129 -0.3852775 0.4090917 2.897278 -0.438939 0.07391544 2.942734 -0.4701224 -0.2242813 2.884253 -0.07768188 0.4111865 2.757518 0.04157683 0.4536569 2.483483 0.02179237 0.5734338 2.246591 -0.3319182 -0.02031334 2.839934 -0.3019267 -0.4503516 2.835853 -0.3044849 -0.8075141 2.729517 -0.1511191 -0.01908208 2.757786 -0.04114684 -0.432915 2.808054 0.01554544 -0.8416337 2.675505 
-0.2296086 0.6246991 2.840575 -0.2314791 0.4120616 2.830503 -0.2361194 0.1969746 2.817522 -0.3821792 0.4107071 2.906817 -0.4349431 0.0774357 2.953854 -0.4683284 -0.2258003 2.897833 -0.08077903 0.413416 2.754188 0.03331632 0.4213503 2.477737 0.01180678 0.5052776 2.225076 -0.3293827 -0.0189089 2.84942 -0.3028314 -0.448916 2.835697 -0.3043976 -0.8034719 2.73021 -0.1521367 -0.01731592 2.759662 -0.04162209 -0.4323106 2.795277 0.01214975 -0.8347979 2.675389 
