-0.5204937 0.6094104 2.568748 -0.4849467 0.4040204 2.566674 -0.4464421 0.1979725 2.565574 -0.6253765 0.3782333 2.481427 -0.6750937 0.04205865 2.457568 -0.5436695 -0.2033482 2.322413 -0.3445169 0.4298074 2.651922 -0.2216821 0.3968617 2.920528 -0.0212737 0.5487567 3.048166 -0.4896063 -0.02307227 2.514897 -0.4958939 -0.440164 2.556492 -0.5400362 -0.837662 2.507055 -0.3262686 0.006921387 2.614051 -0.2638604 -0.4043158 2.666344 -0.1004954 -0.8518088 2.486675 
-0.5094224 0.6091831 2.56758 -0.4760322 0.4045159 2.567598 -0.4402049 0.1979839 2.56679 -0.6169794 0.380398 2.48265 -0.673547 0.0415296 2.454792 -0.5439983 -0.203492 2.318964 -0.3350849 0.4286337 2.652545 -0.1963341 0.4449319 2.91026 -0.03766698 0.645115 3.035025 -0.4863345 -0.02257191 2.516588 -0.4971228 -0.4395431 2.55872 -0.5423672 -0.8389299 2.506094 -0.3224209 0.005475784 2.615377 -0.2629195 -0.4068065 2.662598 -0.1014607 -0.8529136 2.482721 
-0.4851998 0.6054277 2.553482 -0.4573379 0.3993589 2.565146 -0.4258572 0.1923028 2.572726 -0.6006761 0.3746133 2.484491 -0.6655869 0.04485306 2.455215 -0.5413263 -0.1963375 2.328623 -0.3139996 0.4241045 2.6458 -0.1555469 0.5402765 2.880083 -0.05694865 0.7980959 2.966091 -0.4777516 -0.02914703 2.533392 -0.4885755 -0.4461244 2.575571 -0.5411865 -0.8465431 2.511018 -0.3110014 -0.0003596802 2.627219 -0.2481558 -0.4132752 2.662837 -0.09891684 -0.8542441 2.488672 
-0.4735189 0.6052533 2.560515 -0.4469839 0.3996336 2.570008 -0.4178973 0.1921371 2.574813 -0.5944846 0.3772658 2.496969 -0.6593632 0.04844495 2.467162 -0.5437497 -0.1871199 2.328403 -0.2994833 0.4220013 2.643048 -0.1388433 0.5776023 2.846115 -0.07381404 0.8532827 2.909427 -0.4747071 -0.02838515 2.537084 -0.4914119 -0.4454465 2.57619 -0.5459626 -0.8433224 2.506344 -0.3029144 -0.002333633 2.622152 -0.2411714 -0.4162079 2.643678 -0.1012374 -0.8527665 2.47822 
-0.4610571 0.6081732 2.5735 -0.4343916 0.4026181 2.577355 -0.4073081 0.1948049 2.578421 -0.5850543 0.3826394 2.510381 -0.6567525 0.05075186 2.476103 -0.5441139 -0.1805528 2.326234 -0.2837289 0.4225968 2.64433 -0.1269993 0.6157517 2.814119 -0.09174538 0.9038193 2.855233 -0.4678603 -0.02462938 2.54053 -0.4856399 -0.4420095 2.575825 -0.542193 -0.8397778 2.506651 -0.2925887 -0.001387375 2.618444 -0.2346535 -0.4151503 2.650312 -0.1011608 -0.8489411 2.482929 
-0.4400163 0.6107736 2.579166 -0.4172427 0.4042321 2.581036 -0.394988 0.195872 2.580014 -0.573008 0.3878585 2.527302 -0.6479525 0.05736997 2.490747 -0.5432354 -0.1753992 2.338942 -0.2614775 0.4206055 2.634769 -0.1190287 0.6318877 2.75404 -0.0968961 0.9255837 2.758909 -0.4635982 -0.02203943 2.547647 -0.4852017 -0.4378092 2.595478 -0.5456376 -0.8426369 2.509187 -0.2818685 -0.002936615 2.610337 -0.2298063 -0.4159188 2.656993 -0.09899432 -0.8530127 2.475658 
-0.4258674 0.6117298 2.590385 -0.4055672 0.4061306 2.586199 -0.3862519 0.1975532 2.580945 -0.5648102 0.3924751 2.542877 -0.642606 0.0682453 2.510927 -0.5478909 -0.1634977 2.352035 -0.2463243 0.4197862 2.62952 -0.1115206 0.6485453 2.697751 -0.1035823 0.9440531 2.676613 -0.4595448 -0.01896555 2.550498 -0.4818434 -0.4352038 2.594698 -0.5455821 -0.8430572 2.505579 -0.2743283 -0.003082703 2.600886 -0.2211527 -0.4160373 2.648519 -0.1059719 -0.8478426 2.479822 
-0.4032043 0.6149437 2.59673 -0.3893107 0.4084218 2.590137 -0.3767668 0.1994751 2.582267 -0.5518766 0.3997062 2.562423 -0.6379074 0.07363635 2.533741 -0.5540161 -0.1563841 2.370053 -0.2267449 0.4171374 2.617851 -0.1037379 0.6531599 2.626246 -0.1138798 0.9431105 2.568283 -0.4590288 -0.01455441 2.558234 -0.47951 -0.4298598 2.611019 -0.5505211 -0.8440781 2.508521 -0.2694169 -0.004388764 2.590559 -0.2225138 -0.4163066 2.65093 -0.1058551 -0.8516974 2.475688 
-0.3895731 0.6203617 2.608788 -0.3813077 0.4133958 2.594655 -0.373985 0.2046426 2.580117 -0.5457746 0.4086302 2.580244 -0.6317118 0.07396851 2.549981 -0.552478 -0.1506373 2.378525 -0.2168407 0.4181614 2.609065 -0.09808455 0.6556034 2.562819 -0.1215093 0.9379381 2.475008 -0.4623003 -0.006881745 2.557199 -0.4807342 -0.4225482 2.608448 -0.5554394 -0.8405516 2.498455 -0.2710242 -0.001339325 2.573958 -0.2253602 -0.4118956 2.64416 -0.1151216 -0.8461331 2.476654 
-0.3713808 0.6211162 2.616369 -0.3716007 0.4145503 2.598334 -0.3712865 0.205865 2.581172 -0.5369436 0.4146822 2.593703 -0.6224284 0.07550595 2.567129 -0.5516334 -0.1488806 2.388151 -0.2062579 0.4144184 2.602965 -0.09771768 0.6501907 2.505447 -0.1281266 0.9242033 2.393221 -0.4669934 -0.002743668 2.561321 -0.4751455 -0.4189646 2.609928 -0.5553728 -0.8413347 2.505116 -0.2749514 -0.002896866 2.5667 -0.227714 -0.4076054 2.66169 -0.1180694 -0.8527319 2.487692 
-0.3501008 0.6257526 2.630065 -0.3591047 0.419911 2.606163 -0.3683237 0.2116781 2.585262 -0.5245583 0.426243 2.616057 -0.6171731 0.08516055 2.597374 -0.560086 -0.1497663 2.416407 -0.1936511 0.4135791 2.596269 -0.09821975 0.6038782 2.415268 -0.1289414 0.8523332 2.253144 -0.4736485 0.007123169 2.570108 -0.4645501 -0.4101191 2.608436 -0.55547 -0.8367311 2.504057 -0.281437 -0.0002328491 2.558614 -0.2270923 -0.4013573 2.666644 -0.1172307 -0.8487028 2.488819 
-0.3359857 0.619282 2.616298 -0.3502425 0.4128448 2.602544 -0.3637069 0.2043057 2.589381 -0.5155641 0.4227469 2.614774 -0.6065381 0.08803564 2.617276 -0.5645604 -0.1492175 2.430105 -0.184921 0.4029427 2.590315 -0.09606543 0.5714856 2.379101 -0.1280332 0.8026342 2.198553 -0.4732055 0.001518601 2.583323 -0.4567118 -0.4149033 2.627604 -0.5505688 -0.8503731 2.514474 -0.281137 -0.00998552 2.569114 -0.2234247 -0.4072795 2.688846 -0.1121284 -0.8631619 2.502847 
-0.327352 0.6166323 2.618369 -0.3433573 0.4101712 2.604155 -0.3577021 0.2015866 2.590569 -0.5085134 0.4205283 2.619523 -0.6022727 0.09002078 2.630144 -0.5672492 -0.1500478 2.441815 -0.1782012 0.399814 2.588787 -0.09403682 0.5357388 2.35006 -0.1298568 0.7398272 2.14807 -0.4680283 -0.0009788971 2.585914 -0.4536366 -0.4186124 2.615749 -0.5458193 -0.846414 2.503724 -0.2760655 -0.0130171 2.568052 -0.2113256 -0.4150535 2.663971 -0.1057452 -0.855706 2.487552 
-0.3179622 0.6175978 2.628963 -0.337342 0.4121896 2.608604 -0.3543693 0.2041803 2.590229 -0.5015759 0.4236655 2.630882 -0.5982311 0.09259652 2.647613 -0.5733968 -0.1521593 2.462229 -0.173108 0.4007136 2.586326 -0.09562079 0.4872874 2.314104 -0.1386108 0.6412683 2.086804 -0.4669465 0.002847702 2.584815 -0.4575623 -0.4145567 2.620734 -0.5493982 -0.83963 2.499955 -0.2758467 -0.01050551 2.558893 -0.2168578 -0.4118569 2.662645 -0.1116999 -0.8513262 2.484643 
-0.3081168 0.6166948 2.624831 -0.3335879 0.4114796 2.608789 -0.3573976 0.2039338 2.593733 -0.4962644 0.4280504 2.637618 -0.5960527 0.09824527 2.659956 -0.5785247 -0.1527669 2.481181 -0.1709114 0.3949087 2.57996 -0.09774999 0.446669 2.298655 -0.1365333 0.550987 2.051515 -0.4758721 0.006031052 2.595453 -0.465582 -0.4112947 2.633403 -0.5586339 -0.8389936 2.513107 -0.2865425 -0.01325481 2.5619 -0.2290116 -0.4140495 2.669643 -0.1219897 -0.8577236 2.495854 
-0.2974466 0.6174176 2.630319 -0.3301025 0.4122624 2.611258 -0.3603711 0.2057163 2.593308 -0.4915979 0.4330105 2.644838 -0.5869901 0.1261471 2.678902 -0.5869267 -0.1342696 2.522278 -0.1686071 0.3915142 2.577679 -0.1137081 0.3836446 2.280214 -0.1357782 0.4063581 2.01573 -0.4845182 0.01123122 2.594877 -0.4612652 -0.4064958 2.620165 -0.5540242 -0.8358841 2.498718 -0.2967611 -0.01289088 2.555837 -0.2211302 -0.4114527 2.660839 -0.1166845 -0.8524791 2.483261 
