-0.3178051 0.7862896 2.853984 -0.3188038 0.5315673 2.887949 -0.3002705 0.2881327 2.896799 -0.4810435 0.5184489 2.86686 -0.527319 0.240914 2.940615 -0.3951052 0.1051197 2.644554 -0.1565641 0.5446857 2.909038 -0.006994049 0.4656101 3.076291 0.1643512 0.769239 3.122848 -0.3765121 0.03703478 2.893329 -0.3873441 -0.4158917 2.852157 -0.3985634 -0.8480835 2.775053 -0.1869625 0.05236131 2.917968 -0.1807728 -0.3727465 2.962816 -0.2315704 -0.7262192 3.054731 
-0.317922 0.7869659 2.852836 -0.3114422 0.5375316 2.89504 -0.2959128 0.2926838 2.900492 -0.4830992 0.5260149 2.866771 -0.528391 0.2501745 2.941142 -0.3948768 0.1186369 2.674139 -0.1397852 0.5490483 2.92331 0.05571847 0.5854809 3.075146 0.1133936 0.8747311 3.064932 -0.37473 0.04150618 2.890405 -0.3873668 -0.4123188 2.848929 -0.3981449 -0.8461366 2.772574 -0.1860368 0.05416585 2.921481 -0.174118 -0.3664285 2.96265 -0.2323982 -0.7431266 3.06254 
-0.3175974 0.7894491 2.847327 -0.30955 0.5424031 2.902455 -0.2950632 0.300508 2.902944 -0.483265 0.5319377 2.871827 -0.5276135 0.2553093 2.934758 -0.3960428 0.1191247 2.663683 -0.135835 0.5528685 2.933084 0.07712964 0.6111482 3.049538 0.08154204 0.9093792 3.047393 -0.375238 0.0529101 2.886742 -0.3883696 -0.4058994 2.845957 -0.3961413 -0.8477683 2.774374 -0.1859148 0.0643158 2.920122 -0.1764854 -0.3654708 2.960918 -0.2294739 -0.7512844 3.061292 
-0.3186198 0.7902399 2.841479 -0.3093428 0.5561394 2.897559 -0.2945825 0.3069163 2.90089 -0.4846306 0.5454128 2.871747 -0.5390817 0.2729371 2.919704 -0.4161245 0.1240043 2.675313 -0.134055 0.566866 2.923371 0.07566249 0.6215745 3.012475 0.04950604 0.9345708 2.963805 -0.3749633 0.05187117 2.890212 -0.3886405 -0.4038306 2.849811 -0.3947059 -0.8111727 2.763438 -0.1846809 0.06351534 2.918232 -0.1752613 -0.3622576 2.953287 -0.2289903 -0.7598909 3.055931 
-0.3181429 0.7892027 2.839746 -0.3087833 0.5556182 2.89048 -0.2931712 0.308531 2.897125 -0.4847503 0.5438516 2.866376 -0.5427788 0.2856936 2.926186 -0.4333683 0.111148 2.665535 -0.1328162 0.5673848 2.914584 0.07774331 0.6579728 2.951303 0.02200177 0.970651 2.896416 -0.3719338 0.05513298 2.890842 -0.390492 -0.4009798 2.854445 -0.3977215 -0.8188255 2.769605 -0.1831845 0.06775432 2.916697 -0.1733882 -0.3503416 2.942992 -0.2208286 -0.7297944 3.049211 
-0.3184499 0.7893429 2.836406 -0.3084985 0.5584153 2.88468 -0.2933321 0.3131271 2.893305 -0.4861694 0.5466172 2.861571 -0.5393405 0.2799531 2.92773 -0.4353192 0.1165786 2.688482 -0.1308276 0.5702134 2.907789 0.08239304 0.6776986 2.913714 0.007993286 0.9952852 2.86523 -0.3720084 0.06160729 2.889724 -0.3898289 -0.4023721 2.855057 -0.397677 -0.8196874 2.770156 -0.184323 0.07407042 2.914136 -0.1767069 -0.3472615 2.937504 -0.2193928 -0.7404962 3.051211 
-0.3186676 0.7900736 2.833961 -0.3086385 0.5600803 2.875795 -0.2935831 0.3145309 2.888744 -0.4878093 0.5483112 2.860938 -0.5386558 0.2775926 2.925735 -0.4441381 0.109229 2.698163 -0.1294677 0.5718493 2.890651 0.05343414 0.7175088 2.815508 -0.009728279 1.015244 2.757313 -0.3734287 0.06274778 2.893823 -0.3892547 -0.4011601 2.8582 -0.3975235 -0.8205284 2.773329 -0.1836265 0.0752152 2.909562 -0.1777682 -0.3513792 2.936093 -0.2199781 -0.7443075 3.050657 
-0.315443 0.7907025 2.824307 -0.310334 0.5614979 2.864431 -0.2959231 0.3156517 2.881143 -0.4894371 0.5506725 2.859623 -0.5387284 0.2772998 2.926265 -0.4551242 0.1166408 2.711223 -0.1312308 0.5723233 2.869239 0.05313966 0.7054173 2.76247 -0.02642796 0.9770092 2.640959 -0.37648 0.06406552 2.895306 -0.3906338 -0.3918109 2.855806 -0.4027824 -0.8152128 2.778393 -0.1865444 0.07554568 2.900404 -0.1813402 -0.3596192 2.932083 -0.2187757 -0.756058 3.047269 
-0.3145708 0.792233 2.820242 -0.3102567 0.5620065 2.86003 -0.295765 0.3173599 2.87896 -0.48902 0.5512203 2.857482 -0.5378259 0.2755827 2.926066 -0.4537708 0.1092697 2.712451 -0.1314933 0.5727926 2.862578 0.05172574 0.6986978 2.740271 -0.03121118 0.9502292 2.589901 -0.3769257 0.06694179 2.896526 -0.3915875 -0.3901555 2.855189 -0.4009986 -0.7832236 2.773765 -0.1856212 0.0784847 2.899253 -0.1803015 -0.3586205 2.931394 -0.2191546 -0.7557569 3.046623 
-0.3142338 0.7943537 2.817532 -0.3094079 0.5617898 2.85616 -0.2954232 0.3170815 2.877634 -0.4879063 0.5515554 2.855779 -0.5364295 0.275346 2.926147 -0.454947 0.09478639 2.711933 -0.1309096 0.5720242 2.856541 0.02334744 0.6867091 2.69258 -0.04723716 0.9107118 2.489598 -0.3764105 0.06692793 2.898905 -0.3928418 -0.3871309 2.852091 -0.400756 -0.7991934 2.775694 -0.1864665 0.07781856 2.89931 -0.1845066 -0.3600049 2.929499 -0.2204913 -0.7571973 3.047029 
-0.316369 0.7951062 2.816241 -0.3096399 0.5594367 2.849778 -0.297342 0.3171734 2.871429 -0.487896 0.5510994 2.857739 -0.5426387 0.2835304 2.947874 -0.4644994 0.09975491 2.724652 -0.1313839 0.5677739 2.841816 -0.01358032 0.6151974 2.619385 -0.06543139 0.8468488 2.392167 -0.3774947 0.07058608 2.897209 -0.3931127 -0.3826915 2.849271 -0.3993406 -0.8011785 2.773662 -0.1925934 0.07923415 2.88895 -0.1840466 -0.3624078 2.932329 -0.2224275 -0.7610853 3.048177 
-0.3175465 0.7949036 2.814899 -0.310702 0.5549389 2.845156 -0.2979791 0.3145314 2.868443 -0.4884073 0.5467114 2.857308 -0.5453548 0.2813528 2.954325 -0.4691415 0.09776491 2.722677 -0.1329966 0.5631664 2.833004 -0.01179655 0.6279284 2.614692 -0.07756212 0.7979633 2.358549 -0.3776182 0.06984767 2.898046 -0.3940269 -0.3828904 2.851498 -0.3986728 -0.8039026 2.775464 -0.1928941 0.0784001 2.885414 -0.1841496 -0.3650873 2.930839 -0.2339532 -0.7445247 3.062358 
-0.3178149 0.7944653 2.812645 -0.3124332 0.5496415 2.840791 -0.2999451 0.3110166 2.865395 -0.4890795 0.5420902 2.857212 -0.5401585 0.2711987 2.94774 -0.4768689 0.08546966 2.729641 -0.1357868 0.5571929 2.824371 -0.03390923 0.6034419 2.595391 -0.07884488 0.6699234 2.324515 -0.3795611 0.06845435 2.898561 -0.3943514 -0.3852071 2.851752 -0.3942337 -0.8109108 2.77751 -0.1953532 0.07632898 2.881437 -0.1850383 -0.3640551 2.930362 -0.2326988 -0.7485465 3.053015 
-0.3190168 0.7945271 2.805234 -0.3115947 0.5502954 2.840914 -0.3003407 0.3102327 2.863701 -0.4883901 0.543832 2.860139 -0.5378546 0.2719776 2.948967 -0.4817554 0.0905012 2.724482 -0.1347994 0.5567588 2.82169 -0.0458465 0.5522756 2.579269 -0.08286474 0.6175024 2.298056 -0.3798059 0.06685349 2.896352 -0.3953216 -0.3867625 2.848847 -0.39326 -0.8148977 2.775254 -0.1983673 0.0734866 2.876623 -0.1872632 -0.3612781 2.930584 -0.2342597 -0.7456561 3.051294 
-0.3196719 0.7931725 2.805744 -0.3122225 0.5448777 2.839793 -0.3007018 0.3069869 2.863363 -0.4884706 0.5382855 2.859407 -0.5371131 0.2653171 2.948038 -0.4790932 0.08564833 2.729465 -0.1359743 0.5514699 2.820179 -0.08540021 0.5302635 2.568497 -0.08456318 0.5119584 2.278782 -0.37994 0.0657016 2.897032 -0.395304 -0.3866969 2.849921 -0.3931499 -0.8184855 2.778415 -0.1984224 0.07249084 2.876832 -0.1887159 -0.3619206 2.929015 -0.2384262 -0.7383519 3.056425 
-0.3221467 0.7907671 2.804837 -0.3151932 0.536146 2.842039 -0.3057235 0.2946917 2.861224 -0.4905419 0.5313335 2.868022 -0.5401556 0.2599221 2.960991 -0.4928351 0.09802281 2.735197 -0.1398446 0.5409586 2.816056 -0.09121812 0.4819651 2.579208 -0.07244433 0.402388 2.278926 -0.3866495 0.05075624 2.893805 -0.3966565 -0.4020306 2.849283 -0.3946803 -0.834405 2.78394 -0.2058579 0.05571822 2.867015 -0.2053669 -0.3970046 2.937501 -0.2197586 -0.7779242 3.047333 
