-0.2134902 0.6317285 2.49521 -0.1955079 0.4173635 2.521935 -0.1804165 0.2028218 2.536917 -0.3621452 0.4038316 2.496011 -0.4490189 0.09552258 2.532125 -0.4750288 -0.1889444 2.406914 -0.0288707 0.4308954 2.547859 0.205691 0.369355 2.703565 0.4108484 0.5426977 2.725667 -0.2632973 -0.01967586 2.536657 -0.2369799 -0.4484493 2.500482 -0.2528139 -0.8171085 2.485915 -0.06735285 -0.003764023 2.567141 0.07573815 -0.3960944 2.461712 0.1878212 -0.7616453 2.430317 
-0.2105718 0.6286708 2.488224 -0.1927582 0.4151795 2.51425 -0.1771393 0.2005929 2.528111 -0.3594392 0.4013914 2.488609 -0.4490195 0.09375818 2.517086 -0.4783379 -0.1815388 2.376067 -0.02607728 0.4289677 2.539891 0.2143362 0.4081812 2.691295 0.3829288 0.6182249 2.713604 -0.2595263 -0.02210103 2.526895 -0.2294646 -0.4504569 2.488281 -0.2508363 -0.8217928 2.481444 -0.06351443 -0.00588652 2.557048 0.08955267 -0.3956367 2.455663 0.2166163 -0.7617033 2.392332 
-0.2043155 0.6332126 2.492717 -0.1874107 0.4201002 2.512151 -0.1718447 0.2052844 2.52016 -0.3543561 0.4070964 2.487831 -0.4470333 0.09339569 2.505537 -0.4754169 -0.175141 2.352777 -0.02046535 0.4331039 2.536471 0.2231443 0.4445701 2.673661 0.3504221 0.682906 2.69071 -0.2544501 -0.01717807 2.513867 -0.2256439 -0.4461245 2.481348 -0.248716 -0.8147629 2.47856 -0.05810743 -0.00188446 2.54247 0.1008754 -0.391463 2.449557 0.2398038 -0.7562867 2.356112 
-0.1896243 0.6288665 2.486461 -0.171108 0.4158747 2.5053 -0.1539785 0.2011656 2.513941 -0.3377676 0.4015522 2.479794 -0.4300245 0.09869187 2.496265 -0.4704577 -0.1582825 2.328 -0.004448425 0.4301971 2.530807 0.233561 0.5017893 2.63234 0.312901 0.7608724 2.659698 -0.2348546 -0.021966 2.507582 -0.2031201 -0.4512604 2.484898 -0.2352808 -0.8216183 2.483999 -0.0388434 -0.005121094 2.537581 0.1239131 -0.3927788 2.442561 0.2839899 -0.7688897 2.333459 
-0.1737963 0.626579 2.483333 -0.1537728 0.4140121 2.499495 -0.1356757 0.1993414 2.507663 -0.3204949 0.399016 2.474755 -0.4120253 0.1023379 2.490646 -0.4574512 -0.1481505 2.315997 0.01294939 0.4290082 2.524235 0.2402688 0.5469004 2.600663 0.282706 0.8195773 2.624946 -0.2156172 -0.02414754 2.501282 -0.1950987 -0.4542245 2.482311 -0.2366915 -0.818099 2.481835 -0.01954013 -0.006511032 2.530379 0.1378972 -0.3938271 2.425706 0.3056761 -0.7712125 2.308973 
-0.1570142 0.625286 2.481733 -0.1331283 0.4134976 2.495361 -0.1114194 0.1991604 2.50301 -0.2999773 0.3958269 2.473737 -0.3945218 0.1011717 2.4883 -0.4435944 -0.1424712 2.30553 0.03372061 0.4311682 2.516984 0.248128 0.5879429 2.562291 0.2625397 0.8708311 2.585948 -0.1878527 -0.02557086 2.49794 -0.1779424 -0.456056 2.479943 -0.2291842 -0.8208846 2.484228 0.008431533 -0.004782745 2.523378 0.159229 -0.3917596 2.408414 0.3301671 -0.7706781 2.297577 
-0.1250906 0.6232963 2.481553 -0.1031628 0.4089114 2.487803 -0.08376094 0.1943016 2.489201 -0.2709536 0.3936772 2.477805 -0.3649858 0.09922998 2.487704 -0.4211323 -0.1408634 2.306336 0.06462797 0.4241456 2.4978 0.2460518 0.6034308 2.509424 0.2568051 0.891986 2.520026 -0.1635649 -0.0293154 2.484689 -0.1636297 -0.458887 2.452719 -0.2287069 -0.8239728 2.474568 0.03484669 -0.01130106 2.496511 0.1764397 -0.3926555 2.360338 0.3371409 -0.7796502 2.276256 
-0.09554981 0.6245959 2.481037 -0.07680023 0.4095196 2.483359 -0.06107937 0.1946093 2.481302 -0.2446621 0.3971993 2.487664 -0.3321418 0.09221377 2.485474 -0.39546 -0.1501297 2.318504 0.09106168 0.4218398 2.479054 0.2455058 0.6178165 2.462632 0.2501664 0.9090347 2.45995 -0.1444971 -0.02757725 2.481788 -0.1539707 -0.4575753 2.456616 -0.2322467 -0.8158097 2.479871 0.05378012 -0.01302461 2.476703 0.1907726 -0.3997361 2.347967 0.3365388 -0.7723194 2.281717 
-0.06695798 0.6262593 2.481218 -0.05103051 0.4103717 2.479486 -0.03795158 0.1952952 2.474862 -0.218178 0.399846 2.496304 -0.3056726 0.09067447 2.483797 -0.3671741 -0.1580856 2.335958 0.116117 0.4208975 2.462668 0.2478541 0.62984 2.421328 0.2417206 0.9210453 2.400344 -0.1233058 -0.02597992 2.480142 -0.135385 -0.4561263 2.455411 -0.2279894 -0.813609 2.475582 0.07356053 -0.01358267 2.460335 0.2076577 -0.4032042 2.335419 0.342387 -0.7729028 2.285728 
-0.01237574 0.6282366 2.46504 0.0005933495 0.4120366 2.467855 0.01013812 0.1967525 2.467512 -0.1624725 0.4047415 2.508993 -0.2517438 0.08780194 2.490266 -0.2980759 -0.1724553 2.377198 0.1636592 0.4193318 2.426718 0.2626089 0.6297109 2.333757 0.238687 0.9159107 2.277431 -0.07620244 -0.02282124 2.491358 -0.09793115 -0.452448 2.462831 -0.2140661 -0.8150455 2.483242 0.1155682 -0.01424187 2.442978 0.2454922 -0.4121636 2.341229 0.3477694 -0.7712795 2.306977 
0.01231486 0.6269021 2.448646 0.02427086 0.4109674 2.459138 0.03279599 0.1957781 2.465475 -0.1358055 0.4061576 2.511154 -0.2206406 0.08474533 2.502168 -0.2602928 -0.1786471 2.39385 0.1843472 0.4157771 2.407122 0.2699346 0.6223999 2.291901 0.2338348 0.899141 2.207054 -0.05280349 -0.02223929 2.502398 -0.07348279 -0.4514538 2.467505 -0.2040935 -0.8140102 2.478809 0.1354457 -0.01658301 2.441227 0.2591354 -0.4166198 2.33927 0.3491179 -0.7715829 2.309544 
0.03402819 0.6261265 2.439992 0.04419258 0.4111606 2.454029 0.05062767 0.1960053 2.464148 -0.1120127 0.4094447 2.516881 -0.1886914 0.08479571 2.517148 -0.2264305 -0.1845335 2.42214 0.2003979 0.4128765 2.391177 0.2729577 0.6115648 2.250084 0.2317586 0.8782207 2.139376 -0.0348047 -0.02015913 2.511231 -0.05877235 -0.4486113 2.469817 -0.1864637 -0.8078258 2.472193 0.1489302 -0.01814085 2.437302 0.2642123 -0.4203661 2.333915 0.3433697 -0.769092 2.308693 
0.06443934 0.6342579 2.436808 0.06887187 0.4188953 2.453002 0.06920628 0.2038129 2.465558 -0.08252458 0.4229458 2.526422 -0.15577 0.08690014 2.533761 -0.1917893 -0.1881359 2.454949 0.2202683 0.4148448 2.379582 0.2822076 0.5785489 2.20003 0.2241718 0.816417 2.048107 -0.01953467 -0.008886292 2.52131 -0.0429562 -0.4349737 2.462213 -0.1306103 -0.7907361 2.465192 0.1586161 -0.01365259 2.434916 0.2676723 -0.4200048 2.341713 0.3395126 -0.7607361 2.311852 
0.08384877 0.6381668 2.42657 0.08624082 0.4235635 2.449515 0.08398782 0.2089485 2.468134 -0.06121351 0.4321445 2.530582 -0.1236364 0.1118328 2.546286 -0.1609137 -0.1677064 2.485972 0.2336951 0.4149826 2.368448 0.2882364 0.5466822 2.156475 0.2179077 0.7591313 1.974664 -0.004886947 -0.0006256867 2.534375 -0.02605843 -0.4236967 2.456985 -0.08293556 -0.7917563 2.462914 0.1683566 -0.01070744 2.43913 0.2725204 -0.4201255 2.353924 0.341112 -0.7601735 2.320116 
0.09859112 0.6470659 2.429863 0.1037253 0.4327084 2.448083 0.1046348 0.217762 2.463068 -0.04276924 0.4379236 2.531781 -0.1040344 0.1229333 2.562472 -0.140913 -0.1587702 2.509944 0.2502198 0.4274932 2.364386 0.289583 0.5138245 2.119708 0.210864 0.7013788 1.920053 0.01955424 0.005876877 2.527182 -0.003359486 -0.4151658 2.439045 -0.02789627 -0.7840742 2.439619 0.1915343 -0.0002455902 2.428924 0.2877791 -0.4106852 2.339264 0.3560867 -0.7550419 2.306726 
0.1182617 0.6486635 2.435852 0.1230237 0.4359141 2.447302 0.1260004 0.2207093 2.457215 -0.02348546 0.4377723 2.531632 -0.06686654 0.1395053 2.587835 -0.1089135 -0.1436866 2.546377 0.2695329 0.4340558 2.362971 0.2863129 0.4466629 2.079636 0.2002092 0.5527895 1.84786 0.04285067 0.006596924 2.516703 0.02224143 -0.4167771 2.438991 0.01463599 -0.7946212 2.433729 0.2151037 0.00441214 2.417554 0.2769173 -0.4152367 2.344028 0.3407207 -0.7604482 2.303125 
0.125547 0.6501734 2.434025 0.1281715 0.4383905 2.446124 0.1300728 0.2230764 2.455607 -0.01867212 0.4407895 2.530025 -0.0578984 0.1419184 2.592689 -0.0952694 -0.1429911 2.55883 0.2750151 0.4359915 2.362223 0.2801765 0.4068252 2.07133 0.1985524 0.4651257 1.828153 0.04566377 0.009172409 2.514406 0.03779958 -0.4171001 2.454647 0.01987089 -0.7970928 2.431827 0.2182842 0.00635231 2.415777 0.2723391 -0.4161741 2.352334 0.3364553 -0.764648 2.313964 
0.1321166 0.6518582 2.440634 0.1328764 0.439367 2.447813 0.1321714 0.2239256 2.454035 -0.01229535 0.4423482 2.534575 -0.05482138 0.1440237 2.597205 -0.08816607 -0.1418928 2.566775 0.278048 0.4363859 2.36105 0.2730588 0.3643812 2.080696 0.2004708 0.3733497 1.827713 0.04610185 0.01023715 2.511276 0.05065955 -0.4173319 2.460509 0.02447614 -0.8002662 2.428908 0.216831 0.006731201 2.40924 0.2669891 -0.4169855 2.348912 0.331643 -0.7664189 2.310349 
0.1381368 0.659946 2.452483 0.1355233 0.4447282 2.452282 0.1310403 0.2293336 2.451978 -0.007075194 0.4475683 2.543158 -0.05399979 0.1265982 2.599661 -0.08885129 -0.1616022 2.562594 0.2781219 0.4418881 2.361406 0.2694332 0.2961073 2.101401 0.200304 0.2612177 1.847954 0.04268571 0.01560945 2.505125 0.05755533 -0.4119619 2.454712 0.02361631 -0.7917747 2.424847 0.210429 0.01226854 2.398225 0.2639928 -0.4122197 2.346453 0.3271937 -0.7613813 2.307894 
