-0.3306832 0.4002154 2.625942 -0.2891778 0.19429 2.627669 -0.2517311 -0.01559337 2.635672 -0.3881992 0.171582 2.495469 -0.4439334 0.03821963 2.222167 -0.2944176 0.2004035 2.055722 -0.1901563 0.2169979 2.75987 -0.1419175 0.0250853 2.960983 0.07007173 0.1849407 3.054248 -0.2746978 -0.2393309 2.563019 -0.3288592 -0.6513672 2.432086 -0.3661192 -1.064129 2.465354 -0.153871 -0.2116225 2.724331 -0.2272892 -0.6410492 2.713665 -0.204937 -1.00635 2.806846 
-0.3337381 0.3972753 2.625359 -0.2882654 0.1920274 2.623773 -0.2469307 -0.01718285 2.628801 -0.3873129 0.16928 2.491533 -0.4414717 0.03560876 2.216588 -0.2965088 0.2009123 2.049705 -0.189218 0.2147749 2.756013 -0.1375318 0.03973025 2.9662 0.04961444 0.2253999 3.062448 -0.2659972 -0.240265 2.553186 -0.3159774 -0.6525233 2.421113 -0.3597662 -1.064257 2.459239 -0.1451948 -0.2125212 2.714471 -0.2241696 -0.6410217 2.71129 -0.2023975 -1.011061 2.810197 
-0.3416396 0.3929224 2.622574 -0.2896974 0.1903967 2.617529 -0.2420844 -0.01744627 2.619761 -0.3880821 0.1664353 2.484983 -0.4452485 0.03429231 2.211318 -0.2943004 0.2021815 2.048615 -0.1913128 0.2143582 2.750074 -0.1182713 0.07070262 2.97205 0.03423148 0.2820258 3.072294 -0.25448 -0.2399043 2.541147 -0.3106106 -0.6515869 2.409735 -0.3569188 -1.062218 2.456003 -0.1344628 -0.2106742 2.702837 -0.2198861 -0.6379533 2.703378 -0.1993235 -1.008238 2.806858 
-0.3503018 0.3910299 2.612097 -0.2919104 0.1899767 2.607246 -0.2383468 -0.01640602 2.609001 -0.3926982 0.162713 2.477235 -0.4471679 0.02518256 2.205606 -0.2956483 0.1976667 2.046047 -0.1911226 0.2172404 2.737257 -0.09760548 0.1083094 2.971431 0.02530628 0.3372629 3.06303 -0.2462846 -0.2394253 2.531423 -0.3126053 -0.6500719 2.401785 -0.3631674 -1.058472 2.460555 -0.1232817 -0.2061522 2.69009 -0.2165061 -0.6315903 2.699622 -0.1973373 -1.008013 2.805983 
-0.358106 0.3890043 2.598297 -0.2946299 0.1887555 2.593154 -0.2357803 -0.01618635 2.595661 -0.4005061 0.1568293 2.468607 -0.4491071 0.008156906 2.207686 -0.3034185 0.1823892 2.043219 -0.1887537 0.2206817 2.7177 -0.07424758 0.1585941 2.960063 0.01131597 0.4018734 3.018538 -0.2415902 -0.2406259 2.522106 -0.3210917 -0.651944 2.4033 -0.3695743 -1.06111 2.459428 -0.1122711 -0.2016307 2.674229 -0.2163679 -0.6245387 2.682468 -0.1991961 -1.015761 2.810596 
-0.3686835 0.3876408 2.565839 -0.3000263 0.1884575 2.56722 -0.2374591 -0.01524927 2.576314 -0.4137073 0.1484111 2.452307 -0.4621648 -0.01420172 2.21785 -0.3155123 0.1474031 2.041026 -0.1863453 0.2285039 2.682132 -0.0364866 0.2316882 2.915969 -0.005875086 0.4990467 2.943083 -0.2442169 -0.2433771 2.515332 -0.334251 -0.6576452 2.415366 -0.3785273 -1.069079 2.455509 -0.105567 -0.1945349 2.655484 -0.2142922 -0.6148312 2.690101 -0.2076819 -1.00716 2.820575 
-0.3707793 0.3930413 2.532731 -0.3015337 0.1938671 2.549062 -0.2378619 -0.00821464 2.57061 -0.4207553 0.1451272 2.444255 -0.4679683 -0.02767757 2.226258 -0.3272439 0.1223537 2.041153 -0.182312 0.242607 2.653869 -0.02696501 0.2781819 2.870008 -0.0006931057 0.5491273 2.878125 -0.247125 -0.2401135 2.528042 -0.3452307 -0.6552384 2.440411 -0.3759237 -1.068781 2.460368 -0.1012552 -0.1804793 2.656274 -0.2035812 -0.6021569 2.694814 -0.2099661 -0.9978883 2.829919 
-0.3767914 0.4014685 2.516119 -0.3042918 0.2027883 2.53657 -0.2376307 0.002087523 2.562832 -0.4299001 0.1487782 2.442644 -0.4752672 -0.04433398 2.242464 -0.346443 0.09599231 2.041372 -0.1786834 0.2567985 2.630496 -0.01034341 0.3296756 2.816408 0.004293151 0.6045669 2.815197 -0.2476718 -0.2315944 2.531738 -0.3485836 -0.6444977 2.436525 -0.3748738 -1.058888 2.452739 -0.09426722 -0.1656322 2.646449 -0.1924461 -0.5888607 2.678987 -0.2059805 -1.00104 2.827064 
-0.3851091 0.4096343 2.489535 -0.3086492 0.2128879 2.517181 -0.2381257 0.01436839 2.550338 -0.4409805 0.1524156 2.43658 -0.4941874 -0.05283733 2.265767 -0.3654037 0.06255702 2.046885 -0.176318 0.2733602 2.597782 0.0007357941 0.4054715 2.728562 0.001432459 0.6830726 2.709348 -0.2481928 -0.2209792 2.534408 -0.3539953 -0.6355973 2.452451 -0.3704967 -1.050914 2.454155 -0.08701137 -0.147323 2.632581 -0.1820142 -0.5707414 2.672441 -0.1976839 -0.99936 2.820708 
-0.3866754 0.4105793 2.468681 -0.3113946 0.2154268 2.503076 -0.2423192 0.01761199 2.542617 -0.4484376 0.1534334 2.432341 -0.5033253 -0.05399358 2.26991 -0.3744763 0.04654218 2.052626 -0.1743515 0.2774203 2.573811 0.00300145 0.4334584 2.668317 0.001134076 0.7109925 2.630952 -0.2568985 -0.2180453 2.538979 -0.3761524 -0.6321461 2.479823 -0.3765627 -1.046967 2.46374 -0.08958933 -0.1423605 2.625337 -0.1833952 -0.5645476 2.677684 -0.1979016 -0.998732 2.818263 
-0.3875814 0.413065 2.44185 -0.3174906 0.2174703 2.483355 -0.253866 0.01947013 2.530642 -0.4639064 0.1580984 2.431755 -0.5061218 -0.0558246 2.291597 -0.3883563 0.01523966 2.063947 -0.1710749 0.2768421 2.534955 0.01760591 0.468087 2.578671 -0.00320466 0.7434143 2.518749 -0.2794613 -0.2147089 2.546486 -0.3889997 -0.6343675 2.508901 -0.3714514 -1.044856 2.451455 -0.1010214 -0.1423512 2.609371 -0.1820057 -0.5637329 2.683946 -0.1888231 -0.994882 2.810733 
-0.3846953 0.4185879 2.42266 -0.3215958 0.2211339 2.469864 -0.26443 0.02172024 2.519569 -0.4747978 0.1679843 2.432829 -0.5097343 -0.05622545 2.318784 -0.4031514 -0.007647568 2.072288 -0.1683939 0.2742836 2.506899 0.02366786 0.4773668 2.503032 -0.01004398 0.7452719 2.416502 -0.3007067 -0.2101111 2.546685 -0.3969513 -0.6342891 2.524238 -0.3772103 -1.040849 2.441266 -0.1138216 -0.1452759 2.591863 -0.1856887 -0.5649676 2.683797 -0.186772 -0.994841 2.802751 
-0.3833091 0.4198298 2.412427 -0.3261925 0.220292 2.463385 -0.2747118 0.01953688 2.513711 -0.4834379 0.1735726 2.43787 -0.5103353 -0.05911085 2.335628 -0.4117164 -0.01746449 2.084551 -0.1689471 0.2670115 2.4889 0.02234045 0.4708004 2.441225 -0.01546383 0.7295817 2.334544 -0.3193397 -0.2097733 2.548443 -0.4055595 -0.6361974 2.526977 -0.3842274 -1.042704 2.44269 -0.1271227 -0.1526633 2.579633 -0.191972 -0.5717137 2.679389 -0.1917973 -1.000003 2.795968 
-0.3785127 0.4221556 2.414284 -0.3280483 0.2206933 2.461724 -0.2815849 0.01813596 2.509547 -0.4883192 0.180397 2.446761 -0.5137659 -0.06000474 2.338448 -0.4105502 -0.02518024 2.084478 -0.1677775 0.2609896 2.476687 0.01208066 0.4488896 2.376358 -0.01859376 0.6881943 2.237946 -0.3329338 -0.209014 2.548239 -0.3999193 -0.6381657 2.520302 -0.380841 -1.046425 2.444007 -0.1373091 -0.1598288 2.566502 -0.1901335 -0.5758571 2.682986 -0.1862684 -1.00044 2.794769 
-0.3694691 0.4210146 2.410957 -0.3326791 0.2156433 2.459056 -0.2991132 0.01096507 2.508334 -0.4965787 0.1896599 2.462774 -0.5036302 -0.06074014 2.322422 -0.3950307 -0.03024799 2.063974 -0.1687795 0.2416266 2.455338 0.002312088 0.3978776 2.301639 -0.02458427 0.6024672 2.113993 -0.365478 -0.2095553 2.559878 -0.4017598 -0.6423192 2.530571 -0.3817598 -1.049141 2.446444 -0.1656168 -0.1778709 2.555345 -0.1941015 -0.5894358 2.693887 -0.1885995 -1.006386 2.809638 
-0.3636809 0.4195929 2.406967 -0.3336418 0.2130986 2.459757 -0.3056421 0.008254282 2.51181 -0.4983016 0.1931806 2.469946 -0.5117465 -0.06238159 2.346858 -0.40922 -0.03256125 2.089262 -0.1689821 0.2330166 2.449568 -0.01328792 0.3615343 2.26592 -0.03494827 0.5305656 2.055024 -0.3779753 -0.2087268 2.570071 -0.3987119 -0.6418446 2.532728 -0.3794704 -1.048939 2.449528 -0.1773095 -0.1844533 2.557654 -0.197014 -0.5941116 2.703742 -0.1881848 -1.004055 2.812823 
-0.3566369 0.4175605 2.415015 -0.3348083 0.20923 2.465185 -0.3127596 0.002924187 2.514693 -0.499184 0.1972032 2.488274 -0.5244766 -0.05705775 2.380776 -0.4334226 -0.04205175 2.1178 -0.1704326 0.2212567 2.442096 -0.02909865 0.3146289 2.238353 -0.05112482 0.3997969 1.98739 -0.3909038 -0.2107123 2.578275 -0.3926789 -0.6440538 2.53453 -0.3716289 -1.049237 2.442878 -0.1905182 -0.1960509 2.550128 -0.2001563 -0.6049812 2.700118 -0.18776 -1.003232 2.810998 
-0.3536505 0.4148899 2.423746 -0.3338271 0.2065786 2.472724 -0.3141311 -0.0003297844 2.520796 -0.4986107 0.196077 2.495039 -0.5267295 -0.05452817 2.394381 -0.4400852 -0.04356655 2.128819 -0.1690435 0.2170802 2.450409 -0.04653842 0.260815 2.233187 -0.06229368 0.303492 1.967646 -0.3948377 -0.2136368 2.582464 -0.3905516 -0.6460102 2.529907 -0.3718526 -1.053626 2.449982 -0.1940323 -0.2008395 2.555271 -0.2043393 -0.6082712 2.709453 -0.1915021 -1.005384 2.816487 