0.2409532 0.7041892 2.828159 0.1812972 0.4990895 2.783795 0.1195498 0.2874182 2.745748 0.03368213 0.5526573 2.725344 -0.1974132 0.3228011 2.623353 -0.2250798 0.2061513 2.346123 0.3289123 0.4455217 2.842246 0.3985662 0.1677013 2.612816 0.3787571 0.1290148 2.307671 -0.03292888 0.1086721 2.671774 -0.1700996 -0.2996487 2.777721 -0.3777104 -0.7705275 2.84811 0.1485336 0.0428215 2.743627 0.1272509 -0.3913 2.638082 0.1074134 -0.7609336 2.673149 
0.2421384 0.7133797 2.836099 0.1817516 0.5066779 2.787563 0.1216304 0.2950571 2.746787 0.03086915 0.5592148 2.73737 -0.2002584 0.3194873 2.642146 -0.2445626 0.2050756 2.369631 0.332634 0.4541408 2.837756 0.4016942 0.1728184 2.606361 0.3775321 0.1331722 2.303638 -0.03138334 0.1157813 2.675108 -0.1717741 -0.2999201 2.741153 -0.367533 -0.7455355 2.814561 0.1544016 0.05109128 2.736912 0.1318912 -0.3863775 2.647317 0.1120592 -0.756844 2.673809 
0.2442121 0.72375 2.829084 0.1839532 0.5154993 2.787495 0.1242171 0.302883 2.751911 0.02975013 0.5657481 2.746121 -0.196504 0.3256107 2.671008 -0.2664426 0.2092837 2.411185 0.3381564 0.4652504 2.828868 0.4005122 0.1839675 2.5892 0.3795142 0.1414162 2.286375 -0.03045318 0.1212021 2.690856 -0.1733237 -0.2963323 2.695111 -0.3386286 -0.7003561 2.769867 0.1594151 0.05933138 2.741799 0.1309813 -0.3817208 2.678129 0.1122693 -0.7554167 2.688719 
0.246155 0.7389145 2.834877 0.1845252 0.5286008 2.795213 0.1235302 0.3160611 2.761125 0.02615257 0.5776758 2.77261 -0.1946246 0.3358986 2.709502 -0.2911688 0.2214502 2.463992 0.3428978 0.4795257 2.817816 0.4041252 0.2009893 2.583841 0.3717957 0.1536214 2.283602 -0.03489102 0.133711 2.713133 -0.1667281 -0.2663177 2.589764 -0.2787239 -0.6051527 2.66212 0.1599616 0.07333176 2.740942 0.1209344 -0.3699045 2.697143 0.1080363 -0.758076 2.676064 
0.2495226 0.7441978 2.839516 0.1866883 0.5354761 2.800602 0.1247447 0.3231629 2.766675 0.02731726 0.5844421 2.785155 -0.19831 0.3334412 2.729761 -0.3197187 0.2091326 2.499081 0.3460594 0.4865101 2.816051 0.3965665 0.2094943 2.567951 0.3632562 0.1529783 2.270444 -0.03520283 0.1409608 2.723249 -0.150077 -0.2382593 2.536804 -0.2293893 -0.5276092 2.577728 0.1608049 0.08073837 2.742248 0.1170277 -0.3633351 2.719194 0.1130618 -0.7677632 2.678784 
0.2508271 0.7425833 2.842825 0.1873835 0.535774 2.80442 0.1242837 0.3237363 2.77084 0.02775363 0.5852986 2.79166 -0.204152 0.3337155 2.75339 -0.3322164 0.2079577 2.529355 0.3470134 0.4862494 2.81718 0.3777881 0.2142471 2.557483 0.3526338 0.1442921 2.26674 -0.03693124 0.1421386 2.729417 -0.1302439 -0.1435135 2.437285 -0.1687223 -0.4302647 2.467452 0.1592991 0.08125879 2.745103 0.1192764 -0.363625 2.724257 0.1100523 -0.774543 2.683075 
0.2528521 0.7392209 2.833518 0.1847928 0.5323964 2.802886 0.1167219 0.3212969 2.774121 0.02579886 0.5848727 2.794026 -0.2065448 0.3362927 2.777779 -0.3477706 0.2151095 2.558871 0.3437867 0.47992 2.811747 0.3639575 0.2021446 2.534257 0.3329586 0.13932 2.244565 -0.04915626 0.142479 2.739904 -0.1354092 0.01697154 2.387043 -0.1076485 -0.3149042 2.366627 0.1464582 0.07791592 2.750806 0.1090846 -0.3672576 2.727513 0.1018569 -0.7838461 2.684798 
0.2521121 0.7321438 2.838839 0.1819734 0.5266007 2.805778 0.1116539 0.3165195 2.774793 0.02327642 0.580571 2.800013 -0.2187845 0.3401626 2.794906 -0.3652237 0.2115342 2.579065 0.3406705 0.4726304 2.811544 0.341956 0.1940598 2.534657 0.3095616 0.1277748 2.251203 -0.05628116 0.1396358 2.740263 -0.1288037 0.1444765 2.360605 -0.02342331 -0.2129613 2.271396 0.1389496 0.07324095 2.747355 0.1153809 -0.3717526 2.711463 0.1088324 -0.7858867 2.67503 
0.2523736 0.7206895 2.840983 0.1780768 0.5183208 2.807454 0.1032589 0.3100882 2.774708 0.0205205 0.5756911 2.802619 -0.2318898 0.3380842 2.801447 -0.3752952 0.2084345 2.587455 0.3356331 0.4609506 2.812289 0.3122716 0.1588405 2.538599 0.2799302 0.1186349 2.251621 -0.06849258 0.1371517 2.738986 -0.1370087 0.2331753 2.357822 0.06718154 -0.1190436 2.216718 0.1253746 0.06655969 2.744936 0.1120302 -0.3778771 2.698412 0.1035881 -0.7907904 2.672302 
0.2529462 0.7014202 2.832111 0.1721366 0.4993805 2.802054 0.09170119 0.2931128 2.770419 0.01592574 0.5603798 2.801507 -0.2381629 0.3305568 2.804984 -0.3790176 0.2064895 2.58346 0.3283474 0.4383811 2.802602 0.3203431 0.2239396 2.603643 0.2754999 0.1573996 2.322227 -0.08488031 0.1243895 2.738447 -0.1442886 0.2740727 2.358494 0.1393065 -0.04953677 2.197442 0.1074119 0.0493006 2.739121 0.1145213 -0.3932537 2.679271 0.09812051 -0.7988157 2.667546 
0.2555677 0.6914505 2.82763 0.1682675 0.4898666 2.800529 0.08202875 0.285861 2.769677 0.01374293 0.5550359 2.801538 -0.2386707 0.3235975 2.805599 -0.3814494 0.2052347 2.580816 0.3227922 0.4246971 2.799521 0.3199934 0.2079678 2.603341 0.2864823 0.109692 2.333122 -0.09928697 0.1219532 2.739444 -0.144403 0.3100012 2.356957 0.1718946 0.001696472 2.190931 0.09086686 0.04175752 2.738204 0.1213399 -0.3991744 2.675057 0.09502299 -0.7853141 2.674193 
0.2540147 0.6888891 2.835378 0.1657865 0.4876268 2.803953 0.07812222 0.2846553 2.770085 0.0116366 0.5537984 2.806389 -0.2359305 0.3188271 2.799571 -0.3796897 0.2047191 2.572488 0.3199363 0.4214553 2.801518 0.2903164 0.1624014 2.595619 0.2589119 0.1066967 2.315077 -0.104358 0.1223853 2.737715 -0.1360539 0.3186459 2.349739 0.1865949 0.002493469 2.189225 0.08527402 0.04098236 2.734719 0.1332649 -0.3984806 2.670835 0.108671 -0.7806484 2.673048 
