0.592191 0.6845641 2.707286 0.5633747 0.4830927 2.654253 0.5286909 0.2677485 2.612112 0.406676 0.5152673 2.618807 0.2302571 0.3137749 2.560895 0.2272104 0.4146052 2.295993 0.7200734 0.4509181 2.689699 0.8596531 0.1711735 2.549098 0.8416005 0.1787211 2.252037 0.3964095 0.07244371 2.547894 0.2819505 -0.3231249 2.689469 0.05788379 -0.8056436 2.72545 0.5916047 0.03236471 2.592048 0.553131 -0.4009883 2.504538 0.5365238 -0.7984697 2.572613 
0.6032416 0.6830347 2.713125 0.5707128 0.4806499 2.65551 0.5343133 0.2658636 2.611981 0.4138132 0.5141929 2.621199 0.2306266 0.3108884 2.570949 0.226447 0.4067436 2.303679 0.7276125 0.4471069 2.689821 0.8688216 0.1760856 2.545058 0.8378845 0.1731983 2.248427 0.400133 0.07198139 2.547069 0.2662469 -0.326508 2.67447 0.05507849 -0.7975956 2.73163 0.5956943 0.03017309 2.589834 0.5571613 -0.40483 2.50968 0.5406309 -0.784 2.575305 
0.6160097 0.6892947 2.716067 0.5809382 0.4860053 2.658216 0.5429301 0.2714925 2.614681 0.4229104 0.5197838 2.629743 0.2338129 0.3344342 2.594999 0.2221191 0.4108713 2.324817 0.738966 0.4522267 2.68669 0.8734101 0.1790415 2.529061 0.8332352 0.1824611 2.235418 0.4063113 0.07805777 2.553378 0.2531095 -0.3251239 2.635325 0.07489867 -0.7649986 2.704036 0.6035324 0.03590164 2.588913 0.5601312 -0.4018672 2.532598 0.5445729 -0.7726672 2.578328 
0.6250644 0.7052183 2.718546 0.5888789 0.4991876 2.662612 0.5497597 0.2846329 2.620267 0.4292496 0.5316651 2.645522 0.2329431 0.3566688 2.627523 0.2046256 0.4204359 2.352623 0.7485081 0.4667101 2.679702 0.8727526 0.1920395 2.515579 0.8218477 0.1996047 2.227213 0.4108436 0.09038255 2.567238 0.2429613 -0.3110141 2.574908 0.1133344 -0.6911972 2.637179 0.6104376 0.04977397 2.588606 0.5548241 -0.3886696 2.563182 0.5438315 -0.7638297 2.577804 
0.6328973 0.7250763 2.728324 0.5946171 0.5168106 2.671082 0.5536739 0.3031458 2.626134 0.434208 0.5485964 2.666101 0.232389 0.3659056 2.651321 0.184351 0.4386213 2.382902 0.7550262 0.4850248 2.676063 0.8677663 0.2194533 2.503378 0.7997298 0.2200288 2.221852 0.4125094 0.1093403 2.578074 0.241066 -0.2768056 2.496373 0.1608387 -0.5852722 2.525932 0.6129522 0.06962169 2.584298 0.5462034 -0.3683327 2.573425 0.5421217 -0.7620047 2.572739 
0.6328164 0.7275801 2.725216 0.5930101 0.5223431 2.674684 0.5489848 0.3082574 2.635378 0.4325743 0.5545271 2.679087 0.2293261 0.3722885 2.678224 0.1467744 0.4393016 2.41873 0.7534458 0.490159 2.67028 0.8490646 0.2358021 2.492279 0.7705775 0.2264249 2.214816 0.4048909 0.1142459 2.598818 0.2358671 -0.2073067 2.396979 0.204546 -0.4711639 2.418215 0.6050279 0.07409764 2.593325 0.5323293 -0.3632666 2.599046 0.531994 -0.7805004 2.58348 
0.634738 0.7312084 2.732116 0.5924814 0.5256299 2.681595 0.5468821 0.311906 2.641852 0.432162 0.5578181 2.692441 0.2246541 0.3721472 2.705631 0.1185076 0.4349881 2.45121 0.7528008 0.4934417 2.670749 0.8160229 0.2333891 2.476683 0.7345044 0.2194206 2.200815 0.4013475 0.1182465 2.60887 0.2491387 -0.03815813 2.317584 0.2719782 -0.3345867 2.300203 0.6012181 0.07811746 2.595349 0.5338453 -0.3603106 2.587576 0.5393968 -0.7868269 2.569181 
0.6359828 0.721402 2.736049 0.5918267 0.5183516 2.685144 0.5448111 0.3052536 2.643633 0.4316434 0.5509678 2.699132 0.2218123 0.3740867 2.730824 0.1085897 0.4360689 2.480396 0.75201 0.4857354 2.671157 0.7829931 0.215182 2.461861 0.7046831 0.1981318 2.184737 0.3979466 0.1124867 2.61084 0.2550369 0.1096525 2.28519 0.3414566 -0.2185618 2.1925 0.5976446 0.07182452 2.593402 0.5427597 -0.3680229 2.574176 0.5384516 -0.7941989 2.569617 
0.6322769 0.6937086 2.727016 0.5816832 0.4947983 2.680481 0.5244237 0.284577 2.638425 0.4234069 0.5347298 2.696372 0.2184015 0.3660427 2.749898 0.09781832 0.4233049 2.505915 0.7399594 0.4548668 2.66459 0.754997 0.1955861 2.438473 0.6794748 0.1738823 2.161042 0.370032 0.09886108 2.606121 0.237582 0.2023317 2.280307 0.4122919 -0.1127754 2.105962 0.5642964 0.0498501 2.586616 0.5308631 -0.3841227 2.551646 0.5198825 -0.8054926 2.566336 
0.6333051 0.6624926 2.723486 0.5733516 0.4631428 2.675658 0.5076721 0.2564963 2.628968 0.4167987 0.5090061 2.692895 0.2155917 0.3348046 2.759684 0.09350771 0.4086928 2.514253 0.7299045 0.4172795 2.65842 0.7469701 0.1736069 2.501107 0.6833584 0.1097975 2.224888 0.3450915 0.07823764 2.592947 0.2403926 0.2504568 2.282147 0.5062476 -0.02209674 2.062974 0.5388936 0.02146201 2.571608 0.543354 -0.4140893 2.52029 0.5201317 -0.8102431 2.555716 
0.6308801 0.6199104 2.720617 0.5614803 0.423586 2.671067 0.4868898 0.2217722 2.616709 0.4070444 0.4746602 2.693362 0.2065591 0.3248724 2.763522 0.09060379 0.3846524 2.510895 0.7159163 0.3725118 2.648771 0.7268398 0.06641177 2.42435 0.6663539 -0.01057355 2.151552 0.3161251 0.05176466 2.576236 0.2591054 0.2834903 2.28598 0.5993192 0.0723519 2.048938 0.5084736 -0.01184776 2.548467 0.5627053 -0.4485257 2.507719 0.5275503 -0.794225 2.550756 
0.6262843 0.6078009 2.719287 0.5583783 0.4105919 2.67002 0.4849191 0.2089123 2.613213 0.403478 0.4614186 2.689879 0.2032923 0.3159156 2.759269 0.09742036 0.3728433 2.501422 0.7132787 0.3597652 2.650162 0.7279934 0.1118889 2.443176 0.6597528 0.05788116 2.167253 0.3149049 0.0389147 2.568784 0.2713762 0.2700433 2.285999 0.609483 0.05097414 2.035478 0.5080149 -0.02444952 2.544026 0.5730157 -0.4617066 2.521816 0.5402824 -0.7927325 2.560784 
