0.2831514 0.6698471 2.767163 0.2042118 0.4701918 2.735379 0.1206456 0.2639292 2.712923 0.06020337 0.5346557 2.679169 -0.1216279 0.3247907 2.512575 -0.1028205 0.2523931 2.2312 0.3482203 0.4057279 2.791589 0.4516238 0.1188148 2.613135 0.4544526 0.09157009 2.313395 -0.05136948 0.09725984 2.655944 -0.163173 -0.3070993 2.79565 -0.3431706 -0.7851775 2.898472 0.1255282 0.01807339 2.724992 0.1325669 -0.42016 2.636557 0.1026093 -0.7709472 2.685901 
0.286159 0.6776129 2.774638 0.2059487 0.473382 2.738125 0.1228921 0.2671123 2.713551 0.06126099 0.5381471 2.683521 -0.1198213 0.3254075 2.517789 -0.1072959 0.2491072 2.238483 0.3506364 0.4086169 2.792729 0.4572976 0.1154041 2.621567 0.4594001 0.0884091 2.325737 -0.04910311 0.1006532 2.655413 -0.174719 -0.3106384 2.763849 -0.3505509 -0.7635956 2.875311 0.1287741 0.0210318 2.722543 0.1338339 -0.4187449 2.641133 0.1080476 -0.7575107 2.679239 
0.2843136 0.6953216 2.777292 0.2061545 0.486824 2.742856 0.1262183 0.279145 2.719877 0.05792791 0.5490893 2.695747 -0.1363738 0.3256908 2.540303 -0.1230618 0.2553433 2.259176 0.354381 0.4245588 2.789966 0.4606872 0.1292032 2.625707 0.4692148 0.0939776 2.331243 -0.0449945 0.1098083 2.667889 -0.179686 -0.3077052 2.726723 -0.3497778 -0.7158431 2.840399 0.1375588 0.03312347 2.725909 0.1366728 -0.4096093 2.665074 0.115185 -0.7516479 2.686707 
0.2829819 0.7145406 2.789634 0.2070201 0.502515 2.752142 0.1303823 0.2940708 2.725405 0.05617204 0.5631605 2.711727 -0.1537389 0.3399513 2.574102 -0.1475616 0.2669262 2.296076 0.3578681 0.4418695 2.792556 0.466247 0.14607 2.633264 0.4674133 0.09857158 2.342211 -0.03907682 0.1229435 2.6738 -0.1798427 -0.2944213 2.669032 -0.329179 -0.6593127 2.763914 0.1465657 0.04830948 2.723537 0.1346983 -0.3959013 2.676199 0.1187852 -0.7517232 2.681927 
0.2766705 0.7218212 2.796268 0.2060031 0.5125133 2.762705 0.1329009 0.3027476 2.736312 0.05202866 0.570138 2.731187 -0.1773537 0.3564966 2.616441 -0.1974284 0.2766665 2.340777 0.3599775 0.4548886 2.794223 0.4631294 0.1615317 2.627529 0.4521415 0.1125062 2.340554 -0.0350192 0.1284674 2.690511 -0.1678885 -0.2837485 2.619235 -0.2863693 -0.5972089 2.682804 0.1546167 0.05749632 2.729329 0.1303656 -0.3875734 2.700381 0.1199674 -0.7583331 2.685987 
0.2682446 0.7307414 2.80959 0.2001297 0.5215007 2.776398 0.1295846 0.3110494 2.748406 0.04346701 0.5765089 2.757652 -0.1832158 0.3528405 2.656118 -0.2493377 0.2798209 2.387142 0.3567924 0.4664926 2.795145 0.4554847 0.1742414 2.612165 0.437859 0.1222542 2.327108 -0.0375331 0.1345071 2.708858 -0.153585 -0.2007248 2.497318 -0.228309 -0.5118004 2.577983 0.1556121 0.0666891 2.73197 0.1236636 -0.3783679 2.704555 0.1100136 -0.7631112 2.686363 
0.2580373 0.7282214 2.817283 0.1927678 0.5203452 2.786918 0.1250024 0.3090409 2.75841 0.03427698 0.5726555 2.775931 -0.1941124 0.3459521 2.701978 -0.2936608 0.2745441 2.43845 0.3512585 0.4680349 2.797905 0.434725 0.1806141 2.584024 0.414009 0.1303253 2.299449 -0.04018777 0.1298919 2.723148 -0.137256 -0.07144792 2.406862 -0.153118 -0.4139857 2.473695 0.1546618 0.06558127 2.736655 0.1232953 -0.379683 2.707839 0.1092435 -0.779377 2.689161 
0.2427896 0.7264377 2.830047 0.1828687 0.5172237 2.798163 0.120396 0.3044667 2.768735 0.02249627 0.564626 2.795911 -0.1990715 0.3325339 2.741836 -0.3326807 0.2495868 2.496914 0.3432412 0.4698215 2.800414 0.4188316 0.1813041 2.572861 0.3958702 0.125738 2.283939 -0.04076578 0.1208799 2.737923 -0.1176787 0.03900788 2.364141 -0.07810974 -0.3002611 2.377057 0.1566122 0.0625397 2.740694 0.1258729 -0.3821163 2.702724 0.1103692 -0.7791377 2.689336 
0.2336363 0.7154067 2.837058 0.1746836 0.5047113 2.805887 0.1138139 0.2914164 2.776689 0.01356783 0.5504124 2.807916 -0.2110328 0.3127691 2.773389 -0.3575185 0.2236446 2.529712 0.3357994 0.4590101 2.803858 0.3979193 0.1826534 2.567415 0.3722916 0.1123853 2.277566 -0.04605244 0.1062024 2.748737 -0.1113667 0.1318425 2.348644 -0.00858223 -0.207792 2.295102 0.1519408 0.05004088 2.746243 0.1275234 -0.3921356 2.686499 0.105114 -0.7916117 2.690354 
0.2237884 0.7033809 2.840604 0.1638422 0.492042 2.811526 0.1020235 0.2787623 2.784136 0.002872425 0.537535 2.820587 -0.2189882 0.2968442 2.804706 -0.3699755 0.1964056 2.560689 0.324812 0.4465489 2.802464 0.372004 0.1603402 2.566732 0.345802 0.09855346 2.277287 -0.05882165 0.09346928 2.76232 -0.1136674 0.2009839 2.354015 0.08372489 -0.1373333 2.240244 0.1392312 0.03749583 2.751172 0.1301532 -0.4008454 2.667748 0.09653481 -0.7940624 2.68986 
0.2156628 0.6821854 2.831853 0.1561327 0.4714316 2.808636 0.09452049 0.2578765 2.782877 -0.004752285 0.5161039 2.823097 -0.2179742 0.2768965 2.822841 -0.3782939 0.1682171 2.580303 0.3170178 0.4267594 2.794176 0.3621821 0.2041571 2.609671 0.3298522 0.1302859 2.328368 -0.0660419 0.07179646 2.766011 -0.1112599 0.2346966 2.353384 0.1694363 -0.070962 2.208499 0.1318584 0.01684633 2.748224 0.1462729 -0.4175756 2.648339 0.1017673 -0.8008923 2.678504 
0.2086457 0.6639864 2.816955 0.1522101 0.4531187 2.803936 0.09409139 0.2379701 2.785686 -0.009221626 0.4953083 2.820656 -0.2169175 0.2635304 2.831411 -0.3843665 0.1463631 2.593635 0.3136418 0.4109289 2.787216 0.3551626 0.1927777 2.597032 0.337639 0.07742032 2.329648 -0.06330436 0.04876727 2.777719 -0.1042768 0.2526413 2.370552 0.2255713 -0.035188 2.20761 0.1352497 -0.003124237 2.757154 0.1636303 -0.4356872 2.650187 0.1119044 -0.8005639 2.690168 
0.2072904 0.6598153 2.809022 0.151501 0.4459431 2.803181 0.09439693 0.2300545 2.794708 -0.009535061 0.4877059 2.824391 -0.2101577 0.2581224 2.836262 -0.3904256 0.1227876 2.61773 0.3125371 0.4041804 2.781971 0.3516809 0.1979382 2.598015 0.3231843 0.06965283 2.336257 -0.06178347 0.03986003 2.799284 -0.1090168 0.2624096 2.378986 0.2344072 -0.02200503 2.215015 0.1363691 -0.01152837 2.773186 0.1590552 -0.4445471 2.664664 0.1117984 -0.7911579 2.697712 
