0.283175 0.6539062 2.753293 0.2108437 0.45055 2.727824 0.1317247 0.2416134 2.716938 0.06631398 0.5084676 2.666638 -0.1294052 0.2856589 2.551806 -0.08187795 0.2066364 2.27786 0.3553735 0.3926323 2.78901 0.4248627 0.08096356 2.582859 0.3988842 0.009961449 2.284704 -0.03607888 0.06821548 2.668509 -0.151121 -0.3411753 2.789871 -0.319983 -0.7789789 2.861464 0.1412903 -0.002861923 2.743597 0.148158 -0.4344372 2.627126 0.1071179 -0.7712147 2.686624 
0.2855444 0.6486294 2.756216 0.2108477 0.4462704 2.731935 0.1302803 0.2378286 2.721294 0.06533658 0.5054855 2.67372 -0.1287012 0.2913213 2.557916 -0.08346975 0.2190194 2.28143 0.3563588 0.3870555 2.79015 0.4264354 0.07698678 2.577945 0.3997236 0.01157901 2.277341 -0.03969193 0.06576958 2.674886 -0.1662719 -0.34924 2.768358 -0.3252796 -0.7644393 2.859242 0.1391179 -0.00699617 2.746422 0.1402474 -0.4430794 2.648931 0.0999118 -0.7707177 2.695919 
0.2904621 0.6623231 2.779173 0.2162846 0.4591158 2.743845 0.1360115 0.2515686 2.722906 0.06855413 0.5211352 2.695462 -0.1370439 0.2939772 2.586928 -0.1095773 0.2305865 2.307188 0.3640151 0.3970965 2.792229 0.4223264 0.08340405 2.572023 0.4005615 0.01752993 2.271438 -0.03525553 0.08222191 2.672164 -0.160639 -0.3401278 2.710992 -0.2973933 -0.7010504 2.813695 0.1467324 0.005820847 2.731767 0.1433335 -0.4333314 2.648803 0.1121476 -0.7529654 2.678378 
0.2882529 0.6821623 2.789729 0.211296 0.4781744 2.75316 0.1291707 0.2716734 2.728423 0.06103361 0.542146 2.717996 -0.1571235 0.3051226 2.629029 -0.1457318 0.2489755 2.347552 0.3615583 0.4142029 2.788323 0.4169791 0.1096645 2.579623 0.3961677 0.03200668 2.282936 -0.04558589 0.1046085 2.682009 -0.1690279 -0.310726 2.632832 -0.2710501 -0.627788 2.765962 0.1396767 0.02573621 2.725363 0.1228663 -0.4170528 2.678968 0.1001003 -0.7502799 2.690683 
0.2799665 0.6996643 2.806879 0.2042523 0.4949143 2.766508 0.1232481 0.2884286 2.737829 0.0511532 0.5578206 2.74602 -0.1786751 0.3232615 2.681959 -0.1777946 0.2725668 2.399979 0.3573514 0.4320079 2.786996 0.4177715 0.1272707 2.579287 0.3881317 0.05582787 2.285044 -0.05211517 0.1207138 2.696523 -0.1378357 -0.2143926 2.53038 -0.2133468 -0.5439236 2.685945 0.1366031 0.04317201 2.721778 0.1170634 -0.40172 2.699747 0.1022475 -0.7533166 2.68991 
0.2695835 0.7142835 2.815488 0.1934112 0.5093846 2.779845 0.1123454 0.3026436 2.752784 0.03862056 0.5707222 2.774939 -0.1917853 0.3450564 2.731418 -0.2236735 0.2849259 2.450045 0.3482018 0.448047 2.78475 0.4075368 0.2144903 2.618725 0.3748512 0.1245169 2.342193 -0.06408556 0.1336922 2.7227 -0.1204941 -0.1072324 2.46164 -0.1607496 -0.4394979 2.604423 0.1266448 0.05811304 2.728745 0.09851836 -0.3870981 2.728464 0.09590418 -0.7581118 2.698265 
0.2599129 0.726191 2.829237 0.1849788 0.5194594 2.795676 0.1054372 0.3120113 2.769291 0.02908029 0.5783993 2.802251 -0.1958769 0.3540211 2.776602 -0.2638535 0.2894486 2.503159 0.3408774 0.4605196 2.789102 0.402972 0.1709505 2.571077 0.3724411 0.08017091 2.282523 -0.06990217 0.140781 2.746946 -0.09370524 0.002998001 2.407953 -0.09883301 -0.3356347 2.511844 0.1216935 0.06834529 2.738865 0.09658206 -0.3777644 2.739301 0.1024626 -0.7667536 2.697303 
0.2502924 0.7286833 2.836168 0.1754978 0.5238851 2.806361 0.09596249 0.3163085 2.780816 0.01935071 0.5820452 2.819927 -0.2004289 0.3499954 2.803777 -0.2867202 0.284523 2.534495 0.3316448 0.465725 2.792795 0.3970098 0.177478 2.56256 0.3691421 0.08178654 2.271122 -0.07943425 0.1444375 2.7636 -0.08181482 0.09103647 2.374034 -0.0603787 -0.2707799 2.43598 0.1122887 0.07302641 2.746943 0.08423624 -0.37266 2.730684 0.09609436 -0.7722342 2.697761 
0.237969 0.7160681 2.840087 0.1632963 0.5104004 2.818242 0.08513921 0.3018585 2.796984 0.007348106 0.566556 2.840713 -0.2026396 0.3293824 2.824307 -0.3176037 0.2643757 2.56417 0.3192445 0.4542449 2.795772 0.3771499 0.1667813 2.553767 0.3506642 0.06736527 2.253338 -0.08891168 0.127847 2.789543 -0.07333782 0.1596652 2.383013 0.02038023 -0.223743 2.371986 0.1028759 0.05878598 2.761909 0.1045255 -0.3840054 2.715653 0.09117049 -0.7776295 2.711338 
0.2302838 0.6951234 2.842051 0.156806 0.4873046 2.825523 0.08062477 0.2776669 2.808537 0.001451683 0.5412564 2.856416 -0.2087498 0.3165807 2.854062 -0.3353789 0.2335706 2.599555 0.3121603 0.4333527 2.79463 0.361714 0.1554354 2.557355 0.3279326 0.0365051 2.260957 -0.09111349 0.1012145 2.810553 -0.06780889 0.204501 2.387072 0.1160501 -0.1752031 2.312558 0.1000006 0.03484387 2.772549 0.1250328 -0.4018619 2.693457 0.0993734 -0.7875693 2.708895 
0.2208431 0.6737268 2.844074 0.1493525 0.4671754 2.832381 0.075302 0.2564943 2.819498 -0.005625046 0.5194363 2.868536 -0.2053332 0.3027233 2.866971 -0.3420946 0.2041376 2.627995 0.3043301 0.4149144 2.796225 0.3443518 0.1685743 2.584418 0.3125034 0.005818405 2.313698 -0.09401856 0.07793999 2.828841 -0.07533105 0.2377766 2.387858 0.1900984 -0.1215754 2.279601 0.09652155 0.01368675 2.784389 0.1371478 -0.4200612 2.691072 0.09755877 -0.7833893 2.71005 
0.2211463 0.663589 2.844063 0.1484863 0.455678 2.835734 0.07358891 0.2450682 2.827568 -0.006192772 0.5092793 2.871994 -0.1956134 0.2923588 2.888843 -0.3496957 0.1842545 2.666375 0.3031653 0.4020767 2.799474 0.3391143 0.1723306 2.603244 0.3066236 0.002236038 2.33462 -0.09639273 0.06740817 2.841691 -0.08709073 0.2549597 2.385643 0.225124 -0.08721634 2.257515 0.0937758 0.001508621 2.797112 0.1446278 -0.4309182 2.698677 0.09815034 -0.7767211 2.713398 
0.2226498 0.6645358 2.844584 0.1506332 0.4550934 2.837879 0.07604219 0.2442704 2.831447 -0.003937683 0.5086476 2.875063 -0.1947087 0.2930254 2.899766 -0.3557741 0.1656081 2.693844 0.3052041 0.4015391 2.800694 0.351301 0.180724 2.614282 0.301226 0.02543266 2.371361 -0.09361128 0.06638373 2.847884 -0.09102812 0.2527041 2.373587 0.2260793 -0.1053839 2.235523 0.09651363 0.0005111084 2.802147 0.153207 -0.4332224 2.710694 0.1066375 -0.7627498 2.707376 
