0.5834036 0.6933907 2.70249 0.5519454 0.487506 2.657916 0.5168443 0.2707471 2.62419 0.3942812 0.5182238 2.624583 0.2033717 0.324023 2.589529 0.2084697 0.3996051 2.300382 0.7096096 0.4567882 2.691249 0.8194836 0.201773 2.54373 0.7957975 0.2368841 2.261989 0.3834827 0.07313243 2.56969 0.2637253 -0.3323429 2.691476 0.06243013 -0.7975377 2.760191 0.580004 0.03484412 2.611237 0.5467523 -0.4003043 2.530409 0.5372564 -0.7908955 2.570368 
0.5886462 0.6930333 2.710224 0.5554885 0.4869643 2.663158 0.5198281 0.2707089 2.626911 0.397682 0.5184467 2.630582 0.2001827 0.3210156 2.594764 0.20528 0.4010275 2.303144 0.7132951 0.455482 2.695734 0.8247353 0.2073826 2.545872 0.8035507 0.2338489 2.265355 0.3857614 0.07408554 2.57035 0.2506824 -0.3370318 2.648174 0.06351158 -0.7824696 2.744686 0.582574 0.03482155 2.610978 0.5546064 -0.4014915 2.533301 0.5407656 -0.7835426 2.57076 
0.5936251 0.6997787 2.714586 0.5601799 0.4924271 2.667902 0.5247557 0.2760038 2.632358 0.4014345 0.5231104 2.639284 0.2035996 0.3320012 2.603876 0.198268 0.4044796 2.312668 0.7189254 0.4617437 2.69652 0.8283772 0.212196 2.539435 0.8099274 0.2379318 2.256527 0.3902728 0.07872734 2.578957 0.2416579 -0.3322299 2.593333 0.08814269 -0.7400693 2.694116 0.5883903 0.04043388 2.614672 0.5582082 -0.3985134 2.557049 0.5434089 -0.7756482 2.575202 
0.5963894 0.7143053 2.716794 0.5621022 0.5041413 2.673636 0.5256122 0.2874427 2.64107 0.4020838 0.5340971 2.653606 0.2083686 0.3499236 2.623953 0.1858756 0.4120834 2.335655 0.7221206 0.4741856 2.693667 0.8337775 0.2271409 2.538251 0.8091824 0.2524683 2.258924 0.389156 0.08945793 2.59599 0.2390669 -0.3145827 2.538416 0.1296604 -0.6576216 2.607283 0.5890884 0.05203013 2.621017 0.5418296 -0.3870098 2.581265 0.541015 -0.7750353 2.571609 
0.5972775 0.7268999 2.718366 0.563077 0.515156 2.678414 0.5267838 0.297946 2.649301 0.4021238 0.5438277 2.665145 0.2057493 0.3668998 2.646953 0.1737494 0.423846 2.360748 0.7240301 0.4864844 2.691682 0.8284691 0.2351105 2.530135 0.7959829 0.2595951 2.251339 0.3900447 0.09862907 2.611907 0.2422676 -0.2443131 2.42751 0.1955835 -0.5430049 2.495999 0.5909366 0.06284294 2.628468 0.5316342 -0.3756801 2.597239 0.543043 -0.7779691 2.571079 
0.594871 0.73334 2.730139 0.5615482 0.5229332 2.686229 0.5263315 0.3060345 2.653726 0.399926 0.5501283 2.679866 0.2013108 0.3765197 2.677963 0.15478 0.4267206 2.398293 0.7231702 0.4957381 2.692592 0.822153 0.2405154 2.52354 0.7898816 0.2610913 2.243176 0.3902483 0.106108 2.617252 0.2553667 -0.08679362 2.338144 0.2655247 -0.3911396 2.371389 0.5919816 0.07216368 2.625194 0.5244498 -0.3657821 2.599281 0.5420232 -0.7800177 2.560051 
0.5885783 0.7285736 2.723008 0.5553687 0.5208083 2.687804 0.5192924 0.303395 2.659868 0.3933919 0.5474717 2.689471 0.1981077 0.374348 2.701493 0.1297921 0.4277579 2.428466 0.7173455 0.4941451 2.686138 0.8158268 0.2303971 2.507648 0.7766065 0.2355168 2.226383 0.3821577 0.102617 2.632972 0.267351 0.1314785 2.283611 0.3656405 -0.2301079 2.219922 0.5842744 0.06934622 2.630892 0.5149782 -0.3681212 2.603685 0.5376014 -0.795596 2.55766 
0.589617 0.7121201 2.721029 0.5518212 0.5062063 2.685302 0.5101781 0.2903253 2.65409 0.3905689 0.5366008 2.690218 0.1885292 0.3696956 2.711264 0.1078516 0.4173685 2.441684 0.7130736 0.4758118 2.680385 0.8023824 0.205173 2.505902 0.7651799 0.197259 2.220191 0.3679037 0.09341234 2.625947 0.2642746 0.2045031 2.272945 0.4374194 -0.1427901 2.140601 0.5691664 0.0554763 2.619811 0.5106524 -0.3827799 2.58163 0.5279741 -0.8092728 2.548084 
0.592365 0.6899581 2.722971 0.5488963 0.4846312 2.679515 0.5015352 0.2724491 2.636161 0.3885255 0.5194746 2.684178 0.1827966 0.3563381 2.726981 0.09319298 0.3955833 2.458789 0.7092671 0.4497879 2.674851 0.7791572 0.195211 2.553521 0.7564944 0.1927464 2.263874 0.3540421 0.08202234 2.59572 0.2707047 0.2607856 2.263355 0.5237769 -0.04686102 2.093183 0.554306 0.03851147 2.589896 0.5211677 -0.4006079 2.549562 0.5268729 -0.8072796 2.533839 
0.5911935 0.6618795 2.711868 0.5445402 0.4561371 2.669586 0.4926511 0.2454185 2.623452 0.3852241 0.4954712 2.669116 0.1789425 0.3411409 2.735876 0.08922535 0.3790826 2.464212 0.7038563 0.4168029 2.670056 0.7713404 0.1571204 2.558585 0.7571971 0.173016 2.268822 0.341262 0.0592659 2.577024 0.275413 0.2783444 2.281039 0.5849491 0.01152109 2.104953 0.5402619 0.01013409 2.57761 0.532514 -0.4312097 2.547553 0.5273395 -0.8190379 2.551193 
0.5902677 0.6433333 2.706912 0.5423758 0.4364905 2.667382 0.4891343 0.2254349 2.623724 0.3831357 0.4765618 2.66786 0.1799748 0.3295623 2.753945 0.08710025 0.3610017 2.483367 0.7016159 0.3964192 2.666903 0.7634836 0.1319511 2.563734 0.754277 0.1759972 2.276697 0.3365618 0.03937503 2.580365 0.2877909 0.2836455 2.304277 0.6180591 0.03323384 2.111734 0.535224 -0.01061652 2.579769 0.5449371 -0.4527162 2.552537 0.5346588 -0.8075789 2.564002 
0.591683 0.6391366 2.703898 0.543785 0.4297834 2.669495 0.4928201 0.2174832 2.629014 0.3839923 0.4674052 2.673366 0.1785191 0.3202534 2.755926 0.08513846 0.3499028 2.487157 0.7035777 0.3921615 2.665625 0.7658957 0.1268984 2.564793 0.7506369 0.1864964 2.280839 0.3421269 0.0286631 2.590947 0.2973873 0.2795349 2.307049 0.6215214 -0.0001708679 2.085278 0.5415834 -0.0182972 2.586116 0.5568796 -0.4612291 2.567686 0.5451205 -0.797068 2.567764 
