0.6063954 0.7017219 2.731887 0.5733818 0.4974406 2.677659 0.538279 0.2827615 2.632684 0.4163685 0.5302505 2.643594 0.2336618 0.3423407 2.597041 0.2181087 0.4318526 2.329321 0.7303951 0.4646307 2.711723 0.8558701 0.1837971 2.559123 0.8261716 0.1931039 2.274337 0.4053738 0.08851947 2.566492 0.2684613 -0.3201362 2.638254 0.07371917 -0.7825249 2.654177 0.6009784 0.04764539 2.608929 0.5572988 -0.386347 2.526557 0.5369586 -0.7784121 2.577219 
0.6109259 0.703064 2.724944 0.5762066 0.4976985 2.676501 0.5393441 0.2823297 2.636756 0.4181158 0.530212 2.646942 0.2333948 0.3505978 2.607533 0.2072522 0.4369082 2.339868 0.7342973 0.4651849 2.70606 0.8620182 0.1969388 2.550093 0.8247023 0.2079398 2.263634 0.4038846 0.08723875 2.578577 0.2552702 -0.322714 2.588829 0.08933116 -0.7609679 2.631449 0.6010785 0.04668315 2.615447 0.5498606 -0.3880729 2.541377 0.5372339 -0.7823997 2.586574 
0.6191188 0.7121443 2.736507 0.5796153 0.5062509 2.685241 0.5386947 0.2916948 2.644796 0.4198084 0.5397471 2.669232 0.2338454 0.3658845 2.63993 0.1961416 0.4461886 2.370892 0.7394221 0.4727548 2.701249 0.8722515 0.2199788 2.535838 0.8105704 0.2387875 2.255187 0.3980794 0.09803519 2.594365 0.2485244 -0.2935124 2.475562 0.1457459 -0.6631066 2.524316 0.5974689 0.05624234 2.614338 0.5387472 -0.3795353 2.551424 0.5374801 -0.777402 2.579705 
0.6137368 0.7117828 2.728214 0.5773475 0.5062159 2.684751 0.5369757 0.2905024 2.650873 0.4166669 0.5378452 2.674835 0.2265344 0.3743339 2.677416 0.1746546 0.443013 2.40722 0.738028 0.4745866 2.694667 0.8697683 0.2265573 2.528935 0.7978164 0.2391783 2.250437 0.3963302 0.09452747 2.610808 0.2588518 -0.2735004 2.425864 0.2002234 -0.5722182 2.437918 0.5968777 0.05505054 2.623184 0.5403895 -0.3825891 2.573357 0.5392753 -0.7799679 2.587551 
0.6148582 0.7113811 2.733593 0.5765899 0.5052235 2.689466 0.5358397 0.2894878 2.65579 0.4155119 0.5359532 2.68752 0.218271 0.3676612 2.69871 0.1518386 0.4382622 2.433985 0.7376681 0.4744937 2.691413 0.8578903 0.2292793 2.502483 0.7800103 0.230494 2.22596 0.3945242 0.09293753 2.620898 0.2892326 -0.2290865 2.358188 0.2585272 -0.4479766 2.317823 0.5956548 0.05456674 2.623329 0.5421772 -0.3839609 2.577072 0.5396093 -0.7813002 2.578536 
0.6105675 0.7015916 2.72626 0.5743741 0.4944443 2.688214 0.5352202 0.2778697 2.658291 0.4128508 0.5235537 2.688879 0.2101642 0.3668064 2.720824 0.1174513 0.4217176 2.457683 0.7358975 0.4653349 2.68755 0.8364813 0.2231569 2.486743 0.754525 0.2163012 2.211531 0.3953467 0.07944664 2.628781 0.326919 -0.155575 2.288531 0.3334404 -0.3541755 2.200235 0.5967858 0.04314372 2.627952 0.5494362 -0.3964998 2.585542 0.5425858 -0.7953348 2.581814 
0.6052418 0.6855129 2.723616 0.5677048 0.4782208 2.686046 0.5265895 0.2623072 2.653951 0.4063503 0.5086655 2.687937 0.2035767 0.3629089 2.749912 0.100631 0.3964092 2.483378 0.7290592 0.4477761 2.684155 0.8157337 0.2095721 2.467885 0.7326998 0.1980519 2.192569 0.3848316 0.06538308 2.623036 0.3684444 -0.06909224 2.232098 0.4133614 -0.234934 2.089436 0.586117 0.02740414 2.620677 0.545383 -0.4092433 2.554092 0.5319262 -0.8026604 2.566346 
0.6001937 0.6607776 2.722789 0.5618881 0.4547181 2.681214 0.5193675 0.240801 2.640049 0.4007138 0.4863345 2.683399 0.1972865 0.3414609 2.758932 0.08834929 0.3767882 2.49454 0.7230625 0.4231018 2.679029 0.7931789 0.1982363 2.508929 0.7232336 0.2019959 2.226956 0.3762935 0.04660866 2.600246 0.4014361 0.03509642 2.192298 0.4979188 -0.1012082 2.020288 0.5774002 0.007159058 2.59752 0.5555708 -0.4268851 2.511064 0.5330744 -0.8042063 2.54665 
0.5903522 0.6257752 2.710135 0.5444611 0.4179918 2.663332 0.4953061 0.2084371 2.609294 0.3844426 0.4550868 2.66504 0.178344 0.3188583 2.752158 0.07932828 0.3562006 2.487161 0.7044796 0.3808969 2.661625 0.759339 0.1180625 2.550614 0.716978 0.03796281 2.274562 0.346309 0.02202748 2.556321 0.3271807 0.2352703 2.257324 0.5983013 0.0524442 2.022072 0.5459932 -0.02426262 2.55419 0.5563425 -0.4646989 2.514891 0.5272311 -0.7980921 2.558053 
0.5870485 0.6147981 2.70504 0.5412094 0.4064359 2.661711 0.4916232 0.1955874 2.613142 0.381174 0.4423232 2.669303 0.176254 0.298832 2.748568 0.08485188 0.3427282 2.479168 0.7012448 0.3705486 2.654118 0.7477562 0.09787021 2.565247 0.7159095 -0.01687865 2.300231 0.3421131 0.007146439 2.569315 0.3197891 0.2625991 2.296606 0.6338495 0.07368603 2.056479 0.541961 -0.03766862 2.559834 0.5656906 -0.4792277 2.534923 0.5361562 -0.793144 2.574177 
0.5841177 0.6173334 2.701952 0.5406174 0.4077092 2.661651 0.4949382 0.195559 2.614685 0.3799627 0.4400569 2.671785 0.1756435 0.288912 2.737729 0.0847472 0.3324324 2.467153 0.7012722 0.3753614 2.651516 0.7400831 0.09630573 2.580547 0.7168158 -0.0482655 2.329604 0.3490044 0.003594925 2.574043 0.3242108 0.2711818 2.289523 0.640241 0.05822524 2.03196 0.5495135 -0.03677751 2.561394 0.5703655 -0.4793351 2.539063 0.5461196 -0.7809219 2.56833 
