0.2605442 0.6884402 2.779325 0.1922932 0.486719 2.746118 0.1186763 0.2767248 2.725224 0.03922083 0.5440971 2.70877 -0.1362768 0.3369546 2.567684 -0.1044521 0.2805743 2.287987 0.3453656 0.4293408 2.783467 0.4318385 0.1384435 2.565884 0.4195332 0.08204057 2.266454 -0.04904117 0.1020036 2.681371 -0.1424253 -0.2967471 2.827327 -0.3131404 -0.7835956 2.928434 0.13916 0.03145766 2.727291 0.1369408 -0.4057679 2.636801 0.1012323 -0.7878013 2.694071 
0.2614614 0.6721706 2.768724 0.1911307 0.4704254 2.737994 0.1162475 0.2604604 2.720385 0.03771701 0.5281368 2.702261 -0.1361277 0.3254599 2.55835 -0.1035847 0.267753 2.278494 0.3445444 0.4127139 2.773728 0.4359393 0.1257285 2.562446 0.419085 0.06480096 2.261851 -0.05299209 0.08599054 2.680797 -0.1420278 -0.3113865 2.849058 -0.3086136 -0.7885168 2.939805 0.1357205 0.01500024 2.724753 0.1436503 -0.4196655 2.621925 0.1020363 -0.7766594 2.684332 
0.2636736 0.661709 2.763422 0.1920501 0.460169 2.734407 0.11599 0.2504008 2.718691 0.0383793 0.5184254 2.700552 -0.1365565 0.3147181 2.564183 -0.1135693 0.2557886 2.281623 0.345721 0.4019125 2.768263 0.4399841 0.1158682 2.559725 0.4238406 0.05175998 2.253392 -0.05460741 0.07647172 2.682146 -0.1503637 -0.3249519 2.845961 -0.3099668 -0.7882723 2.942033 0.1344671 0.004793747 2.723802 0.1426185 -0.431312 2.625511 0.1044739 -0.7757954 2.685477 
0.2656752 0.6634581 2.762267 0.1933849 0.4593981 2.733678 0.1172326 0.2496111 2.717996 0.03905021 0.517706 2.703116 -0.1452781 0.3143586 2.569094 -0.1256389 0.2446729 2.287702 0.3477196 0.4010901 2.76424 0.4444926 0.1129344 2.570362 0.42226 0.05501992 2.259838 -0.05388746 0.07570311 2.683507 -0.1553372 -0.337725 2.809668 -0.3119706 -0.7721455 2.9237 0.136048 0.003945114 2.721119 0.1454249 -0.434539 2.633785 0.1059377 -0.7641348 2.681026 
0.2703207 0.6776487 2.771677 0.1962146 0.4692024 2.738237 0.1208805 0.259445 2.718796 0.04090134 0.5273168 2.713056 -0.1571808 0.3112452 2.59404 -0.1383598 0.2445569 2.313918 0.3515278 0.411088 2.763418 0.4451725 0.1204451 2.572165 0.4175574 0.06365548 2.259503 -0.05005376 0.08545879 2.683856 -0.1529711 -0.3384512 2.760291 -0.3000245 -0.7464283 2.889516 0.1411465 0.01391632 2.714855 0.1530432 -0.4276547 2.646809 0.111789 -0.7561762 2.680091 
0.2703069 0.6956824 2.786858 0.1971472 0.4843347 2.747761 0.1234291 0.2745827 2.723174 0.04047997 0.54137 2.730922 -0.1706809 0.3172647 2.636502 -0.1669706 0.2479929 2.356478 0.3538144 0.4272995 2.764601 0.4389303 0.1241754 2.572531 0.4113393 0.07870026 2.259357 -0.0467789 0.09995804 2.688215 -0.1474316 -0.3297496 2.710934 -0.2681184 -0.6960757 2.827451 0.146201 0.02970303 2.708959 0.1571451 -0.414324 2.660281 0.1144794 -0.7538478 2.685294 
0.270754 0.7113847 2.804433 0.198735 0.5010825 2.760876 0.1267709 0.2915288 2.730433 0.0408238 0.556063 2.755706 -0.1774866 0.3273574 2.680726 -0.2027159 0.249882 2.40553 0.3566463 0.446102 2.766047 0.4362166 0.1535132 2.561692 0.3978038 0.09195897 2.254815 -0.0425248 0.1158634 2.696803 -0.1351458 -0.310356 2.64806 -0.2298724 -0.6333448 2.747172 0.1521383 0.04808687 2.703177 0.1560665 -0.3976822 2.676088 0.116826 -0.7535657 2.684846 
0.2677796 0.719705 2.813277 0.1979121 0.5117781 2.772099 0.1256997 0.3022877 2.741334 0.03956766 0.5659537 2.774868 -0.1772481 0.3356872 2.725857 -0.2394781 0.2521458 2.454084 0.3562566 0.4576025 2.769331 0.4314016 0.2339603 2.596209 0.3840947 0.1518151 2.319355 -0.04389258 0.1261145 2.712271 -0.1262221 -0.2852803 2.590626 -0.1973231 -0.5708157 2.656325 0.1508672 0.05947986 2.708866 0.1426742 -0.3869487 2.696497 0.1109602 -0.7592908 2.693038 
0.2595693 0.7153632 2.808187 0.1911626 0.5102013 2.777277 0.118744 0.3001198 2.75166 0.03260844 0.5641057 2.783443 -0.170087 0.3392895 2.76792 -0.2714506 0.2542707 2.512067 0.3497168 0.456297 2.77111 0.430197 0.1988642 2.553136 0.3710421 0.1075798 2.259994 -0.0511185 0.1231666 2.729834 -0.1066706 -0.2130743 2.487827 -0.1550596 -0.5015259 2.557478 0.1437693 0.05690968 2.722254 0.1295542 -0.3898512 2.717064 0.1043882 -0.7728711 2.698061 
0.2528777 0.7121364 2.804626 0.1859339 0.5080398 2.781969 0.1142846 0.2971239 2.761842 0.02726905 0.5608256 2.793639 -0.1749787 0.3370526 2.796426 -0.2911407 0.2457754 2.544692 0.3445987 0.455254 2.770299 0.4182084 0.2024682 2.541566 0.3420495 0.1068676 2.257423 -0.05496977 0.1186799 2.748893 -0.08654004 -0.06658632 2.418685 -0.09023452 -0.3968121 2.464011 0.1402406 0.05373596 2.734536 0.1288319 -0.3930702 2.720154 0.1070812 -0.7792533 2.696628 
0.2454971 0.7086018 2.814331 0.1798618 0.5035017 2.791428 0.1098297 0.291963 2.771569 0.02117718 0.5543419 2.809471 -0.1774856 0.3380232 2.829174 -0.3048814 0.2400609 2.581223 0.3385463 0.4526613 2.773385 0.3996119 0.1877404 2.530255 0.3262586 0.09204111 2.24812 -0.05785416 0.1117107 2.762813 -0.07936453 0.05698148 2.375741 -0.02121177 -0.2991314 2.369903 0.1374495 0.04913815 2.740606 0.1311658 -0.3969626 2.711462 0.1109749 -0.786582 2.684771 
0.2350351 0.697216 2.818713 0.1727148 0.4924337 2.797556 0.1035551 0.2805623 2.777842 0.01402674 0.5422431 2.818944 -0.182742 0.3435107 2.853076 -0.3105466 0.2382363 2.606812 0.3314029 0.4426242 2.776169 0.3838079 0.1823725 2.529119 0.3054453 0.06827543 2.256022 -0.06319745 0.09932358 2.771282 -0.08861274 0.148091 2.362912 0.06296366 -0.2169655 2.288494 0.1319883 0.03805814 2.744975 0.1358441 -0.4056756 2.693984 0.1064397 -0.7890782 2.683755 
0.228137 0.6824808 2.821388 0.167112 0.4757919 2.802767 0.1000756 0.2630336 2.785517 0.008278145 0.5238577 2.827188 -0.1903558 0.3217327 2.855005 -0.3246067 0.2187603 2.612873 0.3259459 0.427726 2.778346 0.3714914 0.1940097 2.552236 0.2937969 0.05877684 2.289345 -0.0646688 0.07984351 2.78329 -0.09505186 0.1957397 2.364231 0.1462363 -0.1477885 2.231022 0.1307472 0.02070728 2.753245 0.1442616 -0.4180319 2.673818 0.1081524 -0.7973322 2.69148 
0.2204892 0.6659273 2.812222 0.1590369 0.4587741 2.80554 0.09402943 0.2450457 2.798797 0.0005874329 0.5060782 2.833745 -0.2009098 0.3055977 2.850829 -0.3330897 0.1936725 2.612467 0.3174863 0.4114701 2.777334 0.3633663 0.1951686 2.566959 0.2990837 0.04052371 2.311669 -0.06846689 0.06042198 2.809409 -0.1106145 0.2206828 2.377246 0.1940296 -0.0975813 2.212641 0.1265109 0.002212646 2.774701 0.145839 -0.4330795 2.677577 0.1039427 -0.7974696 2.706091 
0.2175547 0.6579033 2.818703 0.1550444 0.4497835 2.8078 0.09008673 0.2361851 2.795837 -0.003456177 0.4963382 2.837209 -0.1877929 0.3028416 2.855214 -0.3281143 0.1822463 2.626691 0.313545 0.4032288 2.778391 0.3177496 0.132698 2.54739 0.2699505 0.05133485 2.274325 -0.07237282 0.05122488 2.801965 -0.1249519 0.2308375 2.33714 0.2063701 -0.08579448 2.168337 0.122631 -0.006051559 2.765784 0.1467706 -0.4364035 2.649228 0.1021165 -0.7856645 2.674935 
0.2209545 0.6656027 2.820907 0.1566037 0.4558399 2.807538 0.09059854 0.2428126 2.791033 -0.001891022 0.5026915 2.836668 -0.1832716 0.306155 2.856171 -0.3254639 0.1797046 2.632007 0.3150985 0.4089882 2.778409 0.34019 0.131857 2.533431 0.2583279 0.07180145 2.263958 -0.07291485 0.05860916 2.792448 -0.1305208 0.2288965 2.326276 0.1816402 -0.1304195 2.169375 0.1221016 0.0009615784 2.756606 0.142653 -0.4337517 2.655809 0.1039612 -0.7721946 2.677749 
