0.4909476 0.7117167 2.744596 0.4788518 0.5104145 2.689084 0.4607775 0.293775 2.643588 0.3182336 0.5295883 2.661592 0.1629855 0.3149779 2.58626 0.1553601 0.4085689 2.327609 0.63947 0.4912409 2.716575 0.7821156 0.2226382 2.57557 0.7415 0.2093244 2.288685 0.3424876 0.08909859 2.58094 0.2201813 -0.3183892 2.690351 0.01454706 -0.793694 2.699292 0.5429187 0.06517226 2.615246 0.5122083 -0.3724542 2.547869 0.5269573 -0.7952957 2.576304 
0.5028968 0.7138373 2.752726 0.4854732 0.5096632 2.692221 0.4638497 0.2938294 2.644504 0.3259926 0.532542 2.661005 0.1670253 0.3089811 2.586571 0.169866 0.4078237 2.320254 0.6449538 0.4867843 2.723437 0.7820902 0.2078432 2.589248 0.75227 0.1938654 2.301167 0.3427195 0.09227083 2.577311 0.2155691 -0.3211911 2.664056 0.01310416 -0.7816426 2.694427 0.541733 0.06372066 2.616265 0.5235726 -0.3755257 2.554914 0.5350262 -0.781893 2.574411 
0.5210217 0.7128314 2.766313 0.4984981 0.511846 2.69883 0.4726367 0.2978775 2.645515 0.3398589 0.5390517 2.666596 0.1815556 0.3179794 2.596713 0.1761606 0.4105792 2.326151 0.6571372 0.4846403 2.731064 0.7920739 0.2069392 2.599643 0.7568482 0.1963487 2.312574 0.3477996 0.1008828 2.572088 0.2137076 -0.3165319 2.61358 0.01599287 -0.7643151 2.663349 0.5457511 0.06693524 2.612311 0.5333673 -0.3734784 2.55705 0.5405825 -0.7765027 2.570795 
0.5392487 0.7141129 2.772638 0.5126906 0.5132163 2.703414 0.4832311 0.3001897 2.648072 0.3542381 0.5431741 2.672445 0.1902754 0.3319913 2.610854 0.179374 0.4195 2.340388 0.6711431 0.4832584 2.734384 0.8010307 0.2104659 2.596836 0.7666574 0.2020766 2.308645 0.3549208 0.1058524 2.57341 0.2133875 -0.3100581 2.564453 0.04556151 -0.723009 2.610108 0.5526226 0.06847389 2.612051 0.5373618 -0.3732451 2.569794 0.543098 -0.7798114 2.577667 
0.5569529 0.7205731 2.776816 0.5279425 0.5195672 2.70863 0.4961298 0.3065233 2.654496 0.3690421 0.5503621 2.680817 0.1951448 0.3464769 2.635449 0.1746842 0.434482 2.359026 0.6868431 0.4887723 2.736443 0.8185284 0.214238 2.586436 0.7705692 0.2062238 2.301888 0.3651668 0.1126946 2.583008 0.2202919 -0.2907765 2.503394 0.1019926 -0.6466487 2.530984 0.563467 0.07426403 2.617717 0.5388135 -0.3679333 2.587448 0.54894 -0.7763814 2.582624 
0.5728698 0.7304614 2.788418 0.541705 0.5279406 2.718015 0.5075624 0.3156966 2.662118 0.3822077 0.5595921 2.695255 0.1945487 0.3642492 2.670756 0.1687893 0.4473304 2.389718 0.7012023 0.4962892 2.740774 0.8187337 0.2185984 2.560756 0.7569694 0.2054291 2.279845 0.3738613 0.1232094 2.592014 0.2174388 -0.2126362 2.396243 0.1710528 -0.5277308 2.438679 0.5729783 0.08369569 2.620427 0.5348704 -0.3575505 2.589988 0.5495537 -0.7746404 2.579669 
0.583372 0.7292572 2.7942 0.5492296 0.5295043 2.724518 0.5131698 0.3178546 2.667513 0.3895232 0.5621139 2.704469 0.1947669 0.3861271 2.68839 0.145839 0.4535687 2.406481 0.7089359 0.4968947 2.744566 0.8058569 0.2107918 2.552395 0.737035 0.1915778 2.272516 0.3774659 0.1265507 2.598 0.222477 -0.06221374 2.322063 0.231284 -0.387761 2.347781 0.5767542 0.08585913 2.623017 0.5262903 -0.3539517 2.589522 0.5443513 -0.7828832 2.577541 
0.5859429 0.7195851 2.787635 0.5501598 0.519861 2.723234 0.5100136 0.3085889 2.667662 0.3902652 0.5541046 2.708557 0.1948974 0.3900219 2.709259 0.1330077 0.4580328 2.42975 0.7100543 0.4856175 2.73791 0.7829535 0.2014001 2.537249 0.7104845 0.1751425 2.257997 0.3700516 0.1186937 2.602929 0.2295651 0.07536428 2.286457 0.2744686 -0.2624094 2.256816 0.5696834 0.07593989 2.621253 0.5167302 -0.3630029 2.579647 0.5336912 -0.7939363 2.569194 
0.5881922 0.7045791 2.783318 0.5495809 0.5054368 2.719614 0.5073674 0.294636 2.663702 0.3894684 0.5402746 2.709152 0.180944 0.3945067 2.717652 0.1104745 0.4446199 2.441819 0.7096933 0.470599 2.730076 0.7559712 0.1896929 2.513651 0.6826529 0.1557663 2.232248 0.3652427 0.1055743 2.601261 0.2431149 0.1850047 2.275037 0.3400666 -0.1553821 2.154217 0.5650653 0.0620963 2.614318 0.5240371 -0.3765538 2.560157 0.5357897 -0.7978281 2.561987 
0.5869798 0.6804153 2.771803 0.5563737 0.480432 2.712319 0.5252141 0.2686807 2.653878 0.3957962 0.5088358 2.695019 0.1739882 0.3771508 2.729543 0.09833952 0.4207222 2.457458 0.7169513 0.4520282 2.729619 0.744919 0.2162908 2.549478 0.6767209 0.150641 2.272603 0.3956649 0.07433307 2.584838 0.2741169 0.2508587 2.280362 0.4465928 -0.07033469 2.085451 0.5924442 0.03952574 2.606038 0.5515657 -0.3939111 2.543859 0.556661 -0.7992654 2.558982 
0.5831857 0.6523158 2.74743 0.5456223 0.4497747 2.693328 0.503068 0.2400313 2.635393 0.3862684 0.4858027 2.679943 0.1689788 0.3445387 2.731356 0.07750569 0.3918802 2.464011 0.7049764 0.4137467 2.706713 0.7338912 0.1627762 2.563211 0.6790961 0.06116405 2.296589 0.3634902 0.05222366 2.569309 0.2405902 0.2952156 2.295943 0.5008281 0.01411893 2.078488 0.5575373 0.00835199 2.585608 0.527062 -0.4125377 2.5218 0.5237252 -0.7992064 2.553856 
0.5822787 0.6315786 2.733785 0.5410585 0.42745 2.683816 0.4939247 0.2170384 2.631737 0.381499 0.4646457 2.677944 0.1645859 0.3211153 2.73828 0.06659806 0.3569219 2.473841 0.7006181 0.3902542 2.689688 0.7282273 0.1253365 2.573622 0.6843691 -0.007874192 2.319169 0.3483857 0.02956657 2.576038 0.247794 0.2961217 2.323025 0.562413 0.04157329 2.095797 0.5451962 -0.01631294 2.583281 0.5414895 -0.4474177 2.528137 0.5344745 -0.7997655 2.569635 
