0.5763104 0.7196204 2.709889 0.5489396 0.5184782 2.663029 0.516596 0.3018716 2.626102 0.3884949 0.5458877 2.64278 0.2199289 0.3435938 2.606726 0.1940142 0.4706049 2.330782 0.7093843 0.4910687 2.683278 0.8732413 0.2443479 2.529093 0.8510361 0.2810828 2.246381 0.3841695 0.1023625 2.576545 0.2727052 -0.3014079 2.695297 0.09329388 -0.7822379 2.767076 0.5843353 0.06816734 2.601807 0.5310473 -0.3696736 2.553103 0.5270185 -0.7952897 2.581172 
0.5779372 0.7026178 2.713415 0.5463986 0.500147 2.661639 0.511537 0.2844115 2.621861 0.38772 0.5310479 2.633114 0.2057638 0.3251238 2.594403 0.1882539 0.4479274 2.317012 0.7050772 0.4692462 2.690163 0.8743495 0.2228586 2.536257 0.859912 0.2695867 2.257952 0.3776934 0.08795168 2.564291 0.2822117 -0.3179327 2.71007 0.1085593 -0.7878661 2.789603 0.5756571 0.04940047 2.599877 0.5477287 -0.3852587 2.51661 0.5364984 -0.7897881 2.577298 
0.5813689 0.7001744 2.71618 0.5486842 0.4965349 2.663022 0.5133747 0.2809858 2.622494 0.3905386 0.5282425 2.632166 0.2053869 0.3275577 2.602697 0.1867832 0.4407137 2.318372 0.70683 0.4648274 2.693877 0.8826812 0.2149328 2.554625 0.8806923 0.257489 2.274129 0.3794093 0.08521674 2.562717 0.2721145 -0.324428 2.691206 0.1037484 -0.7870024 2.783066 0.5767213 0.04565649 2.601214 0.5558763 -0.3901355 2.519699 0.5380208 -0.7834827 2.582191 
0.5867417 0.7027956 2.71807 0.5538638 0.4983447 2.664037 0.5180743 0.2830968 2.622289 0.3954927 0.5304065 2.634497 0.2086896 0.3342822 2.606852 0.185154 0.4378606 2.320635 0.7122349 0.4662829 2.693577 0.8948355 0.220463 2.557815 0.8887371 0.2603011 2.273639 0.383478 0.08785219 2.562111 0.2532477 -0.3255306 2.627537 0.09959386 -0.7680033 2.74672 0.5810918 0.04784584 2.598971 0.5590941 -0.3889956 2.522259 0.5418285 -0.780174 2.577684 
0.5890387 0.7106683 2.718534 0.5558529 0.5044661 2.667002 0.5189669 0.2891186 2.62674 0.3963751 0.536019 2.644341 0.2138717 0.3526061 2.619444 0.1750339 0.438247 2.335825 0.7153309 0.4729131 2.689662 0.9064536 0.2292476 2.565933 0.8934627 0.2654468 2.283165 0.3824833 0.09347665 2.572326 0.2399546 -0.3202295 2.582326 0.1042808 -0.7141946 2.679876 0.5816782 0.05406558 2.60063 0.5468068 -0.3841168 2.539942 0.5368113 -0.7729625 2.581118 
0.5863419 0.724485 2.728697 0.5569702 0.5167012 2.673723 0.5220711 0.3016791 2.630216 0.3962167 0.5457447 2.659132 0.2058621 0.3583905 2.630693 0.1668362 0.4406857 2.357035 0.7177237 0.4876578 2.688314 0.9106326 0.2530821 2.551403 0.8695536 0.2689864 2.270262 0.3867693 0.1047969 2.577595 0.2483914 -0.2999392 2.507084 0.1473031 -0.6240785 2.563063 0.5875745 0.06851733 2.595822 0.5494963 -0.3712746 2.550348 0.5405667 -0.7636311 2.570915 
0.5759498 0.7344174 2.734234 0.5512091 0.5258153 2.680045 0.5196461 0.3099921 2.638041 0.3893397 0.5507413 2.673604 0.2069696 0.3566862 2.650235 0.1450208 0.4327893 2.38377 0.7130786 0.5008894 2.686486 0.8943601 0.261572 2.53763 0.8378147 0.2692301 2.259452 0.3870033 0.1097339 2.592016 0.2508531 -0.2323278 2.397495 0.2017871 -0.5107373 2.443373 0.5891629 0.07860373 2.60006 0.5427004 -0.3617384 2.573418 0.5380471 -0.7705258 2.577137 
0.5629936 0.7392555 2.746006 0.543819 0.5313796 2.688951 0.5172445 0.3153487 2.644823 0.3811203 0.5516828 2.687535 0.1974511 0.3633973 2.66805 0.1223113 0.4207675 2.399629 0.7065176 0.5110763 2.690367 0.8771394 0.2657773 2.52571 0.8048031 0.2617405 2.248895 0.3891746 0.1119835 2.599812 0.2744162 -0.08440398 2.315912 0.2688832 -0.3546087 2.321851 0.5921652 0.08665223 2.601579 0.5445845 -0.3542827 2.58241 0.541214 -0.7762584 2.571571 
0.5492445 0.7325514 2.75297 0.5359567 0.5287224 2.694308 0.5154108 0.3129882 2.64607 0.3726613 0.5446823 2.692483 0.1937196 0.3592025 2.680058 0.108938 0.412585 2.411188 0.699252 0.5127626 2.696133 0.8490656 0.2618917 2.520303 0.768845 0.2492041 2.24467 0.3930309 0.1072068 2.596694 0.2985885 0.08938361 2.28004 0.330822 -0.2197188 2.21601 0.5966988 0.08730112 2.598971 0.5541633 -0.3544405 2.582303 0.5451041 -0.7855372 2.568491 
0.5379223 0.7122336 2.74544 0.5255779 0.5117316 2.685989 0.5038447 0.2986929 2.627975 0.3625914 0.5300363 2.679829 0.1844972 0.3439956 2.685455 0.09032578 0.3948183 2.420556 0.6885644 0.4934269 2.69215 0.8181894 0.2565371 2.493183 0.7376694 0.2376549 2.21752 0.3801204 0.0971086 2.566105 0.3040549 0.2133789 2.265694 0.3941716 -0.1111723 2.114179 0.5841025 0.07419972 2.573815 0.5527145 -0.3647919 2.549816 0.5326886 -0.7944746 2.550711 
0.5317549 0.6926517 2.74217 0.5174341 0.490647 2.678475 0.4941355 0.2806854 2.610917 0.354817 0.5115048 2.669733 0.1793405 0.3129379 2.683647 0.07579489 0.3804308 2.427604 0.6800513 0.4697894 2.687217 0.8018585 0.2539156 2.535637 0.7225534 0.2488138 2.256173 0.3692203 0.0837574 2.537895 0.310616 0.2833678 2.28441 0.4751743 -0.01490781 2.065153 0.5724534 0.0576902 2.54882 0.5727602 -0.3833892 2.533903 0.533666 -0.7976623 2.552004 
0.5313433 0.6707095 2.741051 0.5152645 0.4717686 2.673319 0.4909544 0.2639629 2.599443 0.3527878 0.4940095 2.664223 0.1746853 0.2949647 2.685296 0.06561443 0.3649666 2.433221 0.6777413 0.4495277 2.682415 0.7935312 0.2181942 2.550156 0.724763 0.2397741 2.268695 0.3651977 0.07004382 2.519888 0.3131411 0.308114 2.304288 0.5584203 0.0514762 2.058159 0.5680909 0.04227043 2.531247 0.5910516 -0.3988563 2.53739 0.540196 -0.7964593 2.562987 
0.5329334 0.6566693 2.740548 0.5124906 0.4573252 2.671656 0.4844206 0.2512095 2.594221 0.3500416 0.4808764 2.667855 0.1662923 0.283513 2.683686 0.05782212 0.3580161 2.431128 0.6749396 0.4337741 2.675457 0.7948659 0.1951984 2.56094 0.7251881 0.2368078 2.281961 0.3548946 0.05980241 2.514412 0.3002794 0.3041662 2.311167 0.590919 0.07484732 2.055603 0.5578066 0.03038512 2.51916 0.5904507 -0.4098768 2.547695 0.5339642 -0.7919014 2.568712 
0.5397323 0.6597922 2.739485 0.5101074 0.4557126 2.680689 0.4743637 0.2463241 2.618226 0.3485535 0.4804687 2.690149 0.1676449 0.2791337 2.692638 0.05685185 0.351214 2.443596 0.6716613 0.4309565 2.671229 0.8031721 0.1702666 2.560451 0.722666 0.1926044 2.223636 0.3368032 0.05253771 2.561726 0.293049 0.2850776 2.332302 0.5778689 0.03791814 2.05052 0.5404367 0.02133347 2.549802 0.5876069 -0.4146176 2.59011 0.5314077 -0.7908378 2.599605 
0.5495062 0.6714812 2.739817 0.5162421 0.4638511 2.68958 0.4767839 0.2517119 2.640151 0.3555628 0.489407 2.708166 0.1741243 0.2892151 2.710934 0.07065395 0.3580562 2.457273 0.6769214 0.4382951 2.670994 0.8069708 0.1913216 2.521302 0.7254455 0.198094 2.20003 0.3365337 0.05560361 2.60238 0.3092317 0.2497642 2.318006 0.5556416 -0.06131552 2.039115 0.5381176 0.02354179 2.579062 0.5967906 -0.4134147 2.612632 0.5440031 -0.781881 2.60491 
