0.5869343 0.7122434 2.738593 0.5610424 0.509697 2.673758 0.5294231 0.2960439 2.621799 0.4031767 0.540904 2.641503 0.2345231 0.3257318 2.564617 0.2444685 0.4335257 2.305356 0.718908 0.47849 2.706012 0.8789989 0.2309285 2.569786 0.8336176 0.2399877 2.284438 0.3992533 0.1018723 2.549705 0.265176 -0.3131185 2.591873 0.07030037 -0.7574891 2.657812 0.5963543 0.06290927 2.589975 0.576965 -0.3788785 2.548805 0.5472673 -0.7679789 2.58683 
0.5928843 0.720493 2.749284 0.5660812 0.5183198 2.681374 0.5341883 0.3052211 2.627315 0.4065673 0.5481524 2.657882 0.2327102 0.3394133 2.584322 0.2229286 0.4507644 2.323223 0.7255951 0.4884871 2.704866 0.8789332 0.2459285 2.553901 0.8270241 0.2532115 2.273906 0.4026577 0.1107568 2.558582 0.2621933 -0.2969975 2.517467 0.1135357 -0.6973952 2.58093 0.6019331 0.07348783 2.58793 0.5702961 -0.3684996 2.567327 0.5443135 -0.7673282 2.5839 
0.5943911 0.7225323 2.744082 0.5688804 0.5209083 2.684666 0.5380813 0.3062656 2.636752 0.4078853 0.5474821 2.66911 0.2310055 0.3545854 2.61457 0.1970756 0.4677134 2.353963 0.7298756 0.4943345 2.700223 0.8711426 0.2520554 2.535967 0.8085417 0.2637908 2.258111 0.4067757 0.1082124 2.579126 0.2733637 -0.2823352 2.455971 0.1801723 -0.6021503 2.477551 0.6077886 0.07503328 2.59855 0.5579462 -0.3654073 2.581231 0.5448518 -0.7814535 2.594089 
0.5936401 0.7321749 2.761507 0.56681 0.5291592 2.696212 0.5366598 0.3157022 2.642951 0.4050403 0.5521845 2.695507 0.2217734 0.3540189 2.644303 0.1781122 0.478551 2.39235 0.7285797 0.5061339 2.696917 0.858292 0.2568797 2.523443 0.786958 0.2584966 2.24592 0.405239 0.1166595 2.58925 0.2822601 -0.1725479 2.334349 0.2388294 -0.4484097 2.340133 0.6077802 0.08783104 2.590132 0.5381906 -0.3493809 2.564644 0.5373244 -0.7661178 2.571385 
0.5864435 0.7309793 2.76024 0.5610096 0.529511 2.700026 0.5304936 0.3157085 2.648144 0.3990333 0.550483 2.708873 0.2114232 0.3539767 2.665127 0.1528106 0.4704424 2.41858 0.7229859 0.508539 2.691179 0.8341941 0.2509561 2.508763 0.7574249 0.2414027 2.232523 0.3989968 0.1149805 2.601779 0.3051275 -0.01355669 2.280671 0.2979122 -0.2994876 2.238064 0.6009581 0.08883147 2.590747 0.5224013 -0.3475635 2.573927 0.5323814 -0.7826552 2.574509 
0.5780478 0.7236919 2.750667 0.5499502 0.5202824 2.69837 0.5155987 0.3061147 2.650741 0.3884448 0.5427269 2.713929 0.2052823 0.3513965 2.692131 0.1330671 0.4581335 2.438075 0.7114556 0.4978379 2.682811 0.8106866 0.2345146 2.48695 0.7329707 0.2175363 2.21013 0.3805993 0.1059342 2.612808 0.3105022 0.1414719 2.277068 0.3638946 -0.1859935 2.155764 0.5818948 0.07795998 2.593416 0.5134889 -0.3597018 2.566277 0.5192389 -0.79364 2.577633 
0.5725989 0.70116 2.735564 0.5348238 0.5008237 2.68387 0.487546 0.2915679 2.628512 0.3749487 0.533768 2.695879 0.193262 0.3481421 2.706609 0.1143465 0.4367453 2.446746 0.694699 0.4678794 2.671862 0.783033 0.2158641 2.458452 0.7049636 0.1958587 2.181479 0.3400038 0.1029728 2.580685 0.3082891 0.2555411 2.270761 0.4414853 -0.07119164 2.083109 0.5405324 0.06165138 2.565623 0.5208449 -0.3720781 2.531951 0.5125887 -0.794336 2.560299 
0.5687067 0.6676293 2.725278 0.5251039 0.4645742 2.670416 0.4705541 0.2588761 2.607693 0.366216 0.5049276 2.676262 0.1786226 0.3194986 2.709762 0.09414762 0.4014471 2.453248 0.6839918 0.4242209 2.66457 0.7771803 0.1855104 2.527646 0.7012529 0.1965307 2.247416 0.3169965 0.07832329 2.548612 0.3313301 0.3235106 2.314001 0.571707 0.03980869 2.085324 0.515012 0.02803252 2.541327 0.573419 -0.4075029 2.535257 0.5438246 -0.7999442 2.579797 
0.5705079 0.6543635 2.721955 0.531871 0.4465216 2.674681 0.4835756 0.2366796 2.622078 0.3719143 0.4803338 2.686656 0.1830155 0.3070884 2.72056 0.09074854 0.3843652 2.461087 0.6918278 0.4127094 2.662706 0.7721498 0.1558242 2.553283 0.7121704 0.1220838 2.271008 0.3374266 0.0475222 2.5768 0.3378581 0.3237681 2.325197 0.6145466 0.06091705 2.095359 0.5331336 0.006153 2.562148 0.5937048 -0.4286596 2.547665 0.5563574 -0.7977232 2.597791 
0.5703231 0.6461178 2.721362 0.5335157 0.4361283 2.679318 0.489518 0.2238979 2.632241 0.3731629 0.4654572 2.696963 0.1881052 0.2919677 2.729625 0.09412134 0.3719245 2.470116 0.6938685 0.4067995 2.661674 0.7615637 0.1379981 2.574621 0.71518 0.06398953 2.297517 0.3464054 0.02979573 2.596071 0.3183135 0.3120904 2.313188 0.6211578 0.05216492 2.081769 0.5446352 -0.006460892 2.574258 0.5847536 -0.444802 2.545687 0.5495037 -0.7930307 2.590499 
