0.2240556 0.7024388 2.763864 0.1617612 0.4935533 2.741595 0.09899792 0.279288 2.72799 0.01015226 0.5413605 2.688089 -0.1995207 0.2972318 2.585636 -0.2225402 0.165214 2.3167 0.3133701 0.4457462 2.795101 0.3999534 0.1863584 2.530619 0.3911648 0.1268141 2.236407 -0.05698635 0.09441827 2.681485 -0.1757093 -0.3165542 2.789519 -0.3426891 -0.7654071 2.882062 0.1294557 0.03562714 2.747284 0.110803 -0.3984024 2.642107 0.09827522 -0.7703542 2.681704 
0.2290712 0.7018498 2.761555 0.1664712 0.4926796 2.74071 0.1028571 0.2784934 2.728798 0.01298051 0.5409116 2.693154 -0.2023705 0.3067937 2.606915 -0.2432273 0.15772 2.349666 0.3199619 0.4444476 2.788266 0.406006 0.1828456 2.545654 0.3983351 0.1147067 2.244918 -0.05520171 0.093985 2.687624 -0.1837716 -0.3263308 2.758859 -0.3521038 -0.7558671 2.852202 0.1336878 0.03462943 2.746148 0.1229215 -0.4017676 2.648323 0.1047398 -0.7650697 2.677691 
0.2340648 0.7130386 2.770815 0.1696923 0.5013906 2.745857 0.1068073 0.2871657 2.73118 0.01378616 0.5497304 2.708285 -0.204248 0.314485 2.623442 -0.2636942 0.1600975 2.37702 0.3255984 0.4530508 2.783429 0.4029024 0.1878852 2.548805 0.398262 0.1160708 2.247013 -0.05216715 0.1027341 2.693347 -0.1848208 -0.320113 2.716098 -0.3394925 -0.7225938 2.811466 0.1400116 0.04314769 2.73966 0.1278103 -0.3956252 2.65364 0.107035 -0.7549223 2.674618 
0.2392999 0.7272505 2.785962 0.1747104 0.512868 2.755777 0.1121918 0.2990344 2.735631 0.01686722 0.5615245 2.729158 -0.2017579 0.3174232 2.657213 -0.2962861 0.1680274 2.421903 0.3325535 0.4642116 2.782397 0.4022354 0.1938649 2.549406 0.3865327 0.1275172 2.246609 -0.04756248 0.1151746 2.699087 -0.1766684 -0.3063056 2.665613 -0.3037234 -0.6701686 2.739595 0.146909 0.0552271 2.731884 0.1320327 -0.3867606 2.667705 0.108981 -0.7517538 2.676832 
0.2435638 0.7403867 2.804547 0.1785499 0.5260826 2.768054 0.1162357 0.3129139 2.741693 0.01919965 0.5743757 2.754217 -0.2060577 0.3209507 2.692608 -0.318105 0.1813232 2.455451 0.3379003 0.4777896 2.781892 0.3988346 0.203327 2.534718 0.3723814 0.1373376 2.236152 -0.04426015 0.1295003 2.706806 -0.1686167 -0.249562 2.555282 -0.2501948 -0.5919408 2.653645 0.1521029 0.0699901 2.723858 0.126487 -0.3737259 2.6799 0.1084186 -0.7512948 2.678784 
0.2494134 0.7356101 2.79289 0.1812245 0.5240197 2.769842 0.1140593 0.3116723 2.750533 0.02213779 0.5751957 2.760416 -0.2014695 0.3313724 2.732903 -0.3386498 0.1990709 2.501653 0.3403111 0.4728437 2.779268 0.3915245 0.2137109 2.53088 0.3601334 0.1398513 2.233325 -0.05081959 0.130758 2.725435 -0.1643303 -0.1366247 2.459896 -0.1951194 -0.4983141 2.566078 0.1446078 0.06789175 2.737015 0.1114738 -0.3767636 2.710062 0.09589048 -0.7708224 2.697059 
0.2518298 0.7369452 2.808537 0.1825648 0.5263915 2.779152 0.1137133 0.3151791 2.753941 0.02346239 0.5786622 2.775748 -0.2058098 0.3382881 2.758966 -0.3562313 0.2022652 2.53462 0.3416672 0.4741206 2.782555 0.3796361 0.21781 2.526994 0.3406803 0.1406241 2.234951 -0.05296523 0.1361064 2.726638 -0.1438887 -0.01118747 2.381316 -0.1222832 -0.3685321 2.451407 0.1426888 0.07182705 2.730823 0.1172245 -0.3723717 2.689589 0.1014649 -0.7662764 2.67516 
0.2492663 0.7301339 2.819222 0.179947 0.5233213 2.787126 0.109301 0.3130608 2.758098 0.02101398 0.5769552 2.785434 -0.2104481 0.353577 2.791737 -0.3738537 0.2130951 2.574735 0.3388801 0.4696874 2.788817 0.3614085 0.2054461 2.516256 0.3237856 0.1197048 2.223767 -0.05909119 0.135786 2.728029 -0.129395 0.1434127 2.3322 -0.02974362 -0.2264235 2.314722 0.1364012 0.0698147 2.73011 0.1177986 -0.3751959 2.688754 0.09774251 -0.7754803 2.681633 
0.2474441 0.7171242 2.821162 0.1760417 0.5111578 2.788775 0.102926 0.3019025 2.758485 0.01778869 0.5668353 2.786132 -0.219714 0.3497872 2.793354 -0.3874398 0.2112975 2.568798 0.3342947 0.4554802 2.791418 0.3447127 0.1962203 2.517128 0.3106124 0.1071084 2.22137 -0.06754514 0.1268995 2.726569 -0.1301169 0.2029208 2.333912 0.0392088 -0.1734973 2.261173 0.1271658 0.05839508 2.729821 0.1200427 -0.3859739 2.680019 0.09442911 -0.7809579 2.682628 
0.2456908 0.7006079 2.823132 0.1696616 0.4968824 2.790195 0.09304454 0.2891589 2.758149 0.01244287 0.5553938 2.786807 -0.2318467 0.3418914 2.793154 -0.3923429 0.2045966 2.562171 0.3268803 0.438371 2.793582 0.3390813 0.2095308 2.552604 0.2895492 0.1017811 2.264447 -0.08030894 0.1174373 2.72402 -0.1341077 0.2499448 2.340639 0.1105551 -0.1092643 2.22827 0.1131639 0.04543336 2.728189 0.1217601 -0.3958915 2.659628 0.08982418 -0.7837303 2.681338 
0.2470101 0.6891791 2.823141 0.1654284 0.4870033 2.78993 0.08356741 0.28163 2.756083 0.009682961 0.549327 2.788449 -0.2321656 0.3359457 2.793743 -0.3881807 0.2002953 2.5584 0.3211738 0.4246797 2.791411 0.3326534 0.2073951 2.567998 0.2675246 0.08526822 2.28813 -0.09414313 0.1146122 2.721325 -0.1370227 0.2868825 2.354903 0.1618087 -0.05272195 2.223218 0.09755597 0.0379012 2.723147 0.1189773 -0.4016168 2.645444 0.08680211 -0.7754169 2.673463 
0.2469455 0.6867166 2.823633 0.1627717 0.4843896 2.790525 0.07846227 0.280104 2.755852 0.007679916 0.5484204 2.790385 -0.226058 0.3296245 2.783863 -0.3794083 0.1889773 2.549509 0.3178635 0.4203588 2.790666 0.3297171 0.2032896 2.574635 0.2674769 0.06109651 2.303309 -0.1012604 0.1152104 2.721093 -0.1277222 0.2889662 2.356036 0.1841936 -0.03433609 2.227694 0.08956604 0.03642622 2.721266 0.1239971 -0.4037749 2.652099 0.09323615 -0.768928 2.675357 
0.2483741 0.6925388 2.823354 0.1641602 0.4875665 2.790571 0.07939626 0.2832588 2.756927 0.009145355 0.5518625 2.790676 -0.2199085 0.325288 2.772165 -0.371516 0.1773762 2.541148 0.3191751 0.4232706 2.790466 0.3248645 0.1751409 2.562796 0.2739515 0.05549222 2.281477 -0.100734 0.1185063 2.723348 -0.1177506 0.2764753 2.349878 0.1702072 -0.08267581 2.228207 0.08999852 0.03939572 2.723219 0.1267128 -0.4026105 2.667325 0.1010163 -0.7647474 2.677563 
