0.2208015 0.6936665 2.781012 0.1586285 0.4827275 2.759347 0.0932387 0.2692757 2.74402 0.006252869 0.5328891 2.710851 -0.1530844 0.2802195 2.560454 -0.1366102 0.2222884 2.276528 0.3110042 0.4325659 2.807843 0.3976575 0.1612248 2.740768 0.3941175 0.1350131 2.449334 -0.06576948 0.08664278 2.698899 -0.1778631 -0.3268037 2.807389 -0.3392579 -0.7647814 2.879476 0.1214672 0.02500504 2.75849 0.1148118 -0.412187 2.665102 0.108695 -0.7656702 2.66922 
0.2201831 0.7056162 2.790522 0.160302 0.4907182 2.76372 0.09790343 0.2769338 2.742817 0.006291622 0.54 2.719436 -0.1620993 0.2771944 2.579206 -0.1446262 0.2205331 2.295051 0.3143123 0.4414364 2.808003 0.4120978 0.1325493 2.73201 0.4126467 0.1314615 2.535372 -0.05922249 0.09346132 2.694676 -0.1817854 -0.3265905 2.76088 -0.3311438 -0.7364066 2.846955 0.1302323 0.03283768 2.749151 0.1229673 -0.4070513 2.669437 0.116353 -0.7626193 2.668957 
0.218124 0.7256019 2.806715 0.1608198 0.5059927 2.774212 0.1015608 0.2918737 2.748458 0.003827812 0.553449 2.740892 -0.1871745 0.2922874 2.614529 -0.184462 0.227731 2.329273 0.3178117 0.4585364 2.807533 0.4145636 0.1327181 2.731153 0.4193883 0.1493809 2.568138 -0.05447056 0.1070075 2.702165 -0.1808276 -0.3158592 2.712019 -0.3090448 -0.683043 2.800113 0.1390743 0.04850174 2.743243 0.1181059 -0.3935808 2.682635 0.1147315 -0.7561346 2.675279 
0.2105416 0.7340251 2.815214 0.156791 0.5181019 2.783536 0.1007027 0.3030814 2.757885 -0.003241791 0.5615106 2.769587 -0.196578 0.3081866 2.655545 -0.2423077 0.2360808 2.379425 0.3168238 0.4746932 2.797485 0.3822269 0.1942259 2.745579 0.3964321 0.1753078 2.453904 -0.05442307 0.1149247 2.723602 -0.1738196 -0.305067 2.670053 -0.2718607 -0.6132932 2.734325 0.1436517 0.06119716 2.740867 0.1064835 -0.3814679 2.694835 0.1088519 -0.7589009 2.678843 
0.2009856 0.7455807 2.829011 0.1504225 0.5316633 2.794436 0.09776535 0.3163193 2.76471 -0.01123123 0.5710331 2.795585 -0.2079395 0.3128201 2.687601 -0.2899601 0.2406308 2.422179 0.3120763 0.4922934 2.793287 0.4059073 0.1288227 2.703769 0.405731 0.1206992 2.48542 -0.05437135 0.1252029 2.735691 -0.1514381 -0.213982 2.530058 -0.2203788 -0.5107077 2.616182 0.1445877 0.0767476 2.734277 0.09741452 -0.3663647 2.702726 0.1080471 -0.7604098 2.672761 
0.1886249 0.7469563 2.83638 0.1437658 0.5333993 2.802749 0.09618701 0.3169091 2.772868 -0.01894196 0.5674967 2.814786 -0.2074782 0.3064565 2.736574 -0.3212907 0.2396985 2.481519 0.3064736 0.4993019 2.790713 0.4077275 0.1420948 2.66871 0.3965251 0.1250344 2.416686 -0.05133194 0.1213627 2.75038 -0.1287234 -0.06801535 2.443333 -0.1531937 -0.3968782 2.513895 0.1485483 0.07947533 2.735594 0.1036761 -0.3647275 2.712614 0.1104088 -0.7738442 2.68013 
0.1792246 0.7420068 2.839737 0.134457 0.5283915 2.80958 0.08693474 0.3115883 2.781574 -0.02773838 0.5610678 2.831845 -0.2136972 0.2991779 2.777742 -0.3525064 0.2310528 2.531009 0.2966525 0.4957151 2.787314 0.3997404 0.158713 2.638716 0.374761 0.125384 2.367592 -0.06022898 0.1148591 2.767246 -0.1250923 0.07436171 2.407324 -0.1033275 -0.2635698 2.421104 0.1390539 0.07471105 2.73989 0.09305552 -0.3690165 2.708321 0.09705448 -0.7790493 2.679924 
0.1727822 0.7298426 2.830915 0.1290435 0.514258 2.810172 0.08195037 0.2966966 2.788529 -0.03226865 0.5461622 2.840461 -0.2227263 0.2984443 2.810826 -0.3745574 0.216162 2.581193 0.2903556 0.4823538 2.779882 0.38914 0.1620882 2.610833 0.3529581 0.1109619 2.332357 -0.06424805 0.09873616 2.785495 -0.1146114 0.1702864 2.396943 -0.02422901 -0.1896793 2.340333 0.1339626 0.0595342 2.748277 0.1069327 -0.3833868 2.697939 0.1025635 -0.7907694 2.685246 
0.1690848 0.7078517 2.827566 0.1269727 0.4936468 2.810706 0.08348528 0.2749804 2.79305 -0.0353115 0.5236027 2.839418 -0.2288789 0.2852451 2.84191 -0.3848914 0.1950308 2.621814 0.2892569 0.4636908 2.781994 0.3709497 0.1925606 2.619188 0.3285181 0.1204092 2.341339 -0.05967868 0.07471319 2.793029 -0.1048229 0.2311324 2.388864 0.07236824 -0.1308505 2.272059 0.1396744 0.03791479 2.757758 0.1300842 -0.4004142 2.677552 0.115833 -0.8002998 2.684963 
0.167988 0.6962116 2.835299 0.1250525 0.4823091 2.813978 0.08072014 0.2641178 2.792546 -0.03688892 0.5121147 2.845515 -0.2192051 0.2712958 2.86664 -0.393504 0.1711058 2.661187 0.2869939 0.4525034 2.782441 0.3578405 0.2011631 2.618835 0.3118984 0.1054526 2.346475 -0.06316888 0.0642501 2.790502 -0.1180647 0.2701064 2.375093 0.1320309 -0.06888498 2.236191 0.1359445 0.02760294 2.751726 0.1266868 -0.4054943 2.64613 0.1037437 -0.7861491 2.671722 
0.1693688 0.6857666 2.829262 0.1245052 0.4726528 2.81224 0.0791072 0.2543484 2.794253 -0.03695282 0.5034748 2.845669 -0.2174951 0.261465 2.878885 -0.3927582 0.1593081 2.671593 0.2859632 0.4418308 2.778811 0.3331766 0.2089075 2.601337 0.2781451 0.06159863 2.351797 -0.06558903 0.05499988 2.796826 -0.1241747 0.275044 2.381123 0.1598731 -0.05245172 2.228672 0.1330074 0.0170882 2.755708 0.1248643 -0.4194548 2.662085 0.1053297 -0.7899546 2.682351 
0.1682757 0.6860901 2.82891 0.121665 0.4716449 2.810584 0.07334281 0.254028 2.791616 -0.03903737 0.5042168 2.84629 -0.2179777 0.2530789 2.879424 -0.3932464 0.14854 2.670611 0.2823674 0.439073 2.774878 0.3354157 0.2118127 2.596866 0.2763309 0.05734283 2.350495 -0.07384291 0.05644911 2.794614 -0.1336304 0.2655457 2.367348 0.1543816 -0.08182821 2.216985 0.1238841 0.01637288 2.750681 0.1153194 -0.4227869 2.667525 0.1053877 -0.7764857 2.681193 
