0.2366053 0.7055057 2.762935 0.1756183 0.4972212 2.739674 0.112571 0.283136 2.723501 0.02220862 0.5458968 2.693381 -0.1602955 0.3011583 2.575431 -0.1563647 0.2131828 2.298529 0.329028 0.4485456 2.785967 0.4230089 0.1369027 2.63008 0.4529271 0.05308067 2.332509 -0.04477768 0.09897174 2.678872 -0.1453328 -0.3213665 2.76839 -0.2956656 -0.7741223 2.778182 0.1438251 0.03912964 2.735785 0.1350408 -0.4011344 2.657988 0.1016905 -0.7806905 2.685475 
0.2393715 0.7084752 2.781526 0.1779649 0.4977371 2.745277 0.1152136 0.284702 2.719594 0.02589809 0.5484384 2.696265 -0.1685708 0.2979951 2.569173 -0.1672726 0.1994215 2.297455 0.3300318 0.4470357 2.794289 0.4255922 0.1334871 2.641086 0.4552551 0.04586967 2.345442 -0.0410235 0.1028365 2.66378 -0.1440649 -0.3242897 2.723443 -0.3056992 -0.7646105 2.74578 0.1459481 0.04049741 2.724042 0.1366037 -0.3997934 2.645368 0.1061491 -0.770359 2.674674 
0.241144 0.7160963 2.802813 0.1804691 0.5047769 2.755643 0.1186373 0.2927938 2.721155 0.02783598 0.5567926 2.709573 -0.1788345 0.3050754 2.591559 -0.1860564 0.2006439 2.317909 0.3331023 0.4527612 2.801713 0.4256978 0.1312113 2.639056 0.4495464 0.05240911 2.344165 -0.03706585 0.112801 2.658334 -0.1492043 -0.3156806 2.673605 -0.3053183 -0.7342987 2.711974 0.1506769 0.04882034 2.715002 0.1362368 -0.3942371 2.658598 0.1081263 -0.7614666 2.677682 
0.2413152 0.7265391 2.817794 0.1817915 0.5182852 2.769768 0.1197398 0.3068845 2.731071 0.02676851 0.570541 2.732878 -0.1924839 0.3292996 2.637647 -0.2320444 0.2119822 2.367197 0.3368144 0.4660293 2.806657 0.424885 0.145289 2.64402 0.4453624 0.05613205 2.348732 -0.03771739 0.1276435 2.669671 -0.1520212 -0.2913416 2.586372 -0.2802162 -0.6722468 2.620819 0.1530937 0.063324 2.715077 0.1291289 -0.3816988 2.677998 0.1074366 -0.7650974 2.686113 
0.2348696 0.7236976 2.821887 0.1795148 0.5168049 2.776117 0.1214492 0.3046089 2.735636 0.02241776 0.5658902 2.744156 -0.1947644 0.3296994 2.668277 -0.2608696 0.2150439 2.40851 0.3366119 0.4677197 2.808077 0.4244103 0.1576342 2.640424 0.4388124 0.06014941 2.340359 -0.03330395 0.1226231 2.675486 -0.1360322 -0.2763413 2.523837 -0.2314647 -0.6220359 2.516477 0.1600712 0.06220271 2.714827 0.1358898 -0.3829128 2.676921 0.1135975 -0.7761406 2.688345 
0.2294505 0.7293459 2.832501 0.1743941 0.5212708 2.787757 0.1163282 0.3090003 2.747427 0.01507882 0.5684355 2.76889 -0.2038756 0.3263446 2.69813 -0.2920358 0.2142954 2.440714 0.3337094 0.474106 2.806624 0.4207111 0.1678192 2.642719 0.4173666 0.07047258 2.341845 -0.04002727 0.125828 2.695457 -0.1284569 -0.2333881 2.467358 -0.1791464 -0.5212998 2.427379 0.1565518 0.06763148 2.718737 0.1200212 -0.3767951 2.683866 0.1003292 -0.7711231 2.689765 
0.2214376 0.7256643 2.852712 0.1658831 0.5180098 2.80535 0.107746 0.3063175 2.762099 0.004686794 0.5631517 2.801079 -0.2120137 0.3248963 2.748527 -0.32835 0.205928 2.495031 0.3270794 0.4728679 2.809621 0.4041074 0.1729261 2.633436 0.3889801 0.07985532 2.323982 -0.04951931 0.1223854 2.71622 -0.0834944 -0.1392656 2.372307 -0.08284225 -0.3862748 2.276804 0.1487373 0.06686496 2.721473 0.120102 -0.3781924 2.685472 0.1033499 -0.7768535 2.682673 
0.210273 0.717388 2.849394 0.1562036 0.5097179 2.808706 0.1003696 0.2967606 2.768918 -0.005809097 0.5526628 2.806202 -0.2174891 0.3164332 2.777726 -0.3509035 0.2047462 2.519505 0.3182164 0.466773 2.811209 0.391578 0.169473 2.613718 0.3711287 0.08154435 2.303349 -0.05505021 0.1102006 2.727591 -0.0536595 -0.08389668 2.341776 -0.0248334 -0.3190038 2.212293 0.1441213 0.05740602 2.730669 0.1202174 -0.387208 2.686925 0.1016016 -0.7899277 2.693304 
0.2006786 0.7021024 2.858734 0.1467339 0.494549 2.814404 0.09242746 0.2816027 2.772434 -0.01581736 0.5355554 2.816678 -0.2237708 0.3082525 2.798351 -0.3676898 0.2000606 2.539904 0.3092851 0.4535427 2.812131 0.3777512 0.1652255 2.587829 0.3573997 0.08010898 2.276395 -0.0618802 0.0938833 2.731862 -0.02160346 -0.002576668 2.318706 0.05756998 -0.2372513 2.159241 0.1381223 0.04342926 2.729065 0.1257201 -0.3957488 2.652028 0.1000165 -0.7921819 2.68098 
0.1920274 0.6861998 2.862435 0.1375366 0.4793395 2.814849 0.08187197 0.2676039 2.768841 -0.02487273 0.5209972 2.819632 -0.2329068 0.2981536 2.813684 -0.3840184 0.1854355 2.557088 0.299946 0.4376818 2.810066 0.3618425 0.1565947 2.573434 0.347746 0.06915639 2.262263 -0.07368091 0.08148946 2.725774 -0.04368416 0.1529873 2.329154 0.1344026 -0.14635 2.135922 0.1260955 0.03024719 2.719891 0.1256478 -0.4071628 2.630408 0.09204177 -0.7918203 2.673635 
0.1838656 0.6686248 2.853271 0.1309726 0.4659157 2.811002 0.074264 0.2542232 2.765942 -0.03130443 0.5082221 2.816473 -0.2299427 0.2950789 2.818842 -0.3807562 0.1820225 2.56409 0.2932497 0.4236092 2.80553 0.3729293 0.1652928 2.711705 0.3470127 0.1094009 2.398061 -0.08226369 0.06855404 2.724248 -0.05745819 0.2342553 2.350577 0.1980852 -0.07541336 2.159961 0.1173744 0.01650736 2.717517 0.1290095 -0.4221173 2.633137 0.09580138 -0.7965685 2.681521 
0.1789415 0.6631556 2.849191 0.1234336 0.4579541 2.808358 0.06629365 0.2461499 2.764302 -0.03880667 0.5003127 2.815138 -0.2329662 0.2780358 2.807424 -0.3731843 0.1579269 2.546876 0.2856739 0.4155955 2.801579 0.3537727 0.2104236 2.700181 0.328566 0.07690555 2.424233 -0.09066062 0.06040569 2.724416 -0.06933291 0.2679474 2.354229 0.2259387 -0.04388687 2.178921 0.108968 0.008285568 2.716074 0.1252363 -0.4304758 2.631348 0.09533425 -0.7891341 2.680508 
0.1737735 0.667871 2.846643 0.1200079 0.459887 2.80832 0.0660248 0.2465329 2.768198 -0.04284608 0.4997723 2.815341 -0.2344782 0.2680145 2.802679 -0.368043 0.1453592 2.532335 0.2828619 0.4200017 2.8013 0.3518948 0.2092154 2.710104 0.3263763 0.07301175 2.44269 -0.08816632 0.05772118 2.732397 -0.07048071 0.273363 2.356017 0.2286551 -0.04705417 2.201863 0.1122497 0.008636413 2.723757 0.127774 -0.4317265 2.646915 0.1066482 -0.7796031 2.687157 
0.1700545 0.6829275 2.845357 0.1175637 0.4715201 2.80859 0.06579078 0.2569664 2.77217 -0.0456694 0.5093784 2.817607 -0.2387194 0.2784865 2.799804 -0.3612046 0.1489878 2.532887 0.2807967 0.4336619 2.799573 0.3584772 0.2026226 2.69855 0.3233777 0.07263391 2.438463 -0.08642584 0.06570841 2.741299 -0.07826333 0.2540109 2.347916 0.1798046 -0.1016977 2.208339 0.1144616 0.01911708 2.730201 0.1152785 -0.4223443 2.65917 0.1043982 -0.7709965 2.688205 
