0.6229857 0.6960355 2.751536 0.5799839 0.5000207 2.686852 0.5306085 0.2900585 2.633931 0.4240485 0.5434081 2.660201 0.2427486 0.3459209 2.596952 0.2583044 0.4457166 2.327468 0.7359193 0.4566333 2.713502 0.8557112 0.2049858 2.548916 0.8288651 0.2386902 2.263748 0.3840729 0.1071302 2.564405 0.273832 -0.3072988 2.650248 0.06914245 -0.7815171 2.746033 0.5783935 0.0530625 2.597617 0.5611274 -0.3876487 2.546636 0.5412405 -0.7898549 2.574347 
0.627468 0.6985643 2.755235 0.5831505 0.5019156 2.688218 0.5341338 0.291799 2.635384 0.4256813 0.5434811 2.669006 0.240378 0.3479629 2.604461 0.2499201 0.4452355 2.331496 0.7406198 0.46035 2.707429 0.8643573 0.2194938 2.531455 0.8152191 0.2443585 2.251819 0.3868185 0.1076293 2.570557 0.2521943 -0.3064139 2.597205 0.09295009 -0.7407249 2.702861 0.5834156 0.0557356 2.594542 0.5621653 -0.386047 2.555835 0.5426259 -0.7781901 2.570488 
0.6347422 0.7128915 2.753522 0.5889024 0.5127194 2.690823 0.5397129 0.3012158 2.64412 0.4294976 0.5506785 2.686809 0.2356376 0.3641966 2.637341 0.220122 0.4501099 2.361266 0.7483071 0.4747604 2.694837 0.8641471 0.2416443 2.500888 0.795815 0.2544531 2.224396 0.3909763 0.1134172 2.59491 0.2407899 -0.2901274 2.517947 0.1483964 -0.6413021 2.591873 0.5900705 0.06600696 2.599923 0.5502161 -0.3754404 2.573959 0.5402145 -0.772022 2.570869 
0.6375909 0.7198622 2.756737 0.5897173 0.5198776 2.695021 0.5404757 0.3081055 2.649462 0.4299266 0.55617 2.69903 0.2328424 0.3745731 2.656155 0.2009456 0.4571963 2.38744 0.7495081 0.4835853 2.691012 0.8496073 0.2573341 2.481957 0.7741374 0.2644246 2.206347 0.3915134 0.1189824 2.606405 0.2330227 -0.2442135 2.440053 0.1882945 -0.5585752 2.501941 0.5909545 0.07368446 2.601402 0.5356708 -0.3663172 2.593978 0.5391255 -0.7809206 2.569572 
0.63538 0.7215745 2.747815 0.589491 0.5203599 2.693751 0.5419518 0.3072615 2.653048 0.4292734 0.5544486 2.702408 0.2274834 0.3832273 2.684017 0.1861361 0.4639158 2.412981 0.7497086 0.4862712 2.685095 0.8298903 0.2647051 2.473979 0.7470753 0.2603646 2.200005 0.3945019 0.1154205 2.617744 0.2437326 -0.1159641 2.36261 0.2413685 -0.4441449 2.402554 0.5943235 0.07290552 2.606947 0.5298055 -0.3661905 2.602116 0.5424311 -0.790552 2.569602 
0.6311258 0.7149049 2.732929 0.5846335 0.5125224 2.689254 0.5343104 0.2989133 2.65572 0.4250983 0.5477811 2.704066 0.2188457 0.3849795 2.70907 0.148439 0.453794 2.442739 0.7441688 0.4772637 2.674442 0.808091 0.2554115 2.462017 0.7250914 0.2420315 2.187715 0.3844411 0.1073049 2.631428 0.2398048 0.01514738 2.321327 0.2856227 -0.335443 2.309299 0.5835335 0.06330366 2.612943 0.5071545 -0.3738026 2.601276 0.5265988 -0.7979313 2.569077 
0.6288108 0.7020951 2.725971 0.5801287 0.4994859 2.686531 0.527837 0.2859458 2.655195 0.4212498 0.5354831 2.706353 0.211948 0.3839544 2.732064 0.1196679 0.4351824 2.473817 0.7390075 0.4634886 2.666709 0.7765818 0.2302161 2.445037 0.6979744 0.2132164 2.169272 0.3764267 0.09486318 2.636225 0.2447565 0.1286721 2.298585 0.3596655 -0.232123 2.228071 0.5746641 0.04994838 2.611492 0.5158942 -0.3885648 2.582041 0.5317368 -0.805927 2.558533 
0.6282846 0.6834617 2.732468 0.5749787 0.4824277 2.68575 0.5173481 0.2723644 2.644015 0.4169159 0.5216718 2.706488 0.2069553 0.3720023 2.753451 0.1089131 0.4185793 2.493919 0.7330415 0.4431835 2.665013 0.7372838 0.2015825 2.426106 0.6630651 0.1828096 2.148648 0.3609943 0.08681236 2.615232 0.2354031 0.2185748 2.281316 0.4348575 -0.1313228 2.149559 0.5584404 0.03779009 2.589327 0.5232552 -0.4016044 2.545598 0.5231171 -0.8003712 2.539963 
0.6275844 0.6623744 2.725722 0.5687244 0.4614145 2.680596 0.5049618 0.2535461 2.636405 0.4119335 0.5047981 2.702756 0.1994651 0.3620116 2.771702 0.09901912 0.3979294 2.507398 0.7255151 0.418031 2.658436 0.7429936 0.190315 2.47884 0.660381 0.1832427 2.200379 0.3432974 0.07276682 2.606051 0.2276323 0.2598072 2.300431 0.4993595 -0.0571416 2.133552 0.5391013 0.01858841 2.578377 0.5285895 -0.4225502 2.539859 0.5199456 -0.8093476 2.552151 
0.6270493 0.6472495 2.722831 0.5652475 0.4470978 2.678571 0.498866 0.2403058 2.632582 0.4089495 0.4922723 2.701045 0.2007317 0.3370078 2.774841 0.09609019 0.372703 2.517937 0.7215456 0.4019233 2.656096 0.7409558 0.1558983 2.502767 0.661415 0.1751693 2.223989 0.3349496 0.06170405 2.600618 0.2343116 0.2798747 2.304346 0.5421753 -0.0155997 2.118907 0.5300193 0.005323502 2.572569 0.5416527 -0.4355773 2.530233 0.5300857 -0.8008494 2.553251 
0.6253011 0.6392444 2.722912 0.5617396 0.438868 2.67994 0.4940069 0.2319286 2.636292 0.4061162 0.4842465 2.706291 0.1913852 0.336474 2.787936 0.1039596 0.3585702 2.525117 0.717363 0.3934896 2.653588 0.7401574 0.1435986 2.50713 0.6590152 0.1753111 2.229956 0.3291368 0.05331361 2.609093 0.2345487 0.2735707 2.312855 0.5594806 -0.02516653 2.118135 0.5234117 -0.003335251 2.576196 0.5436365 -0.4453593 2.547196 0.5329445 -0.7999431 2.562669 
