0.1471791 0.7191966 2.768896 0.116359 0.5057534 2.748409 0.08312511 0.2851286 2.733347 -0.04468433 0.5326027 2.71046 -0.1988682 0.2659487 2.605103 -0.1961547 0.1673445 2.311195 0.2774023 0.4789041 2.786357 0.3786366 0.155924 2.674583 0.408029 0.04370281 2.381854 -0.04910962 0.08100931 2.694957 -0.1577084 -0.3240116 2.829133 -0.3285736 -0.7804368 2.871017 0.1488921 0.04799832 2.741615 0.1127957 -0.3853254 2.638572 0.1004646 -0.7905906 2.684217 
0.1519788 0.7100349 2.763985 0.1192215 0.4961443 2.746359 0.08470964 0.2754664 2.734536 -0.04051943 0.5234282 2.70339 -0.1964782 0.2620229 2.592038 -0.1884446 0.1636913 2.303864 0.2789624 0.4688603 2.789328 0.3772641 0.1439318 2.678765 0.405833 0.02828395 2.388993 -0.04807276 0.07157323 2.696278 -0.1683023 -0.3367096 2.821568 -0.331391 -0.7826858 2.876056 0.1484683 0.03800371 2.749146 0.1146807 -0.3951976 2.643409 0.1029494 -0.784922 2.684649 
0.1616066 0.7096741 2.77299 0.1243907 0.4934442 2.750418 0.08667366 0.2734657 2.735568 -0.03309397 0.5237356 2.701691 -0.1986827 0.2644783 2.587947 -0.1902593 0.1600928 2.308168 0.2818754 0.4631528 2.799146 0.3751899 0.1304899 2.682835 0.4081554 0.0252505 2.3877 -0.04797162 0.07213089 2.690727 -0.1760345 -0.3430892 2.783459 -0.3380856 -0.772048 2.855335 0.1458848 0.03484354 2.750708 0.1125584 -0.3994466 2.648669 0.1011742 -0.7766614 2.679142 
0.1786677 0.724956 2.807999 0.1337987 0.5029727 2.76576 0.09167819 0.2857556 2.736409 -0.02127541 0.5400054 2.714233 -0.2026407 0.2776257 2.595231 -0.1988231 0.1653253 2.323714 0.2888727 0.4659399 2.817287 0.3742125 0.1288163 2.684555 0.4109813 0.02761331 2.386571 -0.04589445 0.09133319 2.675342 -0.1747335 -0.33039 2.716048 -0.3291093 -0.731607 2.8126 0.1450099 0.04574396 2.738774 0.1088222 -0.390416 2.646188 0.1029827 -0.7663346 2.669433 
0.1902691 0.7385793 2.837042 0.1422109 0.5170866 2.783016 0.09666396 0.3023525 2.74271 -0.01181841 0.5593076 2.732138 -0.2057835 0.2923206 2.618495 -0.2201119 0.1870634 2.346697 0.2962403 0.4748657 2.833894 0.3800735 0.1364069 2.683369 0.4110594 0.04627231 2.375665 -0.04362326 0.1135877 2.671109 -0.1602132 -0.3136085 2.667923 -0.3054754 -0.6836807 2.760189 0.1458572 0.06164926 2.733698 0.1056749 -0.3782975 2.668334 0.1031113 -0.7626395 2.674783 
0.1921515 0.7418594 2.852585 0.1458746 0.5257147 2.797218 0.09857929 0.3119092 2.752802 -0.008328136 0.5699802 2.748336 -0.2119061 0.3086786 2.642241 -0.2447762 0.2070972 2.37116 0.3000774 0.4814492 2.846101 0.3895079 0.1546921 2.682706 0.4090517 0.07136253 2.373035 -0.04354725 0.1253259 2.678325 -0.1441119 -0.2962407 2.605747 -0.2622249 -0.6337438 2.678393 0.1461151 0.07088134 2.738448 0.09222063 -0.3695995 2.688152 0.1068135 -0.7740325 2.687742 
0.1897446 0.7442062 2.859335 0.1449439 0.531178 2.808128 0.09824143 0.3172389 2.76288 -0.01175178 0.5740767 2.767028 -0.2274705 0.3198644 2.675107 -0.2802522 0.2193178 2.402869 0.3016395 0.4882792 2.849227 0.3917334 0.1738356 2.675837 0.4063999 0.09563197 2.365919 -0.04495489 0.129717 2.692322 -0.1236621 -0.2343571 2.495502 -0.2069979 -0.5513542 2.568081 0.1480328 0.07688249 2.742941 0.0922351 -0.364101 2.695064 0.1066785 -0.7746337 2.688979 
0.1830289 0.7462319 2.874247 0.1388067 0.5350978 2.820983 0.09197497 0.3225242 2.769799 -0.02053575 0.5770597 2.792503 -0.237425 0.3211423 2.695089 -0.3148492 0.2140885 2.426136 0.2981491 0.4931358 2.849464 0.3905995 0.1892985 2.658928 0.3942664 0.1143945 2.348542 -0.053115 0.1358266 2.701053 -0.0943699 -0.09923255 2.40597 -0.1525378 -0.4337311 2.453759 0.1434016 0.08407498 2.736177 0.08062021 -0.3559523 2.686474 0.09986962 -0.7746717 2.677022 
0.1736912 0.7419799 2.882103 0.1313729 0.5312609 2.828854 0.0871536 0.3185233 2.775799 -0.03029123 0.5695592 2.810028 -0.2447587 0.3131567 2.72497 -0.3457005 0.2046894 2.45779 0.293037 0.4929628 2.84768 0.390733 0.2046229 2.638383 0.38163 0.1164637 2.33008 -0.05655029 0.1293535 2.711159 -0.05246176 0.02045722 2.358184 -0.08904572 -0.3307921 2.356079 0.1424189 0.08221776 2.734329 0.08313821 -0.3583135 2.683582 0.1056464 -0.7879815 2.675542 
0.1669869 0.7285061 2.876076 0.1250633 0.5170678 2.828244 0.08185832 0.3031829 2.779042 -0.03814052 0.5522898 2.818442 -0.2467815 0.3014922 2.755404 -0.359784 0.1970234 2.483234 0.2882672 0.4818459 2.838045 0.3839925 0.2103669 2.620199 0.3636827 0.1145762 2.310577 -0.06174078 0.1109646 2.723811 -0.02804471 0.1215554 2.340788 -0.02883669 -0.2530692 2.282236 0.1390475 0.06763132 2.73587 0.08561877 -0.3711323 2.668434 0.1038969 -0.798687 2.678294 
0.1589759 0.7160341 2.871575 0.1171966 0.5041624 2.826558 0.07481138 0.2893823 2.780552 -0.04686885 0.5373239 2.822895 -0.2523365 0.2916971 2.773156 -0.3625882 0.1815885 2.488985 0.281262 0.4710009 2.83022 0.3690671 0.2032152 2.598105 0.3557692 0.09537415 2.288267 -0.06842099 0.09498587 2.732296 -0.02119487 0.215458 2.344065 0.05090914 -0.1803543 2.226289 0.1332733 0.05421866 2.736799 0.09453437 -0.3828664 2.652711 0.1012238 -0.7993969 2.681368 
0.1525194 0.6977681 2.857836 0.1120489 0.4875937 2.818844 0.07254442 0.2715532 2.776376 -0.05268183 0.5183866 2.815431 -0.250161 0.2718483 2.77555 -0.3612183 0.1574396 2.488999 0.2767797 0.4568007 2.822257 0.3511208 0.2231161 2.612448 0.3402083 0.08923076 2.317917 -0.06820367 0.07443812 2.731811 -0.02351654 0.2711362 2.34931 0.1410355 -0.11127 2.191922 0.1342835 0.03658743 2.736005 0.113537 -0.3996174 2.642021 0.1073605 -0.7990717 2.67646 
0.1553658 0.6841198 2.850482 0.1147069 0.4752281 2.811724 0.07490621 0.2595431 2.767566 -0.05014076 0.5061129 2.809451 -0.2485843 0.258428 2.763785 -0.3613099 0.1277179 2.482119 0.2795546 0.4443433 2.813997 0.3372556 0.2273342 2.622653 0.3369824 0.0605316 2.349271 -0.06626023 0.06284937 2.722011 -0.04236403 0.3092407 2.352096 0.204412 -0.05346231 2.201402 0.1364713 0.02486688 2.724806 0.1259958 -0.409245 2.619364 0.1067903 -0.7904291 2.668946 
0.1614101 0.6736531 2.836803 0.1193113 0.4643953 2.805491 0.0781024 0.2474989 2.770287 -0.04551375 0.4957283 2.805384 -0.2422459 0.2451594 2.767408 -0.3525082 0.1106108 2.484911 0.2841363 0.4330623 2.805599 0.3307525 0.2143199 2.624891 0.3265253 0.03404531 2.359735 -0.06449877 0.04987707 2.735017 -0.06187842 0.303444 2.380449 0.2250096 -0.04440756 2.236102 0.1382858 0.01132799 2.735149 0.1292582 -0.4256175 2.641068 0.108611 -0.7893938 2.686408 
0.1680778 0.6772938 2.818986 0.1237286 0.4630905 2.796393 0.08061087 0.2453968 2.769981 -0.04085891 0.4951094 2.801176 -0.2420186 0.2459574 2.770745 -0.3494993 0.1004883 2.492719 0.2883162 0.4310717 2.79161 0.3375165 0.2102273 2.665455 0.3161393 0.05103146 2.401377 -0.063802 0.04740896 2.746512 -0.07768915 0.2917262 2.370716 0.2062549 -0.06419955 2.237543 0.1387882 0.007997055 2.740626 0.1271451 -0.4298459 2.649969 0.1053577 -0.7792214 2.681997 
