0.5731003 0.6973464 2.685523 0.5470253 0.492209 2.646613 0.516696 0.274089 2.617718 0.3892916 0.5188253 2.611256 0.2098892 0.3174608 2.570296 0.219575 0.3890135 2.296765 0.7047588 0.4655926 2.68197 0.8056399 0.1969764 2.527945 0.7609287 0.2089724 2.242769 0.3881372 0.07254455 2.566804 0.2625047 -0.3395682 2.650159 0.05866836 -0.8029876 2.705703 0.5845965 0.03939349 2.610841 0.5410801 -0.3944919 2.527969 0.5388344 -0.7977538 2.57336 
0.5863881 0.7019476 2.692255 0.556971 0.4949938 2.649507 0.524206 0.277598 2.617895 0.3988461 0.5236182 2.616549 0.219431 0.3132399 2.580652 0.2229106 0.3946604 2.30508 0.7150959 0.4663695 2.682465 0.820796 0.1974806 2.532002 0.7761665 0.2064718 2.249364 0.3928909 0.07804213 2.565741 0.2476278 -0.3341846 2.615171 0.0658538 -0.7704729 2.680767 0.5899913 0.04236226 2.606822 0.5509258 -0.3929551 2.528282 0.5418141 -0.781733 2.567502 
0.6044368 0.7133331 2.707323 0.5705653 0.5059156 2.65998 0.5350585 0.2898335 2.622894 0.4107788 0.5359395 2.638028 0.2305122 0.3421476 2.602446 0.2123159 0.408121 2.329721 0.7303519 0.4758918 2.681932 0.8490712 0.2218039 2.506556 0.7796103 0.2237248 2.228717 0.3997884 0.09249686 2.572101 0.2380477 -0.3162623 2.543593 0.1007245 -0.6984275 2.616784 0.5993148 0.05500589 2.599513 0.5482654 -0.3830218 2.549032 0.5416771 -0.7744152 2.563873 
0.612291 0.720996 2.713672 0.5767566 0.5139865 2.665904 0.5399014 0.2981103 2.628713 0.4160864 0.5437663 2.652265 0.2272533 0.357568 2.618751 0.1924694 0.415599 2.345585 0.7374268 0.4842066 2.679543 0.8460329 0.2283975 2.497819 0.7709022 0.2286394 2.221471 0.402727 0.1008281 2.583006 0.243332 -0.2993384 2.499002 0.1402563 -0.6279886 2.548814 0.6033652 0.06364026 2.600038 0.5444358 -0.3750142 2.572365 0.5412805 -0.7762767 2.568062 
0.6179748 0.7256382 2.716843 0.5802668 0.5192463 2.669559 0.5422962 0.3035205 2.632501 0.4190533 0.5484186 2.664921 0.2271295 0.3677749 2.658396 0.1745351 0.4274335 2.388909 0.7414802 0.490074 2.674196 0.8340208 0.2386963 2.487949 0.7499743 0.2298754 2.213688 0.4036706 0.1060087 2.592548 0.2329927 -0.2211904 2.39266 0.1915774 -0.5174695 2.444457 0.6049804 0.06958082 2.598339 0.5395494 -0.3688842 2.577513 0.5397606 -0.7825145 2.56204 
0.6198952 0.723397 2.717909 0.5820276 0.5193833 2.671228 0.5434353 0.3036354 2.634885 0.420564 0.5479875 2.672877 0.2140763 0.3798738 2.686201 0.1471385 0.4306896 2.413811 0.7434912 0.4907791 2.669579 0.8110262 0.2313533 2.468495 0.7272473 0.2186931 2.193697 0.4041342 0.1057285 2.599571 0.2434618 -0.07045814 2.323046 0.2462542 -0.3770977 2.338945 0.6055518 0.07004623 2.597513 0.5409352 -0.369058 2.585503 0.5406632 -0.7882582 2.565519 
0.6208147 0.7116281 2.70864 0.5768778 0.5093303 2.669511 0.5289443 0.2948367 2.638959 0.4169947 0.5436263 2.679574 0.2036466 0.3877718 2.712874 0.1116727 0.4204989 2.444165 0.7367609 0.4750342 2.659447 0.7876605 0.2102264 2.46289 0.7056375 0.1939505 2.186917 0.3819131 0.1016004 2.614646 0.2352474 0.07891978 2.300605 0.2826436 -0.2524 2.251554 0.5801086 0.05908604 2.602171 0.5192297 -0.379106 2.5894 0.5182263 -0.801559 2.569252 
0.6214277 0.6907451 2.703327 0.5719322 0.4886205 2.666908 0.5174593 0.2755409 2.637164 0.413088 0.5275275 2.679092 0.2023185 0.3818724 2.739468 0.09551144 0.417215 2.47546 0.7307764 0.4497136 2.654724 0.7618318 0.1806157 2.438974 0.6834054 0.1631009 2.161782 0.3643296 0.08662613 2.614988 0.2461628 0.1758994 2.291397 0.3713608 -0.1737604 2.155872 0.5616434 0.03829658 2.599853 0.536825 -0.4007658 2.562694 0.5241018 -0.8098232 2.563272 
0.6214606 0.6664957 2.701679 0.5659755 0.4641718 2.663145 0.5060448 0.2536154 2.627016 0.4081504 0.5065271 2.678102 0.1946172 0.3594809 2.756212 0.07893962 0.3959394 2.497216 0.7238007 0.4218166 2.648187 0.7575868 0.1829836 2.486223 0.6805355 0.1703791 2.206367 0.3478617 0.06942675 2.600199 0.2445369 0.2326952 2.281695 0.4601359 -0.08663475 2.099433 0.5443666 0.01669115 2.581576 0.5476451 -0.4218385 2.528977 0.5233781 -0.810069 2.548504 
0.621986 0.6488923 2.700337 0.5624604 0.4459313 2.662183 0.4992044 0.2365517 2.624232 0.405326 0.4902896 2.679362 0.2017972 0.3357501 2.768613 0.06817844 0.3723314 2.519467 0.719595 0.4015729 2.645004 0.7585653 0.1525805 2.500439 0.6817034 0.1597807 2.22034 0.3380245 0.05481554 2.596987 0.2482198 0.254851 2.302453 0.5390193 -0.027314 2.106322 0.5338721 -0.0004713898 2.575576 0.5588084 -0.4397735 2.52916 0.5303725 -0.803417 2.558895 
0.6202639 0.6418535 2.702167 0.55905 0.4381511 2.665044 0.493744 0.2292969 2.627187 0.4026023 0.4832122 2.686328 0.1978977 0.3248719 2.774829 0.06731987 0.3532051 2.521169 0.7154978 0.3930901 2.643759 0.764569 0.1385033 2.512638 0.6819097 0.160625 2.234982 0.3308577 0.04854829 2.602605 0.2488929 0.2619632 2.312421 0.5567926 0.003880676 2.110356 0.5260182 -0.007662979 2.576053 0.5565642 -0.4482445 2.537788 0.5315737 -0.7918183 2.562917 
0.6168863 0.6427333 2.710588 0.5534575 0.4398456 2.672287 0.4867925 0.2310553 2.636256 0.3979654 0.4847799 2.699597 0.1974733 0.3229005 2.783937 0.08139815 0.3414012 2.524152 0.7089496 0.3949113 2.644977 0.7729251 0.1056211 2.50602 0.6646939 0.1282885 2.20837 0.3230819 0.0503093 2.61727 0.2457382 0.2548854 2.30404 0.5351881 -0.05115582 2.097508 0.5171731 -0.005779434 2.583181 0.5502732 -0.4475055 2.560531 0.5293854 -0.7854304 2.570323 
