0.3279364 0.6589128 2.823898 0.236332 0.466273 2.779204 0.1385173 0.2683927 2.742514 0.09618439 0.5444452 2.731228 -0.1222252 0.3164373 2.629588 -0.1216918 0.2334373 2.349678 0.3764795 0.3881007 2.827179 0.3982514 0.05559674 2.635895 0.406256 -0.04580638 2.320905 -0.04536583 0.1185201 2.67636 -0.1577694 -0.2953441 2.794078 -0.3568259 -0.7752213 2.887105 0.1267711 0.0225047 2.735287 0.1512008 -0.4165237 2.653652 0.1059944 -0.7773539 2.692572 
0.3216418 0.6714588 2.824424 0.2336141 0.4748203 2.77867 0.1391214 0.2752815 2.742409 0.08998521 0.5503639 2.73725 -0.1320936 0.3137384 2.641712 -0.1337629 0.2371561 2.361612 0.377243 0.3992768 2.82009 0.4066315 0.07079618 2.643867 0.3977699 -0.04583368 2.337744 -0.04375221 0.1222278 2.68066 -0.1656111 -0.29638 2.770487 -0.3577347 -0.7542362 2.866687 0.1330095 0.02925766 2.731635 0.1493849 -0.4118167 2.659668 0.1121659 -0.7615451 2.686964 
0.3138932 0.6821398 2.823175 0.2286048 0.4845656 2.780112 0.1370085 0.2834015 2.745511 0.08142744 0.5572254 2.747291 -0.1520031 0.3238502 2.664246 -0.1688778 0.2502809 2.384449 0.3757822 0.4119057 2.812932 0.4048649 0.08690619 2.646858 0.3867379 -0.02335729 2.344201 -0.04520353 0.1269735 2.690702 -0.1725645 -0.2960185 2.734768 -0.3447206 -0.71418 2.825287 0.1360279 0.03750157 2.731117 0.1393966 -0.4061638 2.678792 0.1110525 -0.7579688 2.688401 
0.3026969 0.6963763 2.822469 0.2203225 0.49547 2.782579 0.1327622 0.2921801 2.750241 0.06930038 0.5638467 2.761651 -0.1579276 0.3458844 2.692915 -0.2189035 0.2737512 2.426382 0.3713446 0.4270932 2.803506 0.4070266 0.1009766 2.630789 0.3759282 0.008328156 2.331604 -0.0478856 0.1310365 2.705003 -0.1750903 -0.2887724 2.675588 -0.3074179 -0.6578766 2.763994 0.1382896 0.04674382 2.730802 0.1320043 -0.3983954 2.69251 0.1102872 -0.7558765 2.686759 
0.2908144 0.7101457 2.822626 0.2119127 0.5062392 2.786802 0.1282161 0.3008878 2.757569 0.05797834 0.5702835 2.777641 -0.1678743 0.3558626 2.727236 -0.261291 0.284953 2.462897 0.3658471 0.4421948 2.795963 0.4066454 0.1150233 2.608288 0.3687109 0.03669933 2.309396 -0.0502664 0.1349721 2.722695 -0.1719145 -0.2449524 2.574569 -0.2519726 -0.574986 2.689674 0.1393053 0.05610082 2.733977 0.1167156 -0.3892738 2.707332 0.1110841 -0.7647334 2.685923 
0.2772869 0.7187206 2.822255 0.2018654 0.5131411 2.791258 0.1213528 0.3061874 2.764384 0.04613116 0.5736137 2.792134 -0.1703819 0.3648796 2.75846 -0.3021765 0.289128 2.50927 0.3575996 0.4526685 2.790382 0.4054109 0.1365364 2.600577 0.3573662 0.05939672 2.305941 -0.05493531 0.1364238 2.738049 -0.1650464 -0.1225137 2.471429 -0.1910755 -0.4660305 2.597482 0.1366157 0.06204337 2.736971 0.09968506 -0.3828205 2.716108 0.1117336 -0.7770367 2.680561 
0.261959 0.7205051 2.822078 0.1903589 0.5140473 2.795363 0.1141955 0.3052664 2.770048 0.03310027 0.5704615 2.80323 -0.183663 0.3639253 2.781593 -0.3250037 0.2958992 2.535818 0.3476174 0.457633 2.787496 0.3952487 0.155284 2.582216 0.3422533 0.07472685 2.292411 -0.05862131 0.1311587 2.749569 -0.1583724 -0.004291504 2.412143 -0.1328869 -0.34855 2.495669 0.1346857 0.06181259 2.739899 0.09938447 -0.3831093 2.712403 0.1101359 -0.7816496 2.679849 
0.2461421 0.715414 2.821964 0.17922 0.5062754 2.799503 0.1086627 0.2952406 2.777284 0.02066714 0.5577449 2.814141 -0.1957836 0.3544131 2.792614 -0.3463065 0.2820622 2.562436 0.3377729 0.4548059 2.784866 0.3892095 0.171675 2.574027 0.3210219 0.07759852 2.292518 -0.05940697 0.1158603 2.764067 -0.151084 0.1006486 2.39239 -0.07184122 -0.2529806 2.404153 0.1356175 0.05255136 2.746063 0.1054085 -0.3920718 2.708592 0.1148486 -0.7939322 2.677755 
0.2303454 0.7050709 2.822444 0.166178 0.4936821 2.803746 0.09956174 0.2811327 2.783623 0.007312271 0.5413504 2.826167 -0.2070124 0.3312481 2.81376 -0.360267 0.2582143 2.580489 0.3250438 0.4460137 2.781325 0.3656718 0.164368 2.560442 0.3031781 0.0629113 2.278456 -0.06478849 0.09790877 2.777293 -0.1551157 0.1850091 2.389771 5.661011E-06 -0.1818055 2.321652 0.1306794 0.03925783 2.749707 0.1081861 -0.4022855 2.686707 0.1059723 -0.7940995 2.676104 
0.2175954 0.6869423 2.822746 0.1561892 0.4762914 2.808181 0.09288539 0.2624779 2.790724 -0.003121529 0.5213532 2.833966 -0.2099497 0.3002721 2.825275 -0.3698329 0.2247768 2.594809 0.3154999 0.4312295 2.782396 0.353026 0.1820105 2.582242 0.2880234 0.05412703 2.312323 -0.06833672 0.07636113 2.789116 -0.1524811 0.2344183 2.391678 0.08907957 -0.124489 2.275119 0.1274999 0.0209677 2.757419 0.1187733 -0.4146554 2.663398 0.1062406 -0.8006667 2.681065 
0.2058296 0.6615683 2.818021 0.1460613 0.4490758 2.810107 0.08396392 0.2344501 2.800779 -0.01213148 0.4933817 2.843788 -0.1993097 0.2795945 2.846194 -0.3715757 0.1874132 2.630708 0.3042541 0.4047698 2.776427 0.340361 0.1722172 2.588878 0.2692028 0.01309662 2.336622 -0.07545649 0.0470822 2.812172 -0.1532062 0.2783877 2.381979 0.173184 -0.05508917 2.233339 0.1191895 -0.00743338 2.770731 0.1260352 -0.4321099 2.633993 0.1038474 -0.7848853 2.668329 
0.2024844 0.6582209 2.830576 0.1421846 0.4461649 2.814833 0.07919557 0.2322508 2.798539 -0.01551044 0.4897841 2.851797 -0.2074912 0.2702263 2.859684 -0.3785805 0.173352 2.644182 0.2998797 0.4025457 2.777869 0.3345207 0.1650301 2.585522 0.261023 0.01578688 2.327406 -0.08080135 0.04516954 2.804984 -0.1553571 0.278199 2.368432 0.1803379 -0.06253946 2.222111 0.1132144 -0.008496094 2.759506 0.1244096 -0.4364353 2.631704 0.1024137 -0.782583 2.663342 
0.2050769 0.666308 2.826851 0.1447133 0.4524461 2.81405 0.08069 0.2387642 2.797486 -0.0128576 0.4967998 2.850914 -0.2119925 0.2682475 2.85894 -0.3824847 0.1653632 2.645227 0.3022843 0.4080924 2.777187 0.3307696 0.1410039 2.570265 0.2605324 0.01387392 2.304153 -0.08025845 0.05236514 2.803597 -0.1488692 0.269758 2.366414 0.1564783 -0.1081112 2.218753 0.1135918 -0.002200577 2.758246 0.1304694 -0.4350027 2.64894 0.1081126 -0.7740108 2.677512 
