0.5550065 0.7185585 2.713697 0.5377874 0.5164037 2.662483 0.5155038 0.2987657 2.624156 0.3799772 0.5391014 2.625347 0.2171804 0.3244715 2.576341 0.2059098 0.3862155 2.299173 0.6955977 0.4937061 2.699619 0.8213241 0.2133579 2.538953 0.777289 0.2092207 2.250292 0.3948243 0.09527978 2.562674 0.2760066 -0.3010489 2.681335 0.08932594 -0.7837325 2.716117 0.591616 0.06697547 2.608984 0.5351766 -0.3676925 2.539689 0.5368509 -0.7978085 2.574896 
0.5551069 0.7069222 2.706828 0.5382611 0.5044531 2.657459 0.5161732 0.2864629 2.620894 0.381571 0.527429 2.615133 0.2100609 0.3157576 2.558185 0.2102737 0.3836436 2.285766 0.6949511 0.4814771 2.699784 0.8246337 0.2066618 2.541469 0.7873144 0.2059729 2.251004 0.3964336 0.08279172 2.557951 0.2786823 -0.3151545 2.695045 0.0832115 -0.7977414 2.732616 0.5917372 0.05415378 2.610707 0.537644 -0.378714 2.528736 0.536454 -0.7928717 2.57454 
0.565142 0.7058337 2.713375 0.5453079 0.5020564 2.659994 0.5211346 0.2848541 2.620269 0.3893594 0.5275046 2.615748 0.2125553 0.3143649 2.561565 0.2087165 0.3903104 2.287247 0.7012564 0.4766081 2.70424 0.8288391 0.2073452 2.539231 0.7999076 0.2032383 2.247071 0.3997378 0.08351709 2.552959 0.2649553 -0.320979 2.658415 0.07872264 -0.7834045 2.720706 0.5941849 0.05178644 2.608128 0.5398858 -0.382408 2.532482 0.5380545 -0.7838937 2.574795 
0.5770105 0.7101244 2.715689 0.5541385 0.5039777 2.663776 0.5284288 0.2867814 2.624876 0.3967466 0.5295551 2.624989 0.2162901 0.3236609 2.580305 0.1979157 0.3970568 2.302567 0.7115303 0.4784003 2.702563 0.8359352 0.2141815 2.532145 0.8076767 0.2160977 2.242828 0.404507 0.08554535 2.561772 0.2517964 -0.3217683 2.608797 0.08798735 -0.753552 2.693179 0.6009312 0.05362494 2.610178 0.5454329 -0.3824426 2.547613 0.5429935 -0.7774099 2.580749 
0.58421 0.7147728 2.726857 0.5603755 0.5086279 2.671179 0.5336851 0.2919774 2.629953 0.4008776 0.5335913 2.643252 0.2125749 0.351385 2.615687 0.1788778 0.4075675 2.33605 0.7198734 0.4836644 2.699105 0.8458806 0.2360412 2.519611 0.8056875 0.2377886 2.230418 0.4072947 0.09093129 2.57127 0.2385569 -0.3052095 2.533308 0.1193431 -0.681401 2.605642 0.6066945 0.05972267 2.606183 0.5466515 -0.3774172 2.557199 0.5429128 -0.771017 2.572343 
0.593151 0.7296329 2.753006 0.5671713 0.5246441 2.685256 0.5385457 0.310747 2.633629 0.406252 0.549787 2.670312 0.1999217 0.3625229 2.642434 0.1455953 0.417102 2.366637 0.7280906 0.4995014 2.700201 0.8404796 0.249251 2.500918 0.7880117 0.2574349 2.215199 0.4093235 0.1125674 2.572659 0.228087 -0.2319316 2.417519 0.1707218 -0.5587009 2.482393 0.6105165 0.08113211 2.591344 0.5440012 -0.3565975 2.565824 0.5411382 -0.7582092 2.556824 
0.5963571 0.7372317 2.757098 0.5629294 0.5357191 2.696725 0.5251282 0.3220142 2.650037 0.4015573 0.5641555 2.697219 0.1993137 0.3752523 2.69223 0.1064772 0.4249695 2.430677 0.7243015 0.5072827 2.696232 0.8339814 0.2703598 2.481873 0.7608117 0.259546 2.203186 0.3867261 0.1260368 2.603657 0.2329054 -0.03084505 2.317534 0.2455641 -0.3900374 2.347003 0.5879281 0.09058182 2.603041 0.523982 -0.3483202 2.604704 0.5325823 -0.7860454 2.577193 
0.5916574 0.7325178 2.75803 0.5582607 0.5333315 2.700596 0.5200813 0.3192502 2.655541 0.396728 0.5607723 2.707092 0.2056833 0.371599 2.719609 0.09451777 0.42953 2.464065 0.7197933 0.5058907 2.694101 0.8165256 0.2606948 2.469454 0.7406499 0.244823 2.192241 0.381167 0.1222814 2.614537 0.2542034 0.07767708 2.282108 0.2970327 -0.2659191 2.262842 0.5826368 0.08805623 2.606436 0.5268111 -0.3517319 2.591571 0.53263 -0.7855402 2.5707 
0.584584 0.7146223 2.738997 0.5509178 0.5133377 2.693236 0.5106701 0.2982499 2.655896 0.3895192 0.5422344 2.700751 0.2003561 0.3682782 2.743335 0.07600772 0.4162275 2.492162 0.7123164 0.4844409 2.685722 0.798782 0.2398632 2.455708 0.7233371 0.2183105 2.178716 0.3697986 0.1011778 2.623241 0.2594984 0.1646027 2.271802 0.360413 -0.1846954 2.182169 0.5710459 0.06514659 2.613872 0.5231299 -0.3754252 2.59016 0.5283227 -0.8093948 2.571593 
0.5809674 0.6970065 2.738998 0.5437943 0.4938364 2.692193 0.5005702 0.2798818 2.651524 0.3828019 0.52439 2.702561 0.1896541 0.3616614 2.759175 0.07187559 0.4010126 2.504797 0.7047867 0.4632827 2.681825 0.7778606 0.2084103 2.443391 0.7041143 0.1856942 2.165509 0.3569114 0.08498816 2.617323 0.2685913 0.241143 2.269138 0.4465486 -0.09500606 2.108821 0.5577808 0.04686645 2.604388 0.5300766 -0.392611 2.55641 0.527613 -0.8039966 2.556077 
0.5726459 0.6705502 2.730477 0.5347528 0.467496 2.68443 0.4895544 0.2543828 2.641297 0.374 0.4993687 2.695402 0.1833245 0.3393342 2.764581 0.0691653 0.377853 2.507907 0.6955057 0.4356232 2.673458 0.7603667 0.2101916 2.502026 0.6961725 0.1935009 2.219156 0.34407 0.06115343 2.60501 0.271912 0.273847 2.281183 0.5218907 -0.01572748 2.080524 0.5446421 0.02138568 2.59132 0.541707 -0.4192784 2.546436 0.5303404 -0.8123555 2.555699 
0.5704296 0.654965 2.726198 0.5292237 0.4513062 2.677148 0.4828278 0.2414477 2.622368 0.3685868 0.4842922 2.686832 0.1742075 0.3221235 2.762249 0.06541242 0.3549468 2.506566 0.6898606 0.4183202 2.667464 0.7590991 0.1771096 2.521045 0.6973745 0.1830613 2.237197 0.3361977 0.05217182 2.57363 0.2770469 0.2953081 2.262788 0.5815362 0.04152085 2.060958 0.5366659 0.0110067 2.561544 0.5552921 -0.4300705 2.523884 0.5352494 -0.7948149 2.538612 
