0.5816876 0.7014556 2.699582 0.5585865 0.496435 2.648961 0.5331271 0.2792431 2.609767 0.4015633 0.5219972 2.609306 0.2257908 0.3223385 2.573261 0.207781 0.4073824 2.295431 0.7156096 0.4708728 2.688616 0.8545301 0.1852794 2.561028 0.826453 0.1886599 2.27573 0.4098857 0.07796937 2.545879 0.2775622 -0.3380838 2.606539 0.111461 -0.7864192 2.669276 0.6054499 0.04613295 2.595267 0.5504528 -0.3854971 2.507905 0.5360211 -0.7828172 2.583947 
0.590975 0.709181 2.709351 0.5648817 0.503232 2.656582 0.5368145 0.2869892 2.614229 0.4059599 0.5296757 2.626884 0.226812 0.3227221 2.5912 0.2021932 0.4078248 2.313864 0.7238035 0.4767883 2.68628 0.8571569 0.1920789 2.551611 0.8162023 0.1912681 2.264129 0.4094872 0.08726277 2.553328 0.264951 -0.325073 2.545201 0.1249722 -0.7306706 2.613332 0.6080071 0.05423018 2.590425 0.5582321 -0.3815768 2.52504 0.5386089 -0.7650216 2.577953 
0.6001421 0.7236344 2.717362 0.568819 0.5154656 2.667227 0.535916 0.2994581 2.627136 0.4080961 0.5431769 2.649827 0.229478 0.3521362 2.634599 0.1918935 0.4105401 2.355442 0.729542 0.4877542 2.684628 0.8583226 0.2105349 2.51897 0.8086661 0.2091157 2.229052 0.402763 0.1007356 2.57619 0.2629435 -0.2920247 2.447823 0.177393 -0.6293278 2.488401 0.603263 0.06616598 2.597897 0.5490066 -0.3731053 2.567242 0.5383181 -0.7702985 2.581332 
0.6014946 0.7282411 2.718666 0.5697807 0.519949 2.672004 0.5363088 0.3034609 2.63515 0.4083371 0.5468199 2.660786 0.2202944 0.3695124 2.659796 0.175933 0.4151149 2.38226 0.7312244 0.4930781 2.683222 0.8597304 0.226302 2.499005 0.7978749 0.2163922 2.213053 0.4021036 0.1037389 2.591297 0.267558 -0.2251696 2.360914 0.2266559 -0.5322407 2.39788 0.6035703 0.07020653 2.605297 0.5426589 -0.3688137 2.580332 0.5395343 -0.7755695 2.583304 
0.6013867 0.7312396 2.719818 0.5678823 0.5233724 2.67482 0.5338793 0.3067668 2.639057 0.4060207 0.549708 2.669209 0.2136637 0.3642381 2.6669 0.1617713 0.4159681 2.398391 0.729744 0.497037 2.68043 0.8573862 0.2361603 2.472016 0.7889908 0.2206638 2.190008 0.3988875 0.1065925 2.599793 0.2808182 -0.06874914 2.289882 0.2793672 -0.3877847 2.290364 0.6008651 0.07372998 2.606794 0.53701 -0.3647831 2.577401 0.5373584 -0.7772444 2.575951 
0.5955898 0.7214503 2.710951 0.5609155 0.5153252 2.670925 0.5222367 0.2991296 2.637874 0.3993933 0.5443078 2.670367 0.2048621 0.367569 2.675528 0.1440862 0.4166528 2.408734 0.7224378 0.4863426 2.671483 0.8432365 0.2360966 2.462058 0.7716813 0.2199518 2.182286 0.3827682 0.1010192 2.604475 0.2778918 0.07911893 2.263864 0.3241663 -0.2663988 2.198105 0.5843475 0.06484895 2.605171 0.5203966 -0.3729132 2.56611 0.5229827 -0.7917498 2.569598 
0.5923954 0.7075549 2.715552 0.5515611 0.5036835 2.66947 0.5061274 0.2906595 2.627452 0.3909833 0.5369945 2.67422 0.1943238 0.3698974 2.682768 0.1283695 0.4141975 2.407861 0.7121387 0.4703726 2.664721 0.8229731 0.2214451 2.45272 0.7469465 0.2025906 2.174693 0.3609787 0.09832069 2.588383 0.279174 0.1986437 2.246943 0.3953112 -0.1481152 2.101564 0.5604088 0.05695003 2.582485 0.511426 -0.3806199 2.531399 0.5169032 -0.790543 2.549458 
0.5900895 0.6835074 2.709189 0.5447512 0.4810991 2.657641 0.4918773 0.273 2.603302 0.3855275 0.5204669 2.661807 0.183724 0.3624282 2.677145 0.1188839 0.4115275 2.401984 0.703975 0.4417313 2.653475 0.7981146 0.2164003 2.496062 0.7338399 0.2091444 2.212811 0.3397713 0.08943587 2.55156 0.284826 0.2682839 2.251376 0.4788947 -0.04259555 2.054686 0.5382352 0.04036598 2.546368 0.5191139 -0.3975489 2.504413 0.5191183 -0.7953056 2.537534 
0.5916821 0.6582496 2.703569 0.5411321 0.4568465 2.65145 0.4821368 0.2506505 2.595181 0.3830337 0.5005783 2.656954 0.1843514 0.3392202 2.690551 0.1119125 0.3992425 2.41637 0.6992306 0.4131146 2.645947 0.749066 0.1988797 2.377036 0.6747609 0.1832466 2.097621 0.3245696 0.07172069 2.542342 0.2896276 0.2883831 2.29283 0.5546619 0.01344342 2.076985 0.5217133 0.01718841 2.535479 0.5294 -0.4232481 2.510853 0.5241734 -0.8045419 2.560603 
0.5917484 0.6389467 2.691258 0.5378465 0.4366877 2.644022 0.4764943 0.2309095 2.587905 0.3801452 0.482086 2.649962 0.1786741 0.33261 2.702776 0.1008885 0.3808266 2.430873 0.6955478 0.3912895 2.638082 0.7650021 0.1819395 2.448969 0.6796101 0.1816282 2.171259 0.3168051 0.05344008 2.535492 0.2966847 0.2887598 2.291157 0.5922019 0.02228992 2.072235 0.5134789 -0.003177414 2.528084 0.5381178 -0.4445291 2.510173 0.5310991 -0.8010439 2.562865 
0.5923733 0.6403007 2.695429 0.5396406 0.4360761 2.653313 0.4829479 0.2266587 2.607484 0.3812819 0.4756778 2.668248 0.1805898 0.3240427 2.714081 0.09743163 0.371588 2.444853 0.6979992 0.3964745 2.638378 0.7783441 0.1586111 2.471337 0.6843087 0.1489679 2.16774 0.328373 0.04171934 2.570886 0.3078498 0.2712021 2.30437 0.5726084 -0.01403281 2.065909 0.5241376 -0.007236618 2.552423 0.5542645 -0.4501922 2.545932 0.5461345 -0.7872041 2.587607 
