0.5460855 0.7051721 2.765702 0.5320891 0.5069337 2.702558 0.5104455 0.292577 2.648903 0.3793328 0.5352461 2.651066 0.2065741 0.3309231 2.578869 0.2313142 0.4461266 2.312366 0.6848453 0.4786213 2.75405 0.8011078 0.2143289 2.604093 0.7655739 0.2178515 2.316985 0.3938379 0.09582132 2.563238 0.2481861 -0.3028497 2.660751 0.02938211 -0.803411 2.711442 0.583766 0.06061941 2.62726 0.525097 -0.3722583 2.548726 0.5374164 -0.8023932 2.574817 
0.5536845 0.7098598 2.76233 0.5381591 0.5065931 2.701012 0.5162073 0.2915692 2.649965 0.3844374 0.5341563 2.651012 0.2038035 0.3309516 2.580929 0.2292967 0.4494493 2.31776 0.6918808 0.4790298 2.751012 0.8060678 0.2146719 2.607557 0.7745855 0.2269397 2.321865 0.3985069 0.0937137 2.567775 0.239345 -0.3102013 2.624086 0.01908237 -0.7860683 2.68964 0.5900044 0.05937703 2.630062 0.5341183 -0.3750249 2.556869 0.5427446 -0.7834048 2.572727 
0.5682433 0.7199055 2.771229 0.5471127 0.5164655 2.707871 0.5221255 0.302147 2.655201 0.390883 0.5446541 2.667286 0.2058596 0.3419744 2.603042 0.2167554 0.4598519 2.330709 0.7033424 0.488277 2.748456 0.8139802 0.221805 2.604876 0.7767977 0.2339928 2.3183 0.3995675 0.1054332 2.577184 0.2255476 -0.2961492 2.580946 0.03275346 -0.734764 2.628951 0.594709 0.07022374 2.627877 0.5373701 -0.3654841 2.563815 0.5424414 -0.7702288 2.569282 
0.5804986 0.7283702 2.779299 0.5551416 0.5260387 2.717783 0.5276853 0.311188 2.668453 0.3958155 0.5528776 2.689568 0.2125153 0.3586887 2.65802 0.1970375 0.4663845 2.37778 0.7144675 0.4991998 2.745999 0.8303033 0.2329806 2.595765 0.7776555 0.2461872 2.314213 0.4008354 0.1130804 2.601521 0.2227563 -0.2703109 2.49079 0.1027668 -0.6450862 2.508437 0.599623 0.07959413 2.636725 0.5418227 -0.3589335 2.597459 0.5415987 -0.7828247 2.573913 
0.5877445 0.7319198 2.779671 0.5599002 0.5285804 2.721329 0.5309036 0.3132974 2.674878 0.3990337 0.5540227 2.703833 0.209845 0.3657476 2.689534 0.179231 0.4703718 2.412792 0.7207667 0.5031381 2.738825 0.8282589 0.2415419 2.576947 0.7633832 0.2420743 2.298372 0.4013857 0.1139125 2.617495 0.2359242 -0.2496769 2.443909 0.1673558 -0.5512373 2.427604 0.6024281 0.08211607 2.639361 0.545364 -0.3567057 2.600625 0.5445938 -0.7865698 2.571284 
0.5966543 0.7328045 2.779402 0.5641868 0.5284244 2.723873 0.5313604 0.3133865 2.678948 0.402769 0.5549821 2.714698 0.2049524 0.3758124 2.712849 0.1536777 0.4676057 2.443176 0.7256047 0.5018666 2.733048 0.8181726 0.2422819 2.549572 0.7465881 0.2341968 2.272246 0.3978251 0.114918 2.628299 0.2610812 -0.2183319 2.388184 0.2355903 -0.4255294 2.331544 0.5992432 0.08177913 2.639747 0.5428591 -0.3572192 2.601159 0.5402665 -0.7883376 2.571696 
0.6009337 0.7180906 2.771729 0.5672286 0.5132163 2.720725 0.5303754 0.2985383 2.677287 0.4058032 0.5418246 2.716292 0.2024898 0.3758719 2.733476 0.1278958 0.4559 2.46873 0.7286541 0.4846079 2.725157 0.8006088 0.2276473 2.529336 0.7264376 0.212412 2.252382 0.3921181 0.1018314 2.631064 0.252875 -0.04836288 2.316268 0.3317815 -0.34278 2.259175 0.594926 0.06588919 2.636633 0.5431907 -0.3740152 2.602139 0.5397851 -0.804328 2.568447 
0.6108332 0.703707 2.7755 0.5686988 0.5005643 2.722728 0.5245083 0.2880371 2.676267 0.4080999 0.5331969 2.726206 0.1991847 0.3754644 2.75936 0.104105 0.4370364 2.496144 0.7292978 0.4679318 2.719249 0.7787273 0.1997506 2.500361 0.7053825 0.1826726 2.222442 0.379786 0.09593722 2.631984 0.3033829 0.001281502 2.253373 0.4587674 -0.2807422 2.106402 0.5808496 0.05508249 2.627629 0.542043 -0.3858621 2.591442 0.5301367 -0.8016188 2.561244 
0.6230784 0.6826555 2.777387 0.56973 0.4824278 2.721618 0.5154157 0.2738626 2.669462 0.4108653 0.5212694 2.731734 0.2015077 0.3628034 2.778741 0.09743164 0.4202958 2.522302 0.7285947 0.4435861 2.711503 0.7527497 0.169771 2.47794 0.6829444 0.1524069 2.198253 0.3618681 0.08955945 2.623624 0.2920378 0.1012678 2.234202 0.5224116 -0.1567511 2.067779 0.5603346 0.04103534 2.610986 0.5439537 -0.4009354 2.575772 0.5236307 -0.8019664 2.55333 
0.6297918 0.6581261 2.778226 0.5713224 0.4605466 2.717925 0.5102974 0.2557924 2.658701 0.4136751 0.5035131 2.731819 0.2021973 0.354966 2.79384 0.09148178 0.4003136 2.53683 0.7289698 0.4175802 2.704031 0.7403113 0.1781806 2.539793 0.6795792 0.1659562 2.255932 0.350985 0.07782617 2.60814 0.2637654 0.1941519 2.251077 0.5574523 -0.05385758 2.067366 0.5475597 0.02425012 2.590815 0.5588993 -0.4175525 2.558304 0.532326 -0.8057742 2.549714 
0.6400717 0.6441378 2.780548 0.5750959 0.44812 2.717143 0.5087351 0.2469468 2.651547 0.4185151 0.49477 2.732481 0.2035874 0.3350071 2.798356 0.1010654 0.3873848 2.542058 0.7316766 0.4014701 2.701805 0.7359227 0.1519594 2.553005 0.6789927 0.1562954 2.268127 0.3447472 0.07485951 2.595515 0.2502989 0.2544754 2.260046 0.5776423 0.0004706726 2.07369 0.5400013 0.0166877 2.576389 0.5644013 -0.4254407 2.551675 0.5364119 -0.7950609 2.554528 
0.6446542 0.6439466 2.792455 0.5695346 0.4512814 2.72502 0.4939902 0.2543127 2.65677 0.4154904 0.5022584 2.748409 0.2027327 0.3295405 2.801312 0.1146877 0.3814231 2.546275 0.7235788 0.4003045 2.701632 0.7359893 0.1498466 2.554894 0.6750085 0.1595658 2.27099 0.3211118 0.0895542 2.603299 0.2281044 0.2879477 2.277813 0.5507761 0.01344531 2.088135 0.51578 0.02513371 2.573742 0.5407416 -0.4181036 2.56218 0.5183024 -0.7791359 2.563246 
0.6443828 0.6490901 2.797228 0.5681952 0.4565955 2.72913 0.4908015 0.2598442 2.661616 0.4146138 0.5078442 2.755836 0.1988675 0.3457598 2.80767 0.1262705 0.3839238 2.542594 0.7217766 0.4053469 2.702425 0.7381748 0.1153508 2.536106 0.6657507 0.1274849 2.220443 0.3170871 0.09523427 2.610851 0.2431827 0.2737944 2.272541 0.5415185 -0.05245676 2.083702 0.5097287 0.03095155 2.577353 0.5513634 -0.4108432 2.5776 0.5350222 -0.7793943 2.565719 
