0.5926537 0.6984478 2.713055 0.5588372 0.4956836 2.661993 0.5205612 0.2799323 2.625452 0.4003384 0.5283531 2.635123 0.2251194 0.3573125 2.613984 0.2042386 0.3944295 2.332866 0.717336 0.463014 2.688861 0.8534018 0.2021818 2.507899 0.7956955 0.2049008 2.224992 0.3835304 0.0845363 2.57217 0.2569306 -0.3314455 2.636689 0.1031493 -0.7805951 2.765752 0.58104 0.04382591 2.605652 0.5386966 -0.3929099 2.53749 0.5401472 -0.7861527 2.569553 
0.6012408 0.7061408 2.716016 0.5653237 0.500869 2.665574 0.5262662 0.2851592 2.629528 0.4059466 0.5333561 2.643852 0.2285668 0.3551458 2.605999 0.2101087 0.4021658 2.333833 0.7247008 0.4683818 2.687294 0.8677092 0.2170944 2.498466 0.7973432 0.2168531 2.219716 0.3877791 0.08971704 2.579932 0.2427787 -0.3246834 2.603031 0.1077635 -0.7429203 2.730557 0.5866382 0.04918195 2.607033 0.5468266 -0.3896912 2.553109 0.544975 -0.7787704 2.575281 
0.6077183 0.7104573 2.717996 0.5706981 0.5046136 2.669931 0.5311202 0.288733 2.635494 0.4103266 0.5361504 2.656543 0.2328195 0.3525331 2.618002 0.2089862 0.4109747 2.347174 0.7310697 0.4730769 2.683319 0.8649009 0.2350683 2.478754 0.7844229 0.2329369 2.203053 0.3913946 0.09254619 2.592697 0.2315974 -0.3125331 2.553385 0.1263173 -0.6812125 2.648139 0.5916901 0.05315843 2.609418 0.547223 -0.3869154 2.573523 0.5447804 -0.7800888 2.575334 
0.6131389 0.7178766 2.728984 0.5754235 0.5113036 2.677626 0.535604 0.2958159 2.641089 0.4144426 0.5417046 2.67377 0.2308569 0.3593217 2.639508 0.2015967 0.4149233 2.364117 0.7364043 0.4809026 2.681482 0.8553805 0.2554977 2.464891 0.7713791 0.2446105 2.190442 0.3952497 0.09931397 2.602143 0.2233217 -0.2835297 2.490918 0.1605798 -0.5837464 2.535608 0.5963194 0.06134228 2.60696 0.548836 -0.3793902 2.584573 0.5460373 -0.7773367 2.571019 
0.6166961 0.7203563 2.733966 0.5776566 0.5137281 2.684434 0.5379618 0.2980902 2.648605 0.4163448 0.543001 2.686971 0.2289405 0.3696501 2.665741 0.1972855 0.4166533 2.389753 0.7389684 0.4844553 2.681897 0.8287064 0.2672554 2.451453 0.7424111 0.2502395 2.17841 0.3976563 0.1007097 2.614359 0.2202278 -0.1913378 2.38304 0.1992958 -0.4683349 2.426785 0.5988777 0.06419461 2.611194 0.5452337 -0.3762966 2.596176 0.5473582 -0.7874531 2.576964 
0.6169521 0.7178658 2.737463 0.5774236 0.5121205 2.689399 0.5373316 0.2968274 2.651981 0.4159899 0.5413851 2.693988 0.2164616 0.3758336 2.692372 0.1783576 0.4088636 2.416193 0.7388574 0.482856 2.68481 0.8013422 0.2616215 2.449231 0.7156339 0.2410147 2.175782 0.396595 0.09977907 2.617424 0.2249283 -0.02081811 2.313974 0.2434623 -0.3203167 2.323347 0.5978842 0.06328951 2.611702 0.5403509 -0.3764124 2.588082 0.5432993 -0.7895329 2.573382 
0.611049 0.7023182 2.749712 0.5725895 0.5007716 2.695617 0.5313032 0.2869725 2.65198 0.4112349 0.5307668 2.701318 0.2072151 0.3859348 2.716179 0.1559525 0.4003517 2.437636 0.7339442 0.4707765 2.689915 0.7666503 0.2392977 2.437131 0.6782489 0.2166276 2.160974 0.389376 0.09188202 2.611899 0.2298575 0.1206497 2.290423 0.2946245 -0.2070995 2.231109 0.5906577 0.05446454 2.604787 0.5398898 -0.385405 2.571261 0.5368577 -0.7976319 2.563023 
0.5987013 0.6828903 2.745325 0.563256 0.4825062 2.694247 0.5230373 0.2683748 2.651003 0.401729 0.5112969 2.701911 0.1961099 0.3769663 2.731581 0.1429038 0.3985423 2.452886 0.7247831 0.4537154 2.686584 0.7478287 0.2056514 2.42806 0.6570787 0.1780382 2.147589 0.3820362 0.07220702 2.612541 0.2327228 0.2011045 2.299604 0.3766064 -0.1277701 2.164947 0.5836006 0.03627997 2.602978 0.5476932 -0.4034686 2.555637 0.5369974 -0.8065991 2.566662 
0.5864673 0.6612745 2.733111 0.5535969 0.4589817 2.688018 0.5149578 0.2445561 2.644684 0.3921335 0.4853371 2.701575 0.1765537 0.3539895 2.742759 0.1148808 0.3853983 2.46927 0.7150602 0.4326262 2.67446 0.7441857 0.2178751 2.480944 0.6568348 0.1875081 2.205512 0.3754999 0.04658699 2.609815 0.3421842 0.1373741 2.236641 0.4639269 -0.06416804 2.130433 0.5771377 0.01367392 2.592884 0.5595896 -0.4249659 2.530416 0.5355682 -0.8063143 2.55765 
0.5734778 0.6483949 2.726494 0.5425591 0.4428912 2.68634 0.5061761 0.2278004 2.644373 0.3811431 0.4666665 2.704424 0.1647946 0.3329825 2.740334 0.0998513 0.3779138 2.472714 0.7039751 0.4191158 2.668256 0.7376961 0.1938008 2.487948 0.655154 0.1778485 2.209834 0.3690568 0.02754726 2.613693 0.323852 0.1684623 2.214097 0.5147233 -0.01980878 2.123492 0.5705294 -0.002128158 2.591121 0.5596006 -0.4420143 2.533248 0.5334745 -0.7986735 2.565135 
0.5632966 0.6494799 2.74325 0.5310613 0.4411692 2.69477 0.4941732 0.227148 2.648206 0.3709548 0.4627111 2.722594 0.1607718 0.3271159 2.74871 0.09383111 0.3759213 2.484203 0.6911678 0.4196273 2.666946 0.7322532 0.1802452 2.447621 0.6278238 0.1532034 2.168109 0.3572291 0.02658905 2.619029 0.2563214 0.2122763 2.260472 0.5102571 -0.02985928 2.12217 0.5573412 -0.0003354492 2.584253 0.5455467 -0.4417864 2.539255 0.5273088 -0.7846323 2.557125 
