0.2714561 0.7260973 2.82375 0.201991 0.5236823 2.779074 0.1310868 0.3146279 2.742521 0.04637764 0.580694 2.754865 -0.1866925 0.344113 2.662462 -0.2570204 0.2400046 2.397455 0.3576044 0.4666706 2.803282 0.3862335 0.1957036 2.523755 0.352821 0.1419631 2.235299 -0.03564719 0.1406825 2.69106 -0.1547528 -0.2603349 2.727451 -0.3079231 -0.7329127 2.903214 0.1560122 0.07046463 2.720876 0.131705 -0.373186 2.671098 0.1101851 -0.7814009 2.680087 
0.2722331 0.7169023 2.823409 0.2024212 0.5147925 2.777896 0.1308192 0.3060205 2.741038 0.04945518 0.5733141 2.743576 -0.190339 0.3400514 2.646717 -0.2464328 0.2287441 2.374522 0.3553872 0.4562709 2.812216 0.3791319 0.181857 2.532346 0.3537192 0.1205411 2.238481 -0.03499072 0.1332905 2.683042 -0.1361977 -0.2741251 2.775608 -0.3023163 -0.7555084 2.940087 0.153425 0.06120654 2.725316 0.1334829 -0.3804181 2.659147 0.1073012 -0.7828594 2.682641 
0.2688302 0.7035358 2.823768 0.2001941 0.5036309 2.776475 0.1289016 0.2950349 2.738052 0.04855267 0.5627506 2.736884 -0.1876533 0.3349979 2.635865 -0.2411626 0.2200633 2.358324 0.3518355 0.4445112 2.816067 0.3865978 0.1749382 2.533176 0.3554147 0.1073958 2.234584 -0.03560451 0.1227797 2.675291 -0.1338829 -0.2865389 2.795923 -0.3046598 -0.7750539 2.959817 0.150823 0.0500981 2.723965 0.1352741 -0.3899575 2.646409 0.1058797 -0.7864243 2.67678 
0.2737892 0.6990944 2.824433 0.2035328 0.497933 2.776885 0.1313079 0.2895129 2.739242 0.05269543 0.5578058 2.734792 -0.1898285 0.3310076 2.639424 -0.2431872 0.2140342 2.358847 0.3543701 0.4380602 2.818977 0.3837927 0.160966 2.532078 0.3557989 0.08975736 2.224648 -0.03364612 0.1179005 2.675722 -0.1405013 -0.2926547 2.80201 -0.308457 -0.7702062 2.961746 0.1518123 0.04428534 2.727476 0.1408117 -0.3967996 2.65406 0.1080744 -0.7798972 2.687037 
0.2810637 0.7003942 2.813787 0.2078287 0.497762 2.77533 0.1332469 0.2892646 2.743728 0.05642911 0.5579628 2.735456 -0.1888877 0.3369569 2.646226 -0.2589563 0.215205 2.374206 0.3592283 0.4375612 2.815203 0.3884479 0.1659978 2.54655 0.3584308 0.08335147 2.23856 -0.03444833 0.1177919 2.687604 -0.1569173 -0.2981396 2.781321 -0.3084678 -0.7532862 2.950559 0.1517787 0.04374266 2.73665 0.1429947 -0.3993754 2.677011 0.1084749 -0.7735764 2.693933 
0.2886949 0.7041578 2.817994 0.2124784 0.5006647 2.779362 0.1361448 0.2929799 2.746366 0.05987307 0.5619209 2.746842 -0.1909676 0.343497 2.657653 -0.2723727 0.2204019 2.395044 0.3650836 0.4394085 2.811883 0.3841873 0.1704884 2.561319 0.3457891 0.09930255 2.251886 -0.0341524 0.1230124 2.693346 -0.1618094 -0.2984526 2.731117 -0.30108 -0.7123725 2.90457 0.1537748 0.04757787 2.733393 0.1466699 -0.3956496 2.673042 0.1122155 -0.7706451 2.68661 
0.2938894 0.7068967 2.831603 0.2160656 0.5044108 2.787675 0.138326 0.2979266 2.750739 0.06228223 0.566493 2.764284 -0.1870575 0.3513472 2.686369 -0.2975131 0.2348974 2.439816 0.369849 0.4423286 2.811065 0.3864617 0.1737045 2.560215 0.3472092 0.1075698 2.251057 -0.03411965 0.1296751 2.699399 -0.1692494 -0.2896334 2.679701 -0.2912066 -0.6685947 2.832405 0.1552924 0.05320963 2.728209 0.1439116 -0.3917208 2.685997 0.1157391 -0.7666557 2.684727 
0.297246 0.7080187 2.826901 0.2177202 0.5062138 2.789322 0.137764 0.2998919 2.756507 0.06318464 0.568737 2.772749 -0.1884761 0.3575754 2.706221 -0.3083101 0.2450525 2.465504 0.3722558 0.4436907 2.805894 0.3868335 0.1773799 2.553653 0.3431289 0.1156866 2.245904 -0.0372563 0.1320318 2.713497 -0.1776353 -0.2794122 2.639966 -0.2806845 -0.6317391 2.777715 0.152872 0.05510826 2.733886 0.1340554 -0.390714 2.708807 0.1113242 -0.7733369 2.694094 
0.2968659 0.7139194 2.836037 0.2172294 0.5111574 2.796118 0.1359845 0.3054912 2.762139 0.06222799 0.5740178 2.786253 -0.1942545 0.363306 2.740134 -0.3277681 0.2516614 2.504478 0.3722308 0.448297 2.805982 0.3929972 0.2397303 2.60177 0.344296 0.1703879 2.321675 -0.04061997 0.1384978 2.722091 -0.1730527 -0.2091787 2.523921 -0.2346661 -0.5336114 2.652867 0.1500993 0.06115215 2.734229 0.1207052 -0.3840755 2.705801 0.1079727 -0.7729738 2.683003 
0.2929619 0.7214146 2.831057 0.2140845 0.5176758 2.798225 0.1336036 0.3109305 2.769708 0.05818285 0.5790526 2.793236 -0.2010697 0.3665709 2.765525 -0.3505987 0.247979 2.540284 0.3699861 0.4562989 2.803213 0.3875991 0.197294 2.55421 0.332581 0.1152428 2.254991 -0.04276697 0.141936 2.738124 -0.1679616 -0.07688051 2.444165 -0.1722684 -0.4245968 2.539638 0.1490122 0.06643451 2.744261 0.1146344 -0.3788171 2.719022 0.1088012 -0.7747379 2.687837 
0.2862067 0.7219485 2.828577 0.2077952 0.5173725 2.800549 0.1282137 0.3098174 2.775452 0.05131206 0.5776613 2.798156 -0.2050161 0.3682583 2.782243 -0.3639883 0.2445525 2.561317 0.3642783 0.4570838 2.802943 0.3876072 0.242482 2.605368 0.3325533 0.1594249 2.330224 -0.04760316 0.1393393 2.748882 -0.1678031 0.01722482 2.39583 -0.1254565 -0.3456333 2.447567 0.1448676 0.06518544 2.751827 0.1071078 -0.3792974 2.718404 0.1067021 -0.7866859 2.684501 
0.2717385 0.7077619 2.823971 0.1917912 0.506584 2.802694 0.1106889 0.2991838 2.78106 0.03554677 0.5677962 2.801601 -0.2134948 0.3688113 2.80556 -0.3799759 0.2378499 2.580648 0.3480356 0.4453719 2.803786 0.3748414 0.2160621 2.663947 0.3197314 0.1231253 2.386588 -0.06653604 0.1294418 2.758754 -0.1605966 0.1738256 2.367435 -0.006509918 -0.2083889 2.297619 0.1257092 0.05412547 2.760098 0.09607037 -0.3894376 2.71024 0.1016257 -0.7910559 2.678358 
0.2644424 0.696216 2.823018 0.1843527 0.4955927 2.803866 0.1033565 0.2880314 2.783242 0.02805267 0.556714 2.802571 -0.2232508 0.3689071 2.819254 -0.3840804 0.2347519 2.589629 0.3406526 0.4344714 2.805162 0.3599926 0.2258892 2.644186 0.2959673 0.1070952 2.383657 -0.07380235 0.1180746 2.761821 -0.1565167 0.2218573 2.371218 0.08252662 -0.15075 2.25281 0.1185231 0.04286553 2.763415 0.1028418 -0.399951 2.703568 0.1033927 -0.7918016 2.675317 
0.2610331 0.6868289 2.823079 0.176338 0.4870311 2.806329 0.09065579 0.2811722 2.788434 0.02141689 0.5514864 2.806624 -0.2353716 0.3588994 2.823121 -0.3969717 0.2234198 2.593438 0.331259 0.4225759 2.806034 0.3467806 0.2273264 2.640413 0.2929272 0.0827088 2.393234 -0.09037252 0.1149823 2.77072 -0.1701899 0.2695147 2.385992 0.1418317 -0.08328897 2.244788 0.1003198 0.03564435 2.770356 0.09893152 -0.4048767 2.69544 0.09208652 -0.7869929 2.682465 
0.2564797 0.6728924 2.822592 0.1700789 0.4726128 2.807946 0.08343787 0.267008 2.791352 0.01539628 0.5376847 2.809318 -0.2413472 0.3470807 2.829399 -0.4073046 0.2153968 2.599996 0.3247615 0.4075408 2.806575 0.3339153 0.2154593 2.629165 0.2865033 0.06023309 2.386775 -0.09836891 0.1014376 2.775602 -0.158346 0.2712719 2.381927 0.1866648 -0.07262988 2.237324 0.09196256 0.0213689 2.773915 0.1206501 -0.4121591 2.675381 0.09930369 -0.7941611 2.681789 
0.2576362 0.6685078 2.82286 0.1686331 0.4673783 2.809015 0.0802824 0.2625278 2.791911 0.0144686 0.5336443 2.8117 -0.2429178 0.3427205 2.835931 -0.4142599 0.2109375 2.610284 0.3227976 0.4011124 2.806329 0.3325523 0.2062185 2.620826 0.2733738 0.06332352 2.373582 -0.1029249 0.09845036 2.776459 -0.1522151 0.2724143 2.370386 0.1897903 -0.08253659 2.223585 0.08678834 0.01690416 2.773154 0.1273317 -0.4138397 2.663866 0.1031247 -0.7883945 2.681855 
