0.2137141 0.6959653 2.792194 0.1582082 0.4851564 2.757459 0.1005786 0.2702604 2.733987 -0.0002769089 0.5308584 2.728158 -0.2098146 0.3001747 2.656471 -0.2520823 0.197656 2.384666 0.3166932 0.4394545 2.78676 0.4062954 0.1248092 2.597137 0.3910799 0.07369965 2.281454 -0.05441804 0.08344183 2.692514 -0.1685258 -0.3256579 2.817185 -0.3483655 -0.7803119 2.938005 0.1403161 0.0272868 2.728518 0.1233499 -0.409156 2.632667 0.1101545 -0.7767903 2.669963 
0.223951 0.6998771 2.807648 0.1656133 0.48786 2.764881 0.1066561 0.2741789 2.735112 0.007696102 0.5356042 2.734929 -0.2088885 0.3055732 2.666704 -0.2628749 0.2038069 2.402824 0.3235305 0.4401158 2.794834 0.4121623 0.1294116 2.608093 0.3959098 0.07676212 2.289659 -0.04938449 0.08984955 2.686929 -0.1739287 -0.3270765 2.769707 -0.3377551 -0.7491668 2.904783 0.1447821 0.03114587 2.723757 0.1225081 -0.408206 2.644406 0.1096965 -0.769965 2.66978 
0.229589 0.7069853 2.815386 0.1709318 0.4954263 2.772286 0.1112599 0.2820725 2.741201 0.01258572 0.5436646 2.745167 -0.2079525 0.3112959 2.683859 -0.272004 0.2116566 2.424011 0.3292778 0.447188 2.799406 0.4120684 0.1432007 2.619554 0.3976054 0.08548539 2.302887 -0.04580816 0.09838925 2.693435 -0.1710336 -0.3241046 2.717385 -0.3148232 -0.7027546 2.852179 0.1489842 0.039048 2.726797 0.1161937 -0.4028165 2.671633 0.1112892 -0.7679957 2.673828 
0.2300479 0.7217621 2.819748 0.1719996 0.5084018 2.778757 0.1122204 0.2951094 2.747224 0.01242724 0.5559481 2.75966 -0.2034845 0.3221582 2.708932 -0.2910842 0.2265214 2.457825 0.3315719 0.4608554 2.797853 0.4125214 0.1570953 2.616781 0.399233 0.1013988 2.304006 -0.04582898 0.1110977 2.70393 -0.1663829 -0.300092 2.633795 -0.2822147 -0.6419346 2.767822 0.1507115 0.05253626 2.727451 0.1101626 -0.3902179 2.682895 0.108286 -0.764469 2.674543 
0.224877 0.7362801 2.831905 0.1697606 0.5216359 2.788583 0.1110222 0.3083657 2.754977 0.009045666 0.5676007 2.777787 -0.2062819 0.3346372 2.735946 -0.3085406 0.2393115 2.482857 0.3304755 0.4756711 2.799378 0.4111986 0.1700254 2.610363 0.3971861 0.1117831 2.303381 -0.04665995 0.1233937 2.714725 -0.1463715 -0.2497295 2.536634 -0.235517 -0.5669933 2.670442 0.1512275 0.06679746 2.728018 0.1038638 -0.3766825 2.702143 0.1089055 -0.7682549 2.677022 
0.2204144 0.7428342 2.837991 0.1664913 0.5301735 2.797554 0.1082966 0.3165944 2.764902 0.005038418 0.5746555 2.794347 -0.2026229 0.3393009 2.765948 -0.3264209 0.2524184 2.51926 0.3279441 0.4856915 2.800761 0.4016249 0.1805229 2.588177 0.3922987 0.1184234 2.283029 -0.04924753 0.130387 2.730277 -0.1198118 -0.1385096 2.456998 -0.1838845 -0.4681415 2.579902 0.1494515 0.07564339 2.734224 0.09787782 -0.3680525 2.715446 0.1089743 -0.7794576 2.682955 
0.2128704 0.7428555 2.841004 0.1626165 0.5315205 2.804264 0.1080082 0.3167699 2.773354 0.0001717262 0.572794 2.804502 -0.204294 0.3356415 2.779415 -0.3377921 0.2461355 2.537368 0.3250613 0.4902472 2.804026 0.3963351 0.1947729 2.584561 0.3797664 0.1222271 2.279322 -0.04649136 0.1273993 2.74259 -0.09585822 -0.03475052 2.401046 -0.1243946 -0.3605665 2.484498 0.1532912 0.07663929 2.742297 0.1104914 -0.3678342 2.717912 0.1141736 -0.7846372 2.684466 
0.2092271 0.7365571 2.842022 0.1606203 0.5241089 2.809597 0.1084138 0.3083886 2.781479 -0.002419018 0.5630627 2.813457 -0.2121203 0.3337955 2.79566 -0.3422839 0.2400887 2.548032 0.3236595 0.4851551 2.805735 0.3852053 0.1944038 2.570267 0.3722214 0.1074757 2.270771 -0.04407396 0.1166277 2.755737 -0.08584526 0.06832269 2.374048 -0.06611345 -0.2685853 2.409274 0.1564886 0.06870865 2.750987 0.1220548 -0.3755212 2.713782 0.1112796 -0.7872252 2.69094 
0.2047018 0.7114241 2.849591 0.1531319 0.5003171 2.819834 0.09898721 0.2849444 2.792882 -0.009615989 0.5402172 2.827943 -0.2081983 0.3186033 2.83113 -0.3528912 0.2098047 2.601136 0.3158797 0.460417 2.811726 0.3695635 0.186857 2.56956 0.3428931 0.08502274 2.263252 -0.05528643 0.09411991 2.770918 -0.1103172 0.2156876 2.368629 0.06686579 -0.1370393 2.304935 0.1449716 0.04502365 2.760941 0.1373401 -0.3974649 2.698653 0.09897581 -0.7884083 2.692027 
0.2119122 0.6854759 2.844961 0.1531199 0.4751889 2.820809 0.0931436 0.2608659 2.798043 -0.00841539 0.5191987 2.832052 -0.2196743 0.2970034 2.844534 -0.3739378 0.1777619 2.626887 0.3146552 0.4311791 2.809566 0.3563699 0.1828001 2.603235 0.3196786 0.07459377 2.303535 -0.06620739 0.07361726 2.782193 -0.1221891 0.2638984 2.374151 0.1753567 -0.05878342 2.264728 0.1325421 0.01946852 2.76836 0.160095 -0.4182973 2.683706 0.1018129 -0.7879205 2.695469 
0.2193756 0.6732806 2.844515 0.156789 0.4650619 2.823149 0.09242866 0.2519363 2.801311 -0.003818123 0.5125052 2.833468 -0.2302343 0.2809261 2.843513 -0.3787004 0.1648569 2.620088 0.3173962 0.4176185 2.812829 0.3517924 0.1902331 2.629738 0.3253583 0.03842696 2.353367 -0.07076477 0.06800609 2.785823 -0.1316879 0.2763547 2.369871 0.202085 -0.02648621 2.254659 0.1269014 0.00961554 2.773122 0.1630948 -0.4260026 2.679807 0.1029535 -0.7893763 2.693496 
0.2271423 0.6595861 2.845717 0.1605429 0.4542211 2.824099 0.09221756 0.2423428 2.802166 0.0008124161 0.5049233 2.831893 -0.2261274 0.2725298 2.847457 -0.3834389 0.1578059 2.629477 0.3202734 0.4035188 2.816305 0.3486153 0.1857674 2.634399 0.3114002 0.01843802 2.367047 -0.07440459 0.06166624 2.785029 -0.1307218 0.2736473 2.357849 0.2101647 -0.03077316 2.235243 0.122189 -0.0007372589 2.775437 0.1679529 -0.434972 2.679071 0.108105 -0.7876235 2.695195 
