0.241985 0.7070542 2.802962 0.1770231 0.5022293 2.764581 0.1102359 0.2907178 2.735093 0.02184295 0.5559515 2.730707 -0.203819 0.3350154 2.64744 -0.2693685 0.2175644 2.375153 0.3322032 0.4485069 2.798455 0.4072631 0.162149 2.565399 0.3876386 0.09960323 2.27066 -0.05194753 0.1122319 2.684782 -0.1577809 -0.3078738 2.781 -0.3518299 -0.7752327 2.85287 0.1388451 0.04618073 2.726429 0.1271206 -0.3950333 2.653051 0.1149766 -0.7785388 2.683656 
0.2522689 0.7082412 2.79684 0.1838973 0.5034387 2.76348 0.1134476 0.2925836 2.738523 0.0284036 0.5589207 2.733661 -0.2019646 0.3435134 2.653129 -0.271871 0.223335 2.392235 0.3393911 0.4479565 2.793298 0.4028019 0.150282 2.568609 0.3820404 0.08856718 2.282342 -0.0526759 0.1158662 2.695219 -0.1696172 -0.311783 2.717131 -0.3362875 -0.7259511 2.815477 0.1386715 0.04759102 2.731914 0.1268902 -0.3943363 2.662391 0.1060166 -0.7708335 2.683883 
0.2590067 0.7130194 2.799982 0.1889742 0.5070761 2.765989 0.1177676 0.2964493 2.740959 0.03317798 0.5630075 2.738545 -0.202482 0.3472562 2.661074 -0.2789964 0.2296455 2.406202 0.3447704 0.4511448 2.793433 0.3999019 0.1521399 2.559806 0.3800049 0.09258059 2.275639 -0.0492892 0.1202331 2.699044 -0.1649204 -0.3086069 2.685968 -0.3168862 -0.6983567 2.792085 0.1424113 0.05141196 2.732813 0.1285519 -0.3921392 2.676423 0.1093854 -0.7682633 2.687972 
0.2581894 0.7200475 2.80058 0.1867809 0.5131826 2.770816 0.1142796 0.3027542 2.747884 0.02996214 0.5692542 2.752088 -0.2057037 0.3545648 2.689068 -0.3024062 0.2427737 2.442221 0.3435997 0.457111 2.789545 0.3985174 0.1685908 2.555936 0.3720902 0.09393348 2.271708 -0.05483031 0.1268687 2.713414 -0.1626427 -0.2956626 2.641559 -0.2801666 -0.6292294 2.719999 0.1383867 0.05778271 2.73649 0.1123715 -0.3859706 2.687364 0.09978611 -0.7671665 2.687204 
0.2560256 0.7256355 2.801346 0.1852872 0.5174006 2.775266 0.1126721 0.3068286 2.753977 0.02770785 0.573052 2.762302 -0.213831 0.3582531 2.713029 -0.3311205 0.2473268 2.472 0.3428666 0.4617493 2.78823 0.3887923 0.1778062 2.549474 0.3602744 0.1045857 2.261303 -0.05688814 0.1304941 2.724713 -0.1340674 -0.2399788 2.53326 -0.2185535 -0.5497681 2.622565 0.1370019 0.06201904 2.740663 0.1057947 -0.3821648 2.698079 0.1010998 -0.7730289 2.685421 
0.2572304 0.7325178 2.812236 0.1855867 0.5231867 2.78319 0.1129114 0.3129197 2.759299 0.02752897 0.5785808 2.776465 -0.2184495 0.3586763 2.730518 -0.3467529 0.2489243 2.491313 0.3436444 0.4677926 2.789916 0.3908377 0.191884 2.524242 0.3512378 0.1081463 2.240394 -0.05702025 0.1367379 2.73127 -0.1050941 -0.1280878 2.450543 -0.1668372 -0.4674824 2.543695 0.1374927 0.06856737 2.739547 0.1040038 -0.3754854 2.696119 0.1016358 -0.7730362 2.681502 
0.2485238 0.7315428 2.818187 0.1787719 0.52483 2.790033 0.1056703 0.3147556 2.76564 0.02049399 0.5797607 2.791297 -0.2222332 0.3508494 2.762767 -0.3673426 0.2428275 2.526314 0.3370498 0.4698994 2.788769 0.3769044 0.195436 2.531636 0.3230013 0.108756 2.25214 -0.06486607 0.1384962 2.742025 -0.08278201 0.005601486 2.397243 -0.09815352 -0.3280958 2.43482 0.1300035 0.07086629 2.740469 0.08416864 -0.3723372 2.701122 0.094131 -0.7790331 2.682729 
0.2446503 0.7303533 2.82016 0.1748838 0.5232219 2.795188 0.1012433 0.313148 2.772466 0.01672574 0.5776873 2.804214 -0.2235896 0.3433838 2.789387 -0.3783585 0.2377951 2.550404 0.3330419 0.4687566 2.786162 0.3644986 0.190231 2.533336 0.3019517 0.1001791 2.257017 -0.06973025 0.1365929 2.755299 -0.06436217 0.126036 2.377005 -0.007047924 -0.2593127 2.341293 0.1249358 0.06955525 2.74419 0.09599783 -0.3744861 2.700834 0.0957952 -0.7769999 2.682614 
0.235238 0.7166058 2.824649 0.1623605 0.5091318 2.801048 0.08667134 0.2995719 2.780394 0.005146225 0.5639901 2.820575 -0.2263806 0.3405702 2.825368 -0.3899417 0.2335349 2.589537 0.3195747 0.4542735 2.781522 0.3534027 0.1803126 2.53811 0.2863497 0.07821651 2.254298 -0.08571129 0.1237522 2.771749 -0.06481254 0.2562499 2.362262 0.118016 -0.1548372 2.228834 0.1076758 0.05627182 2.74773 0.1070988 -0.3869008 2.689504 0.0944242 -0.7828014 2.68028 
0.2339291 0.7061862 2.823903 0.1574915 0.498847 2.802314 0.07987051 0.2899249 2.782429 0.001089325 0.5547456 2.825529 -0.2241832 0.3257759 2.834707 -0.4051296 0.2086283 2.617881 0.3138936 0.4429484 2.779098 0.3504426 0.1973377 2.564796 0.3001327 0.05564819 2.296079 -0.09395634 0.115387 2.776824 -0.06779519 0.2928606 2.354382 0.1741191 -0.08468305 2.206668 0.09845546 0.04661845 2.748264 0.1128989 -0.3942967 2.677267 0.09368723 -0.78307 2.676627 
0.2308615 0.6861554 2.814513 0.1537893 0.4806632 2.799383 0.07679865 0.2712719 2.782292 -0.003010284 0.5366371 2.819957 -0.2246072 0.3139119 2.840856 -0.4092499 0.1920814 2.630829 0.3105888 0.4246893 2.778808 0.3464257 0.2058578 2.591535 0.3129918 0.04864137 2.326602 -0.09664394 0.09631167 2.777857 -0.07246227 0.3010367 2.352664 0.2209949 -0.06073502 2.200808 0.09626 0.02744931 2.752545 0.1279916 -0.4079399 2.659775 0.1017411 -0.7943661 2.680308 
0.2329081 0.6758098 2.807834 0.1528324 0.4702269 2.797721 0.07323877 0.2615129 2.785963 -0.002782776 0.5282357 2.821424 -0.2192669 0.3079042 2.847476 -0.3988138 0.1827559 2.632116 0.3084475 0.4122181 2.774018 0.3662664 0.1979444 2.707763 0.3290382 0.0965052 2.427356 -0.1021069 0.08849257 2.788789 -0.07881143 0.310234 2.361241 0.2284171 -0.04615189 2.209312 0.08939724 0.01710536 2.759619 0.127226 -0.4189588 2.669544 0.09660933 -0.7844552 2.681586 
0.2363501 0.6755818 2.804469 0.1570923 0.4691748 2.79643 0.07613248 0.2608612 2.786339 0.001861496 0.5283605 2.82004 -0.2031281 0.3154546 2.851736 -0.3784288 0.1894029 2.641013 0.312323 0.4099892 2.77282 0.3568669 0.1924364 2.640185 0.328468 0.05193358 2.378854 -0.1003197 0.08895633 2.790771 -0.0749514 0.2984928 2.345133 0.2151629 -0.08620016 2.192669 0.09066513 0.01613856 2.761723 0.1363931 -0.4186946 2.668159 0.1064781 -0.7789887 2.681319 
