0.6121702 0.7038106 2.72099 0.5773047 0.4996016 2.669896 0.5383989 0.2846369 2.629458 0.4171044 0.5316395 2.653715 0.2343368 0.3552057 2.638439 0.1981654 0.4094433 2.35972 0.7375051 0.4675638 2.686076 0.8476122 0.1792931 2.543939 0.8203567 0.1865297 2.261996 0.3996061 0.08964818 2.578933 0.2735618 -0.3225081 2.65318 0.1053157 -0.7768704 2.773748 0.5993801 0.04969615 2.59911 0.5639793 -0.3897236 2.545651 0.545649 -0.7842295 2.570759 
0.6164362 0.7182511 2.719436 0.5832195 0.5092877 2.671018 0.5461036 0.2935272 2.633341 0.422115 0.5388262 2.660569 0.2337154 0.3635673 2.649166 0.1905846 0.4155382 2.374316 0.7443239 0.4797493 2.681468 0.8523627 0.1936768 2.545451 0.8061184 0.2022702 2.263764 0.4084185 0.09620591 2.589141 0.2591338 -0.3141481 2.612338 0.1267192 -0.725157 2.723911 0.6095568 0.0593273 2.602187 0.5740133 -0.3817495 2.568967 0.5520632 -0.7738862 2.578558 
0.6185024 0.728456 2.729155 0.5866703 0.5196037 2.678013 0.5511903 0.3040129 2.637888 0.4249357 0.5466196 2.675869 0.2338013 0.3698503 2.668554 0.1834233 0.4258118 2.396691 0.7484049 0.4925878 2.680158 0.8461092 0.2133081 2.524676 0.793278 0.2259003 2.243998 0.4146957 0.1052954 2.596424 0.2498406 -0.2936835 2.547473 0.1526018 -0.6502714 2.629152 0.616725 0.07154872 2.599103 0.5709518 -0.3693787 2.58539 0.5496365 -0.7760285 2.570209 
0.620545 0.7357951 2.734037 0.5880249 0.5274975 2.683548 0.5533657 0.3118129 2.643125 0.4260441 0.5526001 2.688493 0.2363949 0.370936 2.691254 0.1776573 0.4335666 2.422905 0.7500057 0.502395 2.678603 0.8395475 0.2396518 2.508826 0.77294 0.2407374 2.230251 0.4176201 0.1117937 2.605788 0.2453967 -0.270189 2.491888 0.1900886 -0.5556591 2.526845 0.6197931 0.08046257 2.599616 0.5592745 -0.3587792 2.601913 0.5454287 -0.7812706 2.568193 
0.6212337 0.7391893 2.736516 0.586617 0.5330437 2.688469 0.5507997 0.3175255 2.648132 0.4248257 0.5579067 2.69929 0.2431982 0.3674637 2.728642 0.1532212 0.4266603 2.469654 0.7484083 0.5081807 2.677649 0.8222756 0.2483218 2.482939 0.744902 0.2459758 2.207182 0.4140508 0.1175177 2.614546 0.2411399 -0.1871865 2.387599 0.2300605 -0.4393617 2.423013 0.6159141 0.08649673 2.601045 0.543552 -0.351278 2.601939 0.5382667 -0.7845595 2.56829 
0.6175461 0.7335964 2.737782 0.5797918 0.5300951 2.69038 0.5387 0.3154137 2.650947 0.4187648 0.5582677 2.704803 0.2381051 0.3762153 2.759369 0.1376668 0.4194757 2.495749 0.7408189 0.5019225 2.675957 0.8031459 0.2446576 2.469016 0.7229601 0.2352979 2.193508 0.3971542 0.1183073 2.620512 0.2374927 -0.02616714 2.32436 0.268953 -0.3002548 2.324067 0.5980625 0.0831573 2.602517 0.5192416 -0.3536591 2.595712 0.5241837 -0.7941265 2.567388 
0.6132448 0.7151439 2.737856 0.5732887 0.513834 2.689814 0.5283884 0.2999773 2.650044 0.412686 0.5449573 2.703773 0.2310537 0.3736075 2.780169 0.1274969 0.4131369 2.517375 0.7338914 0.4827107 2.675854 0.7745757 0.2273321 2.456001 0.6965351 0.2123354 2.179928 0.3833091 0.1055343 2.618982 0.2498606 0.1152509 2.306619 0.3265907 -0.181793 2.236973 0.5836672 0.06670682 2.601567 0.5202085 -0.3713789 2.575202 0.5280974 -0.8073264 2.564463 
0.6054392 0.6891645 2.729393 0.5646237 0.4876329 2.682804 0.5169692 0.275246 2.638751 0.4043226 0.5208935 2.695855 0.2190406 0.3507928 2.78405 0.1114664 0.3927021 2.526031 0.7249247 0.4543724 2.669753 0.7453089 0.1906736 2.453511 0.6708385 0.1725756 2.17556 0.369307 0.08360951 2.602839 0.2488771 0.2080785 2.301438 0.4192422 -0.1094434 2.160115 0.5693224 0.04210873 2.586555 0.5277681 -0.3961634 2.538647 0.5258715 -0.8120306 2.54921 
0.60058 0.6642518 2.724167 0.5598962 0.4604263 2.677278 0.5124444 0.2493742 2.627188 0.3994551 0.4941345 2.68724 0.1960685 0.3398417 2.773518 0.100096 0.3811582 2.509219 0.7203373 0.426718 2.667316 0.7382621 0.1880452 2.502607 0.66478 0.1757746 2.221778 0.3648744 0.0593567 2.583316 0.2519938 0.2487431 2.304765 0.5086764 -0.05401788 2.130103 0.5651109 0.01728755 2.570883 0.5422176 -0.4228739 2.52441 0.5368748 -0.8145282 2.545966 
0.5941002 0.6495596 2.722562 0.5522192 0.4444404 2.678273 0.5040462 0.2328493 2.631015 0.3919331 0.4781624 2.690676 0.1950511 0.3233996 2.773764 0.0979199 0.3708197 2.514348 0.7125052 0.4107183 2.66587 0.7319824 0.162795 2.515638 0.6621734 0.1661425 2.233626 0.3558555 0.0423006 2.591496 0.2406234 0.2659298 2.326822 0.5364646 -0.03195072 2.144991 0.555891 0.0002158203 2.576017 0.5373954 -0.4418193 2.545683 0.5302798 -0.8048881 2.567457 
0.5865217 0.6495185 2.730831 0.5434046 0.4408211 2.687046 0.4990322 0.2274867 2.643907 0.3833347 0.4695861 2.709442 0.1805555 0.3320611 2.786629 0.1036193 0.3655776 2.520919 0.7034748 0.412056 2.664651 0.7158509 0.1346542 2.503878 0.6282939 0.1337407 2.201693 0.3547631 0.0321041 2.614744 0.2378923 0.2702706 2.316151 0.5208527 -0.06419949 2.129943 0.5545561 -0.003799286 2.586791 0.5320643 -0.4468193 2.5718 0.5390223 -0.7865331 2.568445 
