0.05218998 0.6941482 3.031071 0.05680617 0.4735135 3.049055 0.06532758 0.2523401 3.054549 -0.09614305 0.4662081 2.992197 -0.3493229 0.3893315 2.890567 -0.4340113 0.5670226 2.686495 0.2097554 0.4808188 3.105914 0.2747484 0.1679216 3.136461 0.3168341 0.02770235 2.869335 -0.02183072 0.0265967 3.024475 -0.09995326 -0.4062129 3.075625 -0.2060045 -0.8365275 3.026389 0.1695287 0.03573665 3.095612 0.2150114 -0.3919817 2.990393 0.3092596 -0.8060511 2.935108 
0.05307926 0.6944023 3.042921 0.05904772 0.4737007 3.05493 0.06914432 0.252569 3.056114 -0.09334636 0.46643 2.996615 -0.2895477 0.4443038 2.829156 -0.3019593 0.6790513 2.664206 0.2114418 0.4809714 3.113244 0.2799673 0.159761 3.125377 0.3161105 0.01836436 2.849152 -0.01609477 0.02688895 3.020818 -0.09934402 -0.405444 3.067983 -0.2023693 -0.8372564 3.022987 0.1745766 0.03598587 3.09378 0.2176681 -0.3889642 2.977277 0.30949 -0.8080239 2.93989 
0.05726305 0.6942155 3.037868 0.06201585 0.4740016 3.054682 0.07067187 0.2528754 3.059657 -0.08908594 0.4667021 2.993152 -0.2448116 0.4541811 2.800554 -0.2060246 0.694882 2.651828 0.2131176 0.4813011 3.116212 0.2764449 0.1543466 3.130674 0.3163586 0.01069777 2.849511 -0.01520209 0.02718275 3.026139 -0.1033443 -0.4033091 3.080123 -0.2063483 -0.8384572 3.032544 0.1738579 0.03631592 3.103126 0.2134078 -0.3898654 2.989838 0.306084 -0.8064971 2.948887 
0.05710797 0.6944801 3.053864 0.06404693 0.4749753 3.058636 0.07301493 0.2538551 3.054718 -0.08453313 0.4701467 2.991054 -0.1578841 0.4555098 2.745634 -0.04950504 0.6924458 2.625954 0.212627 0.4798039 3.126218 0.2591601 0.1701252 3.146701 0.3199383 0.01902501 2.880298 -0.0109306 0.02971532 3.008538 -0.1045585 -0.3987696 3.068733 -0.2082141 -0.8366905 3.018231 0.1748965 0.03575433 3.093061 0.2140698 -0.3907231 2.980705 0.3056183 -0.8047531 2.939161 
0.05262241 0.7038465 3.043368 0.0603482 0.4849584 3.054196 0.07075582 0.2639075 3.055781 -0.08670651 0.4775287 2.983633 -0.09948662 0.4432832 2.725801 0.04228657 0.6656615 2.610225 0.2074029 0.4923882 3.124758 0.2495121 0.1740289 3.155886 0.3234375 0.01654668 2.911724 -0.01083603 0.03820845 3.013221 -0.1095101 -0.3886188 3.077107 -0.2074498 -0.829369 3.031453 0.1731629 0.04750478 3.101511 0.2118247 -0.3819865 3.001807 0.3079075 -0.7974617 2.946882 
0.05608291 0.7011817 3.050008 0.06342827 0.4830222 3.056527 0.07227255 0.2618516 3.056887 -0.07315426 0.4774187 2.96936 -0.04516295 0.4141302 2.711814 0.1471181 0.5846081 2.599526 0.2000108 0.4886258 3.143694 0.2468341 0.1775312 3.170349 0.3366045 0.02904146 2.945137 -0.004927039 0.03715091 3.002333 -0.1118524 -0.3888076 3.057336 -0.1993259 -0.8379675 3.019459 0.1671607 0.04421109 3.11216 0.2029857 -0.3850422 3.009982 0.3048936 -0.8129153 2.945383 
0.05808442 0.6976116 3.039811 0.06329332 0.4790694 3.052268 0.07062828 0.2580421 3.05949 -0.06173138 0.4715826 2.950118 -0.002510895 0.370331 2.707319 0.2255343 0.4864951 2.597192 0.188318 0.4865562 3.154418 0.257557 0.156463 3.179041 0.3496912 0.02004192 2.944613 -0.0004862299 0.03231694 3.002616 -0.123152 -0.386936 3.071174 -0.1998565 -0.8398251 3.031664 0.1564127 0.04171245 3.130808 0.195413 -0.3866337 3.025842 0.2987213 -0.8097787 2.956989 
0.06250554 0.6837724 3.034858 0.06815335 0.4654559 3.04728 0.07691333 0.2445609 3.058616 -0.04783828 0.4550251 2.933657 0.04653448 0.3128599 2.70637 0.3068515 0.3398712 2.591481 0.184145 0.4758868 3.160903 0.2548528 0.1573315 3.204259 0.3657501 0.005603561 2.963428 0.01334816 0.01716185 2.999104 -0.1335955 -0.393901 3.070019 -0.1954716 -0.8414621 3.034985 0.1579985 0.03016991 3.1408 0.1990069 -0.3918932 3.014159 0.3092954 -0.8097036 2.937057 
0.06516238 0.6774963 3.03435 0.0676614 0.4581366 3.046276 0.0728495 0.237083 3.056609 -0.04899525 0.4500894 2.932694 0.04427006 0.2744322 2.709201 0.310858 0.2581309 2.605202 0.1843181 0.4661838 3.159858 0.2444419 0.1441664 3.214131 0.3694879 0.01016437 2.993691 0.005204826 0.01100536 2.996028 -0.1440977 -0.4000506 3.063625 -0.2082343 -0.8365597 3.035522 0.1508704 0.0210536 3.137855 0.1928768 -0.4010447 3.011194 0.304806 -0.8121057 2.928064 
0.06333528 0.6801034 3.033613 0.06429693 0.4595308 3.045054 0.06936245 0.2384256 3.054919 -0.05415678 0.4518222 2.933096 0.02512774 0.234718 2.731108 0.2812331 0.1715151 2.617842 0.1827506 0.4672394 3.157013 0.2264462 0.1833347 3.193371 0.3416669 0.02120918 2.98296 0.0004028196 0.01250298 2.994816 -0.1426353 -0.4009302 3.062114 -0.2048368 -0.8317057 3.037106 0.1484532 0.02213765 3.134748 0.2015857 -0.3992207 3.010089 0.3085208 -0.8029119 2.925363 
0.06067507 0.6809784 3.032552 0.06011111 0.4591863 3.047496 0.06335827 0.2381929 3.060392 -0.06499387 0.4512489 2.942975 -0.01893325 0.1806526 2.753545 0.208509 0.05226079 2.610909 0.1852161 0.4671237 3.152016 0.2337417 0.1268728 3.200118 0.3435192 -0.0370052 2.998015 -0.01162432 0.01223604 3.00793 -0.146599 -0.4044925 3.071529 -0.2070828 -0.8292354 3.039187 0.1448352 0.02216283 3.138645 0.200661 -0.402728 3.027608 0.3074197 -0.7949545 2.932532 
0.05848146 0.6808748 3.032177 0.05864746 0.4597019 3.047769 0.06316493 0.2386124 3.058295 -0.0701872 0.4523146 2.947895 -0.07101066 0.1668595 2.765749 0.1212675 0.008623032 2.591205 0.1874821 0.4670892 3.147644 0.2344454 0.1355214 3.206538 0.3537322 -0.02005174 2.998996 -0.01292392 0.01290089 3.006334 -0.146011 -0.4045537 3.069779 -0.1992036 -0.8323777 3.03181 0.1482887 0.02214476 3.131308 0.2056166 -0.4011865 3.015081 0.3116529 -0.7951269 2.923072 
0.05581523 0.6851222 3.031996 0.05641984 0.4632652 3.047603 0.06162798 0.2421477 3.05742 -0.07715508 0.4559786 2.954348 -0.1245228 0.1679461 2.784356 -0.01079547 -0.01352512 2.580584 0.1899948 0.4705518 3.140858 0.2373979 0.1402794 3.213547 0.359778 -0.01030779 3.001789 -0.01677534 0.01646912 3.008865 -0.1459738 -0.401967 3.074055 -0.2027888 -0.8299302 3.03723 0.1504476 0.02559128 3.125611 0.2051163 -0.3997189 3.015504 0.3113328 -0.795626 2.922555 
0.05257836 0.6836452 3.032395 0.05408404 0.463291 3.047198 0.05996291 0.2421277 3.055528 -0.08669522 0.456495 2.966115 -0.1883225 0.1845212 2.806139 -0.1304294 0.01113856 2.575253 0.1948633 0.470087 3.128282 0.2450159 0.1408317 3.212506 0.3590412 -0.004723984 2.994266 -0.02247281 0.01670114 3.012991 -0.1419083 -0.4052783 3.072956 -0.2051957 -0.8335069 3.039958 0.1541564 0.02522775 3.114723 0.206112 -0.4002343 3.00372 0.3118618 -0.7964067 2.92329 
0.05128363 0.6843796 3.03161 0.05320819 0.4639268 3.046068 0.05965053 0.2427133 3.052264 -0.09235007 0.4576606 2.973693 -0.2637181 0.2178051 2.943033 -0.2309097 0.1041708 2.682008 0.1987665 0.470193 3.118444 0.2536097 0.1429852 3.20752 0.351781 0.006508759 2.990981 -0.02491467 0.017582 3.013208 -0.129087 -0.4087502 3.06917 -0.202847 -0.8324641 3.037525 0.1571004 0.02541766 3.103711 0.2071902 -0.4017751 2.998729 0.3078082 -0.79285 2.924236 
0.04897239 0.6881665 3.027728 0.05119304 0.4680404 3.044308 0.05785304 0.2468366 3.0509 -0.09705296 0.4615721 2.977043 -0.3183489 0.2513988 3.030005 -0.3062888 0.1701115 2.755361 0.199439 0.4745087 3.111573 0.258001 0.1585574 3.198218 0.3461474 0.02031248 2.970938 -0.02808174 0.02159268 3.01548 -0.1223248 -0.4052134 3.083514 -0.2071285 -0.8296217 3.035021 0.1571078 0.02967285 3.099507 0.2085982 -0.3979373 2.996794 0.3053298 -0.7922994 2.936854 
0.04997043 0.6912404 3.030575 0.0547067 0.4701858 3.045107 0.06248346 0.248958 3.049202 -0.09601107 0.4637339 2.982782 -0.3241065 0.3073606 2.992513 -0.4227063 0.2687844 2.749089 0.2054245 0.4766377 3.107432 0.2731555 0.1667587 3.157226 0.3217931 0.0327851 2.912954 -0.0239446 0.02369751 3.014341 -0.1081879 -0.4058442 3.080156 -0.2037652 -0.8337554 3.028121 0.164465 0.03176288 3.092252 0.2129655 -0.3955838 2.986946 0.3073494 -0.7987892 2.941399 
0.05286516 0.6861359 3.019708 0.05736609 0.4665471 3.040238 0.06430795 0.2454203 3.048066 -0.09378379 0.4596283 2.978839 -0.3315382 0.3251704 2.976748 -0.4581462 0.3432199 2.741035 0.208516 0.4734658 3.101636 0.2780903 0.1573889 3.142607 0.3161748 0.04214583 2.878058 -0.0232597 0.01996744 3.017504 -0.1112931 -0.408616 3.08505 -0.204855 -0.8401728 3.035285 0.1657593 0.02861963 3.094285 0.2141485 -0.3988492 2.98936 0.3042822 -0.8034713 2.94813 
