0.03913228 0.7029789 3.057465 0.0432693 0.4825053 3.065678 0.05339925 0.2613433 3.066371 -0.1060735 0.475459 3.000012 -0.3537175 0.4320395 2.824943 -0.4262626 0.5603085 2.593225 0.1926121 0.4895516 3.131344 0.2447933 0.1740042 3.172702 0.2655185 0.02250037 2.930441 -0.02986658 0.03577476 3.025998 -0.133637 -0.3918626 3.074575 -0.2071222 -0.8356119 3.02106 0.156925 0.04458794 3.10813 0.1993639 -0.3833293 3.002808 0.2996172 -0.8010927 2.944953 
0.04405114 0.7057365 3.069549 0.04600073 0.4860824 3.069651 0.05245489 0.264901 3.065377 -0.09901091 0.4832875 2.995299 -0.3196915 0.4764619 2.789342 -0.3364114 0.662074 2.599651 0.1910124 0.4888773 3.144002 0.2415352 0.1720716 3.16877 0.2725067 0.01978384 2.941273 -0.03197155 0.04196789 3.014506 -0.1327997 -0.3861148 3.065609 -0.2098009 -0.8310196 3.014204 0.1497897 0.04547113 3.1077 0.1928432 -0.3827133 3.00352 0.2983997 -0.8066728 2.943146 
0.04511288 0.7029066 3.063674 0.04629982 0.4847655 3.06581 0.05173425 0.2634981 3.062467 -0.0951336 0.4825157 2.984814 -0.2833696 0.5087516 2.765153 -0.2616214 0.7229512 2.603139 0.1877332 0.4870153 3.146807 0.2422499 0.1715128 3.170855 0.2756142 0.01716252 2.937953 -0.03129449 0.04082352 3.008462 -0.1285433 -0.3866664 3.069647 -0.2089977 -0.8373002 3.0198 0.1456318 0.04363791 3.109784 0.196936 -0.3821757 3.000154 0.3006307 -0.8055733 2.943585 
0.04827232 0.698478 3.063748 0.04453665 0.4809302 3.062575 0.04374852 0.2597128 3.055994 -0.09274804 0.4840411 2.974442 -0.1752891 0.55568 2.70723 -0.06678748 0.7881455 2.598383 0.1818213 0.4778193 3.150707 0.2358576 0.1608873 3.173918 0.2814956 0.01347601 2.948984 -0.04282551 0.04043941 2.994341 -0.1368438 -0.3857403 3.067306 -0.2123545 -0.838817 3.025888 0.1287463 0.03655153 3.104484 0.1952961 -0.3886902 3.001918 0.2984019 -0.807652 2.946981 
0.04242229 0.6815437 3.07562 0.04751934 0.4651532 3.066996 0.05275299 0.2443893 3.05508 -0.08675376 0.4669813 2.97415 -0.09876859 0.5408365 2.68892 0.07242403 0.7496951 2.612634 0.1817924 0.4633252 3.159842 0.2298093 0.1650504 3.189784 0.2849453 0.01296033 2.963426 -0.02600477 0.02476883 2.985086 -0.1203131 -0.4007405 3.062323 -0.189835 -0.8387521 3.012184 0.1419781 0.02248184 3.101242 0.2144348 -0.4013065 2.995705 0.3207846 -0.8067088 2.933941 
0.0383983 0.6954332 3.063781 0.04452515 0.4798226 3.065138 0.05126604 0.2586727 3.060493 -0.08814564 0.4777781 2.969956 -0.0439587 0.4952219 2.693955 0.1705162 0.6521235 2.597155 0.1771959 0.4818671 3.16032 0.2269127 0.1677486 3.193201 0.2856628 0.01185098 2.96803 -0.02497918 0.03624403 2.99631 -0.1325241 -0.3859996 3.0738 -0.2037798 -0.8364086 3.031544 0.1409931 0.03880171 3.115384 0.2009593 -0.388222 3.015587 0.3076033 -0.8004292 2.945566 
0.038691 0.6944621 3.060311 0.04509165 0.4780782 3.063396 0.05195503 0.2568536 3.060577 -0.08357743 0.4753647 2.963043 -0.01501304 0.4576297 2.695475 0.2256115 0.5696164 2.600505 0.1737607 0.4807916 3.163748 0.2229172 0.1708525 3.185606 0.2880147 0.01146617 2.96349 -0.02171571 0.03393066 2.994948 -0.1320765 -0.3897076 3.059345 -0.2017497 -0.8368489 3.02776 0.1393525 0.03732733 3.120569 0.2013525 -0.3879414 3.014479 0.3036136 -0.8052716 2.945786 
0.03778755 0.6927113 3.04666 0.04441954 0.4782145 3.056408 0.05365976 0.2572009 3.060796 -0.0754364 0.4710239 2.946605 0.009227882 0.4069214 2.70629 0.2694752 0.4680324 2.61833 0.1642755 0.4854052 3.166212 0.2096513 0.1847983 3.178916 0.2892396 0.01244913 2.978358 -0.01229932 0.03167566 2.996291 -0.1263347 -0.389914 3.067934 -0.1961016 -0.8365095 3.028862 0.1380993 0.04069871 3.134075 0.1995485 -0.3841802 3.025816 0.3039581 -0.8015372 2.952846 
0.03482008 0.6943207 3.051725 0.04527425 0.4784531 3.056841 0.0565489 0.2574553 3.060737 -0.06706552 0.4706521 2.939432 0.03461503 0.3639188 2.713229 0.3032035 0.3911428 2.618732 0.157614 0.4862542 3.174249 0.202328 0.1958641 3.199441 0.2965785 0.01712286 3.002084 -0.002459091 0.03157692 2.991179 -0.1256391 -0.3874309 3.062965 -0.1953212 -0.833155 3.023358 0.1381062 0.04133797 3.138086 0.1991066 -0.3784308 3.012393 0.306588 -0.7998647 2.949306 
0.03322058 0.6904631 3.036343 0.04258873 0.4714901 3.046433 0.05362513 0.2506343 3.056438 -0.06477161 0.4605832 2.924095 0.05812258 0.2639963 2.739542 0.3343933 0.2249207 2.633342 0.1499491 0.482397 3.168771 0.2658827 0.1834733 3.255646 0.302125 0.02048129 3.028093 -0.002404704 0.02296518 2.99002 -0.1391754 -0.3905522 3.068993 -0.2059391 -0.8356996 3.032192 0.1317278 0.0365919 3.142865 0.1895879 -0.3835647 3.015906 0.3038272 -0.8026004 2.948116 
0.03179599 0.6893947 3.034579 0.04138421 0.4704057 3.046368 0.05400002 0.2496652 3.057411 -0.06820251 0.4581226 2.926038 0.04056292 0.2174982 2.751758 0.3110654 0.1377112 2.640775 0.1509709 0.4826888 3.166698 0.2797888 0.1840045 3.329232 0.4234997 0.1207782 3.145802 -0.00189826 0.02124524 2.993224 -0.1370791 -0.393355 3.06964 -0.2021094 -0.8330839 3.038256 0.1351299 0.0366042 3.143685 0.1975306 -0.3857193 3.026772 0.3131378 -0.8073147 2.934596 
0.02681544 0.695064 3.037745 0.03869167 0.4744121 3.04979 0.05453833 0.2538584 3.060218 -0.07851733 0.46067 2.937256 -0.002797043 0.1713668 2.779396 0.2523525 0.04340527 2.645902 0.1559007 0.4881542 3.162323 0.3513851 0.1872201 3.362091 0.4373298 0.3565954 3.260399 -0.003027124 0.02469748 3.000162 -0.1406927 -0.3891737 3.076178 -0.2074627 -0.8352937 3.039816 0.1437971 0.04191185 3.141129 0.1935282 -0.3813811 3.021646 0.3134175 -0.8000612 2.93386 
0.02327895 0.6922661 3.034464 0.04175683 0.4738526 3.052527 0.06686214 0.2546403 3.06743 -0.08220497 0.4526455 2.94941 -0.0527818 0.1617574 2.786381 0.1780133 0.003513885 2.637135 0.1657186 0.4950597 3.155643 0.387493 0.1917891 3.341825 0.3890806 0.4121763 3.319811 0.01404216 0.02209686 3.017511 -0.1193157 -0.3933448 3.092739 -0.1867953 -0.8367902 3.047295 0.1698927 0.0487594 3.147154 0.2162629 -0.3733508 3.021733 0.3354757 -0.7991772 2.940017 
0.01987487 0.6937363 3.045156 0.03891313 0.4731447 3.058247 0.06433162 0.253614 3.068473 -0.09094789 0.4536318 2.962139 -0.1135081 0.1629434 2.797653 0.07076558 -0.01630225 2.62303 0.1687742 0.4926576 3.154354 0.3951777 0.1907387 3.347092 0.3636619 0.4416278 3.347001 0.00847079 0.02187032 3.018546 -0.1419066 -0.389957 3.075097 -0.2085107 -0.8348264 3.033588 0.1710294 0.04629635 3.138852 0.193921 -0.3769897 3.013042 0.3085339 -0.8069596 2.931293 
0.01346371 0.6931227 3.034914 0.03507327 0.4728884 3.055599 0.06110935 0.2534404 3.068444 -0.1027937 0.4515981 2.971322 -0.1893247 0.1757185 2.83464 -0.1140156 -0.01212625 2.612776 0.1729402 0.4941786 3.139876 0.3893989 0.1920098 3.35949 0.3523843 0.4697389 3.359106 0.0009445687 0.02068083 3.028596 -0.1368798 -0.3956967 3.087604 -0.2070667 -0.8370659 3.028933 0.1733463 0.04730412 3.133984 0.1954436 -0.379035 3.01714 0.3095878 -0.8012258 2.936465 
0.01113862 0.6936277 3.034327 0.03502317 0.474014 3.056356 0.06345557 0.254849 3.069175 -0.1066069 0.4511182 2.979042 -0.2371666 0.1988782 2.860257 -0.2075365 0.0305444 2.623092 0.1766533 0.4969098 3.133669 0.3933011 0.1916329 3.358011 0.3535236 0.4732524 3.369085 0.003276116 0.02135924 3.033622 -0.1300826 -0.3968513 3.090712 -0.2037002 -0.8350083 3.028659 0.1804999 0.05000908 3.130365 0.202673 -0.3763267 3.013122 0.3147234 -0.8016207 2.940667 
0.01215035 0.6956508 3.045587 0.03461055 0.4769302 3.060967 0.06338756 0.2576185 3.069238 -0.1106203 0.4552062 2.990236 -0.2796877 0.2259955 2.883605 -0.2974347 0.08893547 2.636022 0.1798414 0.4986542 3.131698 0.3095879 0.2851485 3.278034 0.3199149 0.5676569 3.340608 0.001321913 0.02471828 3.033266 -0.133412 -0.3937331 3.085607 -0.2070068 -0.828472 3.024995 0.1830072 0.05189523 3.121752 0.2008307 -0.3738696 3.001642 0.3083333 -0.8027811 2.935612 
0.01653773 0.6937113 3.038265 0.03760746 0.4756305 3.056874 0.06480954 0.2561261 3.066005 -0.1112972 0.4545685 2.994158 -0.3183144 0.2419733 2.883841 -0.3743167 0.1369735 2.62748 0.1865121 0.4966924 3.11959 0.2968704 0.2669572 3.25698 0.335368 0.5368292 3.354551 -0.001166634 0.02344203 3.035891 -0.1290587 -0.3977432 3.082879 -0.2073991 -0.835133 3.026799 0.1851899 0.04980141 3.114381 0.1998789 -0.3766184 2.996086 0.3076873 -0.8069597 2.939752 
0.01837801 0.6968923 3.051989 0.03617687 0.4786711 3.062834 0.06048183 0.2586617 3.064903 -0.1161261 0.4613195 3.006876 -0.3568749 0.308022 2.894228 -0.4601143 0.3021225 2.63749 0.1884799 0.4960228 3.118791 0.2667526 0.2318196 3.207691 0.3350698 0.4760316 3.347428 -0.01039281 0.02780855 3.032002 -0.1281954 -0.3952495 3.087404 -0.2110205 -0.834072 3.021457 0.1799664 0.04949588 3.101942 0.195109 -0.3784842 2.989445 0.3039334 -0.8089098 2.94401 
0.0193491 0.6984825 3.053932 0.03547829 0.4798754 3.064395 0.05838493 0.25969 3.06608 -0.117117 0.4635738 3.008662 -0.3704148 0.346033 2.881628 -0.4604989 0.4056834 2.628438 0.1880736 0.4961771 3.120128 0.2534692 0.2249693 3.197607 0.3332614 0.4630477 3.341777 -0.01411025 0.02931293 3.032921 -0.1264701 -0.3965024 3.076339 -0.2123227 -0.8329461 3.023797 0.1766934 0.04969629 3.102609 0.19612 -0.3795027 2.995685 0.3019903 -0.8073055 2.945117 
0.02302964 0.7017057 3.054131 0.03557368 0.4830044 3.063187 0.05636851 0.2625854 3.063447 -0.1164344 0.4685951 3.005196 -0.3738281 0.3995226 2.855144 -0.437062 0.551802 2.629648 0.1875817 0.4974137 3.121178 0.2497924 0.2257067 3.199525 0.3349177 0.4632466 3.341516 -0.01791144 0.03315399 3.027436 -0.1279917 -0.3931059 3.073949 -0.2050626 -0.8364685 3.025838 0.1722381 0.05117883 3.099978 0.1975511 -0.3781838 2.994781 0.3035149 -0.8073373 2.945004 
