0.05729384 0.6957425 3.037254 0.05087564 0.4758923 3.04625 0.04795406 0.2545612 3.045361 -0.09662353 0.4781202 2.976274 -0.2696337 0.4982364 2.767231 -0.2574458 0.7385479 2.612253 0.1983748 0.4736644 3.116225 0.2651985 0.1347705 3.158449 0.3474137 0.009387322 2.90077 -0.04721783 0.03462353 3.000707 -0.1082251 -0.3970867 3.07689 -0.2112299 -0.8375243 3.025127 0.1372828 0.03183676 3.088237 0.2053738 -0.3967504 3.000379 0.2998997 -0.8066741 2.946414 
0.0658042 0.6974427 3.050168 0.05934634 0.4788213 3.052599 0.05530411 0.2575405 3.047548 -0.08160788 0.4832673 2.970629 -0.1886062 0.5057868 2.726277 -0.1017905 0.7484156 2.598591 0.2003006 0.4743754 3.134569 0.2535983 0.1322133 3.153587 0.3597453 0.002532532 2.907215 -0.0369444 0.03904184 2.991201 -0.09687035 -0.3922586 3.071237 -0.2068044 -0.8378939 3.024422 0.1394682 0.03347745 3.093791 0.2063536 -0.394441 3.001862 0.3048284 -0.8036252 2.948585 
0.09420323 0.6962023 3.053128 0.07874515 0.4773536 3.058214 0.06589064 0.2565472 3.054388 -0.05397948 0.4866984 2.964822 -0.1348712 0.4995825 2.70982 -0.008887817 0.7218455 2.583519 0.2114698 0.4680088 3.151606 0.2607955 0.1294323 3.162347 0.3639504 0.002865662 2.926633 -0.03027184 0.04160636 2.991942 -0.09782324 -0.3824222 3.096683 -0.2014969 -0.834977 3.029875 0.1363441 0.02987541 3.109183 0.2037604 -0.3982522 3.018483 0.3042421 -0.8061738 2.952301 
0.07372839 0.6969761 3.056247 0.07034495 0.4793922 3.060597 0.06881271 0.2583939 3.058393 -0.0581382 0.4812768 2.960929 -0.08354811 0.4752095 2.707757 0.08277342 0.6564318 2.573076 0.1988281 0.4775076 3.160264 0.2779275 0.1242886 3.190357 0.3660372 0.006143112 2.95237 -0.01305924 0.03857391 2.993867 -0.089841 -0.3879699 3.080165 -0.1881236 -0.8386773 3.031224 0.1476202 0.0362171 3.118511 0.2173415 -0.3885053 3.015286 0.3212824 -0.7975848 2.941315 
0.06490821 0.6947816 3.04415 0.06518026 0.4783175 3.053312 0.06756689 0.2572648 3.057096 -0.05750901 0.4751656 2.94656 -0.01444299 0.4426596 2.69698 0.1845896 0.5849536 2.561923 0.1878695 0.4814693 3.160064 0.2727945 0.1245899 3.189296 0.3669555 0.008459373 2.967064 -0.006772696 0.03424107 2.99412 -0.1006781 -0.391215 3.067593 -0.197712 -0.8397095 3.031311 0.1466797 0.0381832 3.127639 0.201267 -0.3857775 3.013897 0.310476 -0.8024338 2.939682 
0.05646273 0.6969287 3.060956 0.05959255 0.4800154 3.059524 0.06336155 0.2589103 3.056846 -0.05318151 0.4795078 2.942697 0.03756223 0.4136446 2.693552 0.2551444 0.5178145 2.55404 0.1723666 0.4805229 3.17635 0.2531728 0.1269818 3.188223 0.3680348 0.009736557 2.986205 -0.003535699 0.03748717 2.980962 -0.1061506 -0.3872471 3.048981 -0.1995888 -0.8309075 3.020762 0.1377968 0.03812322 3.127373 0.1908219 -0.3839676 3.005579 0.3019899 -0.8047951 2.931901 
0.04909566 0.6932901 3.050372 0.05355848 0.4615136 3.047602 0.05497993 0.24032 3.042061 -0.06216413 0.4636474 2.932724 0.07260676 0.3204233 2.727137 0.3205959 0.3389426 2.585241 0.1692811 0.4593799 3.16248 0.2154391 0.1545558 3.210348 0.360758 0.009660034 3.017997 -0.01607882 0.02046281 2.96457 -0.1215513 -0.3939745 3.061646 -0.1949552 -0.8237656 3.033104 0.1288816 0.01778996 3.108472 0.2143908 -0.4015986 3.00896 0.3175372 -0.7942378 2.928886 
0.04391307 0.6955548 3.053519 0.04777073 0.4697245 3.050942 0.0513196 0.2484152 3.047394 -0.07415009 0.4695078 2.942492 0.04490713 0.25311 2.762517 0.3004336 0.2036573 2.625785 0.1696915 0.4699412 3.159392 0.2034862 0.1855417 3.201911 0.3278265 0.00985173 3.008247 -0.02145359 0.02697029 2.975957 -0.1365551 -0.3879599 3.069149 -0.2059733 -0.8284301 3.035612 0.1311905 0.02724159 3.111735 0.2056343 -0.3990986 3.022636 0.3115332 -0.7995586 2.929278 
0.03875309 0.692473 3.036782 0.04041674 0.4685376 3.043007 0.04454187 0.247195 3.043701 -0.0897056 0.4658048 2.944817 0.002767227 0.1907661 2.800351 0.2350302 0.09179009 2.644272 0.1705391 0.4712704 3.141197 0.203002 0.1802312 3.187553 0.3167896 -0.007783234 2.999398 -0.0328335 0.02414066 2.982894 -0.140854 -0.3969989 3.063219 -0.2068859 -0.833849 3.03841 0.1301675 0.02756403 3.105894 0.2049061 -0.4003659 3.021535 0.3111256 -0.8007385 2.927005 
0.03742898 0.6906047 3.035271 0.04001019 0.4683872 3.044881 0.04530671 0.2470852 3.047713 -0.09645889 0.4639865 2.956242 -0.05153448 0.1643571 2.80362 0.1482257 0.03097148 2.625233 0.1764793 0.4727878 3.13352 0.2137324 0.1729403 3.191969 0.3244303 -0.006592331 2.994378 -0.03490259 0.02302592 2.995008 -0.1382637 -0.3987418 3.079706 -0.2052112 -0.8340455 3.043704 0.1361091 0.02854045 3.106083 0.2064232 -0.4022906 3.033782 0.3189695 -0.8063704 2.923147 
0.03602841 0.6917811 3.030201 0.03749046 0.469941 3.04618 0.04303067 0.2487554 3.053651 -0.1044746 0.4636803 2.966107 -0.1355748 0.1600577 2.824389 -0.007297653 -0.005290466 2.603597 0.1794555 0.4762017 3.126252 0.226843 0.1720387 3.188624 0.3242152 0.01049742 2.987246 -0.04015317 0.02365715 3.011079 -0.1401409 -0.4023715 3.076801 -0.2101278 -0.8327417 3.040395 0.1372949 0.03148265 3.111165 0.1986216 -0.3990349 3.028421 0.3063332 -0.7990496 2.942612 
0.03517231 0.6913204 3.031986 0.03863922 0.4699908 3.047282 0.04621466 0.248824 3.053496 -0.1063973 0.4629359 2.973001 -0.1933164 0.1660576 2.850157 -0.1138006 0.01538461 2.597428 0.1836757 0.4770458 3.121564 0.2334605 0.1658068 3.182476 0.3286982 0.007660812 2.972755 -0.03693916 0.02324379 3.013242 -0.136375 -0.4027202 3.081196 -0.2022764 -0.8359253 3.035552 0.1445194 0.03207039 3.106178 0.2066426 -0.3970788 3.017008 0.3125596 -0.8031856 2.934104 
0.03677526 0.6916404 3.0324 0.04071004 0.4700657 3.046896 0.04924564 0.2489053 3.052449 -0.1072659 0.4626425 2.978721 -0.2466726 0.192043 2.878558 -0.2395426 0.06249489 2.613193 0.188686 0.4774888 3.11507 0.2384352 0.161543 3.173649 0.3320614 0.005416306 2.953195 -0.03478886 0.02310109 3.015355 -0.1316845 -0.4038187 3.0814 -0.2051137 -0.8343793 3.034322 0.1503514 0.03238856 3.100651 0.2064692 -0.3974477 3.010699 0.3110721 -0.8025838 2.938082 
0.04263452 0.6904573 3.019627 0.04475364 0.4695217 3.041332 0.05216647 0.2484871 3.050868 -0.1039453 0.4616508 2.974487 -0.283814 0.2250067 2.900274 -0.3562688 0.146957 2.641136 0.1934525 0.4773925 3.108177 0.2363879 0.1590241 3.162188 0.3199522 0.01704959 2.930032 -0.0333635 0.02253302 3.018623 -0.1306504 -0.4052507 3.07817 -0.2051966 -0.8366754 3.036889 0.1525221 0.03237216 3.102185 0.2076517 -0.3966383 3.007659 0.3038098 -0.7994756 2.94986 
0.04707048 0.6946312 3.040569 0.04726902 0.4736221 3.049693 0.05242546 0.2523952 3.050007 -0.1045679 0.4699979 2.989845 -0.3315164 0.2737976 2.92331 -0.4650533 0.2865868 2.68011 0.199106 0.4772464 3.109541 0.2360102 0.158706 3.152353 0.3171365 0.0205139 2.919649 -0.03737636 0.02890164 3.012893 -0.1221233 -0.4005426 3.078427 -0.210006 -0.8334253 3.022135 0.1525401 0.03343478 3.08775 0.2077389 -0.3922756 2.979666 0.3036904 -0.8011131 2.938628 
0.0532052 0.6943721 3.036229 0.05100709 0.4733229 3.047314 0.05322728 0.2520056 3.048137 -0.1016406 0.4715759 2.989377 -0.3397512 0.3083964 2.920683 -0.4823612 0.3763279 2.693418 0.2036548 0.4750699 3.105251 0.2360193 0.1598558 3.142184 0.3155991 0.02398184 2.914497 -0.04001717 0.02959569 3.012728 -0.1188934 -0.3995317 3.086985 -0.2104951 -0.8350388 3.025877 0.1509121 0.03178084 3.085194 0.2085358 -0.3964106 2.989291 0.3026178 -0.8027375 2.942849 
