0.05331104 0.6861329 3.010517 0.05725021 0.4670021 3.035133 0.06421945 0.2459887 3.046097 -0.09391452 0.4591894 2.973731 -0.357394 0.3757703 2.925893 -0.4676175 0.5165568 2.713888 0.2084149 0.4748148 3.096535 0.2835176 0.1661125 3.13734 0.3292975 0.06518148 2.859905 -0.02335828 0.02008885 3.018656 -0.1044332 -0.4110011 3.078416 -0.2094409 -0.8355686 3.030147 0.1657357 0.02986183 3.095464 0.21907 -0.3948503 2.982268 0.3065693 -0.7988597 2.948627 
0.05564934 0.6868625 3.025761 0.06133607 0.4679635 3.041317 0.07019315 0.2468329 3.046797 -0.0921099 0.4604443 2.985918 -0.3453867 0.4307266 2.871728 -0.4011538 0.6570776 2.715579 0.214782 0.4754828 3.096715 0.2893513 0.1709905 3.135819 0.3426651 0.05818382 2.862587 -0.01691352 0.02099988 3.017632 -0.1046678 -0.4080815 3.081612 -0.2092638 -0.8352149 3.031769 0.175014 0.03040479 3.086924 0.2212328 -0.3972289 2.982183 0.3096216 -0.8065574 2.944831 
0.05282697 0.6826284 3.017808 0.05968808 0.4640369 3.039134 0.06889505 0.2430036 3.047328 -0.09258723 0.4555296 2.980752 -0.3182175 0.4558776 2.833853 -0.3267825 0.7078849 2.712622 0.2119634 0.4725443 3.097517 0.2901457 0.1699774 3.138918 0.347886 0.05913918 2.867601 -0.01715511 0.0166485 3.019001 -0.1044097 -0.4134965 3.076616 -0.2096465 -0.8405924 3.032438 0.1733592 0.02729218 3.092044 0.2210922 -0.4021608 2.995876 0.3045198 -0.8064839 2.951003 
0.05796864 0.6801121 3.024807 0.06323465 0.4621078 3.042002 0.07159363 0.2409771 3.048595 -0.08530365 0.4544993 2.975141 -0.2675599 0.4774155 2.794402 -0.2291095 0.7370183 2.700598 0.2117729 0.4697163 3.108863 0.2866163 0.1680135 3.141439 0.3523862 0.05957476 2.88186 -0.0130965 0.01508017 3.013304 -0.1038318 -0.4137621 3.075381 -0.2036301 -0.8381779 3.024327 0.1730018 0.02461255 3.097072 0.2226075 -0.4052088 3.003215 0.3062703 -0.8053728 2.949481 
0.05877672 0.6706548 3.030338 0.06449564 0.4540201 3.044999 0.0726199 0.2328357 3.050605 -0.08095481 0.4468088 2.971271 -0.1948778 0.4795991 2.739094 -0.07832813 0.724282 2.657135 0.2099461 0.4612313 3.118727 0.2794099 0.1667575 3.156864 0.3522622 0.06085509 2.90661 -0.01020681 0.007142074 3.010109 -0.1118124 -0.4186074 3.076011 -0.2043892 -0.8417087 3.029166 0.1716952 0.01616054 3.102313 0.2186538 -0.4117994 2.999034 0.3069655 -0.8080713 2.944806 
0.03687849 0.6874381 3.032789 0.0544751 0.4701464 3.047902 0.07314985 0.2499065 3.055151 -0.08741239 0.4555185 2.969001 -0.1563372 0.4516551 2.721268 0.003674927 0.6643767 2.629272 0.1963626 0.4847742 3.126803 0.2661922 0.1669303 3.165578 0.3553735 0.05467584 2.921455 0.002066702 0.02041312 3.012486 -0.1073372 -0.4028234 3.082007 -0.1959227 -0.82081 3.0319 0.1815825 0.03892021 3.112312 0.2289114 -0.392174 3.004941 0.3198998 -0.7853109 2.945513 
0.0459736 0.6835471 3.032219 0.06074117 0.4678124 3.052201 0.07567027 0.2473932 3.063509 -0.07673606 0.4540682 2.965801 -0.104793 0.428422 2.710541 0.09631094 0.5883213 2.607428 0.1982184 0.4815564 3.138601 0.2625074 0.1563492 3.176178 0.3601635 0.03951402 2.927593 0.004110535 0.01832748 3.020462 -0.1251948 -0.3975048 3.097109 -0.2055516 -0.835764 3.039005 0.1770882 0.0356207 3.129173 0.2082248 -0.3933197 3.016914 0.3075845 -0.8097039 2.948951 
0.04968828 0.6796337 3.034405 0.05986074 0.4650044 3.053202 0.07186242 0.2443209 3.064413 -0.06937941 0.4530057 2.955363 -0.05640461 0.4027537 2.704159 0.179437 0.5027375 2.60814 0.1891009 0.4770031 3.151042 0.2682805 0.1466207 3.175948 0.3631925 0.02440529 2.927859 0.002596966 0.01609245 3.014101 -0.1327847 -0.4005593 3.073645 -0.2047072 -0.8334951 3.018729 0.1651312 0.03118214 3.137145 0.1948822 -0.3922671 3.009251 0.2971914 -0.8051982 2.942143 
0.05107562 0.6782094 3.044999 0.06049865 0.4619966 3.054326 0.07099897 0.2410578 3.06196 -0.05882771 0.4525426 2.94485 -0.01604695 0.3618154 2.696537 0.2389095 0.3995711 2.596771 0.179825 0.4714505 3.163802 0.2743276 0.1333853 3.174889 0.3642368 0.01254845 2.923003 0.00660651 0.01418544 3.000884 -0.1298286 -0.4017929 3.064982 -0.1992848 -0.8310161 3.018299 0.1563921 0.02605263 3.138305 0.2003161 -0.3935991 3.00403 0.3000139 -0.8040193 2.936529 
0.05470656 0.6737226 3.053453 0.06104658 0.4559987 3.053929 0.06997965 0.2348293 3.056177 -0.05300432 0.4502099 2.937641 0.01028325 0.308182 2.694127 0.2731515 0.2696607 2.595684 0.1750975 0.4617874 3.170217 0.2573776 0.1388714 3.209464 0.3726012 0.009984024 2.981992 0.007682161 0.01004459 2.985798 -0.1274992 -0.4044209 3.062117 -0.201 -0.8293196 3.026997 0.1501433 0.01727533 3.131053 0.2052525 -0.4026303 3.001986 0.3070216 -0.7979867 2.939199 
0.05355248 0.6749238 3.042989 0.05682028 0.4567588 3.04934 0.06360552 0.2356318 3.055508 -0.05471741 0.4500169 2.930343 0.01256979 0.2628125 2.694248 0.2610662 0.1520746 2.594933 0.168358 0.4635006 3.168338 0.2176953 0.1794658 3.19523 0.3431818 0.02300928 2.986405 0.000648839 0.01028925 2.98727 -0.1393062 -0.4011711 3.071532 -0.2079699 -0.8278541 3.038764 0.1401327 0.01872031 3.136083 0.1990037 -0.4048555 3.021671 0.3056133 -0.8028197 2.929256 
0.05882663 0.6785519 3.036452 0.05779511 0.4584058 3.048092 0.06129239 0.2373703 3.058367 -0.05632032 0.4511832 2.931558 -0.008164142 0.2218657 2.708156 0.2157472 0.08216964 2.588156 0.1719106 0.4656283 3.164626 0.2273669 0.1447717 3.207406 0.3553165 -0.0001590576 3.004654 -0.006584604 0.01181754 2.995755 -0.1405268 -0.4014552 3.080992 -0.2084381 -0.8299029 3.04314 0.1361639 0.02085236 3.141529 0.1987819 -0.3997271 3.018531 0.3113761 -0.8067155 2.929073 
0.06045467 0.6799924 3.034131 0.05905721 0.4585048 3.047113 0.06314954 0.2373639 3.055825 -0.06243042 0.4519866 2.93872 -0.05863414 0.1999689 2.726555 0.1245231 0.02334555 2.588672 0.1805448 0.4650231 3.155505 0.2294368 0.1573488 3.207244 0.3651212 0.0109818 3.004843 -0.008902418 0.0121375 2.9966 -0.1336467 -0.4053367 3.074335 -0.2034705 -0.8324239 3.036132 0.1433862 0.02030833 3.132473 0.2090549 -0.3990997 3.006845 0.322851 -0.8119428 2.908732 
0.05998469 0.6783476 3.036486 0.05916238 0.4577999 3.048714 0.06340693 0.2365828 3.055945 -0.07045877 0.4521082 2.950678 -0.1153677 0.1860187 2.753259 0.008058777 -0.004626236 2.582069 0.1887835 0.4634916 3.146751 0.2336838 0.1594207 3.206173 0.3706809 0.01094141 3.002986 -0.01359249 0.0117982 3.001729 -0.1335906 -0.4072488 3.07897 -0.2073667 -0.8346935 3.03865 0.1488955 0.01893306 3.124624 0.2082775 -0.4012872 2.998551 0.3210306 -0.813088 2.916704 
0.05629409 0.6802143 3.046617 0.05680531 0.4596883 3.051703 0.06267502 0.2384857 3.052045 -0.08002402 0.4559223 2.964158 -0.1819308 0.1901879 2.792529 -0.1041271 0.01585037 2.585434 0.1936346 0.4634543 3.139249 0.2388397 0.151381 3.200832 0.3711108 0.00439267 2.992899 -0.01711849 0.01492538 2.997577 -0.1318365 -0.4067304 3.068279 -0.2063853 -0.8310288 3.030548 0.1542079 0.0196409 3.107195 0.2114375 -0.4021562 2.98539 0.3212144 -0.8116663 2.909417 
0.05524904 0.6824707 3.051241 0.05524243 0.4635629 3.052951 0.06105457 0.2423548 3.049408 -0.08754178 0.461053 2.975402 -0.2320877 0.2111747 2.836235 -0.2348137 0.06279431 2.607188 0.1980266 0.4660727 3.130499 0.2404578 0.1506589 3.188226 0.3706912 0.006791168 2.977103 -0.02243771 0.019577 2.997363 -0.1270797 -0.4006394 3.086975 -0.2109528 -0.8303007 3.033673 0.1561711 0.02271655 3.094368 0.2096556 -0.40234 2.983054 0.3141619 -0.8032217 2.921664 
0.05615379 0.6859311 3.052551 0.05622246 0.4672617 3.052725 0.06195965 0.2460654 3.046813 -0.09027021 0.4653569 2.981831 -0.2895916 0.2351199 2.856602 -0.3661018 0.1322018 2.615344 0.2027151 0.4691665 3.123619 0.2463864 0.1538387 3.178109 0.3717993 0.009836426 2.957394 -0.02379611 0.02367943 2.996623 -0.1175319 -0.400269 3.081187 -0.207479 -0.8308161 3.032204 0.1591898 0.02605873 3.085178 0.2123332 -0.3999273 2.976964 0.311699 -0.798357 2.930541 
0.05600264 0.6915256 3.041212 0.05716943 0.4714675 3.048387 0.06159946 0.2501881 3.047198 -0.09138428 0.4688536 2.981344 -0.3182263 0.2680143 2.885804 -0.4488424 0.2354546 2.650011 0.2057231 0.4740814 3.115429 0.262593 0.1445563 3.149831 0.353564 0.01371939 2.894284 -0.02675503 0.02727603 3.004135 -0.1148331 -0.3975937 3.091146 -0.2103227 -0.8328376 3.036034 0.158814 0.03054129 3.087883 0.2109669 -0.3969038 2.984996 0.309378 -0.8018884 2.940513 
0.05740937 0.6914601 3.034417 0.06024024 0.4712656 3.044226 0.06744139 0.2500012 3.044717 -0.09154113 0.4661931 2.98448 -0.3457974 0.3237511 2.911177 -0.5165105 0.3895277 2.687564 0.2120216 0.4763381 3.103972 0.2681586 0.1686406 3.141931 0.3410026 0.04212266 2.873492 -0.02026267 0.02556509 3.007851 -0.1065792 -0.4032653 3.075058 -0.2032767 -0.8374241 3.031785 0.1695478 0.03190854 3.082566 0.2165054 -0.3966922 2.981973 0.3139418 -0.8026921 2.934473 
0.05619888 0.6920692 3.033972 0.06105376 0.4727819 3.042692 0.06924789 0.2515411 3.041723 -0.09149463 0.4673861 2.984612 -0.354706 0.3756857 2.902792 -0.5114978 0.532263 2.698248 0.2136021 0.4781777 3.100772 0.2682959 0.1741611 3.141194 0.3285777 0.04811681 2.884777 -0.01795602 0.02692595 3.004434 -0.1089109 -0.3989424 3.08273 -0.207682 -0.8383219 3.030388 0.1728401 0.03367461 3.077076 0.2175926 -0.396124 2.980517 0.3084483 -0.8027815 2.942949 
