0.06028742 0.7038097 3.054688 0.06075548 0.4862838 3.047263 0.06553668 0.2653506 3.034459 -0.09527057 0.4856971 2.99912 -0.3760337 0.4024017 2.900377 -0.5508568 0.5463729 2.702406 0.2167815 0.4868705 3.095405 0.2622136 0.1582887 3.129555 0.3288885 0.03083003 2.836904 -0.02726604 0.04405041 2.991545 -0.09029633 -0.3786174 3.102823 -0.1993336 -0.8409048 3.031423 0.1679018 0.04478436 3.051765 0.2263663 -0.3893977 2.988321 0.315131 -0.7956761 2.95028 
0.06692803 0.705327 3.05476 0.06614541 0.486949 3.0478 0.07032432 0.2659313 3.035828 -0.08836044 0.4868834 2.995078 -0.3565273 0.4342118 2.876176 -0.4753366 0.6390043 2.701427 0.2206513 0.4870147 3.100523 0.2550939 0.1651333 3.13527 0.344012 0.02631113 2.859035 -0.02216358 0.04487245 2.99087 -0.09370412 -0.3812752 3.082237 -0.2074464 -0.8384523 3.022474 0.1711701 0.04495455 3.056842 0.2178583 -0.3890458 2.984265 0.3080634 -0.7963076 2.948649 
0.07114378 0.7033924 3.055765 0.06935228 0.4842722 3.047505 0.07158058 0.2633068 3.034094 -0.0830152 0.4862793 2.989117 -0.3202327 0.4640991 2.839548 -0.3720584 0.7026851 2.677077 0.2217198 0.4822652 3.105893 0.2495737 0.1570777 3.135604 0.3500364 0.01758409 2.860174 -0.02154195 0.04359727 2.984144 -0.09945255 -0.3815303 3.077587 -0.2101668 -0.8404054 3.017348 0.1691597 0.04108531 3.057222 0.2130102 -0.3931321 2.983256 0.3049245 -0.8071148 2.943687 
0.07556973 0.7006412 3.057319 0.07499836 0.4809225 3.051261 0.0777494 0.259833 3.040172 -0.07197778 0.4826013 2.981324 -0.2767081 0.4861027 2.800294 -0.2603348 0.7450864 2.6654 0.2219745 0.4792437 3.121198 0.252196 0.1564805 3.137315 0.3547767 0.01197095 2.868434 -0.01166795 0.03979631 2.985226 -0.08979531 -0.387525 3.068938 -0.1990789 -0.8438733 3.030139 0.1726689 0.03769084 3.072941 0.218479 -0.3962832 2.998242 0.3109775 -0.8040143 2.956922 
0.08423377 0.6947724 3.043918 0.07884008 0.4759802 3.047737 0.07598928 0.2547522 3.043745 -0.06512862 0.4792193 2.971036 -0.192733 0.5025796 2.741279 -0.08071296 0.7565775 2.63302 0.2228088 0.472741 3.124439 0.2456824 0.1445775 3.164922 0.3618879 0.01370551 2.909118 -0.01682883 0.03554836 2.991822 -0.1037187 -0.3872482 3.08821 -0.2089833 -0.8433536 3.032949 0.1631057 0.03149996 3.087684 0.2127567 -0.3985346 2.995644 0.2980182 -0.7979599 2.958761 
0.08574086 0.6672584 3.075141 0.08361686 0.4522429 3.06237 0.08226028 0.2319909 3.045023 -0.05336007 0.4599738 2.974922 -0.1392806 0.4949259 2.7176 0.01105884 0.7224094 2.599808 0.2205938 0.4445122 3.149819 0.2508167 0.1441367 3.170656 0.3642885 0.01371536 2.917238 -0.004895 0.01658125 2.972901 -0.0911857 -0.4059621 3.062714 -0.1986433 -0.8525231 3.013898 0.1667024 0.0068965 3.082452 0.216632 -0.421926 2.989683 0.3061345 -0.8244479 2.936375 
0.07860811 0.6912599 3.053062 0.08510482 0.4386182 3.061626 0.07228329 0.2190371 3.041778 -0.05240714 0.4543997 2.975865 -0.08570633 0.4739184 2.702895 0.1090575 0.6549272 2.580057 0.2226168 0.4228366 3.147388 0.2469356 0.1520801 3.195316 0.3692938 0.01318427 2.955107 -0.02765938 0.00945456 2.967594 -0.1282164 -0.4066962 3.07039 -0.2304973 -0.8428774 3.024756 0.1465829 -0.01054233 3.076264 0.1942925 -0.4413511 2.988912 0.2822445 -0.8161379 2.939709 
0.07623834 0.6970956 3.055684 0.07808148 0.4634278 3.056664 0.06995699 0.242961 3.044654 -0.04990934 0.4735414 2.957592 -0.03272652 0.4416126 2.690661 0.2001294 0.570266 2.568105 0.2060723 0.4533142 3.155736 0.2487364 0.1488607 3.219904 0.3708357 0.0132858 2.979242 -0.02045959 0.02899667 2.968945 -0.1155255 -0.3910718 3.08275 -0.2044233 -0.822134 3.028877 0.1441246 0.01599152 3.096342 0.2141852 -0.4274542 3.010888 0.2960868 -0.7819666 2.959807 
0.0787355 0.6962723 3.055272 0.07425176 0.4723459 3.052755 0.06648671 0.2515115 3.043612 -0.0396942 0.4810742 2.938706 -0.001590214 0.3984079 2.687398 0.2548056 0.4628022 2.562197 0.1881977 0.4636176 3.166804 0.2387284 0.1503427 3.228415 0.3739713 0.01244225 3.003196 -0.01388046 0.03623853 2.961801 -0.1184356 -0.3792919 3.078229 -0.2034975 -0.8308969 3.022005 0.1313238 0.02511584 3.107136 0.1981222 -0.4105234 3.016932 0.2925328 -0.796837 2.954823 
0.07348853 0.6969348 3.055071 0.07290796 0.4770405 3.049284 0.06920261 0.2557833 3.046778 -0.03007525 0.4801897 2.92352 0.03121035 0.3191349 2.689186 0.2969019 0.2658831 2.558661 0.1758912 0.4738914 3.175049 0.2430295 0.1291809 3.260458 0.3735968 0.01576849 3.023595 0.001067868 0.03649632 2.96559 -0.1227445 -0.3760794 3.068345 -0.1988272 -0.8342525 3.036613 0.1299266 0.03255589 3.122953 0.1971568 -0.3969786 3.030068 0.3104965 -0.8001826 2.941444 
0.07162958 0.694252 3.04302 0.06961199 0.4745701 3.044735 0.06672583 0.2533614 3.048679 -0.03558484 0.4737249 2.920354 0.008682022 0.2790529 2.694059 0.2702531 0.1739428 2.581711 0.1748088 0.4754153 3.169115 0.2204287 0.1945124 3.222458 0.3392456 0.05214623 3.00009 -0.001981973 0.0316239 2.974798 -0.1284701 -0.3803482 3.07664 -0.2044128 -0.8366278 3.040013 0.1296613 0.03268161 3.130448 0.1967264 -0.3963435 3.039304 0.3099406 -0.8013849 2.940956 
0.06895948 0.6932772 3.035764 0.0671028 0.4722052 3.044661 0.0664596 0.2510079 3.052832 -0.04643467 0.4682155 2.927709 -0.03954577 0.2237716 2.715961 0.1790018 0.05127185 2.589524 0.1806403 0.4761949 3.161614 0.2411846 0.1359492 3.242435 0.3662907 0.00347406 3.012449 -0.005259465 0.02731294 2.987788 -0.1258506 -0.3896093 3.075099 -0.2045957 -0.8367262 3.03702 0.1368922 0.03230818 3.134215 0.2036205 -0.3920009 3.026176 0.3122115 -0.7971787 2.939887 
0.06424398 0.6954569 3.045626 0.06778536 0.4734216 3.051656 0.07405321 0.2523483 3.058541 -0.05368915 0.4666113 2.943561 -0.09085231 0.206032 2.735248 0.08464827 0.02100891 2.575072 0.1892599 0.480232 3.159752 0.2519425 0.1361659 3.240019 0.3737441 0.007669541 3.006674 0.004174104 0.02700595 2.997666 -0.1151478 -0.3909061 3.082183 -0.195074 -0.8327712 3.044466 0.156468 0.03554413 3.133186 0.2182208 -0.3885101 3.02158 0.3286067 -0.7990779 2.940265 
0.05595958 0.692799 3.034456 0.06037246 0.4722849 3.047944 0.06981629 0.2513205 3.056976 -0.07646479 0.4628855 2.961071 -0.1729344 0.1950383 2.775443 -0.08707996 0.008296615 2.554068 0.1972097 0.4816843 3.134817 0.2790272 0.1125319 3.216586 0.3700666 0.006196358 2.999958 -0.006461797 0.02446774 3.011587 -0.1263175 -0.3962914 3.078348 -0.2155897 -0.8350441 3.031297 0.164982 0.03624429 3.12043 0.2010179 -0.3867947 2.996294 0.3101886 -0.8024022 2.931185 
0.05035098 0.6955693 3.032814 0.05373757 0.4753092 3.047264 0.06025954 0.2541775 3.055341 -0.09129982 0.4683406 2.973592 -0.2399945 0.2254985 2.878409 -0.2392057 0.07282448 2.627298 0.198775 0.4822777 3.120936 0.2782974 0.1333805 3.176367 0.3612078 0.01179645 2.93736 -0.02385512 0.02869104 3.017378 -0.1308003 -0.3961631 3.08071 -0.220807 -0.8315665 3.028693 0.1574181 0.03740057 3.109456 0.1998095 -0.3863306 2.989043 0.2938994 -0.7970545 2.943887 
0.04673021 0.6962993 3.033336 0.05105986 0.475875 3.047764 0.05738353 0.2546833 3.054685 -0.09807457 0.4695771 2.982746 -0.2795264 0.2347679 2.885197 -0.356295 0.09264792 2.639701 0.2001943 0.4821731 3.112782 0.2751102 0.1536692 3.169205 0.3421087 0.02049391 2.922126 -0.02958812 0.02955173 3.020931 -0.1227282 -0.3980756 3.086345 -0.2131883 -0.8350205 3.032754 0.1570025 0.0374315 3.102279 0.2026845 -0.3889642 2.993075 0.3050095 -0.8021116 2.934645 
0.04729211 0.7051201 3.047673 0.05357722 0.4836812 3.05349 0.06343372 0.2625845 3.051469 -0.100171 0.4773203 2.999537 -0.3375069 0.2660329 2.915996 -0.5073907 0.176532 2.687344 0.2073254 0.4900422 3.107444 0.2769073 0.1563142 3.139508 0.3228514 0.02406177 2.8755 -0.02283044 0.03751096 3.015717 -0.1106078 -0.3905312 3.086699 -0.2040996 -0.8306983 3.02294 0.1694109 0.04546445 3.083178 0.2083807 -0.3832855 2.980058 0.3099321 -0.7911249 2.934018 
0.04828795 0.7079218 3.052819 0.05471015 0.4875241 3.055299 0.06344526 0.2664194 3.048756 -0.1022316 0.4826387 3.01086 -0.3666713 0.2962857 2.942011 -0.5854299 0.2809564 2.728164 0.2116519 0.4924094 3.099738 0.2751813 0.156046 3.121895 0.3151429 0.02047641 2.844679 -0.02592401 0.0422609 3.014435 -0.1101487 -0.3866204 3.085046 -0.2086082 -0.8375297 3.022208 0.1702847 0.04836862 3.069993 0.1999303 -0.3838703 2.979461 0.3092101 -0.8058245 2.928204 
0.04997995 0.7067541 3.054834 0.05682018 0.4871735 3.055769 0.0659832 0.2660893 3.048563 -0.1006673 0.4820395 3.013025 -0.3848447 0.3231435 2.949518 -0.6074831 0.3644094 2.748278 0.2143077 0.4923075 3.098513 0.2805871 0.1705207 3.124939 0.310825 0.0405481 2.844831 -0.02331811 0.04179532 3.014631 -0.1041802 -0.3881896 3.082536 -0.2071409 -0.8401712 3.022308 0.1736106 0.04821506 3.068081 0.2054139 -0.384476 2.980014 0.3117587 -0.8053157 2.937158 
0.04875127 0.7064987 3.043873 0.05707639 0.4871824 3.050587 0.06768367 0.2661002 3.047569 -0.09816492 0.4804125 3.000885 -0.3925142 0.3621256 2.948773 -0.5985521 0.4650464 2.75703 0.2123177 0.4939522 3.10029 0.2806977 0.1786956 3.126513 0.3041034 0.04824614 2.849526 -0.01888934 0.04078003 3.013437 -0.09989595 -0.3901471 3.074764 -0.2079251 -0.8418658 3.02437 0.1754713 0.04925586 3.075665 0.2095119 -0.3845485 2.994133 0.3075701 -0.8015409 2.950107 
