0.06212002 0.6897538 3.032414 0.06499252 0.4708783 3.04186 0.07187805 0.2495874 3.041554 -0.08814491 0.4661914 2.985248 -0.345845 0.4028434 2.886409 -0.4629733 0.6101863 2.705133 0.2181299 0.4755653 3.098471 0.2671634 0.1625797 3.137088 0.3366006 0.03429172 2.875386 -0.01702019 0.02536482 3.00584 -0.1089437 -0.3971153 3.099365 -0.2071273 -0.8406389 3.031467 0.1745474 0.03122801 3.076658 0.2227913 -0.3986502 2.982136 0.3105201 -0.8043303 2.946271 
0.06290541 0.6879324 3.033647 0.06661121 0.4688762 3.04258 0.0747444 0.2476248 3.042067 -0.08518692 0.4634352 2.982603 -0.3184203 0.4349148 2.848714 -0.3750641 0.6787964 2.689072 0.2184093 0.4743171 3.102558 0.2640797 0.1602958 3.138063 0.3471454 0.0247588 2.877322 -0.01209132 0.02296948 3.004029 -0.1040409 -0.4020054 3.085807 -0.2046214 -0.8419338 3.029223 0.1778465 0.02977747 3.079077 0.2248627 -0.4014169 2.990185 0.3162008 -0.8088924 2.942756 
0.06829266 0.6818829 3.032786 0.0708721 0.4638569 3.042612 0.07760525 0.2425566 3.043549 -0.07515281 0.4591073 2.970144 -0.2613655 0.4657393 2.801414 -0.2190928 0.732904 2.679131 0.216897 0.4686065 3.115081 0.2475092 0.1598112 3.142002 0.3556606 0.01809135 2.888004 -0.007096515 0.01828226 2.999109 -0.1054011 -0.4069103 3.073114 -0.2016447 -0.8397605 3.027069 0.1757733 0.02423029 3.089862 0.2244165 -0.4039105 2.98815 0.3057451 -0.8024479 2.954307 
0.0714071 0.6786811 3.03357 0.07379881 0.4601179 3.045909 0.07944211 0.2388102 3.048992 -0.06863824 0.4553772 2.966329 -0.2050987 0.4556956 2.757335 -0.08030639 0.6989365 2.66801 0.2162358 0.4648587 3.125489 0.2521147 0.1521898 3.145242 0.3557026 0.01185114 2.884868 -0.003950858 0.01453912 3.00233 -0.1105188 -0.4073858 3.083742 -0.2048257 -0.8389018 3.034313 0.1741217 0.02046588 3.101819 0.2207263 -0.4020915 2.978898 0.302727 -0.797921 2.956329 
0.05395557 0.6909807 3.032268 0.06580761 0.4733939 3.045614 0.0799551 0.2526724 3.050702 -0.07511402 0.4624821 2.964102 -0.1505849 0.4428328 2.733758 0.007523422 0.6609499 2.641113 0.2067292 0.4843056 3.127125 0.252054 0.1506086 3.156152 0.3590968 0.009053314 2.892755 0.0059161 0.02512248 3.004782 -0.1006977 -0.3973217 3.083632 -0.1961364 -0.8269209 3.027938 0.1822891 0.0387793 3.106799 0.2245863 -0.3837532 2.98182 0.3123945 -0.7796475 2.95485 
0.05514726 0.6899437 3.03258 0.06795502 0.473759 3.047613 0.08294413 0.2530693 3.054705 -0.06778859 0.4616662 2.958212 -0.08735295 0.4184402 2.719401 0.1064107 0.5950725 2.615078 0.2036986 0.4858517 3.137014 0.255971 0.1552736 3.168601 0.3619442 0.004850144 2.90555 0.0129305 0.02480708 3.005815 -0.1102902 -0.3948354 3.071631 -0.200045 -0.8340797 3.027695 0.182936 0.03995209 3.11778 0.2088674 -0.3829436 2.990378 0.304357 -0.7937943 2.960375 
0.05647469 0.6897858 3.031357 0.05958748 0.4722137 3.040836 0.06681138 0.2510728 3.046168 -0.06619211 0.4656154 2.937584 -0.0153409 0.363171 2.7122 0.2203794 0.4519006 2.597587 0.1853671 0.478812 3.144088 0.2477813 0.1690001 3.197208 0.3668678 0.004835343 2.954112 -0.00470131 0.02580136 2.986865 -0.1427459 -0.3879793 3.057378 -0.2141521 -0.8341302 3.022875 0.1527719 0.03406228 3.116134 0.1790167 -0.3880498 2.985998 0.2912019 -0.8088477 2.943531 
0.05627292 0.6875528 3.031586 0.05678097 0.4692283 3.036401 0.06093609 0.2479535 3.038497 -0.06815095 0.4658897 2.931644 -0.0006456223 0.3250849 2.716085 0.2502024 0.344923 2.613202 0.1817129 0.472567 3.141157 0.235012 0.170615 3.216873 0.3633446 0.01201813 2.980546 -0.01295737 0.02459305 2.97515 -0.1414837 -0.3934456 3.040392 -0.2123335 -0.8317572 3.019126 0.1431398 0.02876453 3.106039 0.1888883 -0.3925745 2.979814 0.2947699 -0.8042061 2.940276 
0.05246681 0.6824871 3.032794 0.05242583 0.463865 3.03416 0.05608885 0.2425094 3.034145 -0.07071204 0.4618348 2.926956 0.02110655 0.262524 2.726516 0.2687475 0.1807798 2.628016 0.1755637 0.4658953 3.141365 0.2076049 0.1844991 3.201552 0.3308566 0.01597841 3.000946 -0.01724377 0.01988434 2.967096 -0.1385969 -0.395495 3.058679 -0.2059929 -0.8341453 3.025379 0.1367475 0.02242325 3.101162 0.1999714 -0.4032888 2.99924 0.3022876 -0.8101954 2.94056 
0.05641231 0.6776262 3.034081 0.05291225 0.4592651 3.038335 0.05306646 0.2378948 3.040765 -0.07188904 0.4580217 2.932979 -0.002727646 0.213877 2.749139 0.2246412 0.07235977 2.640096 0.1777135 0.4605085 3.143691 0.2094057 0.1477705 3.209238 0.3375334 -0.03958954 3.001186 -0.02484009 0.01574678 2.977296 -0.1454055 -0.3985584 3.076163 -0.2016526 -0.8338947 3.037699 0.1312815 0.0173022 3.109093 0.2050206 -0.4044988 2.997249 0.3083844 -0.8084763 2.94894 
0.05793699 0.6822198 3.032464 0.05385242 0.4614112 3.038663 0.05389437 0.2400222 3.040533 -0.07468582 0.460537 2.938049 -0.03887537 0.1869431 2.763575 0.165819 0.02185101 2.63173 0.1823907 0.4622853 3.139277 0.2135751 0.1512318 3.213948 0.3474678 -0.02550906 3.000357 -0.02651445 0.01808601 2.979429 -0.1429681 -0.3992527 3.069973 -0.2047142 -0.8303971 3.034736 0.1343871 0.01918028 3.105376 0.2060944 -0.4041194 2.997527 0.3112933 -0.8038042 2.942409 
0.05668114 0.6810624 3.032648 0.05261092 0.4605378 3.039169 0.05305506 0.2391395 3.039583 -0.08120485 0.4600951 2.946021 -0.07747709 0.1755001 2.768276 0.1103471 -0.005982239 2.617411 0.1864267 0.4609805 3.132317 0.2175107 0.1405795 3.219152 0.3543621 -0.02543886 2.999387 -0.03030492 0.01746396 2.981662 -0.1431343 -0.3996194 3.07798 -0.2078504 -0.8334869 3.031494 0.1373033 0.01801843 3.098332 0.2032728 -0.4064101 2.991099 0.3110705 -0.8030054 2.938054 
0.05914111 0.6768159 3.03281 0.05315286 0.4579035 3.041593 0.05124195 0.236524 3.042871 -0.0853753 0.4586037 2.955754 -0.1392126 0.1897095 2.8042 -0.007504288 0.003755646 2.614328 0.191681 0.4572033 3.127432 0.2187929 0.1440801 3.221225 0.357778 -0.01506581 2.997543 -0.03736228 0.01558272 2.990429 -0.1471387 -0.402614 3.085714 -0.2106204 -0.8357952 3.038356 0.1360244 0.01470641 3.097868 0.2006153 -0.4105447 2.992872 0.3064135 -0.8017513 2.944146 
0.06017287 0.6787065 3.031855 0.05387986 0.4599373 3.041787 0.05108758 0.2385601 3.043257 -0.08917444 0.4612243 2.963851 -0.2215962 0.2088413 2.915617 -0.1466759 0.08345374 2.683152 0.1969341 0.4586504 3.119723 0.2229096 0.152876 3.215428 0.3558584 -0.005907669 2.989603 -0.04122053 0.01798823 2.995958 -0.1407275 -0.4039648 3.08514 -0.2081556 -0.8320763 3.03427 0.1378112 0.01637764 3.093494 0.2062086 -0.4078076 2.986566 0.309598 -0.7960233 2.93986 
0.05651265 0.6887674 3.031599 0.05107401 0.4689223 3.043466 0.04992022 0.247527 3.044383 -0.09904756 0.4694425 2.980175 -0.2791598 0.2594723 2.921139 -0.3159689 0.1517637 2.670283 0.2011956 0.4684021 3.106757 0.245095 0.1521896 3.188802 0.3311272 -0.01895905 2.960063 -0.04516732 0.02645728 3.005697 -0.1335948 -0.4006779 3.080477 -0.2103546 -0.8302585 3.033952 0.1427002 0.02580627 3.084902 0.2123978 -0.3985595 2.979451 0.3050371 -0.7969969 2.938109 
0.058204 0.6896771 3.031229 0.05287825 0.4699921 3.043347 0.05158943 0.2485912 3.043554 -0.09870715 0.4708183 2.98314 -0.3005874 0.2807405 2.917573 -0.3843648 0.1873427 2.672196 0.2044637 0.4691659 3.103555 0.2485408 0.1480896 3.168902 0.3336613 -0.01506995 2.939855 -0.04441117 0.02770651 3.006142 -0.1223709 -0.4025827 3.073805 -0.2062875 -0.8328043 3.027896 0.1450124 0.02667413 3.081378 0.2123746 -0.3982774 2.976731 0.3061972 -0.7970992 2.942146 
0.07262906 0.6913889 3.031948 0.06264038 0.4705225 3.043458 0.05756364 0.2491873 3.043258 -0.08894259 0.4740537 2.982898 -0.3366543 0.3146993 2.92465 -0.4843975 0.3510713 2.684834 0.2142233 0.4669913 3.104017 0.2513814 0.1535072 3.156468 0.3444709 6.668091E-06 2.925077 -0.04229694 0.03006018 3.005192 -0.1087992 -0.4023174 3.07297 -0.2033513 -0.8365414 3.027403 0.1472708 0.02564407 3.080926 0.2176503 -0.3987911 2.976708 0.3095997 -0.7990631 2.945722 
0.07358675 0.689232 3.03342 0.06499696 0.468693 3.042803 0.05935725 0.247382 3.04065 -0.08680417 0.4731456 2.982734 -0.3418248 0.3328598 2.926347 -0.4860798 0.4287403 2.694548 0.2167981 0.4642405 3.102872 0.2511934 0.159742 3.158252 0.3473121 0.008760651 2.923463 -0.04121273 0.02885532 3.000933 -0.1123918 -0.4009067 3.079224 -0.2065009 -0.8385769 3.022692 0.1486478 0.02328644 3.076063 0.2150622 -0.4027796 2.975814 0.3067071 -0.8008621 2.93895 
