0.04930151 0.7038763 3.037865 0.0576864 0.4848332 3.048012 0.06893224 0.2637479 3.047179 -0.0965693 0.4771853 2.995213 -0.3882776 0.4030738 2.929881 -0.5485871 0.5665361 2.744205 0.2119421 0.492481 3.10081 0.2808242 0.1753336 3.127766 0.3089959 0.04165274 2.848839 -0.01626818 0.03788086 3.013336 -0.09980872 -0.3899048 3.089722 -0.2090573 -0.8447859 3.022113 0.1766243 0.04744428 3.079359 0.2090225 -0.3845605 2.988414 0.3086971 -0.8016301 2.946466 
0.05278895 0.7016517 3.046862 0.05922921 0.4825567 3.05102 0.06921915 0.2615236 3.045254 -0.09487268 0.476992 2.997344 -0.3636149 0.4375313 2.895924 -0.4702519 0.6496701 2.72552 0.2133311 0.4881214 3.104696 0.2819204 0.1701729 3.135406 0.3131202 0.02835998 2.853701 -0.01715269 0.03701086 3.005923 -0.1048095 -0.388427 3.090664 -0.2106185 -0.8408 3.016215 0.1755708 0.04397028 3.073052 0.2095931 -0.3863426 2.974883 0.3036585 -0.7968933 2.940554 
0.05534559 0.7046756 3.05307 0.05919505 0.4858559 3.053384 0.06777291 0.2647966 3.045409 -0.09285296 0.4820946 2.994094 -0.3159099 0.4713982 2.837698 -0.3293536 0.7296467 2.696223 0.2112431 0.4896172 3.112673 0.2752239 0.1770286 3.150817 0.3189766 0.02370538 2.879874 -0.01880539 0.04138342 3.00033 -0.106323 -0.3853871 3.078397 -0.2106999 -0.832705 3.02324 0.1715069 0.04609131 3.07454 0.207327 -0.3865059 2.987415 0.2991203 -0.7966099 2.951232 
0.06059135 0.7063599 3.066898 0.06251458 0.487739 3.060325 0.06814592 0.26682 3.048076 -0.08710926 0.4875308 2.995292 -0.2833589 0.4851646 2.806273 -0.2599764 0.7470409 2.675127 0.2121384 0.4879472 3.125358 0.2701881 0.1755591 3.157875 0.3366291 0.02386519 2.893579 -0.01987187 0.04577077 2.995122 -0.101908 -0.383533 3.064776 -0.2074562 -0.8320973 3.021631 0.1674264 0.04603139 3.07653 0.2094251 -0.3855641 2.987246 0.3006858 -0.7978698 2.945654 
0.06494883 0.6972374 3.058601 0.0676805 0.4654637 3.059206 0.07052042 0.2449315 3.044524 -0.0787717 0.4683629 2.987328 -0.1941703 0.4864795 2.7467 -0.07401315 0.7247037 2.628578 0.2141327 0.4625644 3.131085 0.2668701 0.1444558 3.16355 0.3556005 0.01150055 2.893742 -0.01831773 0.02621428 2.984847 -0.1020875 -0.4001266 3.068421 -0.2080558 -0.8306271 3.040396 0.1650384 0.02258446 3.074838 0.2167392 -0.4130389 2.99257 0.3042778 -0.7876688 2.95829 
0.06032179 0.6688372 3.081108 0.06342456 0.4517184 3.065725 0.06658078 0.2313415 3.045869 -0.07846412 0.4569324 2.985298 -0.1174708 0.480323 2.704429 0.04143624 0.6849789 2.558892 0.2053132 0.4465045 3.146152 0.2484155 0.1487333 3.191601 0.3657355 0.01652655 2.943898 -0.01907633 0.01422815 2.975671 -0.108071 -0.4078999 3.074299 -0.2012661 -0.8483487 3.028122 0.1585503 0.007700958 3.076356 0.2138645 -0.4246147 2.993246 0.3023297 -0.8035741 2.947392 
0.0656838 0.6481928 3.082848 0.07040547 0.4345181 3.066458 0.07534368 0.2139635 3.048291 -0.06589917 0.4388461 2.976861 -0.06140582 0.4453463 2.693121 0.1447797 0.6002801 2.539403 0.2067101 0.4301901 3.156055 0.2525456 0.1511603 3.200745 0.3693367 0.01546858 2.962457 -0.00500441 -0.003883072 2.974063 -0.1085101 -0.4201063 3.082959 -0.2041096 -0.8432547 3.030496 0.1655682 -0.009299087 3.086185 0.2219929 -0.4399698 2.999061 0.3030514 -0.8041592 2.957172 
0.06373568 0.6693226 3.069383 0.07032528 0.4247655 3.068087 0.07313769 0.2040913 3.050745 -0.0620911 0.4305503 2.972999 -0.02722116 0.4182046 2.692022 0.2032667 0.5246843 2.539085 0.2027417 0.4189807 3.163175 0.2502597 0.1505547 3.217321 0.3727854 0.01539708 2.991106 -0.006910216 -0.01296313 2.973901 -0.1240745 -0.4253052 3.083438 -0.2090381 -0.8411245 3.031091 0.1588104 -0.02020288 3.092906 0.2136289 -0.449975 3.001047 0.2991554 -0.8122158 2.956238 
0.06466072 0.6828589 3.063491 0.06761784 0.4506234 3.060505 0.06926816 0.2295806 3.051908 -0.05089105 0.4540275 2.95022 0.01087235 0.3819533 2.686885 0.2619086 0.43721 2.543735 0.1861267 0.4472193 3.170789 0.2430584 0.1489259 3.231072 0.372336 0.01720056 3.006513 -0.003670403 0.01068039 2.973899 -0.1328738 -0.3996575 3.089666 -0.2033006 -0.8105934 3.02961 0.1455073 0.006395355 3.112724 0.210719 -0.4337784 3.018351 0.3008284 -0.7913917 2.961277 
0.06577887 0.6884812 3.052828 0.06626891 0.4645817 3.05044 0.06609183 0.2433168 3.050272 -0.04054783 0.4647604 2.927778 0.04685254 0.3158227 2.694685 0.3109348 0.2978633 2.55127 0.1730856 0.4644028 3.173102 0.2476119 0.148739 3.245655 0.3738483 0.01867084 3.018241 -0.0008642836 0.02216365 2.973418 -0.1340707 -0.3896686 3.066312 -0.2027796 -0.8231308 3.031 0.1326938 0.02194008 3.126788 0.2026541 -0.4038822 3.01543 0.3039166 -0.7979627 2.945676 
0.06026065 0.6893113 3.041943 0.06339249 0.4679763 3.046337 0.06634057 0.2468364 3.052089 -0.04455106 0.4633645 2.924373 0.05046021 0.2799094 2.703813 0.3060274 0.2182211 2.55726 0.171336 0.4725882 3.1683 0.2393152 0.1378648 3.231826 0.3726564 0.01786011 3.012321 0.001828981 0.02281432 2.98162 -0.1325784 -0.3899558 3.068534 -0.2004625 -0.8268954 3.042392 0.1367484 0.02857872 3.134064 0.2074745 -0.3954801 3.022149 0.3132742 -0.7952173 2.949229 
0.05673978 0.6907376 3.03536 0.05914241 0.4696774 3.042954 0.06328077 0.2485876 3.051652 -0.05322838 0.4629346 2.925032 0.03229037 0.2339401 2.715376 0.2725889 0.1341955 2.562051 0.1715132 0.4764203 3.160876 0.2892005 0.1258239 3.230966 0.3711449 0.01400054 2.986902 -0.002864613 0.0232803 2.986595 -0.1408809 -0.3904418 3.061997 -0.2047423 -0.8308002 3.040125 0.1377029 0.03171512 3.134106 0.2023689 -0.3895955 3.012072 0.3094919 -0.7947918 2.944996 
0.05449439 0.6903843 3.032702 0.0564542 0.4698299 3.044104 0.06195257 0.2487668 3.054547 -0.06495288 0.4616804 2.935517 -0.02315023 0.1892274 2.750079 0.1742778 0.03707311 2.568231 0.1778613 0.4779795 3.152691 0.2695718 0.1589622 3.240233 0.3713926 0.02565117 2.994886 -0.008487673 0.02260629 2.997071 -0.1412546 -0.3928669 3.07315 -0.2050586 -0.833337 3.037137 0.1433895 0.03280115 3.13291 0.2018017 -0.3894536 3.012638 0.3136224 -0.8020915 2.938725 
0.05063696 0.693873 3.043252 0.05580788 0.4716532 3.050893 0.06640738 0.2506621 3.05757 -0.07344833 0.46246 2.951813 -0.09436343 0.1738767 2.772443 0.03983897 -0.0123287 2.56125 0.1850641 0.4808464 3.149974 0.2541355 0.1677538 3.220588 0.3688541 0.01388776 2.973849 -0.003838448 0.02392087 3.002276 -0.1347473 -0.3930902 3.07318 -0.2017174 -0.8300636 3.033996 0.1578522 0.03542093 3.126219 0.2074857 -0.3902928 3.015136 0.313066 -0.7948382 2.941176 
0.04972262 0.6968086 3.048575 0.05535649 0.4746487 3.054453 0.06508012 0.2535475 3.059438 -0.07828383 0.4666719 2.961347 -0.1392167 0.176951 2.796738 -0.0664902 -0.003836075 2.557374 0.1889968 0.4826254 3.147559 0.2545274 0.164362 3.198819 0.3658607 0.01304027 2.941505 -0.008818455 0.02745506 3.006165 -0.1367762 -0.3901984 3.078684 -0.2094125 -0.8275463 3.034254 0.158426 0.03743755 3.122683 0.2013769 -0.3905087 3.017834 0.3071491 -0.7985213 2.938883 
0.05051299 0.695677 3.053337 0.05340587 0.4752631 3.057069 0.06043806 0.2540333 3.058406 -0.08785104 0.4702884 2.976899 -0.2112598 0.2000251 2.92098 -0.1676518 0.0615172 2.659266 0.1946628 0.4802378 3.137239 0.2485913 0.1671232 3.192063 0.3647456 0.01018953 2.944777 -0.02120157 0.0296807 3.009417 -0.1362827 -0.3890076 3.094361 -0.2185905 -0.8308068 3.032389 0.1561421 0.03592629 3.110068 0.1963499 -0.3934483 3.009949 0.3070702 -0.8037857 2.927098 
0.048823 0.6974788 3.054605 0.05139138 0.4766117 3.056805 0.05802655 0.255359 3.055194 -0.09469987 0.4727496 2.985488 -0.2832085 0.2235613 3.013977 -0.2603359 0.1142659 2.74062 0.1974826 0.4804739 3.128122 0.2537684 0.1710884 3.179706 0.3600466 0.01527896 2.929449 -0.02665638 0.0316922 3.009005 -0.1229413 -0.3930005 3.085351 -0.2106884 -0.8329773 3.026844 0.1559798 0.03652048 3.098162 0.1994787 -0.394186 3.005536 0.3109686 -0.8020624 2.9275 
0.04744218 0.6978052 3.042742 0.04885357 0.4762191 3.051568 0.05482451 0.2549444 3.053186 -0.1006759 0.4717146 2.987348 -0.3425171 0.261227 3.058484 -0.3373099 0.1778356 2.778738 0.198383 0.4807236 3.115788 0.2574545 0.179603 3.178384 0.342201 0.03516049 2.923255 -0.03263354 0.03085524 3.014678 -0.1200745 -0.3960168 3.091032 -0.2117737 -0.8367872 3.033888 0.1542244 0.03648427 3.09493 0.1989417 -0.3938137 3.000713 0.3081712 -0.8014008 2.937852 
0.04915808 0.6970462 3.036801 0.05030714 0.4751763 3.049302 0.05596191 0.253913 3.05337 -0.1016607 0.4702138 2.990649 -0.3877088 0.3140822 3.064237 -0.3893343 0.2571473 2.781299 0.202275 0.4801387 3.107954 0.2672692 0.1718349 3.157705 0.3293847 0.0308078 2.894635 -0.03334426 0.02954887 3.020788 -0.1113537 -0.4006946 3.087989 -0.2081096 -0.8348169 3.033723 0.1565776 0.0357507 3.09409 0.2085345 -0.3927863 2.995863 0.3101596 -0.8013856 2.94117 
0.05294687 0.6996068 3.045855 0.05823012 0.4787343 3.054172 0.06772183 0.2576045 3.054956 -0.09299796 0.4720272 2.993341 -0.3658407 0.3465185 2.992666 -0.4286755 0.3644523 2.741706 0.2094582 0.4854414 3.115002 0.2721581 0.1649413 3.144867 0.3235607 0.02154614 2.876608 -0.01728393 0.03228362 3.017729 -0.09489029 -0.3984603 3.083586 -0.1896362 -0.8300402 3.028753 0.171711 0.04066569 3.093751 0.2252395 -0.3877696 2.995678 0.3264419 -0.8023934 2.938153 
0.06045889 0.6990397 3.050862 0.06336819 0.4797515 3.053997 0.06957491 0.2585744 3.050093 -0.08830998 0.4765573 2.993809 -0.3509179 0.395265 2.922322 -0.4409066 0.4970245 2.699443 0.2150463 0.4829457 3.114185 0.2750638 0.1804616 3.162968 0.3238726 0.03485266 2.896839 -0.01905503 0.03540011 3.008557 -0.1064528 -0.3933313 3.075247 -0.2100906 -0.8332832 3.014735 0.1706183 0.03939444 3.083822 0.2108514 -0.3901795 2.985149 0.3079956 -0.8054143 2.934254 
0.06951786 0.7021062 3.052794 0.06834261 0.4834335 3.054377 0.0711684 0.2622038 3.048659 -0.08096297 0.4832263 2.988607 -0.3284211 0.444129 2.855596 -0.4039403 0.6194338 2.670613 0.2176482 0.4836408 3.120147 0.2790664 0.1772371 3.166424 0.3388828 0.02865222 2.905962 -0.01943779 0.04084436 3.001784 -0.1034152 -0.3882152 3.07129 -0.2090383 -0.8312506 3.019151 0.1674262 0.04110376 3.084099 0.2112198 -0.3913611 3.00191 0.3053605 -0.802364 2.945874 
