0.05346886 0.7000864 3.056343 0.05482873 0.4792258 3.05794 0.05792473 0.2580167 3.049118 -0.09990136 0.4791416 3.005746 -0.3041036 0.4780477 2.820925 -0.3415284 0.7009667 2.656014 0.2095588 0.4793101 3.110132 0.2100429 0.1897767 3.111944 0.1939539 -0.09658045 3.072279 -0.03577199 0.0367549 3.007646 -0.09142648 -0.3960785 3.082511 -0.2239283 -0.8503146 2.995176 0.1578134 0.03686031 3.072946 0.2243037 -0.3904551 2.978317 0.3076873 -0.7962841 2.948271 
0.0534768 0.6976058 3.057626 0.05914157 0.4767994 3.060342 0.06630476 0.2556651 3.053198 -0.0946289 0.4735887 3.005535 -0.2395685 0.4985202 2.788989 -0.2134067 0.7355862 2.640863 0.212912 0.4800101 3.115149 0.2132988 0.1904746 3.116599 0.1988952 -0.09648623 3.080841 -0.02273086 0.03252223 3.011767 -0.08564939 -0.3979859 3.093438 -0.2158144 -0.8595544 3.004297 0.1696668 0.03653944 3.080342 0.2303846 -0.3901888 2.979458 0.318501 -0.8047276 2.953511 
0.06051444 0.6557416 3.083902 0.06773447 0.4401799 3.068119 0.07547385 0.2204352 3.046698 -0.08265827 0.4410183 3.00518 -0.1708363 0.4975027 2.755401 -0.08541176 0.7221527 2.617327 0.2181272 0.4393414 3.131058 0.2184363 0.1498045 3.132218 0.205536 -0.1376457 3.099989 -0.0108801 0.001215164 2.985899 -0.09591546 -0.4157653 3.070065 -0.2187662 -0.8748083 2.984896 0.1773065 0.0001660309 3.064654 0.2261641 -0.4110336 2.961694 0.3116388 -0.8247182 2.939028 
0.09425674 0.6218739 3.096377 0.0855343 0.4091412 3.074189 0.076558 0.1903099 3.048813 -0.06269296 0.4228266 3.008603 -0.1124192 0.468273 2.744043 0.02720881 0.6617385 2.611614 0.2337616 0.3954557 3.139775 0.2657461 0.1044373 3.186257 0.2512849 -0.1204542 3.075311 -0.02425001 -0.02004291 2.982804 -0.1367994 -0.4307913 3.08155 -0.2400583 -0.8686858 3.008677 0.1594134 -0.03700006 3.064069 0.207092 -0.4556938 2.966722 0.2883557 -0.8288633 2.949204 
0.06850486 0.6562174 3.075418 0.1104084 0.3779703 3.087478 0.08741821 0.1626817 3.048254 -0.02784915 0.4069901 3.009233 -0.06289496 0.4314435 2.735592 0.1215367 0.5627643 2.589877 0.248666 0.3489504 3.165724 0.3022498 0.08616138 3.225221 0.2917203 -0.1162604 3.051419 -0.02225322 -0.03441266 2.959974 -0.1341522 -0.4454898 3.069478 -0.2210185 -0.8601685 2.987237 0.1511092 -0.07080087 3.058087 0.2251943 -0.4907745 2.963205 0.2949074 -0.8305846 2.938202 
0.05698909 0.673829 3.067288 0.08836487 0.3998231 3.075714 0.07298889 0.1817553 3.049456 -0.04884249 0.4196024 2.991791 -0.02202272 0.3778431 2.737846 0.1815759 0.4476741 2.574214 0.2255722 0.3800438 3.159636 0.317982 0.05209628 3.242907 0.3094677 -0.1178747 3.025661 -0.02806784 -0.023961 2.970793 -0.1445377 -0.426333 3.108776 -0.2267964 -0.8354064 3.020998 0.1432937 -0.04866385 3.075605 0.233148 -0.4885289 2.983289 0.29927 -0.7985856 2.947553 
0.04946597 0.6829295 3.06428 0.0700971 0.4268091 3.067414 0.06256599 0.2071523 3.050074 -0.06361163 0.4385958 2.976173 0.003320084 0.3300007 2.741109 0.2177018 0.3278942 2.571772 0.2038058 0.4150225 3.158654 0.3240421 0.05906875 3.254826 0.3198963 -0.08393915 3.014727 -0.02870094 -0.005123032 2.975594 -0.1428988 -0.4104144 3.109645 -0.2251523 -0.8295283 3.008831 0.1387707 -0.01988597 3.089874 0.2294409 -0.4507379 2.994277 0.2993849 -0.779611 2.954554 
0.04578013 0.6871091 3.060132 0.0572461 0.4468572 3.063843 0.05532529 0.2263393 3.05557 -0.07530136 0.4515436 2.969695 0.009127189 0.2745486 2.750071 0.2216325 0.2196548 2.569307 0.1897935 0.4421707 3.157992 0.3328469 0.0774281 3.269319 0.3309669 -0.05721696 3.004488 -0.02953015 0.008753723 2.988389 -0.1416492 -0.4008354 3.111724 -0.226547 -0.8337202 3.016984 0.1363391 0.00288913 3.106206 0.2186373 -0.4233955 3.001875 0.3003713 -0.778484 2.957893 
0.04525134 0.689948 3.057991 0.0526996 0.4596646 3.064736 0.05360124 0.2387441 3.063143 -0.08045575 0.4597979 2.970818 -0.0233989 0.2307764 2.756002 0.1644125 0.1276824 2.569621 0.185855 0.4595312 3.158654 0.3423775 0.0963688 3.281961 0.3436765 -0.03534882 3.006001 -0.0287715 0.01790709 3.002816 -0.1379188 -0.3963552 3.112738 -0.227483 -0.8391159 3.014944 0.1377773 0.01774025 3.120286 0.2128948 -0.4067335 3.011476 0.3058597 -0.7913045 2.95031 
0.04570583 0.6944473 3.055863 0.05124902 0.4661252 3.065315 0.05439419 0.2450131 3.066693 -0.08604132 0.4636254 2.977545 -0.07912542 0.1973705 2.772437 0.06093429 0.06382355 2.569746 0.1885394 0.4686249 3.153086 0.3616097 0.1414473 3.314293 0.3743387 -0.005026856 3.032711 -0.02840408 0.02233629 3.013126 -0.1364114 -0.3974807 3.098634 -0.2262255 -0.8452052 3.010567 0.1434828 0.02546593 3.123015 0.2013783 -0.3982671 3.006325 0.3123578 -0.7978532 2.932842 
0.04634238 0.6944358 3.056857 0.0491746 0.4694877 3.066675 0.05201491 0.248256 3.06961 -0.09268592 0.4666043 2.986607 -0.1450159 0.1806554 2.793717 -0.06272518 0.0328186 2.564319 0.1910351 0.472371 3.146743 0.3433439 0.1452537 3.300663 0.3716798 -0.01375546 3.021178 -0.03394625 0.02521936 3.022423 -0.1411145 -0.3978608 3.092651 -0.2324766 -0.8474469 3.01042 0.1436567 0.02882925 3.122665 0.1881814 -0.3965532 3.007824 0.3065016 -0.801414 2.931813 
0.04829698 0.6995007 3.0718 0.05050771 0.4761879 3.074373 0.05506499 0.2549627 3.072439 -0.09553716 0.4738097 3.002259 -0.2281388 0.1964286 2.9063 -0.1793361 0.08215224 2.652793 0.1965526 0.4785662 3.146488 0.3210323 0.148021 3.281802 0.371212 -0.01988339 3.013538 -0.03176494 0.03224927 3.02538 -0.1289915 -0.3936934 3.094411 -0.2258578 -0.8416545 3.000489 0.1510095 0.03522563 3.115631 0.190141 -0.390631 3.00077 0.3125027 -0.7964728 2.927561 
0.05299701 0.6970596 3.064361 0.05318262 0.4749936 3.071723 0.05613489 0.2537011 3.073056 -0.09614896 0.4726088 3.006551 -0.2964879 0.2411519 3.016679 -0.2716956 0.152931 2.750409 0.2025142 0.4773784 3.136895 0.3105905 0.1475746 3.276444 0.3697036 -0.0204373 3.005395 -0.03430032 0.03091715 3.033632 -0.1302202 -0.3967693 3.094282 -0.2329171 -0.8531071 3.004055 0.1524747 0.03389987 3.115145 0.1818786 -0.3945169 3.0078 0.3051728 -0.8028226 2.937362 
0.05597281 0.6982316 3.060574 0.0561324 0.4751262 3.069672 0.0605888 0.2538143 3.070501 -0.0961879 0.4718422 3.011836 -0.3467558 0.2880946 3.070298 -0.3380707 0.2171797 2.796621 0.2084527 0.4784103 3.127507 0.3002807 0.1527673 3.271691 0.3686768 -0.02025328 3.001606 -0.03023115 0.03044817 3.035155 -0.1184959 -0.3993489 3.093102 -0.2281577 -0.8558962 2.997403 0.1603215 0.03455653 3.107507 0.1965753 -0.391635 2.99365 0.3090809 -0.8020537 2.934737 
0.06076832 0.7018349 3.071775 0.05774194 0.4798692 3.072053 0.05869103 0.258798 3.064545 -0.09655487 0.4809918 3.01949 -0.3919948 0.3506263 3.092145 -0.3933957 0.2951508 2.813753 0.2120388 0.4787466 3.124617 0.2929766 0.1432995 3.242476 0.3660299 -0.02287541 2.971151 -0.0368521 0.03842882 3.024166 -0.1216309 -0.3909144 3.090354 -0.2432278 -0.8487202 2.98148 0.1561323 0.0370247 3.089909 0.1925746 -0.3908367 2.982346 0.2994476 -0.7998983 2.921632 
