0.01904001 0.6857042 3.05134 0.02303927 0.4678605 3.056357 0.03147668 0.2466928 3.052807 -0.1254159 0.4632871 2.988449 -0.3420272 0.4074076 2.816739 -0.4010993 0.6202341 2.643745 0.1714944 0.472434 3.124266 0.2358003 0.1940922 3.171421 0.3298885 -0.0692692 3.096446 -0.05292951 0.02266484 3.006787 -0.137974 -0.4083849 3.061664 -0.2103839 -0.8328614 3.024361 0.1327577 0.02838536 3.091727 0.209355 -0.3980049 3.001112 0.3034439 -0.7997591 2.938913 
0.02154182 0.6896023 3.052574 0.02380877 0.4706278 3.057332 0.03079425 0.2493806 3.054242 -0.122485 0.4670197 2.984949 -0.3130178 0.4362159 2.780345 -0.3299561 0.6716732 2.634155 0.1701026 0.474236 3.129715 0.2219211 0.1918799 3.167438 0.307249 -0.07639279 3.099748 -0.05376071 0.02587556 3.005859 -0.1415248 -0.4042155 3.063926 -0.205184 -0.8346235 3.031059 0.1293202 0.03039098 3.096444 0.2053751 -0.3973878 3.011743 0.3023531 -0.7974738 2.950307 
0.02234998 0.6884946 3.054696 0.02429731 0.4705957 3.059101 0.03050875 0.2493029 3.056699 -0.1190245 0.4674189 2.981128 -0.2630209 0.4571213 2.754656 -0.2412406 0.701595 2.621551 0.1676191 0.4737726 3.137074 0.2608621 0.1187605 3.215339 0.359118 -0.1293308 3.112899 -0.05297076 0.02602205 3.005502 -0.1406733 -0.4036708 3.066626 -0.2054195 -0.8347635 3.026639 0.1264111 0.02999815 3.103093 0.2047684 -0.3973705 3.018039 0.2995301 -0.7961389 2.953487 
0.02407631 0.6882896 3.042758 0.02477282 0.4692373 3.056125 0.02898206 0.2479754 3.059256 -0.1176015 0.4653995 2.976314 -0.2030384 0.4565857 2.7263 -0.1339404 0.7013553 2.610332 0.1671471 0.4730752 3.135936 0.2255049 0.19359 3.184057 0.3160579 -0.06485205 3.09003 -0.05582774 0.02431387 3.012485 -0.1466606 -0.4047412 3.073556 -0.207973 -0.8341543 3.033482 0.1222103 0.02911307 3.112288 0.1977577 -0.3985958 3.026237 0.3000554 -0.8002658 2.954144 
0.005514833 0.6675847 3.066305 0.01663165 0.45332 3.064934 0.02904992 0.23242 3.06075 -0.1245191 0.4469364 2.983026 -0.1137534 0.4413664 2.69986 0.01460844 0.6638431 2.567899 0.1577825 0.4597036 3.146842 0.195778 0.1742976 3.177385 0.270327 -0.0947095 3.100503 -0.04681182 0.007527573 3.005337 -0.1469702 -0.4198115 3.06248 -0.2069073 -0.8432318 3.028468 0.1297482 0.01551256 3.107793 0.1992781 -0.4133115 3.022529 0.3096563 -0.8031344 2.937681 
-0.004544487 0.6456248 3.071043 0.01214129 0.4325235 3.066087 0.02984937 0.2120652 3.05933 -0.1236412 0.4243718 2.976187 -0.0698112 0.4135751 2.695105 0.1046267 0.5952615 2.56104 0.1479238 0.4406752 3.155986 0.178481 0.1537836 3.180328 0.2459837 -0.1190865 3.110913 -0.03751903 -0.0135006 2.996247 -0.1443778 -0.4395767 3.050955 -0.1983358 -0.8544717 3.019099 0.1326339 -0.003285446 3.108902 0.1987175 -0.4318826 3.019716 0.3120227 -0.8218312 2.933943 
0.002802681 0.660024 3.05081 0.01517744 0.4157535 3.066539 0.0278471 0.1949161 3.060532 -0.1136682 0.4110629 2.967215 -0.02945316 0.3673817 2.697393 0.1737403 0.5017342 2.555861 0.144023 0.4204442 3.165862 0.1685645 0.1326003 3.185272 0.2296237 -0.1434118 3.122644 -0.04022708 -0.02886089 2.992283 -0.1653413 -0.4480455 3.056897 -0.2112442 -0.8491594 3.021888 0.1212606 -0.02298186 3.116769 0.1861315 -0.4499563 3.019456 0.2992752 -0.8236368 2.936713 
0.008852262 0.6729 3.036261 0.01603907 0.4468558 3.050802 0.02576486 0.2260594 3.05991 -0.09970783 0.4370533 2.936776 0.008091659 0.3102842 2.70175 0.2364901 0.3606577 2.543321 0.131786 0.4566582 3.164827 0.1475736 0.1678137 3.177184 0.1974124 -0.1128264 3.126288 -0.03706324 -0.000881546 2.997544 -0.1719508 -0.416695 3.074176 -0.2020858 -0.8221421 3.027971 0.1080445 0.01140746 3.140493 0.1852689 -0.4121307 3.018329 0.3022894 -0.7882065 2.948791 
0.01125832 0.6712661 3.034501 0.01617707 0.4497123 3.048219 0.02311905 0.2288154 3.05924 -0.0968228 0.4403177 2.931098 0.008018486 0.2766713 2.712342 0.2431882 0.2874757 2.556628 0.129177 0.459107 3.165339 0.1418285 0.1700123 3.175205 0.1868142 -0.1123116 3.12935 -0.04063593 0.002040772 2.996986 -0.1785965 -0.4142068 3.060698 -0.2063753 -0.8262339 3.03099 0.100758 0.01379602 3.143536 0.1746769 -0.4037887 3.008854 0.2983475 -0.7951486 2.950791 
0.01230498 0.6712638 3.027014 0.01414494 0.4517769 3.0421 0.01852776 0.2309101 3.056041 -0.09952366 0.4421502 2.925314 -0.004955765 0.2146656 2.724829 0.2123967 0.1514911 2.557935 0.1278135 0.4614036 3.158887 0.1359293 0.1720464 3.165182 0.1725318 -0.112752 3.12799 -0.04818551 0.00402208 2.996935 -0.1759636 -0.4154081 3.058794 -0.2039896 -0.8275208 3.030178 0.09400664 0.01606447 3.143027 0.1741375 -0.4005041 3.014248 0.3050527 -0.8015041 2.938141 
0.01043566 0.6746777 3.027929 0.01157457 0.4536714 3.042328 0.01612124 0.2326678 3.054249 -0.1087934 0.4452829 2.932721 -0.04453692 0.1818657 2.735407 0.1390272 0.07668827 2.54767 0.1319425 0.4620599 3.151936 0.1384405 0.1726371 3.156966 0.1714396 -0.1130601 3.123481 -0.05475436 0.006408066 2.99749 -0.181083 -0.4129889 3.062454 -0.2084108 -0.8290032 3.03365 0.09609018 0.01692046 3.134849 0.17932 -0.4020269 3.01772 0.3128578 -0.8037165 2.925152 
0.01042908 0.6751855 3.029885 0.01114261 0.4553406 3.044762 0.01592363 0.2342528 3.05522 -0.1152014 0.4477557 2.942173 -0.1033048 0.1589569 2.75419 0.03201035 0.02303114 2.542238 0.1374867 0.4629255 3.147351 0.1426883 0.1734607 3.151371 0.1724308 -0.1129652 3.121227 -0.05837539 0.00841745 3.001466 -0.1779321 -0.4125623 3.068641 -0.2056117 -0.8281712 3.036402 0.09978471 0.01791232 3.129889 0.1805477 -0.4030168 3.018623 0.3132736 -0.8028051 2.929831 
0.008792835 0.6774539 3.03087 0.00973122 0.4577049 3.04619 0.01439922 0.2365706 3.055933 -0.1223817 0.4507305 2.951202 -0.1666672 0.1554879 2.78609 -0.1080563 0.01152499 2.546613 0.1418441 0.4646793 3.141177 0.1460075 0.1751875 3.144392 0.1728089 -0.111829 3.117258 -0.0636069 0.01107184 3.006235 -0.1788046 -0.4118662 3.068424 -0.2076658 -0.8279167 3.036002 0.1017413 0.01980075 3.125119 0.1796561 -0.402628 3.017659 0.3097684 -0.7965263 2.931617 
0.008370686 0.6803156 3.02336 0.009737002 0.4608479 3.043334 0.01374034 0.2398302 3.054687 -0.1319912 0.4541687 2.963283 -0.2501446 0.195114 2.844253 -0.2821151 0.04846079 2.603384 0.1514652 0.467527 3.123384 0.1541315 0.1780071 3.125439 0.175883 -0.1098763 3.103458 -0.07083083 0.01463829 3.016011 -0.1733709 -0.4134755 3.061232 -0.2033903 -0.8318831 3.025683 0.1063182 0.02298674 3.116068 0.1832189 -0.3995851 3.00834 0.3116572 -0.8026444 2.928947 
0.008773531 0.6823605 3.027102 0.008952079 0.4620671 3.044658 0.01323993 0.2409249 3.053622 -0.1363857 0.4562703 2.971169 -0.2871238 0.2260924 2.858111 -0.370686 0.1155797 2.616176 0.1542899 0.4678639 3.118147 0.1564235 0.178337 3.11979 0.1760147 -0.1098607 3.100008 -0.07335503 0.01615773 3.016631 -0.1707118 -0.4130287 3.064118 -0.2073606 -0.8323008 3.029052 0.1084106 0.02340752 3.10854 0.184605 -0.4016051 3.01086 0.3048445 -0.7977566 2.93573 
0.008454093 0.6824697 3.029963 0.00997553 0.4630145 3.045538 0.01585992 0.2418191 3.052028 -0.1371539 0.4570411 2.975352 -0.3245939 0.263569 2.863541 -0.449567 0.2141299 2.62343 0.157105 0.4689879 3.115724 0.1588123 0.1794565 3.117038 0.1764559 -0.1089961 3.099235 -0.07020028 0.01689079 3.014657 -0.1587516 -0.4135001 3.067812 -0.201716 -0.8321528 3.024232 0.1136889 0.02435664 3.102379 0.1884074 -0.4017168 3.008025 0.3072174 -0.7991604 2.939988 
0.01275244 0.6822615 3.03089 0.01284673 0.4631384 3.044793 0.01854846 0.2418761 3.050018 -0.1377194 0.4577753 2.981987 -0.3774086 0.3293967 2.854398 -0.5120538 0.3888427 2.621784 0.1634129 0.4685016 3.107599 0.1645059 0.1789654 3.10844 0.1788122 -0.1098607 3.094022 -0.06991198 0.01725963 3.015965 -0.1582436 -0.4138783 3.064464 -0.2063616 -0.83443 3.027778 0.1184123 0.02396776 3.094521 0.1854643 -0.4048588 3.007106 0.3058661 -0.8046257 2.939192 
0.01783412 0.6869593 3.031387 0.01477891 0.4675433 3.045302 0.01763965 0.2462311 3.050272 -0.1364668 0.4642085 2.983876 -0.3851983 0.378702 2.844721 -0.4930536 0.493937 2.620199 0.1660246 0.470878 3.106728 0.166899 0.1813406 3.1074 0.1797802 -0.107621 3.094425 -0.07407983 0.02283354 3.016831 -0.1601673 -0.4079805 3.071668 -0.2093698 -0.8300281 3.027648 0.1150806 0.02700423 3.093655 0.1799745 -0.4023106 3.006856 0.3015355 -0.8007337 2.940388 
