0.02388916 0.6900512 3.056468 0.01857304 0.4709452 3.056708 0.017456 0.2496942 3.04847 -0.1337727 0.4738948 2.998142 -0.3609729 0.4477077 2.814192 -0.40515 0.6600853 2.635667 0.1709188 0.4679957 3.115274 0.2380086 0.1428938 3.18735 0.3676179 -0.01938039 2.953904 -0.07899828 0.03028903 3.003582 -0.1358519 -0.4042547 3.066623 -0.2049156 -0.8365587 3.024131 0.1116762 0.02659744 3.076883 0.1877467 -0.4034104 3.003687 0.3037788 -0.7956492 2.948033 
0.02135037 0.6900391 3.056023 0.01786035 0.4705819 3.056317 0.01869746 0.2493392 3.047844 -0.1313374 0.4725544 2.990073 -0.3149945 0.4859213 2.767809 -0.2985663 0.7306327 2.631127 0.1670581 0.4686093 3.122561 0.2217451 0.1542268 3.191611 0.3691067 -0.01991296 2.976508 -0.07379088 0.02933044 2.997933 -0.1384743 -0.4024221 3.07154 -0.2033944 -0.8343859 3.027433 0.11286 0.02686276 3.080807 0.1903057 -0.4026269 3.005996 0.3050901 -0.8001334 2.940796 
0.02410373 0.6884044 3.043926 0.0197572 0.4684251 3.051718 0.01942323 0.2471098 3.048936 -0.1289145 0.4694988 2.984168 -0.2610139 0.4994774 2.74388 -0.2094839 0.7502766 2.626436 0.1684289 0.4673514 3.119269 0.2233442 0.1495963 3.197805 0.3684805 -0.02133322 2.974015 -0.07388248 0.0264659 3.00391 -0.1437807 -0.4007584 3.094981 -0.204904 -0.8359224 3.037524 0.112061 0.02512303 3.088395 0.1871496 -0.4042889 3.010752 0.3066448 -0.8050091 2.943928 
0.02639786 0.6856458 3.037377 0.02220209 0.4657042 3.04972 0.02118569 0.244374 3.05091 -0.1252637 0.4660039 2.979557 -0.1975357 0.4917623 2.717418 -0.1047925 0.7322552 2.611425 0.1696678 0.4654045 3.119883 0.2221332 0.1527737 3.213901 0.3722511 -0.02661014 2.999758 -0.07207211 0.02323134 3.008213 -0.1430424 -0.4062912 3.087045 -0.2035441 -0.8377529 3.033593 0.1124107 0.0228564 3.095988 0.1881968 -0.4060201 3.016032 0.3050648 -0.8034115 2.950271 
0.01404485 0.6875919 3.034178 0.015944 0.4688751 3.048099 0.01920106 0.2476338 3.052486 -0.1291015 0.4652579 2.973363 -0.1343167 0.4713903 2.707765 -0.00341565 0.6890231 2.591596 0.1609895 0.4724924 3.122835 0.2125079 0.1623768 3.241526 0.3676505 -0.02741165 3.040298 -0.0683271 0.0241283 3.010095 -0.1448753 -0.4035204 3.094414 -0.2009059 -0.8343467 3.029028 0.1132433 0.02865643 3.10365 0.1863111 -0.3997349 3.018836 0.3057315 -0.7937871 2.948024 
0.02145851 0.6813496 3.032483 0.02202257 0.4640228 3.048186 0.02472577 0.2428522 3.056164 -0.1161259 0.4592352 2.962276 -0.07380097 0.4362938 2.703349 0.1011081 0.6072916 2.57314 0.160171 0.4688105 3.134096 0.2087822 0.171684 3.283215 0.3661796 -0.02360234 3.088541 -0.05922841 0.01867837 3.010253 -0.1404564 -0.4091066 3.089821 -0.1962264 -0.8385667 3.02813 0.1140864 0.02468469 3.118032 0.1806764 -0.4034904 3.027323 0.3058996 -0.8027695 2.956032 
0.02564272 0.6773819 3.031666 0.02871399 0.4590084 3.048703 0.03595365 0.238247 3.063017 -0.08486588 0.447856 2.93415 0.004466476 0.3706545 2.701814 0.226747 0.4809895 2.5701 0.1422939 0.4701607 3.163256 0.2114793 0.1870223 3.308917 0.3604839 -0.02375842 3.129253 -0.02753903 0.01054054 3.005992 -0.1404871 -0.41074 3.078861 -0.1922826 -0.8364511 3.030883 0.1139256 0.02443086 3.148669 0.1792625 -0.3963548 3.029023 0.3075814 -0.8016661 2.954465 
0.02852549 0.6788286 3.032248 0.03136209 0.4597176 3.047957 0.03781767 0.2389482 3.063004 -0.08227629 0.4485115 2.932296 0.03226038 0.3258284 2.719378 0.2631163 0.3848482 2.571826 0.1450005 0.4709236 3.163618 0.2102468 0.1815089 3.30095 0.35785 -0.0354487 3.141181 -0.02644732 0.01120493 3.006072 -0.1538485 -0.4070803 3.07211 -0.2025059 -0.8321278 3.037536 0.1149938 0.02515268 3.15003 0.1770813 -0.3924507 3.017945 0.3050939 -0.795225 2.947427 
0.02681756 0.6832897 3.034064 0.02946151 0.4617923 3.048149 0.03539304 0.2408992 3.0617 -0.086357 0.4516799 2.934008 0.03612023 0.2669187 2.743198 0.2733797 0.2740129 2.586205 0.14528 0.4719048 3.162289 0.1996126 0.1587495 3.286484 0.3518548 -0.04461585 3.141492 -0.03094907 0.01369563 3.004025 -0.1610981 -0.4040559 3.070066 -0.2061055 -0.8298834 3.035405 0.1135982 0.02631648 3.146478 0.1737751 -0.390134 3.009325 0.3018879 -0.7918305 2.943295 
0.02350064 0.681664 3.050644 0.02575367 0.4601665 3.055773 0.03048876 0.2389196 3.059329 -0.09810663 0.4558125 2.949799 0.01193208 0.2007847 2.777535 0.2313082 0.1157375 2.620294 0.149614 0.4645205 3.161747 0.2692096 0.1540418 3.323555 0.3509246 -0.05060754 3.142941 -0.04221868 0.01495029 2.996625 -0.1604585 -0.4049813 3.071326 -0.206432 -0.8302916 3.032914 0.1126664 0.02039493 3.129143 0.1774144 -0.3976657 2.998833 0.3083576 -0.8008141 2.934777 
0.02027456 0.6819644 3.054762 0.02406687 0.4623731 3.058313 0.02988725 0.2410681 3.058931 -0.1076545 0.4586401 2.962161 -0.05305499 0.1634732 2.805868 0.1233106 0.02036945 2.621215 0.1557883 0.4661061 3.154465 0.2991381 0.1468962 3.340265 0.3412798 -0.0431272 3.125799 -0.04665005 0.01742905 2.999431 -0.1554956 -0.404112 3.079696 -0.2066887 -0.8321871 3.031541 0.1180653 0.02209714 3.119668 0.1804719 -0.4010844 3.005865 0.3077043 -0.7968714 2.940431 
0.01524054 0.6834341 3.042778 0.0205899 0.4619878 3.054342 0.02750374 0.2407936 3.059148 -0.1157351 0.4557894 2.965178 -0.1009092 0.1496861 2.811387 0.02379894 -0.006010605 2.599776 0.1569149 0.4681862 3.143506 0.2956638 0.1555025 3.339115 0.3343881 -0.02905209 3.109071 -0.05091638 0.01571934 3.008141 -0.1568269 -0.4070014 3.086347 -0.2094975 -0.8343474 3.038962 0.1197515 0.02347923 3.119767 0.1793488 -0.4029613 3.017513 0.3081092 -0.8030172 2.942343 
0.01066684 0.6849955 3.049222 0.01873405 0.4646905 3.057221 0.02938544 0.2436212 3.059924 -0.1215653 0.4569205 2.974605 -0.1660141 0.1829058 2.881613 -0.1015259 0.04187427 2.659763 0.1590334 0.4724605 3.139837 0.2832867 0.161182 3.314466 0.3298977 -0.02195371 3.078899 -0.04773011 0.01769122 3.010945 -0.1515872 -0.4065504 3.083426 -0.2031061 -0.8293849 3.0309 0.1278038 0.02741257 3.114309 0.1869719 -0.3987165 3.009976 0.3122275 -0.7992322 2.940258 
0.009602671 0.6869009 3.052902 0.01910543 0.4682391 3.059121 0.03318075 0.2473087 3.060053 -0.1268647 0.4586348 2.986935 -0.2425316 0.2230031 2.914365 -0.2542075 0.09649516 2.664127 0.1650756 0.4778434 3.131307 0.2270494 0.1687642 3.242824 0.3322175 -0.02181483 3.033589 -0.04398328 0.02037505 3.015865 -0.1477408 -0.4053821 3.078767 -0.2034559 -0.8306438 3.030236 0.1384954 0.03238145 3.106105 0.1885386 -0.3974747 3.013075 0.307979 -0.8023843 2.940377 
0.01105932 0.6891616 3.05438 0.01998219 0.4702746 3.059055 0.03381857 0.2493126 3.059694 -0.1283654 0.4607905 2.991806 -0.2857703 0.2405028 2.877687 -0.3609122 0.1381735 2.626568 0.1683298 0.4797587 3.126303 0.2200201 0.1678794 3.223916 0.3450158 -0.009056672 3.010652 -0.04512503 0.0224191 3.018275 -0.1518991 -0.4025137 3.082023 -0.2049415 -0.8365891 3.034777 0.1404349 0.03428226 3.102393 0.1856536 -0.3953629 3.005757 0.3025512 -0.7947751 2.945024 
0.0198533 0.6872962 3.043162 0.02553872 0.4679503 3.054454 0.03594633 0.2468942 3.058867 -0.1248411 0.4596163 2.991644 -0.3193282 0.2692017 2.874404 -0.4388585 0.2359466 2.631575 0.1759185 0.4762842 3.117264 0.2170714 0.1644958 3.207492 0.3507307 -0.002862412 2.98588 -0.04769638 0.02062593 3.023997 -0.1496119 -0.4057586 3.085996 -0.2074855 -0.839109 3.037391 0.1404043 0.0310504 3.102562 0.1847457 -0.4009714 3.017154 0.3042986 -0.8045691 2.944543 
0.02799218 0.6885363 3.040465 0.02877728 0.4689587 3.051371 0.03372031 0.2476836 3.054421 -0.1236181 0.4647508 2.993093 -0.3557925 0.3257712 2.88864 -0.5066881 0.3839678 2.650879 0.1811727 0.4731665 3.109648 0.2298066 0.167154 3.201658 0.3545583 0.002156403 2.985491 -0.05668322 0.02377583 3.02101 -0.147956 -0.4053577 3.080169 -0.2093592 -0.8368582 3.03267 0.1340099 0.02904115 3.093933 0.1886323 -0.4006589 3.002718 0.3032641 -0.8058694 2.936833 
