0.01885675 0.7064718 3.057914 0.02460331 0.4867114 3.055369 0.03404897 0.2657484 3.045219 -0.1303005 0.4824415 3.004168 -0.3817065 0.3814395 2.853812 -0.4653888 0.4839623 2.612689 0.1795071 0.4909814 3.106571 0.2923946 0.1896434 3.213171 0.4219808 0.009551773 2.993625 -0.05333712 0.04211622 3.003062 -0.132084 -0.3886276 3.067879 -0.2097428 -0.8354325 3.028991 0.1403264 0.04745454 3.067075 0.194303 -0.3861807 2.99659 0.3010271 -0.8035227 2.945706 
0.01719344 0.708463 3.056372 0.02248807 0.4886932 3.054344 0.03101621 0.2676838 3.044224 -0.1323368 0.4850936 3.002483 -0.368417 0.4261119 2.812445 -0.408602 0.6038484 2.602364 0.1773129 0.4922929 3.106205 0.3307355 0.1982327 3.231286 0.4710397 -0.001301651 3.015346 -0.05728024 0.04442317 3.00167 -0.1266547 -0.388954 3.059215 -0.2047401 -0.8343662 3.025541 0.136369 0.04892543 3.066536 0.1997686 -0.3838199 2.998231 0.3004553 -0.7971658 2.946164 
0.01371476 0.7114608 3.057133 0.01960858 0.4917059 3.054063 0.02919085 0.2707472 3.043763 -0.1328145 0.4878083 2.995866 -0.3402043 0.4475466 2.784743 -0.3495277 0.646567 2.589628 0.1720316 0.4956034 3.112259 0.3303693 0.1991233 3.240666 0.488117 -0.01681509 3.054706 -0.0566407 0.04734871 2.997034 -0.1285603 -0.3846067 3.061826 -0.2023172 -0.8323033 3.022559 0.134187 0.05222835 3.069894 0.1976002 -0.3805229 3.001128 0.3011333 -0.7979587 2.952192 
0.01182437 0.7063956 3.056416 0.01897713 0.4874723 3.053625 0.02798519 0.2664605 3.043905 -0.1301381 0.4843123 2.987277 -0.2820541 0.46764 2.73893 -0.240958 0.693379 2.571465 0.1680923 0.4906322 3.119974 0.3243355 0.1992762 3.251417 0.4728857 -0.02464516 3.066877 -0.05626445 0.04347255 2.992691 -0.1288484 -0.3881814 3.059368 -0.2041056 -0.8371683 3.029932 0.130251 0.04742507 3.075681 0.1970774 -0.3836609 2.999972 0.3017845 -0.8055773 2.944593 
0.01278048 0.7010375 3.044626 0.01948176 0.4813549 3.049727 0.0278316 0.2602225 3.046552 -0.1290758 0.4767163 2.982104 -0.2430442 0.4678375 2.718936 -0.1644957 0.6893764 2.557891 0.1680393 0.4859935 3.117351 0.328133 0.1921183 3.25122 0.4666668 -0.02629073 3.053303 -0.05671709 0.03618938 3.00109 -0.1332465 -0.3935638 3.074926 -0.2010513 -0.8446844 3.044676 0.12908 0.04199077 3.085665 0.1984229 -0.3892176 3.012868 0.3031059 -0.8070927 2.957832 
0.02282392 0.6924815 3.027228 0.02600178 0.4737507 3.043014 0.030892 0.2527139 3.048607 -0.1221243 0.4687371 2.974396 -0.1895471 0.4554403 2.687447 -0.07743938 0.6667577 2.527713 0.1741278 0.4787644 3.111631 0.327035 0.1945352 3.259105 0.4672507 -0.03170203 3.077146 -0.05685583 0.02854159 3.011287 -0.1347476 -0.4026465 3.073946 -0.2033872 -0.8438349 3.04484 0.1284203 0.03481259 3.097114 0.2028638 -0.3934105 3.01344 0.3014798 -0.8060185 2.959384 
0.04344123 0.6686235 3.064858 0.04260856 0.454293 3.059268 0.04186377 0.2332922 3.050866 -0.09481458 0.4580644 2.972247 -0.1183322 0.4167402 2.659915 0.04210526 0.609303 2.501952 0.1800317 0.4505216 3.146291 0.3187643 0.2095139 3.274913 0.4635797 -0.02972705 3.124685 -0.04499668 0.01465469 2.987932 -0.1300508 -0.4121577 3.06622 -0.1942442 -0.8431753 3.031476 0.1272346 0.009927979 3.096996 0.2078735 -0.4165126 3.009589 0.3025403 -0.8046246 2.957691 
0.01272653 0.6961492 3.059339 0.04121901 0.4526248 3.062117 0.0526552 0.23197 3.052635 -0.09002069 0.4499646 2.965732 -0.09217652 0.3706319 2.679974 0.09154531 0.4885277 2.489955 0.1724587 0.4552849 3.158503 0.328385 0.1984123 3.283662 0.4587643 -0.03133034 3.121238 -0.01815313 0.009648285 2.982751 -0.1287302 -0.4055787 3.08641 -0.192487 -0.8246492 3.028078 0.1463359 0.01298233 3.103555 0.2175306 -0.4143578 3.009019 0.3148781 -0.7889241 2.953866 
0.006440161 0.6949131 3.04582 0.03431817 0.4604113 3.054613 0.05328941 0.2402607 3.054319 -0.0900488 0.4498328 2.950429 -0.07285242 0.3313666 2.686186 0.1260031 0.4220226 2.490722 0.1586851 0.4709899 3.158796 0.325893 0.2016132 3.286583 0.4631852 -0.02995882 3.143657 -0.0057039 0.01347847 2.988714 -0.1297684 -0.3976927 3.094002 -0.1912422 -0.8278723 3.039054 0.1502252 0.02674168 3.119338 0.2141553 -0.4019778 3.027635 0.3108106 -0.7889382 2.957316 
0.005388367 0.6932793 3.038336 0.03201168 0.4656292 3.052783 0.05542006 0.2460772 3.061439 -0.09161424 0.448326 2.948225 -0.06239951 0.2902056 2.697557 0.1321563 0.3445285 2.489233 0.1556376 0.4829323 3.15734 0.3204004 0.2112892 3.28885 0.4492324 -0.01318199 3.138725 0.001591414 0.01571475 3.004771 -0.1346527 -0.3942364 3.099257 -0.1963518 -0.8315619 3.047273 0.1560654 0.03733554 3.135418 0.2090932 -0.3885269 3.027546 0.315666 -0.7942659 2.956725 
0.00379314 0.6968879 3.048002 0.02922973 0.4704521 3.055676 0.0536975 0.2507224 3.061677 -0.0957671 0.453709 2.952265 -0.06821533 0.2441107 2.716776 0.1263253 0.2448963 2.502991 0.1542266 0.4871951 3.159087 0.3111846 0.2191298 3.285927 0.4422653 -0.001153625 3.137633 8.485031E-05 0.02053412 3.003081 -0.140363 -0.3914044 3.081289 -0.2056184 -0.8280493 3.027528 0.1562457 0.04145154 3.132274 0.2024411 -0.3798296 3.006044 0.3054008 -0.7968491 2.941046 
0.003444204 0.6975896 3.052432 0.02752359 0.4734128 3.056811 0.0528486 0.2536238 3.058861 -0.1013644 0.4576409 2.958096 -0.09617826 0.2060949 2.738862 0.08071736 0.1449943 2.520087 0.1564116 0.4891846 3.155525 0.3060177 0.2380057 3.29546 0.4388241 0.02133632 3.149798 -0.002445841 0.02396959 2.999165 -0.1404919 -0.3887272 3.079347 -0.2040096 -0.8309802 3.025742 0.158793 0.0437002 3.122657 0.2047204 -0.3782862 2.997612 0.3086118 -0.8017455 2.935429 
0.002977148 0.7028307 3.054651 0.02597152 0.47874 3.058089 0.05073012 0.258804 3.058531 -0.1075791 0.4635203 2.965805 -0.1341262 0.1785598 2.76944 0.004879685 0.07250943 2.535553 0.1595222 0.4939598 3.150373 0.3010471 0.2441375 3.290618 0.4422097 0.01610626 3.18506 -0.008088671 0.02934331 3.001222 -0.1416458 -0.3861939 3.074462 -0.2088591 -0.8273003 3.030852 0.1590661 0.04839262 3.116726 0.1989984 -0.3761932 2.998402 0.3064273 -0.7968189 2.938156 
0.005156099 0.7051046 3.05482 0.02562697 0.4839588 3.057574 0.04863739 0.2637794 3.056274 -0.1139506 0.4698634 2.974268 -0.1882942 0.1598878 2.812634 -0.1418226 -0.001925934 2.565296 0.1652045 0.4980543 3.140878 0.2879977 0.2560326 3.28743 0.431248 0.03923209 3.159829 -0.01563126 0.03478587 3.002884 -0.1377458 -0.3846055 3.074887 -0.2036504 -0.8329323 3.034271 0.1589268 0.05241393 3.107067 0.2000483 -0.3741673 2.995937 0.3054779 -0.8013189 2.947147 
0.008863888 0.7025685 3.055363 0.02750351 0.4828338 3.058439 0.04913254 0.2625157 3.056051 -0.1152632 0.4696616 2.980609 -0.2476661 0.1904449 2.929343 -0.2214386 0.06717177 2.668191 0.1702702 0.4960061 3.13627 0.2804786 0.2560102 3.277244 0.4304513 0.04238451 3.15372 -0.01855511 0.03395688 3.004972 -0.1343407 -0.3876915 3.074206 -0.205647 -0.8385296 3.030676 0.1600782 0.05043832 3.102355 0.1984969 -0.3789889 3.002185 0.3087878 -0.811542 2.93738 
0.01345249 0.7036887 3.055641 0.02896276 0.4845281 3.059077 0.04830047 0.263996 3.056885 -0.1161925 0.4725309 2.985512 -0.2753285 0.2332089 2.953209 -0.3001445 0.1119259 2.705497 0.174118 0.4965253 3.132641 0.2837452 0.2505186 3.277652 0.4283664 0.04556973 3.13093 -0.02313988 0.03596108 3.008687 -0.134684 -0.3878091 3.071572 -0.2094537 -0.834344 3.026965 0.1584162 0.05096681 3.100699 0.1972809 -0.379212 3.003583 0.3042028 -0.8067517 2.941879 
0.01796358 0.706967 3.069578 0.02798719 0.4881373 3.062562 0.04217462 0.267685 3.051183 -0.1214101 0.4818881 2.997355 -0.3208152 0.2693031 2.923265 -0.4273556 0.1918215 2.676755 0.1773845 0.4943865 3.127768 0.3118933 0.2098719 3.254262 0.4513472 0.01612292 3.066705 -0.03703732 0.0433258 2.999039 -0.1334859 -0.3855648 3.049556 -0.2153924 -0.8291509 3.011411 0.1497614 0.05113953 3.08057 0.1891583 -0.3809268 2.992617 0.2979058 -0.8041722 2.926863 
0.01940647 0.7069624 3.062733 0.02780914 0.487523 3.0597 0.03986841 0.2667499 3.050752 -0.1230401 0.4817975 2.997659 -0.3433819 0.3041282 2.903658 -0.4779247 0.2744845 2.664616 0.1786584 0.4932483 3.121741 0.315976 0.2064605 3.252146 0.4554104 0.01291399 3.050668 -0.04238535 0.04239732 3.003015 -0.1244748 -0.3846879 3.079858 -0.2126218 -0.8368405 3.029075 0.1462407 0.04955656 3.080593 0.193136 -0.3850626 3.014167 0.306901 -0.8139923 2.935193 
0.02212745 0.7068812 3.072314 0.02685559 0.4880848 3.062859 0.03639572 0.2674649 3.048795 -0.1249323 0.4853468 3.002841 -0.3682121 0.3425814 2.873325 -0.5003698 0.3935202 2.644611 0.1786435 0.4908228 3.122876 0.3209497 0.206706 3.252615 0.4575867 0.01379584 3.040607 -0.04899082 0.04513275 2.997197 -0.126283 -0.3838269 3.071746 -0.21375 -0.8322356 3.016722 0.1408625 0.04855737 3.072265 0.1907951 -0.386073 3.005981 0.3042852 -0.8101903 2.931727 
