0.06035225 0.7001211 3.032701 0.05434047 0.4804932 3.044242 0.05321667 0.2591178 3.04484 -0.09789661 0.4811063 2.985102 -0.3451893 0.3633647 2.904182 -0.4566903 0.5209526 2.696803 0.2065775 0.4798801 3.103383 0.2410088 0.1571972 3.149539 0.3195598 0.02750095 2.904136 -0.04312062 0.03812588 3.00845 -0.1071223 -0.394853 3.073641 -0.2102733 -0.8340965 3.022556 0.1473063 0.03735898 3.082426 0.2107383 -0.3878345 2.976735 0.3034108 -0.793398 2.945247 
0.06846719 0.693381 3.032848 0.0625072 0.4735079 3.043666 0.06102234 0.2521108 3.043519 -0.08880017 0.4745637 2.982126 -0.3360577 0.407582 2.860295 -0.3912381 0.6293281 2.691101 0.2138146 0.4724521 3.105206 0.246214 0.1623074 3.147201 0.3215154 0.02188145 2.901672 -0.03509918 0.03137401 3.00488 -0.09837973 -0.4000981 3.079278 -0.205249 -0.8438062 3.024003 0.1541741 0.03005333 3.081861 0.2212245 -0.3978592 2.990362 0.3108198 -0.8019352 2.942559 
0.07022668 0.6887591 3.032357 0.06471005 0.4689881 3.043498 0.06412145 0.2475839 3.043383 -0.08581955 0.469421 2.980083 -0.2955293 0.4352857 2.830643 -0.316469 0.6743824 2.680503 0.2152397 0.4685553 3.106913 0.2435973 0.162658 3.145616 0.3402065 0.02148448 2.91128 -0.03063029 0.02645048 3.0036 -0.0982812 -0.402407 3.08882 -0.2079228 -0.8452612 3.025391 0.157696 0.02590895 3.082937 0.2210771 -0.4032967 2.994763 0.3112223 -0.8031119 2.941819 
0.06878915 0.6911152 3.0321 0.06363457 0.4714634 3.0446 0.06303771 0.250058 3.045224 -0.0862239 0.471684 2.979607 -0.2492624 0.4571433 2.789803 -0.2174694 0.7055457 2.672185 0.213493 0.4712428 3.109592 0.245789 0.1508277 3.138315 0.3490729 0.01972279 2.896787 -0.03129847 0.02879048 3.005194 -0.1027415 -0.400238 3.087243 -0.2128638 -0.8373313 3.026915 0.1561802 0.02851448 3.086503 0.2176708 -0.4016294 3.001457 0.3078444 -0.8003747 2.94094 
0.06533562 0.6886181 3.031474 0.06247596 0.4693588 3.044771 0.0622947 0.2479685 3.04709 -0.08621668 0.4687726 2.977196 -0.1851423 0.4665779 2.752892 -0.09954813 0.7088454 2.649676 0.2111686 0.469945 3.112347 0.2533743 0.1459067 3.141665 0.3546709 0.02153276 2.889808 -0.03090737 0.02621136 3.007135 -0.1029884 -0.4039483 3.082779 -0.2116966 -0.8429138 3.0296 0.1551343 0.02694482 3.091684 0.2185393 -0.4021226 3.002656 0.3051314 -0.80356 2.945382 
0.0524543 0.6978589 3.032313 0.05527919 0.4798567 3.046686 0.06069137 0.2586478 3.051332 -0.08915598 0.474738 2.971229 -0.1171409 0.4532818 2.7316 0.01505461 0.6742719 2.628694 0.1997143 0.4849753 3.122143 0.2661178 0.137462 3.135482 0.3557154 0.01277531 2.872191 -0.02440582 0.03423128 3.008693 -0.1015682 -0.3959151 3.079362 -0.2015338 -0.8321428 3.029379 0.1566129 0.04064642 3.103262 0.2164183 -0.388017 3.00994 0.3100902 -0.7907972 2.952689 
0.05701291 0.6914611 3.032736 0.05848 0.47531 3.046906 0.06415073 0.2541198 3.054003 -0.07744087 0.4689494 2.957278 -0.02934936 0.4140985 2.715176 0.1846022 0.5490659 2.604542 0.1944009 0.4816705 3.136533 0.251472 0.1568351 3.165638 0.3640295 0.01901271 2.918626 -0.01525208 0.02894841 3.005002 -0.118726 -0.3953945 3.075387 -0.2001819 -0.8370942 3.029307 0.154895 0.03691063 3.117198 0.202206 -0.3905221 3.012117 0.3121449 -0.8044083 2.942303 
0.05521795 0.6873613 3.031297 0.05468543 0.4698946 3.041831 0.05978718 0.2486494 3.04826 -0.06987854 0.4639788 2.937109 0.0304221 0.3585244 2.71228 0.280616 0.4195254 2.599333 0.1792494 0.4758104 3.146552 0.2460686 0.1566985 3.184066 0.3632528 0.03595719 2.935271 -0.0130466 0.02370277 2.989169 -0.1386589 -0.3932285 3.067638 -0.2018336 -0.838012 3.026797 0.1428245 0.03110542 3.120211 0.1980926 -0.3946874 3.012158 0.2986889 -0.8018261 2.945456 
0.05289867 0.6846567 3.034082 0.05492148 0.4667345 3.042296 0.06090939 0.2455031 3.048619 -0.06694506 0.4603454 2.934167 0.04971022 0.3127557 2.720153 0.3096689 0.3133696 2.602309 0.176788 0.4731235 3.150425 0.2262087 0.1679997 3.21813 0.3568339 0.05132131 2.974846 -0.009238617 0.02028014 2.987389 -0.1404078 -0.3957887 3.061992 -0.1980933 -0.8359852 3.031346 0.1430332 0.02826326 3.122496 0.2032408 -0.3977391 3.017988 0.3037825 -0.8027042 2.944087 
0.05098901 0.6891599 3.038172 0.05327756 0.4695572 3.044343 0.05925404 0.2483208 3.049567 -0.06771528 0.4637048 2.934901 0.03146651 0.2441634 2.735545 0.2900747 0.1643047 2.617204 0.1742704 0.4754097 3.153786 0.2092092 0.1927335 3.205811 0.3213138 0.03715717 2.988873 -0.01041317 0.02342557 2.986368 -0.1479397 -0.3893249 3.068395 -0.2080485 -0.8285924 3.03712 0.1408742 0.03074338 3.123213 0.2007966 -0.3971101 3.02623 0.3079748 -0.8024536 2.937929 
0.05046249 0.6873079 3.032199 0.05085572 0.4674548 3.04312 0.05506733 0.2462974 3.052241 -0.07711028 0.4608494 2.94205 -0.02083109 0.1972512 2.763662 0.2190282 0.06042507 2.634927 0.1788217 0.4740602 3.144189 0.2245343 0.1704909 3.223151 0.3420215 0.009583282 2.999699 -0.02077767 0.02100764 2.998133 -0.1499026 -0.3957345 3.073429 -0.2065959 -0.8289161 3.041397 0.1393355 0.02927245 3.124592 0.2007468 -0.3970288 3.021816 0.3083777 -0.8009035 2.938692 
0.05393693 0.6877637 3.031468 0.05625365 0.4672023 3.046373 0.06318345 0.2461815 3.056863 -0.07548715 0.4585235 2.950539 -0.0728924 0.1786317 2.772779 0.1428202 0.01207254 2.623556 0.1879945 0.4758811 3.142208 0.2324008 0.181233 3.228503 0.3472168 0.01704469 3.006186 -0.01232341 0.01973001 3.007384 -0.134994 -0.399172 3.081415 -0.194643 -0.8317332 3.044535 0.1525499 0.03059152 3.12732 0.2170319 -0.3968326 3.031553 0.3269306 -0.8071476 2.936358 
0.05303115 0.6891044 3.032669 0.05560089 0.46858 3.047394 0.0620228 0.2474952 3.057148 -0.08134868 0.4607191 2.959384 -0.1319644 0.163822 2.798901 0.01702031 -0.03020532 2.61629 0.1925505 0.4764408 3.135403 0.2348961 0.1841051 3.227468 0.346111 0.01790424 3.0045 -0.01730574 0.02148837 3.011794 -0.1489704 -0.3957761 3.078656 -0.2070804 -0.8294643 3.039091 0.1541952 0.03133243 3.122008 0.2069487 -0.3960255 3.019735 0.3150036 -0.8074939 2.927073 
0.05324191 0.687014 3.019353 0.05252563 0.4676969 3.041884 0.05630476 0.2468456 3.055814 -0.09234427 0.460527 2.967513 -0.2178816 0.1923778 2.856259 -0.1735586 -0.01675319 2.635864 0.1973955 0.4748667 3.116255 0.233227 0.1869702 3.215996 0.3415228 0.01371503 2.996852 -0.03049092 0.02151152 3.023246 -0.1455119 -0.401607 3.083564 -0.2118472 -0.8347034 3.046854 0.1506587 0.03047694 3.116242 0.2021011 -0.3968451 3.012442 0.3064984 -0.8047314 2.938823 
0.0507911 0.6862528 3.013098 0.05063622 0.4674837 3.040468 0.05469759 0.246808 3.057235 -0.09660449 0.4594786 2.970776 -0.2553918 0.2116607 2.890118 -0.2721368 0.02867648 2.65242 0.1978769 0.4754889 3.110161 0.2316257 0.185158 3.214018 0.3287121 0.01241786 2.98956 -0.03329048 0.02112784 3.030434 -0.1402883 -0.4052199 3.081578 -0.2064739 -0.8334628 3.044115 0.1508084 0.03113687 3.117572 0.2105075 -0.3922972 3.003509 0.3055448 -0.8015757 2.944934 
0.05053286 0.6909327 3.021966 0.05012737 0.4709952 3.044398 0.05506344 0.2500612 3.056762 -0.0992021 0.4640011 2.979034 -0.2957599 0.2343752 2.909539 -0.3858507 0.09591448 2.670731 0.1994568 0.4779893 3.109762 0.2346966 0.1785129 3.193823 0.3253398 0.01612991 2.959362 -0.03337564 0.02475386 3.028253 -0.1333004 -0.4044569 3.067834 -0.2049336 -0.8279297 3.0318 0.1533747 0.0335006 3.109997 0.2095889 -0.3920259 3.001839 0.3111852 -0.8057383 2.928224 
0.04900193 0.6952631 3.029395 0.0505458 0.4741837 3.047733 0.05610249 0.2530256 3.055856 -0.09986565 0.4680794 2.984429 -0.3367081 0.2783553 2.942656 -0.5067838 0.2216003 2.706712 0.2009573 0.480288 3.111037 0.2551038 0.1767506 3.179893 0.3225901 0.02748166 2.929468 -0.03240134 0.02805012 3.024391 -0.1160999 -0.4034657 3.075977 -0.2078274 -0.8304924 3.028494 0.1557197 0.03568483 3.103566 0.2092542 -0.3912006 2.998951 0.3051236 -0.8013353 2.93784 
0.04976958 0.6964169 3.030738 0.05239934 0.4750112 3.047763 0.05979276 0.2538206 3.05376 -0.09945189 0.4683145 2.987974 -0.3562003 0.3183445 2.943189 -0.531766 0.3593153 2.706568 0.2042506 0.4817079 3.107552 0.2570226 0.1806795 3.161947 0.3195991 0.03220029 2.90823 -0.02778735 0.02844156 3.022362 -0.1104641 -0.4031936 3.076011 -0.2063376 -0.8324569 3.030637 0.1621597 0.03681831 3.097151 0.2078723 -0.3909087 2.992216 0.3089511 -0.8061233 2.936676 
0.05017881 0.6977587 3.031295 0.05401583 0.4760135 3.048968 0.06186226 0.2548308 3.054962 -0.09810378 0.4690153 2.989863 -0.3626271 0.3516597 2.92412 -0.5022513 0.4623246 2.692938 0.2061354 0.4830118 3.108074 0.2665033 0.17485 3.145946 0.3177072 0.0280715 2.888716 -0.02543867 0.02927075 3.023987 -0.1041827 -0.4037278 3.072185 -0.2069011 -0.8318656 3.030394 0.164856 0.03802527 3.097926 0.2105427 -0.3895152 2.992125 0.3078252 -0.8033345 2.940651 
