0.05028605 0.691448 3.048217 0.04694321 0.4719404 3.060136 0.05001431 0.2506306 3.061639 -0.1034682 0.469421 2.996569 -0.3713599 0.4503099 2.842997 -0.4467351 0.5998618 2.610164 0.1973546 0.4744597 3.123702 0.2433187 0.1641855 3.198275 0.3628907 0.01511229 2.971478 -0.04098771 0.02774521 3.023387 -0.1146492 -0.4054908 3.077146 -0.2068795 -0.8390024 3.024099 0.1471585 0.03089661 3.1029 0.209962 -0.3963373 3.00512 0.3061873 -0.8065388 2.934861 
0.05161024 0.6941317 3.05253 0.04789748 0.4746417 3.060861 0.05036385 0.2532921 3.060358 -0.1007883 0.4731382 2.993402 -0.3466493 0.4771405 2.817986 -0.3912888 0.662359 2.604004 0.1965832 0.4761453 3.128319 0.2441824 0.1551068 3.190139 0.3629322 0.01375136 2.955538 -0.04019482 0.03100183 3.01765 -0.1106046 -0.4021037 3.076608 -0.2062796 -0.8362097 3.023843 0.1458553 0.03288324 3.10206 0.2101438 -0.3949639 3.007922 0.3020099 -0.7967787 2.946148 
0.05333586 0.6958088 3.055648 0.05002949 0.4762753 3.062543 0.05152315 0.2549006 3.061179 -0.09160028 0.4758127 2.982506 -0.2977845 0.5005594 2.779453 -0.2974401 0.7206815 2.605407 0.1916593 0.4767378 3.14258 0.244631 0.1525642 3.187027 0.3658135 0.0106942 2.953535 -0.03590295 0.03323558 3.009565 -0.1045962 -0.3993119 3.074376 -0.2032934 -0.8360084 3.021196 0.1419366 0.03381639 3.110065 0.210959 -0.3925347 3.012617 0.2982332 -0.8064401 2.95652 
0.05304996 0.6930929 3.057801 0.05287199 0.4744354 3.063391 0.05652358 0.2530888 3.061312 -0.08486892 0.4729785 2.976561 -0.2523855 0.5152506 2.747293 -0.2232353 0.7535673 2.602077 0.1906129 0.4758923 3.150222 0.2438393 0.1613106 3.199051 0.3663082 0.00921492 2.977876 -0.02590588 0.03083177 3.004968 -0.09683528 -0.4010597 3.071931 -0.1961528 -0.8410326 3.026405 0.1462562 0.03265272 3.113497 0.2174543 -0.3933477 3.015955 0.3116729 -0.8113426 2.944911 
0.05805209 0.6934202 3.05582 0.05765637 0.4741735 3.062567 0.06110447 0.2528062 3.061559 -0.07734989 0.4724863 2.971221 -0.1892119 0.5141369 2.716145 -0.1166179 0.7573351 2.59169 0.1926626 0.4758608 3.153912 0.2512522 0.1563717 3.217638 0.3652177 0.01156337 2.989524 -0.0198035 0.0303847 3.003476 -0.1045541 -0.3954961 3.087174 -0.1987502 -0.8397778 3.028608 0.1489086 0.03249323 3.117627 0.2132588 -0.3950394 3.022244 0.3120761 -0.8092319 2.940164 
0.05202704 0.6970426 3.056877 0.05567178 0.4772585 3.061707 0.061584 0.2559499 3.061822 -0.07499538 0.473717 2.964313 -0.1101375 0.48356 2.700133 0.001238876 0.7081587 2.568848 0.1863389 0.4808001 3.159101 0.2506024 0.1471922 3.223369 0.3698495 0.01248874 2.996026 -0.01424192 0.03242597 3.001013 -0.1042439 -0.3935751 3.079745 -0.2012947 -0.8376151 3.025632 0.1492344 0.03685677 3.122862 0.2070865 -0.3894223 3.01858 0.3105016 -0.8021805 2.940217 
0.05120802 0.695026 3.057375 0.05566577 0.4767129 3.060477 0.06255442 0.2554245 3.059917 -0.07061177 0.4730425 2.957426 -0.0625574 0.4447615 2.701092 0.08923556 0.6329527 2.559949 0.1819433 0.4803832 3.163528 0.2433178 0.1476141 3.234203 0.3733295 0.01478723 3.008072 -0.009536881 0.03184045 2.994904 -0.1048893 -0.3937209 3.070411 -0.2032471 -0.840418 3.023853 0.148423 0.03643169 3.12381 0.2019836 -0.3903856 3.019149 0.3103559 -0.8066907 2.935414 
0.0520958 0.6939638 3.056034 0.05560201 0.4754558 3.057316 0.06114831 0.2541262 3.057403 -0.06005877 0.4725125 2.943243 -0.003318203 0.4029268 2.693492 0.1892926 0.5573217 2.559738 0.1712628 0.478399 3.171389 0.2370617 0.1401587 3.258255 0.3756437 0.01399853 3.031587 -0.005901137 0.03094925 2.98589 -0.1121 -0.390973 3.066753 -0.2033446 -0.8388183 3.021457 0.1392904 0.03464398 3.129089 0.193763 -0.3924043 3.025624 0.2984273 -0.8024092 2.945978 
0.05133115 0.6925246 3.043573 0.05672633 0.4729518 3.051122 0.06542871 0.2519872 3.058544 -0.05021257 0.464644 2.929173 0.04507167 0.3610417 2.696843 0.2686177 0.4648374 2.558609 0.1636652 0.4812595 3.173071 0.2333861 0.1356194 3.270542 0.3735946 0.0182142 3.039276 0.007209349 0.02582362 2.989651 -0.1125203 -0.3921173 3.071835 -0.1911118 -0.841065 3.03982 0.1410528 0.0362215 3.142281 0.203777 -0.3889626 3.036103 0.3128291 -0.8042552 2.947347 
0.05022926 0.6942691 3.049797 0.05834647 0.4743467 3.054626 0.06818399 0.2533714 3.062439 -0.04326753 0.4653399 2.927844 0.06301216 0.3150118 2.710958 0.3091919 0.3665617 2.569921 0.1599605 0.4833535 3.181408 0.2238255 0.1402997 3.270328 0.3747965 0.01808234 3.048322 0.01458375 0.02677322 2.991103 -0.1242505 -0.3841338 3.077016 -0.1958746 -0.8349569 3.039963 0.1414593 0.03801909 3.149403 0.201166 -0.3859448 3.0368 0.3111136 -0.8031657 2.942512 
0.05254767 0.6914477 3.052928 0.05599517 0.4702164 3.053682 0.06068465 0.2490229 3.058068 -0.04925781 0.4655206 2.929402 0.05895562 0.2679837 2.719059 0.3098093 0.256518 2.566942 0.1612481 0.4749123 3.177963 0.2122691 0.1456551 3.262907 0.372253 0.01323528 3.053601 -0.0003830285 0.0248956 2.984809 -0.1494581 -0.384593 3.060136 -0.2134522 -0.8373233 3.033116 0.1311313 0.03076309 3.140099 0.1828239 -0.3903746 3.014512 0.3014049 -0.8102438 2.927186 
0.04638189 0.6929961 3.041947 0.04826542 0.4724301 3.047632 0.05179204 0.2512211 3.054242 -0.06214989 0.4670906 2.927842 0.02553313 0.227958 2.730047 0.2728423 0.1609659 2.571765 0.1586807 0.4777696 3.167423 0.1964666 0.1961804 3.223216 0.3397595 0.03866963 3.027026 -0.01371819 0.02667366 2.985953 -0.1485911 -0.3879686 3.060031 -0.2130208 -0.8314627 3.040801 0.1243555 0.03335066 3.13575 0.186426 -0.3887141 3.01836 0.304619 -0.799391 2.930301 
0.04555548 0.6901422 3.036854 0.04606752 0.4698772 3.045852 0.04942605 0.2486193 3.052165 -0.07068203 0.4648652 2.9323 -0.03073604 0.20698 2.755023 0.1721244 0.08048394 2.570882 0.1628171 0.4748892 3.159405 0.2098011 0.1391362 3.235503 0.3580925 -0.01362447 3.031293 -0.02027296 0.02422505 2.987421 -0.140478 -0.3942354 3.065193 -0.2079497 -0.8375934 3.039756 0.1258421 0.0304977 3.129535 0.1953757 -0.3916292 3.016246 0.3091413 -0.7993214 2.932105 
0.04267416 0.6959658 3.046265 0.04513114 0.4729167 3.051321 0.05167082 0.251689 3.054391 -0.07837306 0.4677946 2.945317 -0.1024687 0.1925889 2.774908 0.03776874 0.02853709 2.564009 0.1686353 0.4780388 3.157326 0.2168364 0.1341075 3.242495 0.3647096 -0.01174202 3.03299 -0.01909362 0.02725539 2.991111 -0.1328524 -0.3928563 3.070906 -0.2005497 -0.8325427 3.038283 0.1355146 0.03366743 3.123812 0.2040748 -0.387915 3.007474 0.3155474 -0.795563 2.932478 
0.04271151 0.6975766 3.051077 0.04482901 0.474478 3.054512 0.05081774 0.253192 3.055631 -0.08642881 0.4704407 2.95863 -0.1632975 0.1958252 2.80546 -0.1061493 0.03215228 2.567011 0.1760868 0.4785153 3.150393 0.2200761 0.1515271 3.235375 0.3659544 0.006488647 3.024217 -0.02542025 0.02937689 2.996684 -0.1430143 -0.3901023 3.075041 -0.20712 -0.8345961 3.03993 0.1390332 0.03443521 3.116815 0.2006922 -0.3904699 3.00936 0.308593 -0.7971571 2.933233 
0.04451067 0.6963012 3.053459 0.04613756 0.4743511 3.05668 0.05231711 0.2530578 3.055774 -0.09177875 0.4708517 2.970736 -0.2247097 0.2189573 2.851201 -0.2357635 0.07090922 2.597976 0.1840539 0.4778505 3.142625 0.2240302 0.1584657 3.226479 0.363892 0.01276649 3.012 -0.02780424 0.02957478 3.001088 -0.1389015 -0.3923683 3.075732 -0.2037944 -0.8346412 3.034979 0.1447976 0.03395427 3.108647 0.1993907 -0.3932492 3.006537 0.3134662 -0.8044592 2.931002 
0.04506095 0.6956172 3.055137 0.04706965 0.4743492 3.058083 0.05408417 0.2530904 3.055335 -0.09494299 0.470834 2.978613 -0.2798922 0.2470116 2.868568 -0.3628327 0.1391099 2.616007 0.1890823 0.4778644 3.137553 0.2241936 0.1617678 3.219056 0.35845 0.01613237 3.000539 -0.02760712 0.02963579 3.002947 -0.1317825 -0.3954316 3.068939 -0.2028947 -0.8358254 3.03366 0.1498045 0.03402724 3.102226 0.2037974 -0.3951386 3.008241 0.3128936 -0.8054444 2.937158 
0.04617474 0.6994955 3.04301 0.04795086 0.4782077 3.052285 0.05413637 0.2569365 3.053554 -0.09772354 0.4737184 2.979544 -0.3238413 0.2919412 2.884283 -0.4547609 0.2437255 2.634327 0.1936253 0.4826971 3.125026 0.225888 0.1578625 3.207108 0.3534897 0.01425476 2.983394 -0.0307379 0.03285893 3.009352 -0.1318298 -0.3914562 3.084428 -0.2064863 -0.832193 3.036895 0.1513816 0.03847147 3.100292 0.2050554 -0.3901199 3.003178 0.308918 -0.8003379 2.938303 
0.04865497 0.6983643 3.036955 0.04866144 0.476719 3.04948 0.05392204 0.2554264 3.052583 -0.1006497 0.4722581 2.984491 -0.3598675 0.3369317 2.878156 -0.5052807 0.3647333 2.635319 0.1979726 0.4811799 3.114469 0.229325 0.1556435 3.200243 0.3251101 0.01935718 2.957236 -0.03420722 0.03134357 3.015038 -0.1264183 -0.3957646 3.085497 -0.2087362 -0.8392671 3.0359 0.1525725 0.03692392 3.096335 0.2062968 -0.3917671 2.999454 0.3072599 -0.8078994 2.93716 
0.05212831 0.6919568 3.03391 0.0508884 0.4713332 3.047181 0.05562505 0.2500258 3.051067 -0.1001298 0.4670222 2.985762 -0.3714235 0.3794574 2.871084 -0.5016105 0.4819863 2.642717 0.2019066 0.4756442 3.108599 0.2365417 0.1617142 3.195196 0.3230811 0.01999785 2.951561 -0.0339979 0.02602475 3.016579 -0.1184262 -0.403836 3.07949 -0.205994 -0.8432213 3.030608 0.1547213 0.03141196 3.09333 0.2097549 -0.3969994 2.995841 0.3051551 -0.8091631 2.943047 
0.05210629 0.6884119 3.030379 0.04886412 0.4683503 3.044547 0.05176887 0.2469918 3.047821 -0.1028815 0.4654682 2.98432 -0.3513294 0.4448822 2.839277 -0.4492043 0.6240089 2.641585 0.2006097 0.4712323 3.104774 0.2397671 0.168222 3.201695 0.3251006 0.02782477 2.956559 -0.04020617 0.02383133 3.013437 -0.1150887 -0.4068778 3.083018 -0.2080126 -0.836765 3.023657 0.1495534 0.02743539 3.088752 0.2080049 -0.400942 2.99315 0.3028196 -0.8085475 2.9448 
0.05462077 0.6982212 3.041703 0.04935054 0.4780007 3.047949 0.04886675 0.2566846 3.046276 -0.09941098 0.4788338 2.98073 -0.314263 0.4834462 2.79851 -0.3510444 0.7067568 2.619532 0.198112 0.4771675 3.115169 0.2614034 0.1445706 3.177947 0.3360735 0.01545116 2.924618 -0.04468535 0.03588971 3.00255 -0.1160885 -0.3934307 3.083573 -0.2101627 -0.8311148 3.017907 0.1414513 0.03484723 3.086657 0.2058818 -0.3932816 2.993803 0.2997019 -0.8034219 2.944346 
