0.07208733 0.6970991 3.031645 0.06848404 0.4777533 3.039679 0.06848694 0.2563452 3.039374 -0.0845641 0.4778297 2.982655 -0.348123 0.4206197 2.844779 -0.4900278 0.6036837 2.674446 0.2215322 0.4776768 3.096702 0.2779365 0.163398 3.144039 0.3538692 0.0317797 2.875329 -0.02725383 0.03498495 3.003396 -0.09669603 -0.3944931 3.084845 -0.2094477 -0.8352933 3.027493 0.1642335 0.03488937 3.074741 0.2163918 -0.3970115 2.992842 0.3040389 -0.7969007 2.943486 
0.07772547 0.689106 3.030244 0.0728864 0.4702488 3.038197 0.07255235 0.2488396 3.038205 -0.07842751 0.4704746 2.976843 -0.3185637 0.4608139 2.81088 -0.4071964 0.6900409 2.66523 0.2242003 0.4700229 3.099551 0.2789625 0.161694 3.152019 0.3561804 0.03204814 2.886446 -0.02245987 0.0275717 2.999824 -0.0891517 -0.4021971 3.082543 -0.2044218 -0.8490768 3.024106 0.1668965 0.02728905 3.076603 0.2221483 -0.4038744 2.992574 0.3093298 -0.8083756 2.944818 
0.07831083 0.6881998 3.043955 0.07555643 0.4696133 3.04513 0.07579827 0.2483031 3.040359 -0.07013632 0.4710335 2.97186 -0.2520131 0.5031183 2.762221 -0.2543459 0.7668606 2.645997 0.2212492 0.4681932 3.1184 0.2736052 0.153757 3.157033 0.359478 0.03025504 2.892725 -0.01518934 0.02788219 2.989708 -0.09360725 -0.3989597 3.077265 -0.2024363 -0.8399931 3.021068 0.1672695 0.02610365 3.081469 0.2210034 -0.4057975 3.000064 0.3080109 -0.8014383 2.942967 
0.07546178 0.6869352 3.036397 0.07504316 0.469068 3.042275 0.07617889 0.2477261 3.041704 -0.06965942 0.4685201 2.966818 -0.1985298 0.5175753 2.728596 -0.1485274 0.7834888 2.628455 0.2197457 0.4696159 3.117732 0.2707624 0.1553619 3.166031 0.3622866 0.02944243 2.90765 -0.01313985 0.02604166 2.993964 -0.09589482 -0.3989683 3.086295 -0.2056868 -0.8424737 3.03577 0.1677691 0.02672665 3.088302 0.2203114 -0.4058205 3.009518 0.3089267 -0.7992968 2.947621 
0.08678848 0.6564394 3.073468 0.08371793 0.4427991 3.056424 0.08046123 0.2234299 3.035498 -0.05355828 0.4530563 2.97026 -0.1417329 0.5098412 2.707303 -0.0268801 0.7509964 2.608232 0.2209941 0.4325419 3.142588 0.2725469 0.1446319 3.164714 0.3630061 0.01890109 2.907553 -0.008836472 0.01048959 2.960567 -0.0970379 -0.4108306 3.054457 -0.2054365 -0.8498642 3.007185 0.1632456 -0.002368286 3.068577 0.215822 -0.4224351 2.986478 0.3030217 -0.818314 2.933299 
0.1010627 0.6422918 3.08403 0.09219702 0.4297432 3.063712 0.08292715 0.2103063 3.041034 -0.0416693 0.4448262 2.972485 -0.09886018 0.4889334 2.70356 0.05132348 0.706177 2.592533 0.2260633 0.4146602 3.154939 0.2708161 0.1373024 3.168704 0.3644239 0.01352079 2.916181 -0.009948544 0.0002894592 2.961379 -0.1089916 -0.4055592 3.097241 -0.2094177 -0.8466265 3.036412 0.1572631 -0.01855066 3.075331 0.217411 -0.4444865 2.99874 0.3010281 -0.8085262 2.959254 
0.07788492 0.6799352 3.043858 0.09464258 0.4406008 3.0614 0.0884743 0.2223707 3.049387 -0.02882901 0.4497515 2.958564 -0.00253694 0.4413755 2.68471 0.2183738 0.5737144 2.573731 0.2181142 0.4314499 3.164236 0.2791719 0.1231994 3.185955 0.3682963 0.01273063 2.943896 0.002634692 0.01004529 2.971017 -0.1030647 -0.4009263 3.105853 -0.1989722 -0.8312697 3.036949 0.1619774 -0.001764008 3.103729 0.2344831 -0.4569612 3.008553 0.3124235 -0.789636 2.957133 
0.07446586 0.6867445 3.037867 0.08260866 0.467533 3.048678 0.08689334 0.247202 3.053132 -0.02934686 0.4629897 2.931645 0.03852231 0.3852208 2.691713 0.2902787 0.4541207 2.585472 0.1945642 0.4720762 3.165711 0.2567306 0.1641662 3.197995 0.3705235 0.01655296 2.983168 0.02044416 0.02400061 2.983645 -0.103947 -0.3834747 3.10537 -0.1990406 -0.8298916 3.033232 0.1619119 0.02974148 3.131529 0.2070708 -0.4021508 3.016702 0.3006105 -0.7896937 2.955678 
0.07219931 0.6855094 3.035391 0.07969408 0.4691304 3.045826 0.08612327 0.248459 3.053137 -0.02603767 0.4619715 2.922715 0.05916287 0.3671265 2.687937 0.3192414 0.3960056 2.590761 0.1854259 0.4762894 3.168938 0.2546169 0.168205 3.204287 0.3712716 0.01712494 2.989704 0.02620342 0.0232952 2.983192 -0.1022239 -0.3893289 3.07573 -0.1988044 -0.8359729 3.032282 0.1589015 0.03228 3.137702 0.2036084 -0.3926061 3.010447 0.3003455 -0.7974244 2.951706 
0.07262969 0.6866343 3.033191 0.07847463 0.4690953 3.040091 0.0831895 0.24813 3.047594 -0.02458785 0.4626203 2.914161 0.07107361 0.3270743 2.689453 0.3356908 0.3070119 2.602923 0.1815371 0.4755703 3.166021 0.2668131 0.1660906 3.219119 0.3722857 0.01926419 2.999526 0.0234142 0.02311316 2.976297 -0.1115017 -0.3823086 3.088748 -0.2053723 -0.8353051 3.027546 0.1523945 0.03121646 3.133895 0.1996202 -0.3892291 2.998575 0.2976196 -0.8015548 2.943764 
0.07258288 0.6936052 3.052224 0.07803123 0.4727078 3.047927 0.08174624 0.2514277 3.049629 -0.0240415 0.4700147 2.920613 0.05252934 0.2530206 2.69412 0.2988432 0.1333733 2.6164 0.180104 0.475401 3.175241 0.2391807 0.1959907 3.222917 0.3384203 0.04509767 2.996607 0.02162347 0.02846338 2.971707 -0.1135545 -0.3699419 3.108079 -0.2037982 -0.8330256 3.034083 0.1492991 0.03183203 3.130955 0.2057962 -0.3903314 3.00912 0.3085726 -0.8031735 2.941983 
0.07281546 0.6977965 3.053544 0.07841708 0.4768941 3.049402 0.08396271 0.2556117 3.049589 -0.02840081 0.4741125 2.926091 0.01523379 0.2155423 2.702527 0.2388395 0.05730376 2.611382 0.1852349 0.4796755 3.172712 0.2642302 0.1274382 3.239652 0.3627591 -0.01221217 3.007937 0.02265424 0.03258862 2.9726 -0.1058389 -0.375237 3.083102 -0.2001365 -0.8310087 3.036989 0.1563624 0.03607031 3.126952 0.2126833 -0.3845069 3.000102 0.3177826 -0.799578 2.93652 
0.06813605 0.6965277 3.036416 0.07515939 0.4765423 3.044176 0.08548874 0.2555788 3.051694 -0.04410823 0.4672038 2.933579 -0.05855476 0.192378 2.723514 0.09852156 -0.01978932 2.602821 0.194427 0.4858809 3.154773 0.2601753 0.1526397 3.216209 0.3639846 0.03027991 3.00877 0.02119728 0.02877245 2.990016 -0.1038707 -0.3848467 3.084687 -0.2023205 -0.8391183 3.04076 0.1704389 0.0404579 3.128408 0.2148768 -0.3806987 2.999491 0.3185363 -0.801533 2.933114 
0.06187725 0.6999266 3.045537 0.07226309 0.4784453 3.047987 0.08664568 0.257641 3.052179 -0.0536949 0.4682921 2.945328 -0.1148925 0.1888031 2.749125 -0.01011401 -0.02508989 2.586959 0.1982211 0.4885985 3.150647 0.2627327 0.1538084 3.212816 0.3718838 0.02362955 2.996524 0.0221805 0.03048096 2.992106 -0.1085577 -0.3822754 3.083687 -0.2005401 -0.8354357 3.036567 0.179876 0.04319249 3.120633 0.2166222 -0.3789449 2.992494 0.3187942 -0.7997417 2.928178 
0.05526903 0.7020587 3.053306 0.06412032 0.4823315 3.049215 0.0767528 0.2614194 3.044706 -0.07493848 0.4760968 2.965091 -0.1946654 0.1933044 2.79352 -0.1662331 -0.003534393 2.575193 0.2031791 0.4885661 3.133339 0.2701014 0.137511 3.190648 0.3741 0.01045554 2.966575 0.002427369 0.03660864 2.987591 -0.1082176 -0.3818225 3.076998 -0.2104967 -0.8332402 3.029287 0.1763432 0.04440613 3.092801 0.2107109 -0.3812246 2.976301 0.3078232 -0.7983444 2.931037 
0.05340772 0.6977695 3.042778 0.0583361 0.4788533 3.044486 0.06626681 0.2576986 3.041663 -0.08912326 0.4744457 2.975498 -0.247344 0.235012 2.851678 -0.293014 0.07192683 2.611361 0.2057955 0.4832608 3.113473 0.2738075 0.1444324 3.164186 0.3618417 0.0152538 2.916952 -0.01792622 0.03379045 2.995741 -0.114052 -0.3873944 3.091131 -0.2115688 -0.8410247 3.039646 0.1663213 0.03929759 3.081939 0.2059715 -0.3916453 2.989582 0.3005457 -0.800012 2.947028 
0.05110032 0.698004 3.049347 0.05519046 0.4794927 3.045919 0.06147386 0.2584211 3.038088 -0.09573586 0.4773707 2.984725 -0.2807909 0.2575726 2.879856 -0.3801865 0.1287333 2.640197 0.2061168 0.4816149 3.107114 0.2752658 0.1466365 3.151169 0.3551717 0.01631361 2.884693 -0.02664264 0.03602211 2.991982 -0.114681 -0.3897471 3.07321 -0.2147552 -0.8349732 3.026673 0.1621571 0.03867671 3.068532 0.2067305 -0.3895451 2.966244 0.2996898 -0.8028065 2.932046 
0.05105507 0.7010567 3.052068 0.05669764 0.4821734 3.046233 0.06480621 0.2612623 3.035378 -0.0961582 0.4793472 2.989569 -0.3174445 0.2793234 2.897904 -0.4759803 0.2100633 2.668922 0.2095535 0.4849996 3.102897 0.2805877 0.145777 3.134558 0.3521221 0.02604409 2.841557 -0.02260063 0.03858517 2.989114 -0.09909195 -0.3888096 3.073936 -0.2033923 -0.8364886 3.02826 0.1684302 0.04211722 3.05993 0.2167727 -0.3881685 2.968622 0.3128717 -0.8016899 2.93412 
0.05516257 0.7004883 3.055207 0.05617183 0.4822289 3.046204 0.058718 0.2614326 3.030753 -0.09984636 0.483769 2.998483 -0.3711459 0.3235923 2.918526 -0.5727046 0.3407296 2.687184 0.21219 0.4806889 3.093924 0.271856 0.1541737 3.136205 0.3437786 0.03595055 2.838035 -0.03630402 0.0415993 2.98546 -0.1089657 -0.3802743 3.094527 -0.2145826 -0.8385791 3.023569 0.1588324 0.03967316 3.045145 0.2083833 -0.3944575 2.975972 0.3053004 -0.8041313 2.934138 
0.05807675 0.7044601 3.053519 0.05707034 0.4856713 3.045228 0.05835574 0.2648128 3.030129 -0.09916366 0.4879973 2.997905 -0.3810486 0.3578118 2.912767 -0.5814041 0.4422884 2.701459 0.2133043 0.4833453 3.092552 0.2644571 0.1585719 3.135087 0.3384054 0.04139928 2.844117 -0.03802767 0.04540839 2.985445 -0.1034697 -0.3824844 3.073238 -0.2109521 -0.8353015 3.026578 0.1573099 0.04250024 3.044614 0.2142422 -0.3914486 2.979189 0.3017009 -0.7950749 2.940755 
