0.03206768 0.6934369 3.048154 0.03046421 0.4732389 3.053302 0.03310051 0.2519626 3.050997 -0.1215291 0.4720485 2.993727 -0.3643603 0.3623747 2.882789 -0.4993832 0.4825298 2.656683 0.1824575 0.4744293 3.112877 0.2419177 0.1540859 3.192854 0.356532 0.002454681 2.962106 -0.05931402 0.0299418 3.011437 -0.1423584 -0.4009817 3.069545 -0.20882 -0.8291522 3.022082 0.1307877 0.03143073 3.085949 0.1917937 -0.3998837 3.008227 0.3011609 -0.8012512 2.932893 
0.03732197 0.6916837 3.055409 0.03229342 0.4728636 3.054572 0.03056799 0.2516868 3.046193 -0.1174154 0.4764959 2.98951 -0.3607863 0.4308336 2.851914 -0.4519874 0.635119 2.658962 0.1820023 0.4692312 3.119633 0.2470166 0.1615299 3.214217 0.3620834 0.002065811 2.973603 -0.0647692 0.03278137 2.997133 -0.1353445 -0.3980701 3.070076 -0.2097946 -0.837832 3.022242 0.1224544 0.02823889 3.078498 0.1952414 -0.4036543 3.014856 0.3029592 -0.8034209 2.936913 
0.03770461 0.6922996 3.043489 0.03110848 0.4736846 3.04786 0.02711717 0.2524245 3.043247 -0.1182271 0.4777551 2.981808 -0.3324316 0.4754717 2.810465 -0.3646089 0.7287177 2.652734 0.180444 0.4696141 3.113911 0.2465064 0.1613673 3.222816 0.3649335 -0.009191025 2.981453 -0.07027465 0.03371028 2.997324 -0.1298779 -0.3976577 3.076944 -0.2103108 -0.8380499 3.032541 0.1165264 0.02861855 3.079947 0.1995597 -0.4015051 3.016038 0.3018048 -0.8024569 2.947149 
0.03802152 0.6943604 3.049649 0.03173363 0.4756542 3.050168 0.02720617 0.2544289 3.043611 -0.1134647 0.4808218 2.976061 -0.2901586 0.4947037 2.774714 -0.2740677 0.7599345 2.643889 0.176932 0.4704865 3.124274 0.2453049 0.1562134 3.2164 0.3661485 -0.01267969 2.975561 -0.06828249 0.03644092 2.99063 -0.1259719 -0.3953305 3.069836 -0.2052658 -0.8318651 3.022513 0.1136399 0.02996623 3.08348 0.1996131 -0.3988984 3.014982 0.3044907 -0.8010529 2.94579 
0.04653855 0.6927729 3.055549 0.0407726 0.4737789 3.054753 0.03642699 0.2525279 3.048105 -0.09978236 0.4790253 2.972012 -0.2067927 0.506173 2.729937 -0.1218081 0.7648827 2.624551 0.1813276 0.4685325 3.137493 0.2465692 0.1428045 3.211613 0.3686458 -0.01517259 2.961708 -0.05582228 0.034558 2.989712 -0.1195444 -0.3943331 3.07906 -0.1978324 -0.8381371 3.031748 0.1199851 0.02799577 3.093204 0.2080553 -0.400233 3.023027 0.3193905 -0.8075154 2.943278 
0.04451726 0.6608158 3.079916 0.04778336 0.4452571 3.070322 0.05176143 0.2245416 3.057086 -0.08572331 0.4484325 2.977242 -0.1466881 0.4997864 2.71183 -0.02535519 0.7326342 2.600392 0.18129 0.4420817 3.163401 0.244554 0.1526718 3.223099 0.3721754 -0.01774405 2.984626 -0.026989 0.005793823 2.986173 -0.1116274 -0.4118522 3.078881 -0.1867547 -0.8570822 3.023998 0.138468 0.001858521 3.101527 0.2168456 -0.4214619 3.022472 0.325655 -0.8273932 2.9435 
0.03778249 0.6807899 3.067815 0.06319942 0.4267559 3.081477 0.06256238 0.2061816 3.064857 -0.06625082 0.4345538 2.982944 -0.08777906 0.4668884 2.70532 0.07665206 0.6636756 2.585101 0.1926497 0.4189581 3.180011 0.2413612 0.1578441 3.238446 0.3725468 -0.01391922 3.013858 -0.01859233 -0.009542527 2.98695 -0.1346456 -0.4232646 3.073344 -0.2028803 -0.8466767 3.031782 0.142443 -0.01924303 3.109525 0.2093237 -0.4426656 3.011574 0.3070663 -0.8150178 2.951697 
0.04121356 0.6830339 3.062974 0.05666347 0.4476759 3.072545 0.06076336 0.2267993 3.066886 -0.06620529 0.4481241 2.966016 -0.03117567 0.4295761 2.70274 0.1739802 0.5752442 2.581347 0.1795322 0.4472277 3.179073 0.2437856 0.1622772 3.25092 0.3738259 -0.0144991 3.042746 -0.01267792 0.006205536 2.993999 -0.1444643 -0.4005098 3.097538 -0.2017393 -0.816946 3.039227 0.1424044 0.005639801 3.128457 0.2131129 -0.4298663 3.019232 0.3050557 -0.7884987 2.958801 
0.04010281 0.6855121 3.059173 0.05046698 0.4636555 3.06527 0.05944709 0.2426821 3.069518 -0.05859146 0.4569061 2.944719 0.04648346 0.3579586 2.720287 0.2909329 0.429307 2.595242 0.1595254 0.4704049 3.185821 0.2339831 0.1637409 3.259078 0.3714023 -0.01344708 3.071255 3.433418E-05 0.01747606 2.998165 -0.1438547 -0.3915288 3.081803 -0.1955908 -0.8286948 3.041342 0.1368201 0.02594145 3.149365 0.1996824 -0.3932501 3.012769 0.3040445 -0.7961038 2.961877 
0.03766618 0.6862255 3.058194 0.04916402 0.4663746 3.062454 0.05994529 0.2454123 3.067922 -0.05816111 0.4581085 2.940042 0.0802286 0.3079733 2.734654 0.3331228 0.3358765 2.602983 0.1564891 0.4746407 3.184865 0.2324773 0.1663732 3.26055 0.3752007 -0.01364459 3.096403 0.003582251 0.01927867 2.996808 -0.1481733 -0.3897428 3.06736 -0.1982059 -0.8305916 3.035912 0.1378708 0.02962151 3.149973 0.1957993 -0.3862127 3.005601 0.3055909 -0.7994182 2.949699 
0.03480391 0.6823811 3.037779 0.04258566 0.4626924 3.049142 0.05092951 0.2419049 3.061947 -0.06293419 0.4515088 2.925068 0.09005025 0.2410058 2.754629 0.3417875 0.1830804 2.621265 0.1481055 0.473876 3.173216 0.154398 0.1893724 3.3056 0.3313953 0.02352593 3.150374 -0.006732621 0.01412175 2.99714 -0.1597474 -0.3957896 3.063751 -0.2104614 -0.8311129 3.039011 0.1252793 0.02811318 3.152364 0.1822177 -0.3898011 3.016898 0.295693 -0.7996494 2.951337 
0.02988326 0.6822991 3.034904 0.03673094 0.4628235 3.048575 0.04465117 0.2420774 3.06337 -0.07121725 0.4507788 2.92665 0.06203667 0.1747355 2.760643 0.2993137 0.06419156 2.599929 0.1446791 0.4748684 3.1705 0.158617 0.1967887 3.249939 0.3041044 -0.009460662 3.108067 -0.01497194 0.0137948 3.001876 -0.1533352 -0.4017083 3.066374 -0.2088048 -0.8333743 3.039474 0.1201147 0.02886771 3.154453 0.1821816 -0.3904366 3.026287 0.3092975 -0.8053251 2.945005 
0.0260391 0.6828327 3.034307 0.03179922 0.4621484 3.047407 0.04023382 0.241272 3.059783 -0.08167357 0.4512751 2.93069 0.01796269 0.1458995 2.764808 0.2388659 0.01427457 2.584951 0.145272 0.4730217 3.164124 0.1593211 0.1908762 3.227603 0.2902178 -0.03038295 3.094399 -0.02237901 0.0135876 2.999081 -0.1559327 -0.4037082 3.06249 -0.2106063 -0.8329463 3.03424 0.1197158 0.02720354 3.145238 0.1841274 -0.3905961 3.01345 0.3116132 -0.805688 2.92976 
0.02756323 0.6876379 3.04508 0.0326157 0.463904 3.052306 0.04192847 0.2428864 3.059929 -0.08843123 0.4550578 2.943702 -0.06617007 0.1580421 2.783859 0.09345476 -0.003205399 2.59169 0.1536626 0.4727501 3.16091 0.1667405 0.1879673 3.211516 0.2842548 -0.04572546 3.087374 -0.02461031 0.01632561 2.999498 -0.1499886 -0.4028437 3.066841 -0.2058311 -0.8271121 3.035382 0.1270928 0.02741212 3.135607 0.1992521 -0.3905004 3.008549 0.3144966 -0.7983167 2.934926 
0.02809163 0.6923592 3.049984 0.03206133 0.4690256 3.05687 0.04078537 0.2479076 3.062899 -0.09524957 0.4612429 2.955662 -0.1406236 0.1575366 2.796937 -0.04421715 0.001020371 2.573204 0.1593722 0.4768082 3.158079 0.1709989 0.1903231 3.198381 0.2763356 -0.05362409 3.083372 -0.03014882 0.02192007 3.005603 -0.1506491 -0.3987456 3.072834 -0.2097682 -0.8242664 3.042514 0.1291676 0.03165921 3.132254 0.1964845 -0.392279 3.025941 0.3153901 -0.8045638 2.928049 
0.02488065 0.6932783 3.049167 0.02728098 0.471247 3.055563 0.03455886 0.2500673 3.058791 -0.1112628 0.4654438 2.970309 -0.2367501 0.2001876 2.864478 -0.2267437 0.07295823 2.603746 0.1658248 0.47705 3.140816 0.1743232 0.188766 3.166374 0.25872 -0.0705148 3.06899 -0.04483139 0.02525749 3.008687 -0.1526527 -0.3990076 3.074737 -0.2157095 -0.8292919 3.02635 0.1285049 0.03251793 3.11535 0.1875519 -0.3910127 3.001185 0.3054842 -0.8013847 2.926715 
0.02809634 0.6895393 3.040079 0.02834547 0.4693295 3.050836 0.03303312 0.2480759 3.055356 -0.1148978 0.4647169 2.973605 -0.279332 0.2190441 2.878805 -0.3428084 0.1275486 2.613636 0.1715888 0.473942 3.128068 0.1786841 0.1852068 3.148432 0.2541709 -0.07972107 3.05928 -0.05186797 0.02393755 3.011573 -0.151026 -0.4024452 3.077355 -0.211658 -0.834009 3.034628 0.1273095 0.0297072 3.108178 0.1941178 -0.3954893 3.005484 0.3069458 -0.8044474 2.932228 
0.03221318 0.6927573 3.048018 0.02965866 0.4713329 3.053088 0.0321293 0.2500391 3.052452 -0.1170517 0.4698982 2.98233 -0.3212661 0.2500748 2.900924 -0.4407482 0.2083521 2.637586 0.176369 0.4727678 3.123846 0.1822337 0.1837433 3.14008 0.2497383 -0.08579352 3.058679 -0.05712321 0.02784819 3.007579 -0.1456498 -0.401946 3.064756 -0.2095861 -0.8309691 3.02881 0.1263231 0.02964226 3.096054 0.19722 -0.3956919 2.996114 0.307026 -0.8003538 2.931498 
0.03909981 0.6899835 3.051964 0.03404499 0.4692581 3.05344 0.03418139 0.2479624 3.049738 -0.1143343 0.4702979 2.985806 -0.3371585 0.2770503 2.913981 -0.4879875 0.2802429 2.657778 0.1824242 0.4682182 3.121075 0.1872358 0.1790084 3.134023 0.2476008 -0.09428467 3.059861 -0.05839422 0.02731654 3.003776 -0.1382286 -0.402936 3.069516 -0.2077717 -0.8364338 3.028044 0.1270298 0.02601704 3.088296 0.2015718 -0.4017521 3.003307 0.312777 -0.8113018 2.929 
0.04326379 0.6910126 3.055886 0.04092253 0.4720224 3.05597 0.0414607 0.2507193 3.050376 -0.1083536 0.4733309 2.989832 -0.3445619 0.3330014 2.916012 -0.4795877 0.4561039 2.676189 0.1901987 0.470714 3.122107 0.1933877 0.1813096 3.130356 0.2416776 -0.09752802 3.069112 -0.05133241 0.03023431 3.003432 -0.1183114 -0.4018317 3.072619 -0.2041217 -0.8379309 3.034868 0.1353301 0.02859814 3.086134 0.214688 -0.4006658 3.012807 0.3186119 -0.8050733 2.936818 
0.04617516 0.6933905 3.056363 0.04491672 0.4750635 3.055688 0.046576 0.2537385 3.050116 -0.1048457 0.4755822 2.990489 -0.3356974 0.3777059 2.881236 -0.4120561 0.5986297 2.686527 0.1946792 0.4745449 3.120888 0.1967649 0.1850609 3.12615 0.2354325 -0.09743881 3.075832 -0.04543109 0.03273778 3.003766 -0.1193417 -0.3994563 3.065099 -0.2059784 -0.8378933 3.030191 0.1419017 0.0320891 3.085321 0.2108487 -0.3992778 3.013319 0.3101152 -0.8059633 2.941128 
