0.01021639 0.6972227 3.052012 0.02055419 0.4770736 3.060058 0.03642527 0.2562819 3.061227 -0.1291184 0.4659739 2.995678 -0.3693483 0.4243854 2.810687 -0.4301719 0.5967243 2.609999 0.1702267 0.4881732 3.124439 0.2919383 0.1678555 3.258375 0.4078609 -0.018968 3.012674 -0.04130868 0.02854864 3.022131 -0.1344571 -0.4023603 3.062976 -0.2069362 -0.8306493 3.027213 0.1459014 0.04243205 3.102659 0.2051358 -0.3890977 3.023659 0.3065304 -0.8087008 2.932201 
0.01182488 0.6948751 3.053939 0.02172164 0.475675 3.061185 0.03786183 0.254878 3.061614 -0.1255784 0.4647722 2.991679 -0.3361589 0.4691834 2.779846 -0.3564793 0.6813288 2.610399 0.1690217 0.4865778 3.13069 0.292479 0.1769381 3.262196 0.4089625 -0.01917529 3.025461 -0.03817742 0.02725795 3.018547 -0.1315901 -0.4035159 3.060585 -0.2036751 -0.8367203 3.025589 0.1461815 0.04090378 3.105539 0.2042699 -0.3903028 3.023639 0.3055433 -0.8103647 2.942534 
0.01263693 0.6896078 3.042886 0.02365997 0.4704724 3.056402 0.03943228 0.2497443 3.061505 -0.1216742 0.4583915 2.983055 -0.2841364 0.4931287 2.747901 -0.2601784 0.7324098 2.621712 0.1689941 0.4825532 3.129749 0.2821749 0.1784224 3.271102 0.390875 -0.01751796 3.034658 -0.03570496 0.02145935 3.020729 -0.1325146 -0.4085211 3.06326 -0.2039904 -0.8405235 3.031739 0.1461142 0.03657302 3.112489 0.2057923 -0.3938549 3.027545 0.3040988 -0.8097397 2.950295 
0.01507119 0.6864135 3.038359 0.02673216 0.4677856 3.054182 0.04209379 0.2470772 3.061638 -0.1177058 0.4551948 2.979062 -0.2125776 0.4945715 2.725934 -0.1430185 0.7387505 2.620593 0.1711701 0.4803763 3.129303 0.2775712 0.1717009 3.263549 0.3844626 -0.02296638 3.03182 -0.0328672 0.01849529 3.022118 -0.1351093 -0.4104362 3.062203 -0.2018099 -0.837794 3.031178 0.1477781 0.03424226 3.116069 0.2040818 -0.3942496 3.020346 0.3047847 -0.8055581 2.948761 
0.01446222 0.692376 3.057185 0.02460728 0.4688873 3.063549 0.03403116 0.2478313 3.061343 -0.1164599 0.4636909 2.981639 -0.1180522 0.4688644 2.710666 0.01427208 0.6924109 2.5984 0.1656745 0.4740837 3.14546 0.2737 0.1574605 3.265373 0.3795253 -0.02806436 3.028811 -0.04472252 0.02352713 3.007936 -0.1504934 -0.4031481 3.060364 -0.2113288 -0.8306836 3.02435 0.1316326 0.03002335 3.110336 0.1928316 -0.3961594 3.007186 0.2952348 -0.8041186 2.940559 
0.01210927 0.6916308 3.056999 0.02208314 0.4712425 3.06204 0.03136147 0.2501041 3.061425 -0.1119968 0.4658732 2.96984 -0.06958815 0.4314692 2.708328 0.09625331 0.6218151 2.582967 0.1561631 0.4766118 3.15424 0.2742915 0.1661869 3.288176 0.3811778 -0.02820622 3.051355 -0.0434352 0.02559891 3.002996 -0.1472486 -0.4008789 3.06085 -0.2040397 -0.8308011 3.021596 0.1247148 0.03233255 3.118624 0.1926531 -0.3939685 3.020455 0.2982004 -0.803706 2.952459 
0.01036042 0.6873397 3.04418 0.02212766 0.4680779 3.056937 0.03709666 0.2475011 3.063508 -0.1018915 0.4565651 2.952983 -0.02664404 0.3753071 2.712909 0.1713119 0.5178298 2.577527 0.1461468 0.4795907 3.160892 0.2742961 0.1689871 3.295851 0.3804825 -0.02842464 3.054518 -0.02578749 0.01969707 3.00482 -0.1323145 -0.4057215 3.065683 -0.1881928 -0.8388193 3.029443 0.1299188 0.03415141 3.135335 0.202306 -0.3885576 3.025978 0.3090607 -0.8002014 2.965961 
0.009223834 0.6808497 3.036435 0.02206595 0.4628759 3.050621 0.03789219 0.2424011 3.061888 -0.09276094 0.4487749 2.935986 0.02100556 0.2981074 2.722002 0.2441956 0.355324 2.563908 0.1368929 0.4769769 3.165255 0.2064022 0.2045647 3.234488 0.2882899 -0.006909851 3.054471 -0.01793308 0.01312727 3.001624 -0.150566 -0.4055921 3.055469 -0.2010446 -0.8375944 3.030529 0.1253699 0.03072521 3.144687 0.1900521 -0.3865007 3.012588 0.302281 -0.8080937 2.949266 
0.01005196 0.6815367 3.033629 0.02234137 0.4619916 3.051118 0.03763948 0.2416437 3.065533 -0.09131345 0.4465151 2.935165 0.02449397 0.2535608 2.728982 0.2539929 0.2522534 2.567353 0.1359962 0.4774681 3.167071 0.2108563 0.2203445 3.250762 0.3326264 -0.05474237 3.020445 -0.01805401 0.01162874 3.007522 -0.1537035 -0.4059113 3.064064 -0.2018773 -0.8332968 3.03697 0.1239292 0.03096275 3.152375 0.1935833 -0.3841977 3.015832 0.2988802 -0.7971901 2.959943 
0.01178796 0.6851399 3.044744 0.02359663 0.4632635 3.055988 0.03812177 0.2426225 3.065554 -0.09113593 0.450708 2.940602 0.003744026 0.2122894 2.748988 0.2162582 0.1516629 2.568674 0.1383292 0.4758189 3.171374 0.2017538 0.201854 3.240321 0.2876669 -0.0228428 3.07919 -0.01907686 0.01413269 3.002987 -0.1558978 -0.4041211 3.050741 -0.2008668 -0.8303851 3.028024 0.1243707 0.02983051 3.147252 0.1943143 -0.3858435 3.011992 0.3035985 -0.8013532 2.941502 
0.008728754 0.6826377 3.037768 0.02076873 0.4618209 3.051748 0.03589773 0.2411601 3.060877 -0.103653 0.4489927 2.947873 -0.05114767 0.1811664 2.754961 0.1406292 0.07586418 2.561388 0.1451905 0.4746491 3.155624 0.1968814 0.1951134 3.210588 0.2758384 -0.04150937 3.063589 -0.02709586 0.01244469 3.004785 -0.1602277 -0.4061839 3.059381 -0.2079242 -0.8331272 3.033551 0.1291493 0.02855394 3.135229 0.2017275 -0.3904459 3.012649 0.3103715 -0.8038901 2.930296 
0.007359172 0.6839181 3.035297 0.01904507 0.4624871 3.050116 0.03470326 0.2418021 3.058166 -0.1118375 0.4497096 2.95441 -0.1120972 0.1596072 2.774445 0.01949774 0.02240164 2.548856 0.1499276 0.4752645 3.145822 0.191843 0.1921423 3.189617 0.2641415 -0.05427455 3.055883 -0.03148191 0.01312704 3.006368 -0.1534749 -0.4087019 3.061754 -0.206132 -0.8325514 3.035216 0.1322048 0.02910709 3.126062 0.2009128 -0.3918697 3.007763 0.3066877 -0.7942334 2.93429 
0.008724595 0.6810601 3.0341 0.01941914 0.4619623 3.049994 0.03457813 0.2412138 3.057569 -0.1192214 0.4495729 2.966395 -0.1695539 0.1753056 2.878219 -0.1028793 0.05564418 2.63034 0.1580597 0.4743516 3.133592 0.191928 0.1889253 3.16849 0.257933 -0.06551352 3.047092 -0.03713397 0.01270219 3.012762 -0.1537341 -0.4095188 3.07625 -0.2088088 -0.8355033 3.041355 0.1366082 0.02822838 3.117526 0.2057656 -0.3962035 3.013206 0.3080733 -0.8023035 2.932579 
0.008205106 0.6851161 3.032936 0.01671953 0.4650919 3.048041 0.03054465 0.244197 3.053888 -0.1293447 0.4540653 2.976828 -0.2654082 0.1935847 2.994055 -0.2432659 0.1205203 2.722241 0.1627838 0.4761186 3.119254 0.1847445 0.1882664 3.141435 0.2393846 -0.07807791 3.041894 -0.04690623 0.01641144 3.015234 -0.1503327 -0.4079521 3.086503 -0.2089157 -0.8330696 3.030476 0.1356457 0.0301926 3.104235 0.2032936 -0.3948267 3.00049 0.3062765 -0.8025602 2.938437 
0.01074953 0.6841029 3.032377 0.01819299 0.4644659 3.048961 0.03020186 0.2434766 3.055105 -0.1265774 0.4545299 2.974546 -0.2907043 0.2313003 2.993009 -0.3093473 0.1606382 2.72702 0.1629633 0.474402 3.123376 0.1806071 0.1859427 3.141071 0.2301916 -0.08475992 3.051101 -0.04823286 0.01627992 3.014759 -0.1436274 -0.4119056 3.071791 -0.2080924 -0.833751 3.025645 0.1326543 0.02869478 3.107739 0.2002895 -0.3954759 3.00037 0.3030299 -0.7980623 2.955592 
0.01332883 0.6820757 3.032131 0.02054784 0.463148 3.04895 0.03201168 0.2420998 3.053998 -0.1274848 0.4539239 2.981222 -0.3088752 0.2681611 2.956014 -0.3896351 0.2316264 2.702104 0.1685805 0.4723721 3.116678 0.182742 0.1835243 3.1308 0.2276787 -0.09072528 3.049554 -0.04913886 0.01528064 3.016674 -0.1428019 -0.4134028 3.074542 -0.2057209 -0.8362985 3.032032 0.1360899 0.02682251 3.10142 0.2078746 -0.3972833 2.996458 0.3118774 -0.8066636 2.937707 
0.01600754 0.6834041 3.033687 0.02223008 0.4651328 3.04949 0.03327886 0.2440402 3.05368 -0.1286692 0.4564235 2.987844 -0.3504786 0.3072932 2.890028 -0.4774503 0.3812033 2.653667 0.1731294 0.4738422 3.111135 0.2046634 0.2805341 3.139533 0.2909747 -0.09891941 3.019069 -0.04999674 0.01750342 3.019336 -0.139066 -0.4123248 3.076756 -0.2067949 -0.8328547 3.027076 0.138652 0.02839154 3.096403 0.2116942 -0.3961704 2.994346 0.3059951 -0.8004323 2.945994 
0.01824003 0.6846226 3.032763 0.02303231 0.4668218 3.049373 0.0334573 0.2457083 3.054052 -0.1261614 0.4583969 2.983659 -0.3602438 0.3436529 2.865002 -0.4665101 0.4785824 2.643547 0.172226 0.4752467 3.115087 0.2209217 0.2877791 3.155287 0.3331587 -0.07923447 3.03658 -0.04944002 0.01932484 3.017627 -0.1380475 -0.4112235 3.070482 -0.2082346 -0.834833 3.024318 0.1372046 0.02986455 3.099836 0.2106639 -0.3961949 3.00456 0.3041933 -0.799382 2.948144 
