0.07217921 0.6985281 3.054781 0.06891226 0.4805174 3.054047 0.06805149 0.2593025 3.046919 -0.07913939 0.4833041 2.985435 -0.2861921 0.4875683 2.796263 -0.3106948 0.7084455 2.639772 0.2169639 0.4777308 3.122658 0.2780506 0.1561157 3.166678 0.3494694 0.02755986 2.896143 -0.02539088 0.03983022 2.996886 -0.1059512 -0.3885562 3.074078 -0.2143742 -0.8378665 3.023101 0.1597723 0.03634505 3.082696 0.2063958 -0.3956432 2.998456 0.3021435 -0.8067932 2.943985 
0.07596819 0.6983182 3.055295 0.07315921 0.4805207 3.05486 0.07175996 0.2592643 3.047884 -0.07120274 0.4838233 2.979066 -0.2195995 0.5042908 2.75262 -0.1914903 0.7461896 2.620478 0.2175212 0.477218 3.130654 0.2680221 0.156551 3.167324 0.3559368 0.02915984 2.897235 -0.02000741 0.04007535 2.993462 -0.09410504 -0.3901976 3.066546 -0.2012972 -0.8386799 3.02613 0.1607289 0.03594058 3.088353 0.2166918 -0.3960458 3.010112 0.3112894 -0.8054237 2.943363 
0.07479972 0.6784614 3.075567 0.07789931 0.463493 3.065333 0.08179253 0.242754 3.051332 -0.0644635 0.4660359 2.985653 -0.1502171 0.4920568 2.726896 -0.06800552 0.7257694 2.597247 0.2202621 0.46095 3.145013 0.2666106 0.1628589 3.180723 0.3606678 0.03632609 2.909253 -0.003321889 0.02360501 2.987514 -0.08060854 -0.4054045 3.064833 -0.1897317 -0.8564269 3.024302 0.1746934 0.0204252 3.087148 0.2296365 -0.4118876 3.009266 0.3232145 -0.8195309 2.933202 
0.07708263 0.6676182 3.082901 0.08075246 0.4538627 3.069216 0.08490383 0.2331742 3.053238 -0.06075085 0.4570908 2.987865 -0.08709335 0.4615219 2.718448 0.04486223 0.6720462 2.589777 0.2222558 0.4506346 3.150567 0.2658113 0.1614338 3.192879 0.3646634 0.02408952 2.929322 0.0005890575 0.01450388 2.9864 -0.09958736 -0.4078021 3.070401 -0.2023168 -0.8476321 3.029988 0.1775213 0.01046756 3.088119 0.2218579 -0.4210843 3.000765 0.3107899 -0.8104075 2.942051 
0.07478661 0.6790425 3.069358 0.08622715 0.4424016 3.08389 0.08797612 0.2222061 3.062181 -0.04952466 0.4501725 2.99413 -0.01534271 0.4296844 2.70862 0.1702715 0.5941301 2.583135 0.221979 0.4346307 3.173649 0.2545767 0.1608083 3.207401 0.368395 0.01719417 2.951285 0.004639353 0.006881195 2.984213 -0.1129126 -0.409522 3.074634 -0.2035453 -0.8458911 3.027365 0.1748108 -0.002860016 3.096731 0.2189305 -0.433168 3.002877 0.303731 -0.8115473 2.952134 
0.06493624 0.6821519 3.050318 0.07388794 0.4557002 3.06577 0.08115485 0.235318 3.062161 -0.05255625 0.4531919 2.964323 0.03668248 0.3927048 2.715822 0.2602342 0.496072 2.591381 0.2003321 0.4582086 3.167217 0.2494267 0.1555753 3.218154 0.3686155 0.01008368 2.963945 0.008317152 0.01334663 2.994284 -0.1264753 -0.3968381 3.08897 -0.2034904 -0.8287185 3.041272 0.1685264 0.01652483 3.122821 0.2196586 -0.4182656 3.013817 0.3002361 -0.7834119 2.965705 
0.0565773 0.683397 3.041611 0.06326319 0.4591306 3.058329 0.07192287 0.2385705 3.063553 -0.0609231 0.4517738 2.953583 0.05976794 0.3404194 2.731897 0.3044903 0.3899902 2.607985 0.1874495 0.4664874 3.163074 0.2409332 0.1577815 3.24004 0.3718231 -0.007154999 3.005045 0.002665014 0.01339458 3.003057 -0.1435914 -0.3966653 3.078558 -0.2087573 -0.8342953 3.042781 0.1585001 0.02262627 3.134497 0.2060245 -0.4023389 3.006129 0.2973653 -0.793988 2.958151 
0.05026578 0.6884375 3.048216 0.05601095 0.4620436 3.060583 0.06488547 0.2411926 3.06622 -0.06912875 0.4543567 2.956429 0.05637084 0.2882032 2.746954 0.3124873 0.2842955 2.631598 0.1811506 0.4697305 3.164737 0.233492 0.1519992 3.269783 0.3623031 -0.02271519 3.0396 -0.004609481 0.01552765 3.006629 -0.1533788 -0.3969239 3.061059 -0.2084347 -0.8299966 3.040727 0.1521295 0.02515561 3.137084 0.1939749 -0.3951181 2.998608 0.2996403 -0.7950525 2.948616 
0.03639374 0.6881837 3.051928 0.04541105 0.4639525 3.063828 0.05853438 0.2432227 3.070226 -0.08452488 0.4533927 2.966043 0.0256954 0.233636 2.769374 0.2840103 0.1769913 2.671196 0.175347 0.4745124 3.161613 0.2972651 0.143445 3.311219 0.350242 -0.02597371 3.060637 -0.00977279 0.01587514 3.015342 -0.1622669 -0.3957697 3.069492 -0.2072214 -0.8322185 3.045329 0.1530882 0.02911076 3.137906 0.1908741 -0.3914427 3.001855 0.3049464 -0.7923328 2.944312 
0.02186435 0.6858231 3.041269 0.03340016 0.4648026 3.063175 0.049435 0.2448667 3.079014 -0.1028098 0.4485829 2.975847 -0.01974273 0.1846699 2.796998 0.2171609 0.08834756 2.680409 0.1696101 0.4810222 3.150504 0.2889223 0.1643992 3.311058 0.3365048 -0.03868273 3.054947 -0.01998458 0.01475514 3.040066 -0.177497 -0.3951407 3.094951 -0.2123704 -0.8333837 3.05906 0.1509242 0.0351067 3.14964 0.1834807 -0.3877947 3.021385 0.3004232 -0.7886583 2.958658 
0.01027759 0.6892854 3.048853 0.02723889 0.4681067 3.068482 0.05043959 0.2486374 3.082393 -0.1136265 0.4482167 2.989614 -0.0879565 0.162444 2.819301 0.1084953 0.02574213 2.674507 0.1681043 0.4879969 3.14735 0.2844294 0.174062 3.295804 0.330411 -0.04709763 3.050249 -0.01447963 0.01672548 3.046966 -0.1668688 -0.3970031 3.077922 -0.1970618 -0.8308011 3.042542 0.1617602 0.04161043 3.14564 0.1903437 -0.3777245 3.006304 0.3124177 -0.7847123 2.948228 
0.006057768 0.6937252 3.040837 0.02387012 0.4730551 3.067078 0.04782029 0.2539186 3.085603 -0.1200307 0.4511504 2.994005 -0.1518678 0.1571758 2.837612 -0.02302301 -0.004677856 2.652131 0.1677709 0.4949598 3.140151 0.3162475 0.2273106 3.332357 0.3057473 0.0008000031 3.105667 -0.01814305 0.02109537 3.058469 -0.1763121 -0.391064 3.086502 -0.204784 -0.8274101 3.046621 0.161684 0.04846874 3.149786 0.1734861 -0.3749627 3.022478 0.3046687 -0.7913268 2.950885 
0.002575003 0.6966517 3.048329 0.02074487 0.4760607 3.07132 0.04579591 0.2567013 3.086157 -0.1260061 0.4547245 3.003651 -0.2155054 0.1671314 2.868274 -0.1587967 0.01610623 2.650534 0.1674959 0.4973969 3.138989 0.3440979 0.230962 3.368525 0.2349095 0.09095021 3.137534 -0.0208823 0.0240054 3.058697 -0.1666027 -0.393176 3.077102 -0.2057775 -0.8315019 3.031842 0.1625762 0.05067854 3.143292 0.1696571 -0.3731889 3.016284 0.3065582 -0.7983715 2.937354 
0.004296395 0.6929297 3.052629 0.02223976 0.4730733 3.071167 0.04612989 0.2532962 3.080919 -0.1284447 0.4540821 3.012309 -0.2634011 0.1996415 2.905644 -0.2858858 0.07392354 2.675425 0.1729243 0.4920645 3.130025 0.3579669 0.2214718 3.370983 0.1911532 0.1538565 3.142525 -0.02431072 0.02163031 3.053824 -0.1583317 -0.3996311 3.07038 -0.206862 -0.8355388 3.02745 0.1643507 0.04540788 3.127516 0.1698821 -0.3775111 2.996894 0.3056608 -0.8030877 2.928668 
0.008901091 0.6931053 3.054299 0.0242078 0.4728281 3.070666 0.0453978 0.2526651 3.078714 -0.1291436 0.4561472 3.018107 -0.2987319 0.2308279 2.90887 -0.4024456 0.1605247 2.683405 0.1775592 0.4895091 3.123225 0.3624049 0.2109774 3.372102 0.1726772 0.1889381 3.139903 -0.02929091 0.0220728 3.0539 -0.1548303 -0.4018317 3.072771 -0.209654 -0.8325837 3.030634 0.1624665 0.04293143 3.119623 0.1792681 -0.3819411 2.997029 0.3003148 -0.7974131 2.936855 
0.01796852 0.692609 3.055602 0.02975899 0.4726286 3.069838 0.04811987 0.2521317 3.075875 -0.124771 0.4583842 3.01956 -0.3223756 0.2659208 2.893456 -0.4748094 0.2714052 2.68493 0.184289 0.4868729 3.120116 0.3649439 0.2060156 3.372479 0.1704139 0.200359 3.132293 -0.03008646 0.02273351 3.050492 -0.1446973 -0.4041263 3.072203 -0.2050127 -0.8333372 3.030335 0.163048 0.04053631 3.11333 0.1918343 -0.3845659 2.993886 0.3056298 -0.8023773 2.936499 
0.03217028 0.694519 3.056664 0.03891747 0.4730195 3.068005 0.05226027 0.2521441 3.070568 -0.1145506 0.4631171 3.013586 -0.3286319 0.3129459 2.87115 -0.4783773 0.3952572 2.676887 0.1923855 0.4829219 3.122424 0.3699223 0.2063748 3.372551 0.1729561 0.2066353 3.128323 -0.03039279 0.02507457 3.039091 -0.134519 -0.4043813 3.062757 -0.207831 -0.8331469 3.018967 0.1615989 0.03746271 3.107171 0.1973686 -0.3866332 2.98568 0.302013 -0.8020753 2.938191 
