0.02390777 0.6843705 3.031622 0.01899062 0.4649924 3.044932 0.02045694 0.2436538 3.049699 -0.1320175 0.4626531 2.982775 -0.3735722 0.4293668 2.82185 -0.4394399 0.607388 2.627862 0.1699987 0.4673316 3.107089 0.1706983 0.1777935 3.107626 0.1822956 -0.1112779 3.09595 -0.07251375 0.02085231 3.015595 -0.1516407 -0.4115585 3.068131 -0.202528 -0.83828 3.025153 0.1163603 0.02377815 3.093338 0.185572 -0.4042709 3.003723 0.3061885 -0.8061138 2.936784 
0.02282349 0.6890769 3.032543 0.01900889 0.4689316 3.045316 0.01937634 0.247542 3.047277 -0.1288147 0.4680734 2.976141 -0.3258467 0.4908256 2.779198 -0.3318971 0.7304867 2.634725 0.1668325 0.4697897 3.114491 0.1672804 0.1802508 3.114836 0.1766798 -0.1089815 3.10538 -0.07279582 0.0256152 3.005933 -0.1513148 -0.4067292 3.060508 -0.207494 -0.833277 3.019 0.1122834 0.02668961 3.092543 0.1826485 -0.3985396 2.991339 0.2988598 -0.7982314 2.942903 
0.02707823 0.6843356 3.032687 0.0215617 0.4656058 3.044426 0.0207785 0.24421 3.045729 -0.1246845 0.4656962 2.971897 -0.2844112 0.5184126 2.755083 -0.2454198 0.7671477 2.638176 0.1678079 0.4655155 3.116956 0.1681664 0.1759764 3.117231 0.176628 -0.1133143 3.108722 -0.0714675 0.02287076 3.001672 -0.1485111 -0.4084645 3.065026 -0.2068 -0.8352887 3.019497 0.1114581 0.02275772 3.092393 0.1840274 -0.4034567 2.99706 0.3040632 -0.8049095 2.939285 
0.02749681 0.6782906 3.031757 0.02234532 0.4602906 3.045065 0.02058585 0.2389094 3.047479 -0.1221241 0.4606096 2.969029 -0.2262152 0.5257186 2.732024 -0.1448287 0.775692 2.642781 0.1668147 0.4599716 3.121101 0.1671016 0.1704325 3.121321 0.1747187 -0.1189055 3.113664 -0.07153569 0.01772768 3.002335 -0.1522541 -0.4130654 3.065059 -0.2070861 -0.8394141 3.026076 0.1091884 0.01732869 3.097452 0.1811703 -0.4107816 3.010761 0.3041091 -0.8079175 2.941266 
0.03659799 0.6798956 3.054766 0.02719847 0.4623688 3.055466 0.02050634 0.2414627 3.048031 -0.1158749 0.4693318 2.977352 -0.1644852 0.5108238 2.713393 -0.044272 0.7432171 2.618568 0.1702718 0.4554057 3.133579 0.222562 0.009234619 3.199148 0.2611884 -0.2855825 3.090844 -0.07573727 0.02491489 2.991704 -0.1631386 -0.402456 3.066396 -0.208199 -0.8294397 3.015587 0.1033657 0.01619833 3.089489 0.1757871 -0.4113451 3.00011 0.2998785 -0.8018821 2.925156 
0.02712206 0.6846359 3.055826 0.02136119 0.4675916 3.056031 0.01689791 0.2464916 3.048867 -0.1201805 0.4730764 2.974936 -0.1127467 0.469903 2.708218 0.05035536 0.6745793 2.613806 0.1629029 0.4621067 3.137126 0.1897773 0.17576 3.17054 0.2220035 -0.09771277 3.081057 -0.07606992 0.0288212 2.990995 -0.1663377 -0.3955695 3.077922 -0.2034391 -0.8319247 3.024848 0.1009392 0.02196198 3.092411 0.1768472 -0.4052713 3.004341 0.3028775 -0.7930923 2.9381 
0.01698896 0.681392 3.043921 0.01269917 0.4651539 3.047761 0.01047076 0.2439284 3.046785 -0.120006 0.4669044 2.953971 -0.0576498 0.4240955 2.70518 0.1435696 0.5794767 2.59549 0.1454044 0.4634033 3.141551 0.1670211 0.1759087 3.168246 0.1963527 -0.100593 3.087502 -0.07512964 0.0238027 2.986885 -0.1713099 -0.4007343 3.066801 -0.2035448 -0.8384411 3.02018 0.09161435 0.02160321 3.104732 0.1653256 -0.404691 3.010566 0.2932705 -0.7987782 2.951354 
0.009592862 0.6746938 3.035217 0.009914168 0.457895 3.04315 0.01236617 0.2367078 3.049354 -0.1065842 0.4534309 2.930038 0.01086131 0.3533352 2.703948 0.2530755 0.437838 2.585792 0.1264125 0.4623591 3.156262 0.1403479 0.1736577 3.173306 0.1645404 -0.1073048 3.107671 -0.05791196 0.01273373 2.984942 -0.1693917 -0.4078849 3.066044 -0.1913635 -0.8385894 3.03613 0.08754831 0.01830768 3.126174 0.1715351 -0.401319 3.013212 0.3076969 -0.8006697 2.945375 
0.008490485 0.6727673 3.034055 0.00891235 0.4540137 3.040524 0.01065383 0.2327682 3.047056 -0.1052459 0.4496884 2.924453 0.03142503 0.3016734 2.709968 0.2777853 0.3405785 2.578634 0.1230706 0.458339 3.156594 0.1342458 0.169336 3.170215 0.1561784 -0.1132494 3.111074 -0.05882934 0.008824081 2.98117 -0.1842032 -0.4084817 3.05815 -0.2030854 -0.836272 3.027272 0.08361996 0.01422127 3.126005 0.1615924 -0.4015575 2.996673 0.2945432 -0.7950805 2.942537 
0.01079095 0.669567 3.033443 0.008445825 0.4500272 3.038787 0.008064929 0.2287084 3.042892 -0.1080776 0.4481117 2.924731 0.02419402 0.2493389 2.723508 0.2794421 0.2427869 2.593841 0.1249692 0.4519425 3.152843 0.1339261 0.1627465 3.163729 0.1537912 -0.1211559 3.110456 -0.06511285 0.006193146 2.975743 -0.1881949 -0.4101817 3.06143 -0.2077537 -0.8328038 3.022223 0.08048091 0.008586365 3.118253 0.1598938 -0.4077827 2.990935 0.299488 -0.8006397 2.929491 
0.01122408 0.672985 3.044156 0.007918423 0.4509186 3.045358 0.006715838 0.2295744 3.045524 -0.1118171 0.4514861 2.934565 -0.00744828 0.2066926 2.74626 0.243908 0.1575977 2.59903 0.1276539 0.4503511 3.156152 0.1348298 0.1610314 3.164855 0.1528079 -0.123939 3.116878 -0.06935389 0.008585007 2.976413 -0.1850519 -0.4075649 3.072569 -0.2069562 -0.8286957 3.028468 0.0803804 0.00787529 3.114965 0.1643106 -0.4100409 2.995805 0.3037324 -0.7967131 2.931313 
0.01417041 0.6758265 3.049515 0.009333353 0.4536383 3.049442 0.007694311 0.2323171 3.04614 -0.1153849 0.4561286 2.944431 -0.06329603 0.1828853 2.755634 0.157356 0.07992874 2.576171 0.1340516 0.4511479 3.154454 0.1709176 0.04732773 3.230092 0.235196 -0.2385913 3.106924 -0.07199454 0.01255444 2.977121 -0.182551 -0.4043655 3.076474 -0.2064528 -0.8275601 3.029568 0.08410507 0.0094375 3.108555 0.1738 -0.4081178 2.992119 0.306205 -0.7934521 2.934897 
0.01064023 0.6808734 3.052617 0.00823014 0.458395 3.052285 0.008625682 0.2370878 3.047249 -0.1225424 0.4603715 2.955157 -0.1322006 0.181502 2.788254 0.01741444 0.04598235 2.568067 0.1390027 0.4564185 3.149414 0.1818407 0.109419 3.250501 0.2764158 -0.1488845 3.10208 -0.07285602 0.01701802 2.9814 -0.1747775 -0.4031908 3.075914 -0.2062318 -0.8267757 3.031147 0.09089849 0.01454301 3.103025 0.178416 -0.4057517 2.995176 0.3121591 -0.7939268 2.93266 
0.009327389 0.6822938 3.054693 0.007897008 0.4609599 3.053924 0.009473423 0.2396706 3.047719 -0.128998 0.4624532 2.965885 -0.1941348 0.1842922 2.805579 -0.1152815 0.04086521 2.559661 0.144792 0.4594665 3.141964 0.1874691 0.1311555 3.260693 0.3072495 -0.110248 3.097121 -0.07465604 0.01931624 2.986395 -0.1694184 -0.4042668 3.072791 -0.2079866 -0.8292837 3.031947 0.09675572 0.01744637 3.096633 0.179516 -0.4074087 3.005251 0.3091514 -0.7956508 2.930806 
0.007225233 0.6823712 3.043257 0.006384667 0.4615892 3.050433 0.008170221 0.2402715 3.049801 -0.1362673 0.4606615 2.972311 -0.2533501 0.2105285 2.834236 -0.2372727 0.07426978 2.574277 0.1490367 0.4625168 3.128556 0.191424 0.1391772 3.260243 0.3275093 -0.08713354 3.08545 -0.07934441 0.01837315 3.000264 -0.1643397 -0.4068752 3.088681 -0.2112735 -0.8337082 3.039357 0.09925595 0.01953459 3.098073 0.175101 -0.4085273 3.01581 0.3032206 -0.791715 2.938602 
0.01123946 0.6866365 3.049602 0.006847947 0.4649804 3.053138 0.007268539 0.2436677 3.049466 -0.1404264 0.4658467 2.984038 -0.2977574 0.2478074 2.853637 -0.3502049 0.1461299 2.594162 0.1541223 0.4641141 3.122237 0.2013861 0.1411093 3.260579 0.3426118 -0.07023322 3.072865 -0.08441485 0.02289679 3.002581 -0.1606619 -0.4055191 3.0831 -0.2145769 -0.8284339 3.026039 0.09979312 0.02181329 3.089009 0.1779249 -0.4053305 3.003273 0.297718 -0.7855486 2.93057 
0.01166112 0.690329 3.052738 0.00762364 0.4687109 3.054654 0.007560738 0.2474147 3.049008 -0.14285 0.4703417 2.992411 -0.3404187 0.2924292 2.856817 -0.4333595 0.2497282 2.59682 0.1580973 0.4670801 3.116897 0.221756 0.1131739 3.267234 0.3497953 -0.0670721 3.075083 -0.08653188 0.02713762 3.004466 -0.1534439 -0.4041105 3.077714 -0.2112166 -0.8287085 3.028211 0.1015275 0.02509944 3.082256 0.1790583 -0.4028249 2.999425 0.3008572 -0.790154 2.935007 
0.01647773 0.6893738 3.056075 0.01263809 0.4690734 3.055474 0.01336598 0.247846 3.047081 -0.1410957 0.4706407 3.000827 -0.3793815 0.3513704 2.861711 -0.4813966 0.4144198 2.614638 0.1663719 0.4675061 3.11012 0.2534042 0.1394376 3.211204 0.3654681 -0.01935132 2.98419 -0.08197191 0.02759804 3.004539 -0.1416662 -0.404564 3.07981 -0.2027368 -0.8357319 3.026511 0.1101597 0.02563924 3.072835 0.1850995 -0.4041955 2.997643 0.3090522 -0.7982144 2.939468 
0.02133291 0.6902922 3.056466 0.01619088 0.4702049 3.055705 0.01542037 0.248959 3.047629 -0.1380815 0.4726896 3.002351 -0.3791806 0.3856895 2.856871 -0.4627007 0.5119689 2.625726 0.1704633 0.4677203 3.109059 0.2497198 0.1387137 3.197593 0.3657727 -0.01828337 2.963483 -0.08179755 0.02926634 3.006198 -0.1442521 -0.4032421 3.077291 -0.20633 -0.8343124 3.030478 0.1110972 0.02615971 3.072909 0.185298 -0.4046511 3.002687 0.3056432 -0.8020454 2.939129 
