0.02440985 0.7027557 3.064582 0.02730368 0.4848596 3.059729 0.03488962 0.2639375 3.049103 -0.1249237 0.4824736 3.000664 -0.3725932 0.3992828 2.843167 -0.4715938 0.5196933 2.618247 0.179531 0.4872458 3.118795 0.3224909 0.2113621 3.262803 0.4623117 0.008368057 3.057748 -0.05271402 0.04152329 3.001542 -0.1228283 -0.3854973 3.092292 -0.2132631 -0.8400788 3.027079 0.1376651 0.04450741 3.07541 0.1965412 -0.3900345 3.016073 0.3031614 -0.8066544 2.943168 
0.02688099 0.6994846 3.061206 0.02830932 0.4801768 3.058163 0.03445923 0.259121 3.048483 -0.1230071 0.4786564 2.996747 -0.3477985 0.4376517 2.811067 -0.4064932 0.6246173 2.618665 0.1796257 0.4816972 3.119579 0.3147401 0.217171 3.263391 0.4532779 0.006073853 3.065343 -0.05403777 0.03711426 3.000387 -0.1232923 -0.3926319 3.07887 -0.2110867 -0.8416493 3.021226 0.135256 0.03901624 3.077218 0.2017907 -0.3944034 3.017101 0.3017344 -0.803289 2.942308 
0.02698372 0.6970924 3.058524 0.02890241 0.4768458 3.057665 0.03496249 0.2556753 3.050564 -0.120253 0.4748884 2.991336 -0.298439 0.4748533 2.775025 -0.3042983 0.7029551 2.626032 0.1780578 0.4788032 3.123993 0.3228258 0.1945552 3.255197 0.4535803 -0.00748674 3.044279 -0.05231396 0.03328001 3.001956 -0.1257701 -0.3957668 3.081762 -0.2066636 -0.8414484 3.026266 0.1343591 0.03572977 3.084969 0.2047155 -0.3965678 3.020707 0.302188 -0.8011917 2.948021 
0.02359793 0.6922896 3.058014 0.02718471 0.4730895 3.058815 0.0334602 0.2518464 3.053595 -0.1181967 0.470717 2.984575 -0.2116254 0.5029742 2.732749 -0.1297495 0.7529882 2.627167 0.1725662 0.4754619 3.133054 0.3261846 0.1806258 3.262303 0.4566684 -0.01745903 3.047378 -0.0511834 0.02911972 3.001947 -0.1319775 -0.3997779 3.076265 -0.2083907 -0.8383659 3.028674 0.1306548 0.03208713 3.094805 0.2004196 -0.3971447 3.012161 0.3030874 -0.803602 2.95136 
0.01548644 0.6940213 3.072097 0.02632233 0.4761127 3.067474 0.03887664 0.2554279 3.057575 -0.1146078 0.4717694 2.985571 -0.1567041 0.4828425 2.714076 -0.03604954 0.7196141 2.614161 0.1672525 0.480456 3.149377 0.3247246 0.1769543 3.268296 0.4477134 -0.02359462 3.047982 -0.03683213 0.03202298 2.99638 -0.1209243 -0.3966905 3.06825 -0.1912701 -0.8334098 3.019529 0.139694 0.03746335 3.09897 0.2127439 -0.3912887 3.016266 0.3140564 -0.7977478 2.948195 
0.0146477 0.6906256 3.064118 0.03031689 0.4740762 3.067156 0.04792478 0.2536477 3.065276 -0.1046557 0.4640657 2.976716 -0.09708088 0.4460052 2.705147 0.06826182 0.643019 2.593698 0.1652895 0.4840866 3.157596 0.3135902 0.1813588 3.273338 0.4356684 -0.02084013 3.060273 -0.01904161 0.02694655 3.006727 -0.1218766 -0.3967373 3.081525 -0.1877659 -0.8398243 3.039172 0.1501069 0.03949173 3.120066 0.2143559 -0.3898443 3.03347 0.3139263 -0.7999391 2.969989 
0.0119529 0.690677 3.058642 0.02828964 0.4730607 3.064668 0.04706453 0.2525988 3.068824 -0.09300663 0.460701 2.956993 -0.02216988 0.3838219 2.710045 0.1892504 0.5139931 2.589357 0.1495859 0.4854204 3.172342 0.2942933 0.1872487 3.286807 0.4214281 -0.02116226 3.073577 -0.01001484 0.02440756 3.005644 -0.1410048 -0.3930233 3.070398 -0.2061169 -0.833639 3.026799 0.1416937 0.03986612 3.140315 0.185472 -0.3841999 3.022814 0.2974038 -0.805873 2.948522 
0.009716926 0.6902429 3.058167 0.02769048 0.4718277 3.062304 0.04664029 0.251316 3.065962 -0.08957797 0.4598849 2.949874 0.01741845 0.3354038 2.723533 0.2449584 0.4274901 2.584847 0.1449589 0.4837705 3.174733 0.2931622 0.1861322 3.3004 0.4244896 -0.03259194 3.101685 -0.007660252 0.02334445 2.999393 -0.1418195 -0.3929186 3.06688 -0.2016277 -0.8338233 3.021353 0.1388405 0.03826433 3.139848 0.1938058 -0.3852561 3.024506 0.3045029 -0.812527 2.934459 
0.01126539 0.6871989 3.04504 0.02613454 0.4680249 3.05578 0.04264623 0.2476471 3.066535 -0.08856907 0.4538169 2.940739 0.03765156 0.2832527 2.72871 0.2806364 0.3213288 2.582349 0.1408382 0.4822329 3.170822 0.3109857 0.1810019 3.326196 0.4223788 -0.02799182 3.122339 -0.01251376 0.01839162 3.005406 -0.1525434 -0.3939582 3.083834 -0.2072635 -0.8363283 3.032908 0.1308296 0.03614713 3.149171 0.1878337 -0.3877812 3.035494 0.2990671 -0.8080851 2.947188 
0.01193526 0.6877495 3.050505 0.02707566 0.4662717 3.060599 0.0437649 0.2458455 3.071666 -0.08639061 0.4518353 2.944176 0.02433067 0.2326248 2.744347 0.267581 0.207862 2.599686 0.1405419 0.4807082 3.177023 0.3343974 0.1667593 3.34782 0.411174 -0.02534285 3.124158 -0.01046342 0.01639639 3.009968 -0.1479632 -0.3980603 3.082166 -0.2015398 -0.8326359 3.030051 0.1313717 0.0344422 3.155499 0.1942031 -0.3858737 3.032068 0.3051193 -0.8032225 2.946778 
0.01227522 0.6892567 3.0536 0.03046608 0.4683607 3.066807 0.05108524 0.2484669 3.081009 -0.08754271 0.4501203 2.955717 -0.01277246 0.1893206 2.766088 0.2059053 0.1088807 2.597028 0.1484749 0.4866011 3.177896 0.3415401 0.147422 3.351615 0.4004506 -0.02696838 3.111801 -0.002165806 0.01715511 3.025672 -0.1407086 -0.3981912 3.090742 -0.1939705 -0.8300588 3.046466 0.1455746 0.03999104 3.16475 0.205344 -0.3800469 3.038459 0.32197 -0.7997113 2.941959 
0.007190168 0.6850449 3.054679 0.03021441 0.4681223 3.068013 0.05651838 0.2486251 3.079318 -0.0976116 0.4476988 2.968894 -0.09450287 0.1513903 2.79193 0.06126375 0.01019481 2.570602 0.1580404 0.4885459 3.167131 0.3182726 0.1328492 3.362112 0.3896765 -0.02282323 3.113056 0.002888369 0.01635628 3.028641 -0.1469708 -0.3979539 3.070055 -0.2014002 -0.8331124 3.035359 0.1627563 0.04189941 3.152606 0.1949576 -0.3808766 3.02623 0.3171162 -0.8038456 2.926793 
0.006627892 0.6855314 3.055235 0.03105174 0.4688444 3.06862 0.05888045 0.2494842 3.079342 -0.1001656 0.4475784 2.974115 -0.1367649 0.1522101 2.807438 -0.005087433 0.00511232 2.570274 0.1622691 0.4901105 3.163124 0.3121273 0.1564035 3.34703 0.3988625 -0.03197411 3.123701 0.004660112 0.01682658 3.030971 -0.1439155 -0.3980322 3.073102 -0.2024653 -0.8333223 3.035419 0.1687582 0.04342151 3.149157 0.1966141 -0.3819753 3.030421 0.3148709 -0.8020483 2.930615 
0.00589971 0.689274 3.068676 0.02498464 0.4701757 3.071401 0.04712022 0.2501981 3.071943 -0.1111362 0.4562607 2.98305 -0.2050323 0.2106165 2.861908 -0.06972418 0.07240697 2.646448 0.1611055 0.4840906 3.159752 0.3072888 0.1725927 3.336233 0.3915046 -0.01515955 3.100362 -0.01586952 0.02151863 3.017233 -0.1621907 -0.3943082 3.057297 -0.2248739 -0.8279398 3.01769 0.1543811 0.03892247 3.127736 0.1801048 -0.3827145 2.998253 0.2932552 -0.8019369 2.922967 
0.004966039 0.6932486 3.059639 0.01961 0.4729176 3.066368 0.03694462 0.252284 3.066957 -0.1255834 0.4613154 2.993466 -0.2757171 0.2378841 2.851289 -0.3121389 0.1327157 2.609361 0.1648034 0.4845198 3.13927 0.2940713 0.175686 3.296154 0.4077279 -0.01843486 3.061827 -0.03649074 0.024397 3.02197 -0.1492411 -0.4007493 3.068002 -0.210944 -0.8313888 3.036524 0.1450492 0.03890361 3.113122 0.1921013 -0.3868547 3.003955 0.3017696 -0.7994369 2.94047 
0.006934628 0.6908935 3.04505 0.02035591 0.4705949 3.058491 0.03738712 0.2499602 3.063165 -0.1288931 0.4577051 2.993875 -0.3351138 0.2761867 2.860559 -0.433003 0.2601028 2.607108 0.169605 0.4834848 3.123106 0.2933159 0.1727146 3.274801 0.4098331 -0.01870581 3.040286 -0.03887988 0.02126787 3.027447 -0.1410157 -0.4067605 3.07513 -0.2069267 -0.8370312 3.033861 0.1477166 0.03738322 3.108232 0.2022446 -0.3921289 3.017241 0.3040665 -0.8031769 2.946497 
0.00650645 0.6930501 3.038455 0.01889813 0.4727727 3.055839 0.03552295 0.2521768 3.063536 -0.1317854 0.4592796 2.994591 -0.36252 0.3135711 2.85278 -0.4694985 0.3638538 2.608916 0.1695817 0.4862657 3.117087 0.2926895 0.1733842 3.262403 0.4093208 -0.01773521 3.030303 -0.04206676 0.02314446 3.032938 -0.1425309 -0.4062009 3.071477 -0.2095166 -0.8304803 3.033988 0.1463623 0.0400175 3.109528 0.2033887 -0.3892356 3.017894 0.3011469 -0.8021115 2.940547 
0.008771093 0.6921806 3.047162 0.01905037 0.4733012 3.05835 0.03551582 0.2526007 3.061438 -0.1311997 0.4612139 2.995596 -0.3727307 0.3657738 2.836382 -0.4703059 0.4791517 2.607421 0.1693005 0.4853885 3.121104 0.2918601 0.1677062 3.256722 0.409367 -0.01920332 3.013857 -0.04196705 0.02434222 3.025286 -0.137381 -0.4059837 3.066368 -0.208086 -0.8314973 3.018099 0.1459296 0.03945814 3.103763 0.2038573 -0.3907109 3.016719 0.3037702 -0.8119204 2.926857 
