0.04519669 0.6941792 3.057496 0.04656753 0.4768386 3.056689 0.05076326 0.2555329 3.051772 -0.09990937 0.4756638 2.984565 -0.3076761 0.4129154 2.833331 -0.3026519 0.6788867 2.684568 0.1930444 0.4780134 3.128813 0.1943974 0.1884966 3.132174 0.2253989 -0.09641608 3.090982 -0.0366938 0.03349199 3.001727 -0.1111575 -0.3978649 3.068302 -0.2025084 -0.8380194 3.024112 0.1466118 0.03496223 3.091985 0.2096297 -0.3943488 3.00427 0.31304 -0.8064903 2.949038 
0.04595105 0.6966785 3.056639 0.04698268 0.4782115 3.058373 0.05021781 0.2568593 3.055472 -0.09600732 0.4771511 2.979807 -0.2583814 0.439994 2.785641 -0.2158873 0.7138563 2.670092 0.1899727 0.4792719 3.136939 0.1910603 0.1897469 3.139626 0.2188328 -0.09604251 3.102394 -0.03605676 0.03484339 3.003391 -0.1223222 -0.3932402 3.07545 -0.2082081 -0.8365885 3.029842 0.1429626 0.03617096 3.101753 0.2017343 -0.3952208 3.021761 0.3070793 -0.8066328 2.949318 
0.05342929 0.6912736 3.054713 0.05291342 0.4735131 3.058945 0.0537964 0.2521335 3.057241 -0.08854337 0.4735757 2.977507 -0.1936984 0.4520144 2.744796 -0.1037027 0.7138401 2.639522 0.1943702 0.4734505 3.140383 0.1952436 0.1839203 3.142531 0.2201316 -0.1025801 3.108898 -0.03376872 0.03079314 3.004616 -0.1263815 -0.3962274 3.075507 -0.2051415 -0.8389969 3.031309 0.1431275 0.03071489 3.106457 0.2061172 -0.3973108 3.013449 0.3051245 -0.800899 2.953033 
0.04275792 0.6936939 3.043342 0.04521863 0.4758273 3.05545 0.0497073 0.2547314 3.061649 -0.09284575 0.4705943 2.968792 -0.1224731 0.4440736 2.723411 0.00745491 0.6859699 2.615263 0.183283 0.4810604 3.142107 0.1839838 0.1915269 3.143825 0.2062941 -0.09555005 3.113457 -0.03223795 0.03035934 3.013598 -0.1302236 -0.3972881 3.07136 -0.2046068 -0.834396 3.041589 0.1406299 0.03691154 3.1221 0.2041268 -0.3917321 3.03163 0.30542 -0.796536 2.956292 
0.04180562 0.6907492 3.049589 0.04472565 0.4749894 3.055378 0.04953341 0.2537659 3.058417 -0.08460928 0.4708268 2.956979 -0.05459264 0.4184464 2.706731 0.1221294 0.6224465 2.595002 0.1740606 0.4791522 3.153776 0.1746226 0.1896165 3.15515 0.1946284 -0.09792767 3.12774 -0.02682377 0.02993002 2.999706 -0.1293658 -0.398075 3.045392 -0.2010724 -0.8363674 3.01876 0.1355061 0.03515468 3.123207 0.1952932 -0.3945523 3.034999 0.3070591 -0.8096611 2.929455 
0.04425202 0.6875342 3.039623 0.0442357 0.4713419 3.050742 0.04772906 0.2503707 3.060956 -0.07037351 0.4642773 2.937109 0.007728744 0.3865199 2.697747 0.2291619 0.5356069 2.584892 0.1588449 0.4784065 3.164375 0.1592954 0.1888695 3.165473 0.17724 -0.09905329 3.140743 -0.02092013 0.02495262 2.999643 -0.1333449 -0.3978503 3.063548 -0.2007062 -0.8405141 3.03307 0.123365 0.03384648 3.142699 0.1847233 -0.3957122 3.054605 0.2980343 -0.8061975 2.95182 
0.04222168 0.6839334 3.047378 0.04538449 0.466441 3.053316 0.04974397 0.245301 3.060529 -0.06147696 0.4603653 2.931623 0.04192952 0.3526883 2.704444 0.2860855 0.4615917 2.587516 0.1522459 0.4725168 3.175008 0.1526069 0.1829789 3.175887 0.1687073 -0.1052507 3.153581 -0.01252772 0.02037245 2.991863 -0.1335308 -0.4012211 3.049211 -0.195777 -0.8371668 3.028551 0.1207346 0.0279493 3.14362 0.1931562 -0.3955126 3.038477 0.3047479 -0.8049994 2.93705 
0.04305345 0.6829398 3.052558 0.04935827 0.4647218 3.055482 0.05611207 0.2435168 3.060909 -0.05714954 0.4584462 2.932227 0.06696927 0.2696658 2.738618 0.3449956 0.2790378 2.622915 0.1558661 0.4709974 3.178738 0.1560978 0.1814586 3.1793 0.1690685 -0.1072213 3.161167 -0.003623329 0.01839406 2.989391 -0.1458092 -0.39391 3.063506 -0.1986194 -0.8352004 3.039893 0.1293551 0.02622932 3.14328 0.2019848 -0.3945911 3.027049 0.3133079 -0.8027316 2.934529 
0.04409768 0.686363 3.065363 0.05080192 0.4652084 3.061145 0.05782683 0.2440016 3.059848 -0.05810187 0.4624625 2.93958 0.04921712 0.2111995 2.761662 0.3265558 0.1446748 2.644235 0.1597057 0.4679542 3.182709 0.1598544 0.178415 3.183069 0.1703134 -0.1105603 3.168339 -0.003252408 0.02107764 2.982529 -0.1476879 -0.3929104 3.043026 -0.2028387 -0.8277478 3.032347 0.1329559 0.02451187 3.134572 0.1966643 -0.3974482 3.016821 0.3117914 -0.8025702 2.925458 
0.03985218 0.6838901 3.05752 0.04563856 0.4646757 3.056718 0.05289307 0.2434076 3.056355 -0.07210102 0.4610005 2.94382 -0.004186432 0.171544 2.780417 0.2552146 0.05316139 2.643928 0.1633781 0.4683509 3.169616 0.1802589 0.1398475 3.232505 0.2714902 -0.1102082 3.117933 -0.01350267 0.01984048 2.985371 -0.1557172 -0.3930716 3.057832 -0.2080877 -0.8338884 3.040114 0.1337978 0.02443838 3.126615 0.1965398 -0.3986488 3.012218 0.3033496 -0.7950171 2.936983 
0.03936343 0.6857416 3.044647 0.04380484 0.4662722 3.051494 0.04993732 0.2450465 3.055672 -0.08057341 0.4608394 2.946385 -0.06293404 0.1636813 2.781226 0.1622796 0.01074414 2.617726 0.1681831 0.4717051 3.156603 0.1958832 0.1274084 3.237282 0.3068237 -0.1004801 3.096073 -0.02184176 0.0204176 2.994008 -0.1575361 -0.3946989 3.066471 -0.2082529 -0.8318862 3.048402 0.1339813 0.02722397 3.125691 0.1963935 -0.396834 3.014663 0.3059388 -0.7916922 2.941343 
0.0365526 0.6893166 3.037728 0.04149897 0.4691588 3.049638 0.0483577 0.2479914 3.056105 -0.08884636 0.4622689 2.952257 -0.1243894 0.1628139 2.786078 0.01181539 -0.0112679 2.575355 0.1718443 0.4760488 3.147018 0.2086262 0.1161942 3.243142 0.3258799 -0.07903548 3.086844 -0.0263599 0.0225119 3.001627 -0.1511061 -0.3971502 3.066108 -0.2082184 -0.8337055 3.043371 0.1367928 0.03113608 3.123518 0.1964141 -0.3921879 3.00825 0.3081446 -0.7907668 2.94203 
0.0360042 0.6884146 3.026828 0.037418 0.4670551 3.044487 0.04370582 0.2460969 3.055711 -0.10113 0.4587703 2.959002 -0.2164984 0.1846544 2.813501 -0.1855741 0.01886278 2.556694 0.175966 0.4753399 3.129972 0.2264054 0.1316295 3.234153 0.3488025 -0.0411443 3.054505 -0.0365437 0.01996397 3.01354 -0.149319 -0.4052634 3.061105 -0.2085204 -0.8333808 3.02927 0.136531 0.03031343 3.120328 0.1974298 -0.3928741 3.00538 0.3027897 -0.7964256 2.93822 
0.03868188 0.6920576 3.029846 0.03921891 0.4708554 3.046396 0.04528414 0.249811 3.056754 -0.1028908 0.4632283 2.966843 -0.258766 0.2203358 2.851251 -0.2740424 0.08193543 2.582848 0.1813286 0.4784825 3.12595 0.2381517 0.1346795 3.218385 0.3657711 -0.01523273 3.014342 -0.03752712 0.02399654 3.017358 -0.1440547 -0.4022194 3.070866 -0.2056382 -0.8314725 3.03436 0.1402259 0.03353667 3.116865 0.2059348 -0.3897229 3.004821 0.3074839 -0.7935859 2.942114 
0.04077704 0.6922673 3.030842 0.04129365 0.4709363 3.047007 0.04773327 0.2498138 3.055609 -0.1042782 0.4638542 2.973933 -0.2939215 0.2701944 2.880113 -0.3695309 0.1620706 2.620314 0.1868656 0.4780185 3.12008 0.2365347 0.1328095 3.211191 0.3615674 -0.006280045 2.996176 -0.0368881 0.02426099 3.018501 -0.1378096 -0.4031621 3.073913 -0.2052163 -0.8359842 3.031374 0.1452339 0.03312134 3.109921 0.2074046 -0.3913016 3.000205 0.3129669 -0.8048221 2.933872 
0.04414096 0.6981205 3.049861 0.04473847 0.4776685 3.053468 0.05067806 0.2564302 3.051779 -0.1039942 0.4741878 2.986324 -0.3495414 0.320345 2.880272 -0.4803273 0.2984093 2.618567 0.1934712 0.481149 3.120611 0.2575563 0.1454006 3.205582 0.3623045 0.0002019806 2.977778 -0.03635389 0.03301633 3.008119 -0.1293935 -0.3951657 3.071303 -0.2045652 -0.832347 3.029562 0.1495892 0.03736775 3.092061 0.2116127 -0.3907042 2.997797 0.30455 -0.797441 2.941851 
0.04597861 0.6947535 3.040355 0.04558153 0.4742762 3.048714 0.05058962 0.2529855 3.049739 -0.1041183 0.4705865 2.983626 -0.3537506 0.3596576 2.867139 -0.4825529 0.4091607 2.612115 0.1952813 0.4779658 3.113801 0.2533005 0.1542156 3.197787 0.3607599 0.003245987 2.971426 -0.03801177 0.0293877 3.010065 -0.1281655 -0.3988194 3.077348 -0.2044925 -0.84037 3.033227 0.1492072 0.03400211 3.091465 0.208333 -0.3960298 3.004598 0.3037488 -0.8018248 2.945229 
