0.03753158 0.6943508 3.057732 0.04427444 0.4726972 3.066208 0.05582574 0.2516761 3.065666 -0.1076342 0.4649026 3.007175 -0.3112623 0.3679503 2.84054 -0.4212005 0.5340464 2.679254 0.196183 0.4804917 3.125241 0.3737341 0.2136587 3.383883 0.1779701 0.2111042 3.135719 -0.02762853 0.02578017 3.028204 -0.1267355 -0.401749 3.079101 -0.2050871 -0.8355551 3.019336 0.1623826 0.03552977 3.102043 0.2024561 -0.3881839 2.980234 0.3055066 -0.8009211 2.939135 
0.04627287 0.6998624 3.070244 0.05057847 0.4800613 3.069814 0.05916457 0.2591535 3.061769 -0.09944903 0.4765587 3.005872 -0.264982 0.422912 2.812174 -0.3289173 0.6313679 2.663365 0.200606 0.4835639 3.133756 0.3711571 0.2228523 3.380021 0.1752214 0.208283 3.131165 -0.02611851 0.03605428 3.013716 -0.1211082 -0.3911649 3.076531 -0.2044435 -0.8253733 3.01415 0.1616198 0.04043727 3.09373 0.2040769 -0.3846298 2.977488 0.303531 -0.7955741 2.933843 
0.05150642 0.6973988 3.075602 0.05926489 0.4785125 3.073277 0.0703807 0.2576727 3.064314 -0.08746134 0.4740076 3.002299 -0.2029708 0.4569224 2.777655 -0.2059719 0.6980857 2.671968 0.2059911 0.4830173 3.144254 0.3748876 0.2265339 3.390839 0.1807649 0.2004175 3.140876 -0.01032361 0.03401389 3.010934 -0.1020981 -0.3926744 3.083087 -0.1933239 -0.8404152 3.024036 0.1733166 0.03965207 3.099768 0.2187333 -0.3867259 2.989599 0.3157349 -0.798988 2.950206 
0.07558488 0.694479 3.07848 0.0741734 0.4759636 3.077009 0.07558215 0.254985 3.068669 -0.0688763 0.477991 2.999122 -0.1405326 0.4750521 2.750154 -0.07455736 0.7186666 2.665704 0.2172231 0.4739362 3.154897 0.3101648 0.2513955 3.315117 0.1465876 0.1861512 3.085294 -0.01258003 0.03527588 3.01156 -0.1192726 -0.3892877 3.074331 -0.2088639 -0.8374459 3.029967 0.1665618 0.03273692 3.109099 0.2016755 -0.3942576 2.997829 0.2962713 -0.8049943 2.949864 
0.0585104 0.7027776 3.067217 0.07197259 0.4588472 3.0803 0.07613786 0.2384365 3.063398 -0.06912064 0.4624436 2.998628 -0.08113959 0.4624435 2.740588 0.05416198 0.6697182 2.647363 0.2130658 0.4552509 3.161973 0.282327 0.2095844 3.298662 0.1326514 0.1078432 3.072655 -0.007860273 0.02027298 2.995463 -0.120735 -0.403552 3.053855 -0.200167 -0.8533089 3.012819 0.1684665 0.01577853 3.097531 0.2082403 -0.4082175 2.976932 0.3050209 -0.8130591 2.927437 
0.05360414 0.6964737 3.062087 0.06552295 0.4669702 3.072693 0.0728123 0.2461853 3.06503 -0.07271369 0.4654059 2.986264 -0.02917901 0.4422953 2.742785 0.1654848 0.5996974 2.645651 0.2037596 0.4685346 3.159122 0.2554342 0.207487 3.273214 0.1195116 0.07417548 3.055072 -0.006651041 0.02441855 3.003127 -0.1332243 -0.3922046 3.079206 -0.2037017 -0.8310679 3.037149 0.1668543 0.02638202 3.111607 0.2074162 -0.4021953 2.999665 0.3039931 -0.7896975 2.950139 
0.0463413 0.6875507 3.059477 0.0568963 0.4679578 3.064395 0.06809549 0.2469941 3.064934 -0.06637263 0.461452 2.958545 0.04147485 0.3641537 2.749551 0.2949715 0.4273583 2.647271 0.1801652 0.4744637 3.170245 0.2093661 0.1967743 3.246854 0.09901368 0.01379532 3.051472 0.002111046 0.02195674 2.999195 -0.1403344 -0.3919059 3.06371 -0.1978101 -0.8365533 3.03597 0.1564783 0.0301039 3.13175 0.1980069 -0.3932163 3.007589 0.3051248 -0.8034684 2.949601 
0.04688336 0.6850395 3.057621 0.05242882 0.4649277 3.058127 0.0590238 0.2436895 3.059784 -0.06767088 0.4605214 2.947816 0.06586494 0.3003076 2.761625 0.3345784 0.2894264 2.640321 0.1725285 0.4693339 3.168437 0.1894804 0.1846786 3.218608 0.1010187 -0.03315395 3.049622 -0.009438748 0.01969756 2.992501 -0.1593491 -0.3930735 3.047994 -0.2083727 -0.8330961 3.036986 0.1406763 0.025205 3.13038 0.1918578 -0.3929933 2.99423 0.2971455 -0.8032314 2.940609 
0.04707268 0.687319 3.057233 0.04941192 0.4656886 3.058505 0.05183776 0.2443337 3.058958 -0.07115914 0.4641421 2.948392 0.05098685 0.2465958 2.763182 0.3177887 0.1726831 2.649422 0.169983 0.4672352 3.168618 0.180086 0.1797013 3.201104 0.1096198 -0.06200662 3.05812 -0.02114161 0.02201161 2.990545 -0.1689485 -0.3918392 3.044576 -0.2093622 -0.8283035 3.039155 0.1296688 0.02394606 3.128275 0.1919448 -0.3917437 2.989177 0.2929115 -0.7947422 2.946383 
0.04687602 0.6835319 3.056682 0.04548477 0.4621431 3.058273 0.04468892 0.2407799 3.057884 -0.0795932 0.4627769 2.953497 0.03497295 0.1997742 2.767667 0.2943284 0.100804 2.650624 0.1705627 0.4615093 3.163049 0.1784281 0.1732543 3.189131 0.1156058 -0.07730925 3.058349 -0.03441127 0.01981338 2.9919 -0.1776502 -0.3955964 3.046309 -0.2111609 -0.8344922 3.04017 0.1221974 0.01901984 3.123089 0.1926405 -0.3964229 2.987345 0.2975278 -0.8031971 2.942408 
0.04184199 0.6808863 3.044807 0.03928394 0.4594693 3.053025 0.03806077 0.2380965 3.054454 -0.09171854 0.4595671 2.956087 -0.01895438 0.1763493 2.79184 0.1870432 0.03571561 2.652336 0.1702864 0.4593714 3.149963 0.1764384 0.1706544 3.170884 0.1204466 -0.08716147 3.051601 -0.04520876 0.01678497 2.995172 -0.1731717 -0.4034979 3.048057 -0.2093029 -0.8341889 3.043553 0.118884 0.01666242 3.116596 0.1964709 -0.4003719 2.990271 0.301777 -0.798978 2.937291 
0.03464125 0.6836163 3.034847 0.03034698 0.4606467 3.047949 0.02883539 0.2392547 3.049633 -0.1076947 0.4609281 2.961059 -0.1049834 0.1398335 2.82121 0.02822814 -0.04088542 2.643842 0.1683886 0.4603653 3.13484 0.1721955 0.1711628 3.148276 0.1277153 -0.09741486 3.049686 -0.05895684 0.01803864 2.997008 -0.1650095 -0.4073572 3.055889 -0.2053804 -0.8310578 3.035632 0.1136044 0.01768686 3.105627 0.1947399 -0.4008202 2.986113 0.3030452 -0.7950657 2.940516 
0.02916857 0.6876019 3.032827 0.02635447 0.4648319 3.047841 0.02548993 0.2434775 3.051928 -0.1162764 0.4639333 2.969004 -0.1589193 0.1403799 2.840076 -0.0889758 -0.0495237 2.636955 0.1689854 0.4657304 3.126678 0.1719935 0.1764067 3.137439 0.1323355 -0.0961102 3.048029 -0.06467161 0.02156062 3.006657 -0.1624913 -0.4046091 3.074136 -0.2075912 -0.8310053 3.044851 0.1139224 0.02268575 3.105372 0.1986591 -0.3969195 2.992466 0.304484 -0.7904449 2.947165 
0.02881253 0.6909653 3.044323 0.02725628 0.4687269 3.053878 0.02697569 0.247361 3.053967 -0.1200733 0.4688857 2.984567 -0.2135826 0.1857809 2.924507 -0.2052685 0.01987375 2.709724 0.1745859 0.4685681 3.123189 0.1769684 0.1791667 3.131806 0.1415971 -0.09655584 3.050822 -0.06554997 0.02609457 3.010659 -0.1511312 -0.4027858 3.07773 -0.2044924 -0.8277515 3.038554 0.1189402 0.02589569 3.097452 0.204494 -0.3914931 2.97723 0.3066417 -0.7914882 2.94388 
0.0304 0.694436 3.050056 0.02991737 0.4725945 3.056025 0.03069343 0.2512449 3.053272 -0.1212426 0.4728164 2.995551 -0.2513714 0.2359559 2.947712 -0.3144279 0.07606642 2.744456 0.1810773 0.4723726 3.116498 0.1829679 0.1829215 3.123396 0.1514067 -0.09540753 3.050122 -0.06309181 0.03003415 3.012689 -0.1397298 -0.4012907 3.075189 -0.2042604 -0.8306459 3.036289 0.1260308 0.0297565 3.08835 0.209828 -0.3898356 2.974731 0.3085761 -0.7920454 2.940842 
0.03520955 0.7008354 3.05343 0.03483656 0.4784676 3.056631 0.0368985 0.2571669 3.051399 -0.1186491 0.4783326 3.001842 -0.302732 0.2655164 2.949829 -0.4281567 0.1525271 2.745227 0.1883222 0.4786025 3.111419 0.1898249 0.1891197 3.116941 0.1616504 -0.091327 3.050698 -0.05695291 0.03578197 3.011929 -0.1269275 -0.3975815 3.068233 -0.2010957 -0.8290033 3.028408 0.1348738 0.03595061 3.080404 0.2129369 -0.3858646 2.971026 0.312631 -0.7957997 2.933046 
0.03799567 0.700264 3.055625 0.03821466 0.4785098 3.057705 0.04095743 0.2572514 3.050766 -0.1177166 0.4780641 3.010281 -0.3469059 0.3057902 2.933894 -0.5192541 0.2528535 2.733831 0.1941459 0.4789556 3.105129 0.1953419 0.1894523 3.109548 0.1701786 -0.09271387 3.049704 -0.05383173 0.03571419 3.014163 -0.1168051 -0.3975068 3.079072 -0.2048481 -0.8364183 3.029373 0.1412321 0.03627174 3.073489 0.2135402 -0.3883608 2.971494 0.3111995 -0.7996997 2.93957 
0.04073761 0.702439 3.055743 0.04186466 0.4807156 3.056432 0.04567845 0.2595164 3.048055 -0.1145986 0.4797707 3.010143 -0.3799683 0.3513957 2.905462 -0.5562929 0.3859965 2.70143 0.1983279 0.4816605 3.102721 0.1992807 0.1921442 3.106258 0.1767957 -0.09141763 3.052225 -0.04826863 0.03772675 3.010756 -0.108015 -0.3963636 3.073664 -0.2029202 -0.832142 3.022658 0.1472531 0.03890747 3.068601 0.2199346 -0.3880339 2.977288 0.3105225 -0.8018945 2.939888 
0.04609578 0.6994934 3.055789 0.0467517 0.4779841 3.056156 0.04967351 0.2567573 3.047915 -0.1096164 0.4776676 3.009204 -0.3834567 0.4082142 2.87671 -0.5357431 0.5242455 2.675195 0.2031198 0.4783006 3.103107 0.2038796 0.188776 3.105937 0.183778 -0.09591809 3.057177 -0.04516016 0.03533269 3.010323 -0.1010346 -0.3981065 3.080778 -0.2165142 -0.8469687 3.009131 0.1503508 0.03572838 3.069028 0.221374 -0.393302 2.986566 0.3072553 -0.8054448 2.947271 
0.0515153 0.698023 3.055817 0.0520461 0.4768547 3.056826 0.05449513 0.255616 3.048602 -0.1037925 0.4769438 3.008016 -0.358222 0.4471097 2.854842 -0.4532717 0.6329384 2.672085 0.2078846 0.4767657 3.105636 0.208491 0.1872358 3.1079 0.1905114 -0.09837671 3.063915 -0.04051445 0.03443286 3.009854 -0.09632012 -0.3989295 3.081314 -0.2196834 -0.8501772 3.000309 0.1544028 0.03432153 3.070904 0.2253413 -0.3934897 2.981995 0.3076036 -0.8010498 2.948312 
