0.04808506 0.6932033 3.035089 0.04759497 0.4736755 3.046006 0.0518109 0.2523659 3.049026 -0.1011807 0.4699235 2.978771 -0.3408836 0.400339 2.83805 -0.4509191 0.525836 2.605457 0.1963706 0.4774275 3.11324 0.2506355 0.161596 3.197388 0.3623525 0.00544928 2.978257 -0.03702132 0.02870976 3.009997 -0.1218966 -0.4006923 3.076596 -0.2034493 -0.8380582 3.030075 0.149075 0.03340294 3.094097 0.2129095 -0.3958303 3.006393 0.3039131 -0.8023196 2.953544 
0.04899576 0.6947482 3.032454 0.04836092 0.4752713 3.044602 0.05178681 0.2539604 3.049159 -0.09822012 0.4715238 2.972817 -0.3279628 0.4326881 2.802508 -0.4081026 0.619485 2.599049 0.194942 0.4790187 3.116386 0.2522932 0.1567773 3.202184 0.3623353 0.008161483 2.973245 -0.03650493 0.0303048 3.0088 -0.117324 -0.3992371 3.079433 -0.2066906 -0.8360874 3.027882 0.1469304 0.03499443 3.098633 0.2112388 -0.3925377 3.003387 0.3018882 -0.8002748 2.958008 
0.05199153 0.6927193 3.032241 0.05036656 0.4740307 3.045842 0.05311555 0.2527161 3.051458 -0.08821049 0.4701308 2.959992 -0.2480065 0.4961841 2.743869 -0.2474411 0.7407786 2.592105 0.1889436 0.4779306 3.131692 0.250829 0.1545701 3.224976 0.3664105 0.01256165 2.979351 -0.03081018 0.02896219 3.003378 -0.1092922 -0.402346 3.065361 -0.203298 -0.83915 3.028555 0.1425393 0.03384064 3.11077 0.2105852 -0.3899194 3.002537 0.3029123 -0.8063381 2.951275 
0.05786723 0.6926826 3.03269 0.0562809 0.4743178 3.049091 0.05851263 0.2531084 3.057857 -0.07415638 0.4691298 2.951375 -0.1885579 0.5073302 2.716959 -0.1064626 0.755923 2.600558 0.1867182 0.4795059 3.146807 0.2457778 0.161573 3.239935 0.3672065 0.005409637 2.998678 -0.02082385 0.02865468 3.005516 -0.1077787 -0.4010709 3.067097 -0.1980359 -0.8379959 3.039339 0.1423126 0.03514331 3.127729 0.2103273 -0.3891568 3.021099 0.3082063 -0.8043911 2.95031 
0.073875 0.6575955 3.060452 0.06994958 0.4419882 3.065961 0.06779212 0.2208164 3.067183 -0.05812691 0.4426799 2.965064 -0.1167249 0.4965368 2.698864 0.02368902 0.7164766 2.587674 0.1980261 0.4412965 3.166859 0.2339778 0.1630807 3.262411 0.363483 0.005289566 3.024497 -0.01382883 7.385254E-05 3.005805 -0.1218494 -0.4248906 3.064924 -0.2039763 -0.8644494 3.031017 0.1450981 -0.0007844238 3.131006 0.2024429 -0.4141766 3.011105 0.3054538 -0.8312374 2.939714 
0.0842795 0.6372636 3.079218 0.08110208 0.4228722 3.078969 0.07864703 0.2016339 3.076406 -0.03920851 0.4254765 2.969358 -0.0897245 0.4616946 2.707422 0.07238653 0.6217166 2.611261 0.2014127 0.420268 3.188579 0.2233794 0.1597975 3.264929 0.3660392 -0.0009586487 3.036873 0.001090906 -0.0179789 3.005423 -0.1158129 -0.4403205 3.067028 -0.188214 -0.8544546 3.034346 0.1512931 -0.02123018 3.142266 0.213906 -0.43659 3.016506 0.3157253 -0.8214327 2.946104 
0.06783461 0.6638623 3.067573 0.07387609 0.406988 3.084407 0.07184906 0.1861946 3.072304 -0.04775568 0.4140399 2.976124 -0.05886394 0.4148752 2.729153 0.1310044 0.5250736 2.619065 0.1955079 0.399936 3.19269 0.2142902 0.1616946 3.277493 0.3666101 0.0006408386 3.055737 -0.006030886 -0.03020097 2.992673 -0.1488281 -0.4419758 3.06431 -0.2089923 -0.847469 3.016007 0.1456749 -0.03899651 3.12773 0.208704 -0.4535494 2.992595 0.3006793 -0.8172116 2.924508 
0.05662299 0.677053 3.062907 0.06317422 0.4406552 3.074579 0.06589475 0.2196458 3.071112 -0.04806187 0.441142 2.956252 -0.01979307 0.3660303 2.724756 0.206591 0.4375291 2.616787 0.1744103 0.4401685 3.192906 0.2061386 0.1641194 3.295624 0.3663364 0.003471344 3.078957 -0.001666214 -0.001055985 2.992883 -0.1444969 -0.4225999 3.077193 -0.2016197 -0.8149017 3.025674 0.1388968 -0.001671127 3.142406 0.2146778 -0.4436188 3.011381 0.299942 -0.7845616 2.940268 
0.05091469 0.6793153 3.061451 0.05832686 0.4524379 3.06753 0.06485821 0.231355 3.066813 -0.04751597 0.4497114 2.94402 0.0190213 0.3080019 2.722483 0.2651262 0.3454079 2.607047 0.1641697 0.4551644 3.19104 0.204625 0.1661994 3.30299 0.364413 0.001322464 3.088951 0.004909831 0.008559478 2.98852 -0.140528 -0.4053252 3.078523 -0.1993313 -0.8283271 3.024815 0.1378693 0.0119845 3.143673 0.2056632 -0.416761 3.007731 0.3070185 -0.7953527 2.934224 
0.04720456 0.680947 3.046138 0.05304599 0.4586177 3.058246 0.06018891 0.2376784 3.065215 -0.05270367 0.451295 2.934476 0.02254163 0.257511 2.741209 0.2780858 0.2536894 2.612496 0.1587957 0.4659404 3.182016 0.1987039 0.1645376 3.313362 0.3669378 -0.000552948 3.106153 0.001060165 0.01215005 2.994618 -0.1468517 -0.4006952 3.070822 -0.2071745 -0.8333902 3.040167 0.1336035 0.0213281 3.149748 0.1926131 -0.4045618 3.021334 0.305754 -0.7976421 2.941401 
0.04502112 0.687288 3.046914 0.04950568 0.4642638 3.057035 0.05767881 0.2431957 3.063438 -0.06191197 0.4566978 2.93803 -0.006865662 0.1923866 2.76279 0.2307283 0.1119951 2.611239 0.1609233 0.4718297 3.176041 0.2023626 0.1650776 3.288575 0.3574561 -0.02080344 3.090249 -0.003858477 0.01739383 2.995382 -0.1410144 -0.4002271 3.051836 -0.2031016 -0.8301623 3.033844 0.1355623 0.02686136 3.144299 0.1917142 -0.3942046 3.014118 0.3099844 -0.7977376 2.93045 
0.04059119 0.686969 3.051788 0.04795135 0.4651811 3.060807 0.05882879 0.2441563 3.065179 -0.07107386 0.4571289 2.949873 -0.05800863 0.1737712 2.772302 0.1505834 0.0574691 2.600796 0.1669765 0.4732333 3.171739 0.2075905 0.1642656 3.294933 0.3656532 -0.01693092 3.094678 -0.004912019 0.01808337 3.000006 -0.139788 -0.3992167 3.062294 -0.2035554 -0.8337998 3.039274 0.1443245 0.02817938 3.139096 0.2007079 -0.3946369 3.017809 0.3169956 -0.8000619 2.930329 
0.03991326 0.6877612 3.053778 0.04768006 0.4667692 3.062444 0.05983533 0.2457642 3.066053 -0.07836217 0.4581608 2.959809 -0.1125257 0.1634182 2.786099 0.03982842 0.02876717 2.575846 0.1737223 0.4753776 3.165079 0.2126579 0.1629455 3.299147 0.3716444 -0.01396553 3.095875 -0.006929041 0.01936911 3.005399 -0.1390059 -0.3986706 3.068186 -0.2063554 -0.830911 3.03516 0.1509102 0.0301492 3.133926 0.199188 -0.3975644 3.03048 0.3209336 -0.808756 2.918332 
0.03984458 0.6863818 3.055887 0.04567611 0.4657109 3.063527 0.05584937 0.2445781 3.065604 -0.08745573 0.458711 2.970387 -0.1813042 0.1712056 2.807108 -0.08645281 0.03210103 2.563481 0.1788079 0.4727108 3.156667 0.2151716 0.1689031 3.290628 0.3720447 -0.004956238 3.083318 -0.01733281 0.01906256 3.009366 -0.1457276 -0.400824 3.066652 -0.2140371 -0.8333797 3.035401 0.1493781 0.02782797 3.125998 0.1962498 -0.4007456 3.02525 0.3091595 -0.8062038 2.924857 
0.03885835 0.6862489 3.055908 0.04397413 0.4657012 3.064355 0.05308772 0.2445021 3.065345 -0.09557195 0.4595798 2.981193 -0.2426778 0.2071082 2.847571 -0.2051164 0.08799563 2.576258 0.1835202 0.4718227 3.147518 0.2191057 0.169733 3.277253 0.3733881 -0.003475205 3.067355 -0.02512529 0.01947229 3.014292 -0.142513 -0.4039807 3.06759 -0.2115886 -0.8341279 3.037535 0.1495279 0.02713379 3.118376 0.1951053 -0.4003482 3.012495 0.3095807 -0.8086312 2.926729 
0.03994966 0.6874117 3.043907 0.04342155 0.4666912 3.059315 0.05106978 0.2455183 3.064274 -0.09937406 0.4600042 2.98131 -0.296254 0.2490011 2.885296 -0.3155698 0.1594791 2.602786 0.1862172 0.4733782 3.13732 0.2195352 0.17257 3.263048 0.3715063 0.0007994843 3.050219 -0.03044675 0.02016983 3.020525 -0.1396604 -0.4058317 3.070785 -0.2096715 -0.8325647 3.040488 0.1478827 0.02852081 3.117941 0.1939879 -0.3994657 3.01422 0.3095982 -0.8080846 2.933209 
0.03979125 0.6856985 3.035379 0.04187068 0.4656529 3.057023 0.04785582 0.244487 3.064976 -0.1048527 0.4591255 2.985925 -0.3392873 0.3072307 2.901837 -0.4347479 0.286978 2.630144 0.1885941 0.4721803 3.128121 0.2397091 0.1567078 3.230011 0.3595634 0.004954453 3.005116 -0.03785859 0.01924164 3.028495 -0.1363157 -0.4101052 3.072644 -0.2103194 -0.8354161 3.029955 0.1455405 0.0274007 3.117365 0.2000669 -0.4005843 3.017854 0.3056731 -0.8050106 2.934813 
0.0412317 0.6900539 3.045609 0.04235401 0.4692075 3.061007 0.04917694 0.2479853 3.06478 -0.1063918 0.4634787 2.9941 -0.3662025 0.3426564 2.881904 -0.4767898 0.3703906 2.621448 0.1910998 0.4749363 3.127913 0.2502929 0.1533077 3.205004 0.3556345 0.007015503 2.973188 -0.03702843 0.02318019 3.026708 -0.127918 -0.4076172 3.072831 -0.205049 -0.8313632 3.026771 0.1490282 0.03034596 3.110398 0.2084058 -0.3958378 3.006171 0.3091364 -0.7994725 2.932056 
0.04240578 0.6931595 3.050238 0.04302888 0.4721105 3.06228 0.0495539 0.2508376 3.064404 -0.1069055 0.4670709 2.997878 -0.3796159 0.3843376 2.865963 -0.4850981 0.4662704 2.618977 0.1929633 0.4771501 3.126683 0.249135 0.159643 3.206005 0.3576 0.01129674 2.974431 -0.03767615 0.02641341 3.026257 -0.1216222 -0.4047634 3.080638 -0.2060498 -0.833389 3.030319 0.149834 0.03271596 3.1068 0.2085096 -0.3959392 3.013265 0.3047132 -0.7978624 2.934438 
