0.06671877 0.7002877 3.064384 0.06071313 0.4792175 3.068783 0.05777747 0.2580388 3.063422 -0.09543055 0.4824264 3.021887 -0.356962 0.3912671 3.036653 -0.4373087 0.3897017 2.795621 0.2168568 0.4760086 3.115679 0.3000333 0.1391934 3.225797 0.3636311 -0.0250934 2.952233 -0.04279656 0.0388667 3.028737 -0.1104631 -0.3922429 3.101063 -0.2445703 -0.8563592 2.994208 0.1524802 0.03485358 3.087386 0.1969794 -0.3930582 2.983156 0.2972693 -0.8019027 2.938564 
0.07239407 0.6991923 3.058496 0.06406796 0.4783536 3.065507 0.0592296 0.2570764 3.061282 -0.09370131 0.4826007 3.023739 -0.3569846 0.4515603 2.924437 -0.4726399 0.5732245 2.713498 0.2218372 0.4741065 3.107275 0.3012719 0.1310531 3.190443 0.3614836 -0.02625592 2.917643 -0.04424164 0.03845438 3.030945 -0.108006 -0.3964548 3.080796 -0.2273348 -0.8492581 3.00923 0.1530241 0.03314406 3.083169 0.2031739 -0.3902535 2.964235 0.3050407 -0.8038511 2.943821 
0.07297712 0.6976215 3.058702 0.06658611 0.4767383 3.064433 0.06404406 0.2554202 3.059909 -0.09013643 0.4794713 3.01879 -0.3444913 0.5052696 2.865746 -0.4380383 0.6816818 2.676699 0.2233087 0.4740054 3.110076 0.3061365 0.1320351 3.183751 0.3663051 -0.02825586 2.914692 -0.03653432 0.03581163 3.026834 -0.1024715 -0.3992397 3.074462 -0.2124655 -0.8436282 3.012966 0.1595383 0.0323925 3.083937 0.2142789 -0.3916101 2.969057 0.3101845 -0.8049548 2.945977 
0.07488418 0.6974899 3.070873 0.07227997 0.4772458 3.071468 0.07378273 0.2560046 3.064774 -0.08193639 0.4778052 3.018357 -0.300202 0.5455729 2.824487 -0.3477875 0.7640185 2.662964 0.2264963 0.4766864 3.12458 0.3166223 0.128073 3.182959 0.3819765 -0.02901324 2.91144 -0.02126993 0.03511366 3.024826 -0.09664293 -0.3973978 3.080366 -0.2003527 -0.8401948 3.015494 0.1718409 0.03441315 3.091332 0.2239522 -0.3886342 2.971675 0.3161668 -0.7985747 2.95398 
0.07693677 0.6955921 3.063364 0.07501107 0.4759974 3.070025 0.07744481 0.2546852 3.067452 -0.078541 0.4749517 3.014718 -0.2576253 0.564804 2.80173 -0.2570175 0.7994424 2.656478 0.2285631 0.4770432 3.125332 0.3227759 0.1350199 3.198494 0.3868473 -0.02448505 2.923276 -0.01611062 0.03271916 3.030305 -0.1082842 -0.3967824 3.082176 -0.2077891 -0.8426761 3.030111 0.1758677 0.03402666 3.099453 0.2187793 -0.3877552 2.972313 0.308501 -0.7996445 2.954836 
0.07927977 0.6884017 3.058729 0.07986232 0.4705594 3.069178 0.0829991 0.2492001 3.069901 -0.07235383 0.4682093 3.010077 -0.1564128 0.5467029 2.756919 -0.0546922 0.7851251 2.660415 0.2320785 0.4729095 3.12828 0.3306767 0.1462519 3.222886 0.3956751 -0.0222097 2.94355 -0.009064686 0.02637103 3.03366 -0.1166343 -0.3982873 3.083047 -0.2099206 -0.8388892 3.018354 0.1813365 0.02931067 3.107588 0.225021 -0.3892132 2.97 0.3110706 -0.8070455 2.942154 
0.07984576 0.6875122 3.060265 0.08099072 0.4702208 3.070111 0.08385397 0.2488447 3.071097 -0.0714158 0.467988 3.011413 -0.1051959 0.5148613 2.751973 0.03941423 0.7351596 2.665132 0.2333972 0.4724536 3.128808 0.3268766 0.1411157 3.227384 0.4003935 -0.02283804 2.949371 -0.008599744 0.02607208 3.035372 -0.1273125 -0.3966973 3.08293 -0.213979 -0.8350791 3.017291 0.1820342 0.02886493 3.108793 0.2239465 -0.3892245 2.969205 0.305746 -0.8046069 2.942296 
0.07732627 0.6859391 3.059433 0.0777856 0.4690958 3.069464 0.07900067 0.2477014 3.071102 -0.07213169 0.4677943 3.004793 -0.04753755 0.4447176 2.752965 0.1549865 0.5982856 2.640416 0.2277029 0.4703974 3.134135 0.319973 0.156775 3.252836 0.4040239 -0.02032248 2.985323 -0.01360053 0.02549243 3.03227 -0.138034 -0.397746 3.065923 -0.2182008 -0.8337884 3.01619 0.174032 0.02712134 3.113211 0.2146156 -0.3894839 2.969426 0.2970452 -0.7990391 2.946613 
0.0731277 0.6826065 3.060653 0.07520913 0.4662997 3.067683 0.07719827 0.2449053 3.068475 -0.07086296 0.4647281 2.995171 -0.02124657 0.4033371 2.755504 0.1987333 0.4984834 2.62473 0.2212812 0.4678714 3.140195 0.3255081 0.168909 3.272939 0.3907815 -0.01013975 3.002183 -0.01229088 0.02252652 3.023855 -0.1351483 -0.4010998 3.060662 -0.2109249 -0.8373094 3.013289 0.1706657 0.02449506 3.114677 0.2100287 -0.3915283 2.968543 0.3037913 -0.8091487 2.945019 
0.07291043 0.6814657 3.060227 0.07456554 0.4637426 3.066975 0.07619403 0.2423455 3.068342 -0.06598782 0.4622011 2.984753 -0.007646198 0.3556849 2.765746 0.2215419 0.3864904 2.62385 0.2151189 0.465284 3.149197 0.3262386 0.1769368 3.28545 0.3774359 -0.005063324 3.015241 -0.01022927 0.01998282 3.018199 -0.1348974 -0.4018374 3.066956 -0.211164 -0.83873 3.015131 0.1658743 0.02191418 3.121218 0.2153011 -0.3940387 2.978157 0.301352 -0.8048275 2.95184 
0.06687213 0.6819402 3.060445 0.06799157 0.4621915 3.06535 0.069899 0.2407991 3.064789 -0.06640299 0.4612674 2.972972 -0.005138405 0.2881491 2.768454 0.2263042 0.2278806 2.6284 0.2023861 0.4631154 3.157727 0.3488401 0.1790054 3.290618 0.3740149 -0.01646961 3.021014 -0.01219975 0.0188293 3.006486 -0.1354163 -0.4022911 3.064999 -0.2096445 -0.8387424 3.020203 0.1558126 0.01998439 3.121971 0.2099501 -0.3932459 2.972577 0.3070822 -0.8010348 2.934164 
0.06241085 0.6869559 3.058125 0.06521109 0.4661315 3.066775 0.06954775 0.244826 3.069653 -0.07009158 0.4622944 2.975616 -0.02655236 0.2500665 2.778203 0.2004671 0.1554882 2.630035 0.2005138 0.4699687 3.157934 0.3568967 0.1490728 3.279815 0.3710454 -0.0201071 3.002699 -0.01069536 0.02112178 3.015547 -0.131452 -0.3999918 3.079333 -0.209974 -0.8346155 3.033205 0.1584642 0.02591911 3.129517 0.2116056 -0.3883874 2.982653 0.3132006 -0.7932101 2.944897 
0.05813592 0.6890047 3.062902 0.06298839 0.4676731 3.071584 0.07015692 0.246434 3.074644 -0.07459267 0.4620011 2.983834 -0.0741218 0.2052546 2.790043 0.09055106 0.05312622 2.602957 0.2005695 0.473345 3.159334 0.3304908 0.1477798 3.284193 0.3745907 -0.0234211 3.016881 -0.008732901 0.02164713 3.022816 -0.1296012 -0.3987464 3.091033 -0.2127516 -0.8391653 3.030989 0.1633838 0.02874277 3.132593 0.2062955 -0.3868789 2.986171 0.3115113 -0.8022026 2.9408 
0.05093574 0.6983979 3.064591 0.05789161 0.4739852 3.074117 0.067103 0.2528704 3.076975 -0.08407208 0.4670336 2.993843 -0.1392284 0.1915431 2.809478 -0.04204941 0.01675467 2.601327 0.1998553 0.4809369 3.15439 0.3219036 0.1544673 3.287547 0.37261 -0.02268903 3.015219 -0.01251152 0.02740591 3.029606 -0.1316436 -0.3941817 3.092922 -0.2148876 -0.8335791 3.03755 0.1651403 0.03610513 3.130059 0.2024341 -0.3871146 3.006207 0.3088941 -0.7939728 2.942784 
0.04859488 0.6966643 3.060166 0.05589826 0.4738425 3.073162 0.0665993 0.2528298 3.078864 -0.09085186 0.4649269 3.002997 -0.1755118 0.1917285 2.832175 -0.1368137 0.02645808 2.6051 0.2026484 0.4827582 3.143328 0.3175409 0.1627824 3.286228 0.3692853 -0.01832806 3.012929 -0.01468186 0.02622874 3.040587 -0.1247876 -0.3990372 3.093945 -0.214219 -0.8388793 3.038668 0.1692825 0.03740532 3.128546 0.1999159 -0.3845911 2.998668 0.3130067 -0.7968447 2.936011 
0.04642453 0.6983168 3.05799 0.05449741 0.4753135 3.073212 0.06620528 0.2543552 3.080031 -0.09478719 0.465405 3.008462 -0.2202332 0.210357 2.860563 -0.2508579 0.05008079 2.629024 0.203782 0.485222 3.137962 0.3092872 0.1633987 3.2746 0.3659194 -0.01731981 3.003786 -0.01540125 0.02720325 3.046376 -0.1211688 -0.4003242 3.089546 -0.2130093 -0.8374189 3.0316 0.1712275 0.03959039 3.127324 0.1952009 -0.3817994 2.993946 0.3104513 -0.7953507 2.937182 
0.04554861 0.7015682 3.057907 0.05385616 0.4778225 3.073384 0.06652138 0.2568696 3.079033 -0.09768736 0.4676168 3.013976 -0.2676386 0.2396958 2.882263 -0.3547007 0.0993028 2.650479 0.2053997 0.4880282 3.132791 0.3081226 0.1611786 3.268786 0.3606048 -0.006955399 2.991841 -0.01556859 0.02953545 3.047537 -0.1163087 -0.4000588 3.081389 -0.2116699 -0.8353591 3.027656 0.1739418 0.04229803 3.121828 0.2003388 -0.3804324 2.993036 0.3082856 -0.7920659 2.935656 
0.047678 0.7037954 3.070419 0.05265365 0.4802391 3.077212 0.06276064 0.2592233 3.075267 -0.1007207 0.4737104 3.022054 -0.3144086 0.2644067 2.895121 -0.4626043 0.1615668 2.667077 0.206028 0.4867677 3.132369 0.3029404 0.1620205 3.267984 0.3574648 -0.001497299 2.986449 -0.02305465 0.03412437 3.038826 -0.121145 -0.3964899 3.068761 -0.2182102 -0.8357427 3.020052 0.1687899 0.04229053 3.107819 0.1937066 -0.3782996 2.971931 0.2976496 -0.7904049 2.933583 
0.05279125 0.7030789 3.064704 0.05375427 0.4805078 3.073747 0.05982582 0.2592979 3.072588 -0.1014854 0.4765086 3.023782 -0.352192 0.302178 2.894638 -0.5382668 0.2470225 2.669966 0.208994 0.484507 3.123712 0.2919883 0.1565367 3.258548 0.3567526 0.002079941 2.975637 -0.03120374 0.03558663 3.040177 -0.1184252 -0.3942485 3.094435 -0.2218982 -0.8416592 3.025159 0.1629985 0.04058955 3.102682 0.1942474 -0.3829274 2.978109 0.2977066 -0.7969341 2.941152 
0.05745943 0.700177 3.060271 0.05537716 0.4778333 3.070968 0.0582957 0.2565243 3.071102 -0.09982295 0.475756 3.020424 -0.3680917 0.3415964 2.883818 -0.571472 0.3487618 2.666481 0.2105773 0.4799106 3.121512 0.3183466 0.1404847 3.26623 0.3594425 0.002538101 2.977815 -0.0358055 0.0339167 3.039639 -0.115226 -0.3977319 3.094496 -0.2184964 -0.8442476 3.022304 0.158234 0.03651385 3.102831 0.1992906 -0.3891263 2.989248 0.2974742 -0.8031762 2.943722 
0.0615838 0.7054288 3.070533 0.05660458 0.4832715 3.073711 0.056688 0.2620617 3.068177 -0.09743962 0.4845632 3.019752 -0.3644692 0.3897629 2.879347 -0.5572442 0.4613578 2.665262 0.2106488 0.4819798 3.127671 0.3157264 0.1402777 3.26162 0.3618602 -0.003797501 2.974541 -0.03959345 0.04165997 3.028888 -0.1130748 -0.3923838 3.072544 -0.2176837 -0.8360404 3.010704 0.1531363 0.04004382 3.096398 0.2012837 -0.3856159 2.985201 0.296957 -0.7955257 2.938338 
