0.0233271 0.7008996 3.056466 0.03539503 0.4822988 3.063021 0.05394756 0.261688 3.062254 -0.1152776 0.4698422 3.001329 -0.3513961 0.4347633 2.829041 -0.3872546 0.6227986 2.625237 0.1860676 0.4947555 3.124714 0.2593446 0.1923574 3.185404 0.3009306 0.3911498 3.376645 -0.02177415 0.03328316 3.022887 -0.128415 -0.394297 3.06543 -0.2097125 -0.8350431 3.02392 0.1667743 0.04887113 3.100088 0.194428 -0.3822679 3.003391 0.2991652 -0.8082589 2.93942 
0.02517325 0.6993684 3.057561 0.03536341 0.4804241 3.063527 0.05030668 0.2595636 3.062043 -0.111811 0.4709336 2.993942 -0.3151778 0.468399 2.791929 -0.3084395 0.687263 2.625441 0.1825378 0.4899146 3.133111 0.255459 0.2115011 3.164759 0.2167252 0.4056036 3.376081 -0.02693458 0.03275855 3.016975 -0.1308099 -0.39496 3.064747 -0.2111289 -0.8361134 3.018333 0.1574345 0.04464754 3.104146 0.1928647 -0.385546 3.005864 0.2939872 -0.8056982 2.951254 
0.02894519 0.6991847 3.058751 0.03805416 0.4805146 3.063632 0.05095765 0.2594962 3.062469 -0.1042217 0.4726268 2.984148 -0.2490465 0.5078592 2.742209 -0.183562 0.7486914 2.617029 0.1803301 0.4884025 3.143117 0.2385895 0.2047851 3.143449 0.07764104 0.3263762 3.351161 -0.02508646 0.0335464 3.011613 -0.1229833 -0.3938553 3.072756 -0.203625 -0.8347433 3.026029 0.1528087 0.04340906 3.110997 0.2015234 -0.382741 3.00156 0.3017388 -0.7983932 2.956375 
0.03248637 0.695565 3.057278 0.04032825 0.477009 3.062248 0.051256 0.255888 3.060778 -0.1003486 0.4706055 2.979723 -0.1950159 0.5204368 2.712584 -0.09361898 0.757985 2.596306 0.1810051 0.4834126 3.144774 0.2287389 0.1979107 3.138196 0.02974799 0.2728874 3.334701 -0.02578231 0.03076283 3.007704 -0.1257867 -0.3964708 3.06692 -0.2060188 -0.8385951 3.026824 0.1501498 0.03877121 3.110912 0.1981159 -0.3888386 3.006787 0.3028254 -0.8098338 2.945456 
0.03964382 0.6670225 3.076953 0.05340681 0.4517168 3.073715 0.06881965 0.2310735 3.06675 -0.07701534 0.4456531 2.977191 -0.1332183 0.5189528 2.68755 0.0002482147 0.7468558 2.57709 0.1838289 0.4577806 3.170239 0.2219714 0.1709307 3.160469 -0.001454025 0.198677 3.342525 0.003728431 0.006687347 3.000205 -0.1092565 -0.4114023 3.067447 -0.1857259 -0.852551 3.020387 0.1647365 0.01417319 3.119365 0.2107297 -0.410043 3.014834 0.3195161 -0.8225663 2.95519 
0.05007407 0.6507035 3.085546 0.0631305 0.4367029 3.079073 0.07724082 0.2159794 3.070508 -0.06439909 0.4324712 2.978017 -0.09808868 0.5054666 2.685762 0.06451529 0.7056015 2.564629 0.1906601 0.4409346 3.180129 0.2207433 0.1531608 3.169433 -0.01582657 0.1358315 3.335468 0.01238585 -0.007364242 2.999371 -0.1301999 -0.4164121 3.07312 -0.2006703 -0.8439257 3.027145 0.1703164 -0.002123825 3.124517 0.2101631 -0.427094 3.013691 0.3086958 -0.814169 2.953974 
0.03919251 0.6880447 3.064797 0.05833469 0.4492654 3.070346 0.06845351 0.2283604 3.066588 -0.05658987 0.4459576 2.955328 -0.01498927 0.4462217 2.669185 0.192099 0.5998882 2.533849 0.1732592 0.4525731 3.185365 0.1917166 0.1637763 3.175937 -0.04671573 0.06830296 3.309608 0.00611638 0.005370117 2.990315 -0.1456966 -0.4081523 3.079187 -0.2033052 -0.8161599 3.031311 0.1510283 0.009540955 3.135346 0.2071663 -0.4317592 3.014866 0.3047689 -0.795141 2.944036 
0.03837704 0.6885303 3.053356 0.05133684 0.4682226 3.060992 0.06397504 0.2473609 3.065533 -0.05102678 0.4597696 2.934767 0.02279904 0.4003652 2.671847 0.2538568 0.4957539 2.520021 0.1537005 0.4766757 3.187216 0.1650344 0.1874437 3.180178 -0.05581331 0.03226057 3.284952 0.01236126 0.02119334 2.990846 -0.1400875 -0.3863669 3.079649 -0.1984449 -0.8276176 3.035555 0.1408652 0.03180501 3.149304 0.1905079 -0.3964553 3.030133 0.3052954 -0.7977602 2.952772 
0.03949819 0.6881613 3.042569 0.05020962 0.4693167 3.053465 0.06223016 0.248624 3.063853 -0.04947633 0.4578418 2.92503 0.05285618 0.3582151 2.667397 0.2902271 0.4250483 2.504048 0.1498956 0.4807916 3.1819 0.1588045 0.1914494 3.175994 -0.04960252 0.0128632 3.268226 0.01189097 0.0207531 2.993896 -0.1399806 -0.3881933 3.073051 -0.2030503 -0.8354686 3.035456 0.1366104 0.03510961 3.154584 0.1934867 -0.3851463 3.020782 0.30291 -0.7959548 2.951334 
0.0392449 0.6859039 3.034605 0.05068262 0.4687025 3.047929 0.06377764 0.2482921 3.063511 -0.04975253 0.4536995 2.920115 0.0707316 0.2957881 2.667834 0.3036169 0.3012075 2.484236 0.1511178 0.4837054 3.175742 0.1566612 0.1942469 3.171716 -0.02418343 -0.02041313 3.242775 0.01404941 0.01849721 2.999144 -0.1387275 -0.3913423 3.06833 -0.2021283 -0.8345975 3.03849 0.1396959 0.03726628 3.159042 0.1985594 -0.3821433 3.028156 0.3078455 -0.7987304 2.944673 
0.0362518 0.6860574 3.035217 0.04869506 0.4676923 3.048023 0.06385116 0.2473678 3.063257 -0.05471596 0.4519123 2.922683 0.05085323 0.2514065 2.674896 0.2856237 0.2338481 2.493611 0.1521061 0.4834723 3.173363 0.156493 0.1939847 3.170074 -0.01038319 -0.03428148 3.232364 0.01431101 0.01717099 3.000075 -0.1365865 -0.3933308 3.069423 -0.201772 -0.8347043 3.032902 0.1437035 0.03691565 3.156907 0.1960726 -0.3814306 3.020993 0.3124958 -0.8018802 2.93873 
0.0308638 0.6896876 3.032548 0.04303811 0.4697483 3.04481 0.05829537 0.2493195 3.058601 -0.06621052 0.4546663 2.924614 0.0183924 0.2117184 2.687945 0.2386828 0.1627527 2.492585 0.1522867 0.4848303 3.165006 0.1557649 0.1953241 3.162331 0.002490112 -0.04417361 3.216928 0.005151041 0.01944762 2.997137 -0.1448427 -0.3916478 3.064896 -0.2121845 -0.8304018 3.028561 0.1419542 0.03833362 3.147648 0.1898652 -0.3817985 3.01607 0.3070157 -0.7973521 2.929709 
0.02700439 0.6909342 3.033251 0.03844184 0.4708712 3.047199 0.05459765 0.2503211 3.057692 -0.08302663 0.4568504 2.939524 -0.05822977 0.1837255 2.732708 0.1206245 0.07522505 2.516812 0.1599103 0.484892 3.154874 0.1621067 0.1953661 3.153123 0.03414156 -0.06094293 3.19512 -0.005288632 0.02099367 3.000778 -0.1420053 -0.3954609 3.062786 -0.2061194 -0.8338324 3.037541 0.1467955 0.03854831 3.135592 0.1971049 -0.3819668 3.006307 0.310332 -0.7982672 2.935527 
0.02266346 0.6994143 3.043483 0.03588378 0.4775926 3.051725 0.05488623 0.257154 3.057588 -0.09150873 0.4639356 2.951148 -0.114747 0.1774603 2.761261 0.02500218 0.05529905 2.524313 0.1632763 0.4912496 3.152302 0.1650248 0.2017189 3.15089 0.04855892 -0.06078628 3.187767 -0.005820812 0.02817023 3.000521 -0.1356469 -0.3896211 3.067969 -0.2031237 -0.8267459 3.031261 0.1535982 0.04526062 3.126383 0.2002224 -0.3777116 3.004164 0.3144206 -0.7919053 2.931238 
0.019604 0.7030729 3.051764 0.03398652 0.4840888 3.055598 0.05311747 0.2635536 3.055265 -0.1008632 0.472528 2.964698 -0.1860076 0.1831525 2.800058 -0.1323465 0.04351478 2.531234 0.1688363 0.4956497 3.146498 0.1699474 0.2061138 3.145585 0.07400547 -0.06557489 3.17411 -0.01210976 0.03578622 2.998067 -0.1353236 -0.384444 3.063052 -0.2078125 -0.8354161 3.029546 0.1566066 0.05025046 3.111797 0.1952298 -0.3757703 2.997617 0.3063663 -0.8010675 2.940737 
0.02026407 0.7049441 3.056333 0.03507962 0.4859972 3.057945 0.05394139 0.2654672 3.053477 -0.1066374 0.4754978 2.977914 -0.2550675 0.2040738 2.841511 -0.245741 0.08250404 2.563963 0.1767966 0.4964966 3.137977 0.2192241 0.1533711 3.143869 0.2319472 0.1173593 3.125067 -0.01583574 0.03837026 2.998952 -0.1309181 -0.383521 3.067656 -0.2087951 -0.8354694 3.022713 0.1614421 0.05150429 3.099066 0.1933505 -0.3780838 2.996878 0.3100423 -0.8062153 2.932736 
0.0194046 0.7040144 3.056169 0.03104266 0.4840513 3.056557 0.04677057 0.2633639 3.049506 -0.1144074 0.4760235 2.983368 -0.2910877 0.2300437 2.842323 -0.3477115 0.1312007 2.576798 0.1764927 0.4920791 3.129746 0.2398541 0.155799 3.163259 0.2940008 0.04578783 3.07266 -0.02852285 0.03765277 2.996655 -0.1419194 -0.3861321 3.055566 -0.220254 -0.8345116 3.021686 0.1535198 0.0477002 3.088257 0.1852698 -0.3824356 2.988153 0.297835 -0.8061343 2.934143 
0.01935408 0.7049943 3.056062 0.02906265 0.4848963 3.05612 0.0430114 0.2641154 3.047857 -0.1202046 0.4778968 2.991163 -0.3315725 0.265524 2.859205 -0.4265761 0.2036065 2.601579 0.17833 0.4918958 3.121078 0.2594302 0.1586085 3.180819 0.3477601 0.009621704 3.023496 -0.03645932 0.03895386 2.99894 -0.1334369 -0.388256 3.060636 -0.2187029 -0.8335842 3.023674 0.1503796 0.04771521 3.080247 0.1926228 -0.3817451 2.981573 0.3008364 -0.8046496 2.942418 
0.01930095 0.7047593 3.055985 0.02721346 0.485722 3.05493 0.03977377 0.2648712 3.045989 -0.1245381 0.4794907 2.995666 -0.365796 0.3037608 2.866125 -0.4743409 0.2929713 2.613751 0.1789651 0.4919533 3.114194 0.2736562 0.1707171 3.193948 0.3818917 0.004431076 2.99662 -0.04253647 0.0401247 2.999998 -0.1314666 -0.3879013 3.068417 -0.2144564 -0.8322651 3.024686 0.1472046 0.04791595 3.074098 0.1939604 -0.3833281 2.986185 0.3008725 -0.8031301 2.941031 
0.02043034 0.7047699 3.056955 0.02670209 0.4856322 3.055072 0.03726624 0.2647139 3.045235 -0.1271467 0.4806752 3.001172 -0.3784107 0.3408793 2.867595 -0.48291 0.389065 2.621027 0.1805509 0.4905891 3.108973 0.2842844 0.1816414 3.204305 0.4053394 0.005996963 2.986058 -0.04837096 0.04069609 3.001693 -0.1318053 -0.3895795 3.063022 -0.2134329 -0.8361409 3.030012 0.1440317 0.04689519 3.069101 0.1951272 -0.3860165 2.992888 0.3022826 -0.8041881 2.942537 
