0.07206697 0.685025 3.032143 0.0643884 0.4655042 3.041942 0.05826514 0.2442034 3.03929 -0.08821127 0.4704213 2.983941 -0.3404164 0.3659328 2.913688 -0.4549728 0.5283514 2.704862 0.2169881 0.460587 3.099943 0.2525986 0.158867 3.150623 0.3456143 0.007801102 2.906535 -0.04330777 0.02597824 3.000359 -0.1161034 -0.4024509 3.084631 -0.2073823 -0.8420559 3.029386 0.1475915 0.01982694 3.072917 0.2164447 -0.4070863 2.977981 0.3025984 -0.7997174 2.940737 
0.07106449 0.6883624 3.031528 0.06287251 0.4686798 3.041258 0.05641316 0.247392 3.038031 -0.08956274 0.4739817 2.982805 -0.3306794 0.397485 2.88835 -0.3826795 0.6155263 2.715683 0.2153078 0.4633779 3.099711 0.2513078 0.157912 3.144866 0.344266 0.006134842 2.894364 -0.04538736 0.0294203 2.998244 -0.1141497 -0.4001902 3.080137 -0.208231 -0.8376444 3.026862 0.145295 0.0227881 3.071363 0.2188519 -0.4035259 2.977161 0.2995407 -0.7891696 2.947878 
0.07197897 0.6860069 3.030692 0.06323524 0.465948 3.040765 0.05681924 0.2446573 3.037442 -0.08801869 0.471255 2.979373 -0.2938357 0.4347412 2.844669 -0.2874975 0.6835051 2.716313 0.2144892 0.4606409 3.102157 0.2491516 0.1619563 3.14494 0.3456337 0.007205612 2.896598 -0.044222 0.02668678 2.995713 -0.1083655 -0.4045539 3.072623 -0.2064141 -0.8427631 3.028915 0.1450285 0.02004655 3.072527 0.2216909 -0.4083532 2.992209 0.3086186 -0.8058176 2.940361 
0.07226036 0.6898593 3.0433 0.06429325 0.4707126 3.046257 0.05935824 0.2495595 3.038208 -0.08471943 0.4764556 2.979826 -0.2423375 0.4648061 2.803855 -0.1809964 0.721424 2.701555 0.2133059 0.4649696 3.112689 0.2426526 0.1645358 3.138507 0.3482188 0.00920549 2.901949 -0.03883028 0.03200046 2.988585 -0.1033967 -0.3998687 3.061741 -0.2014142 -0.8372006 3.023584 0.1476767 0.02481241 3.071733 0.2242 -0.403024 2.987707 0.3091053 -0.7952719 2.939815 
0.07090999 0.6662448 3.064051 0.06661878 0.4509832 3.051343 0.06357565 0.2306973 3.032512 -0.07880437 0.4592653 2.977956 -0.1798867 0.4747083 2.763419 -0.06551779 0.7197869 2.676564 0.2120419 0.442701 3.124729 0.2415675 0.1609448 3.145867 0.3501315 0.005951126 2.914716 -0.03053778 0.01559801 2.967723 -0.1000457 -0.4104887 3.060859 -0.1980078 -0.8582659 3.009284 0.1516028 0.005224716 3.059639 0.2213139 -0.4228831 2.971774 0.3125968 -0.8239532 2.922263 
0.09441929 0.6356837 3.088332 0.08111222 0.4242927 3.060061 0.06768364 0.2064311 3.028094 -0.05972839 0.4445348 2.98127 -0.1235486 0.463751 2.740786 0.038491 0.6838678 2.667741 0.2219528 0.4040505 3.138853 0.2416884 0.1536822 3.155383 0.3524194 0.004961777 2.923308 -0.03410624 0.001269165 2.946694 -0.1131078 -0.4136794 3.072634 -0.2105505 -0.8573627 3.00741 0.1426164 -0.02413006 3.045559 0.2135875 -0.4541434 2.968752 0.2961575 -0.8289174 2.925128 
0.07373807 0.6528375 3.071221 0.1030828 0.3906794 3.076679 0.07207412 0.1779726 3.030804 -0.02580631 0.4286939 2.987537 -0.05548782 0.4438257 2.715401 0.1553798 0.6223473 2.658385 0.2319719 0.3526649 3.16582 0.2238136 0.1539952 3.171571 0.3609935 0.002845856 2.959402 -0.04021834 -0.01076044 2.928712 -0.120232 -0.4211393 3.070498 -0.2155916 -0.8520893 3.012266 0.1223492 -0.05870804 3.041147 0.2072515 -0.4883673 2.981757 0.287296 -0.8381442 2.935154 
0.06424831 0.6668698 3.051148 0.08197019 0.4276858 3.060601 0.07154702 0.2108524 3.041646 -0.04351139 0.4423378 2.961995 -0.01055342 0.4097163 2.705986 0.2366147 0.5316972 2.650375 0.2074517 0.4130337 3.159208 0.2113764 0.1566115 3.187301 0.3600195 0.004379333 2.98351 -0.0203618 0.003533951 2.958656 -0.1087275 -0.4093791 3.101049 -0.2019173 -0.8345615 3.03994 0.1426095 -0.01549568 3.086723 0.2357459 -0.4813402 3.000085 0.306021 -0.7964015 2.956808 
0.06279755 0.6750536 3.04152 0.07417146 0.4470013 3.04994 0.07377202 0.2280411 3.043765 -0.04289582 0.4503206 2.939818 0.03120026 0.3650589 2.703062 0.3020386 0.4287781 2.648064 0.1912387 0.4436821 3.160062 0.2299812 0.1608238 3.216647 0.3585919 0.004372268 3.003259 -0.001484709 0.01120332 2.967173 -0.1058627 -0.4038478 3.081824 -0.1963414 -0.8332487 3.026083 0.1482299 0.00695842 3.108005 0.2200906 -0.4405264 3.016244 0.3045939 -0.7977793 2.950617 
0.05966509 0.6829267 3.025411 0.07009685 0.4612709 3.041528 0.07661186 0.2419296 3.050367 -0.04200231 0.4532683 2.925565 0.05283173 0.3237308 2.707689 0.3308712 0.3169074 2.642837 0.182196 0.4692734 3.157492 0.232611 0.1642317 3.231133 0.3594517 0.00467926 3.007997 0.01226575 0.01752963 2.985902 -0.1072674 -0.395697 3.089868 -0.1949997 -0.830615 3.045171 0.153988 0.02764694 3.132509 0.2142012 -0.403207 3.012207 0.3058922 -0.7829203 2.965477 
0.06168713 0.6823345 3.029093 0.07014171 0.4618143 3.04173 0.07743859 0.2416605 3.051888 -0.04021263 0.4526758 2.922949 0.05439681 0.2823719 2.715863 0.3264604 0.2035866 2.6559 0.1804961 0.4709528 3.160511 0.2195755 0.1889202 3.21308 0.3300916 0.01203499 3.012254 0.01548581 0.015772 2.987509 -0.1162184 -0.39667 3.078003 -0.2027219 -0.8371953 3.028547 0.1539851 0.02724118 3.136584 0.2041646 -0.3938293 2.996863 0.3037791 -0.8042642 2.947374 
0.06291846 0.6796484 3.017462 0.06656361 0.461168 3.03648 0.07176884 0.2410565 3.053681 -0.04435418 0.4492727 2.91783 0.04173385 0.2536903 2.721414 0.2996401 0.1231316 2.654002 0.1774814 0.4730633 3.15513 0.2285503 0.1513904 3.223349 0.3418129 -0.03216336 3.004432 0.007485878 0.01349287 2.99655 -0.1264165 -0.3995056 3.082242 -0.2118147 -0.8369853 3.038152 0.1464623 0.02839726 3.145215 0.1937711 -0.389348 3.000562 0.2962341 -0.7982853 2.951619 
0.06629074 0.6819568 3.028339 0.06541772 0.4611819 3.03667 0.06708505 0.2401932 3.044158 -0.05427021 0.4565401 2.926332 -0.02401415 0.1992512 2.751642 0.1930688 0.00603952 2.651558 0.1851057 0.4658237 3.147008 0.2412555 0.1658517 3.224423 0.3435284 -0.006004318 3.00931 -0.006302528 0.01629373 2.982455 -0.1287131 -0.4019964 3.059923 -0.2115728 -0.8339016 3.020748 0.1438073 0.02211536 3.120838 0.1976587 -0.3881578 2.962209 0.3019587 -0.7998139 2.925654 
0.06773859 0.6837976 3.027157 0.06292107 0.4628233 3.036072 0.06320944 0.2416425 3.041831 -0.06513886 0.4600497 2.935974 -0.07656492 0.186137 2.761361 0.1103924 -0.01490657 2.622465 0.190981 0.465597 3.13617 0.2461392 0.1715516 3.214477 0.3469029 0.004355225 3.006477 -0.01679057 0.01872269 2.984834 -0.1264032 -0.3990945 3.07957 -0.2134946 -0.831741 3.034514 0.1437862 0.02220062 3.110349 0.2044778 -0.3942824 2.974324 0.3041866 -0.7982652 2.9391 
0.06926056 0.6857972 3.033201 0.06276697 0.465536 3.040776 0.06242276 0.2441916 3.043672 -0.07507551 0.4646158 2.954059 -0.1449299 0.1888043 2.78184 -0.05216933 -0.02081174 2.574549 0.2006094 0.4664562 3.127494 0.2518118 0.1595996 3.195774 0.3566975 0.001598358 2.988522 -0.02409191 0.02227184 2.992357 -0.1167319 -0.3989142 3.091692 -0.207874 -0.8344559 3.032973 0.148249 0.02342238 3.100778 0.2103138 -0.3980572 2.980953 0.3083176 -0.8015738 2.942311 
0.06566432 0.6916774 3.032001 0.0614272 0.4713167 3.04193 0.06193765 0.2499826 3.046417 -0.08019064 0.4693563 2.961353 -0.1934259 0.1968873 2.798391 -0.1678132 0.007300247 2.562745 0.203045 0.4732772 3.122507 0.2620051 0.1461266 3.17223 0.3491215 0.005756286 2.94528 -0.0260915 0.02742277 3.000528 -0.1129745 -0.3952788 3.099064 -0.2072206 -0.8306044 3.038941 0.1509877 0.0298741 3.101282 0.2130405 -0.3923785 2.983718 0.3087461 -0.7921075 2.944502 
0.05911135 0.6953503 3.031291 0.06187744 0.4751755 3.043271 0.06817647 0.2540267 3.049121 -0.08309653 0.4690849 2.969136 -0.2371918 0.2239697 2.828572 -0.2637443 0.05775894 2.575819 0.2068514 0.4812661 3.117405 0.2705333 0.1570307 3.16298 0.3488831 0.01003525 2.932389 -0.01621499 0.02906787 3.008595 -0.09724375 -0.396711 3.098253 -0.2017461 -0.83774 3.035976 0.165166 0.03668796 3.101347 0.2247129 -0.3864102 2.985312 0.3196253 -0.7914566 2.947082 
0.05912394 0.6975104 3.034582 0.06145481 0.4778934 3.043998 0.06731612 0.2566461 3.046582 -0.08685888 0.4731771 2.976606 -0.2596656 0.244029 2.854284 -0.3463664 0.1139954 2.601632 0.2097685 0.4826097 3.111389 0.2741862 0.1604684 3.152017 0.3458908 0.01079987 2.917738 -0.01958033 0.03244904 3.007018 -0.1127979 -0.3929604 3.084728 -0.2127338 -0.8367903 3.028493 0.1659352 0.03834839 3.091313 0.2084746 -0.386114 2.973895 0.3084981 -0.8009893 2.935115 
0.06613723 0.697299 3.03081 0.06576108 0.4765169 3.042228 0.06879339 0.2551672 3.044728 -0.08596188 0.4737602 2.98218 -0.3194175 0.2942507 2.861104 -0.4924378 0.2559291 2.634132 0.2174841 0.4792736 3.102276 0.2773001 0.1553734 3.141023 0.3507617 0.01616019 2.891075 -0.02300735 0.03209451 3.009696 -0.1011306 -0.3979161 3.079476 -0.2078787 -0.8371161 3.026928 0.1666588 0.03554062 3.08476 0.2105374 -0.3916647 2.977352 0.3076135 -0.7990816 2.942199 
0.07382389 0.6924589 3.031106 0.07098838 0.4723249 3.04067 0.07180846 0.2509354 3.041511 -0.08200918 0.4715411 2.983575 -0.3481025 0.340823 2.87105 -0.5452356 0.3831252 2.658049 0.2239859 0.4731087 3.097765 0.2773316 0.1483318 3.132265 0.352119 0.04174434 2.841722 -0.02305419 0.02905565 3.006646 -0.1045453 -0.4011749 3.071951 -0.2118767 -0.8406208 3.022847 0.1683113 0.03003597 3.078059 0.2118078 -0.3985544 2.975789 0.3034934 -0.8009611 2.939002 
0.07303328 0.6925951 3.031448 0.06934892 0.4729051 3.039584 0.06974928 0.2514997 3.039396 -0.0847146 0.4726726 2.985325 -0.3592561 0.3842384 2.863579 -0.541578 0.5067874 2.66943 0.2234124 0.4731376 3.093843 0.2778742 0.1587989 3.141069 0.3540962 0.03252434 2.857461 -0.02620665 0.02994899 3.005271 -0.1006958 -0.40085 3.075278 -0.2083916 -0.8432081 3.030219 0.1665059 0.03023976 3.073142 0.2150466 -0.4012157 2.987188 0.3072214 -0.8060467 2.939915 
