0.5165551 0.7212614 2.733103 0.506061 0.5180481 2.684561 0.4919425 0.3001744 2.643654 0.3450672 0.5336714 2.656915 0.2069134 0.2976578 2.617028 0.1973385 0.3083828 2.332079 0.6670548 0.5024248 2.712208 0.7507694 0.1960003 2.680244 0.806899 0.110451 2.374072 0.3774746 0.09203897 2.585515 0.244269 -0.3064005 2.704152 0.0700289 -0.7836178 2.819151 0.5781733 0.07256253 2.619979 0.5312337 -0.3618246 2.542646 0.526625 -0.794785 2.571076 
0.5199661 0.7243652 2.735538 0.5071168 0.5163566 2.685076 0.4917262 0.2985848 2.643971 0.3456618 0.5324988 2.660008 0.2009552 0.2948268 2.624522 0.1867094 0.3059821 2.340363 0.6685718 0.5002145 2.710144 0.7488827 0.200999 2.684633 0.7906243 0.1085948 2.378918 0.3756324 0.09088115 2.58723 0.237136 -0.3159524 2.679587 0.06787032 -0.776124 2.812562 0.5770389 0.07074468 2.618501 0.5383102 -0.3645676 2.540399 0.5303537 -0.7816963 2.568553 
0.5273573 0.7307052 2.736746 0.5140376 0.5196058 2.686019 0.4983063 0.3018027 2.645133 0.3522458 0.5356572 2.662763 0.1984787 0.2969119 2.639762 0.1748156 0.3066121 2.35903 0.6758294 0.5035543 2.709276 0.7594424 0.2065002 2.67832 0.7781561 0.1141865 2.371969 0.3816414 0.09401342 2.589738 0.2388875 -0.3189099 2.627688 0.06836147 -0.7578491 2.776919 0.5835087 0.07398601 2.618756 0.5476705 -0.3640468 2.556758 0.5387211 -0.7796964 2.569264 
0.5294293 0.7329753 2.72834 0.5174826 0.5213551 2.683861 0.5025936 0.3026716 2.64794 0.3551406 0.5357505 2.663514 0.2022876 0.3029222 2.665353 0.1723838 0.3133629 2.38445 0.6798247 0.5069598 2.70421 0.7717706 0.2062804 2.66517 0.7674471 0.1298507 2.356965 0.386395 0.09297156 2.599321 0.240587 -0.3187564 2.577192 0.0829358 -0.7310335 2.711786 0.5890141 0.0750047 2.624717 0.5446011 -0.3636362 2.573055 0.5366226 -0.7794484 2.576464 
0.5351197 0.746276 2.734163 0.5233967 0.5315381 2.689025 0.5077986 0.313094 2.6518 0.3603915 0.545414 2.675901 0.2126161 0.3034806 2.694193 0.1594154 0.3159445 2.416159 0.6864019 0.5176623 2.702148 0.786855 0.2106191 2.645602 0.7596078 0.1442346 2.341508 0.3903981 0.1033157 2.60638 0.2542202 -0.2973821 2.509292 0.1255298 -0.6661683 2.604155 0.5940027 0.08598384 2.622772 0.542568 -0.3532399 2.58461 0.537514 -0.7732342 2.565828 
0.5418073 0.7571965 2.747084 0.5280918 0.5421578 2.697182 0.5117335 0.3244803 2.656096 0.3647136 0.5550463 2.693946 0.2201964 0.3048307 2.721627 0.1421788 0.3180049 2.448549 0.69147 0.5292694 2.700418 0.7853032 0.2192263 2.633324 0.7387329 0.1473054 2.335366 0.393291 0.1148559 2.612988 0.2732146 -0.2639514 2.442732 0.1931082 -0.579196 2.494134 0.5974594 0.09874954 2.617031 0.5409674 -0.3408906 2.600022 0.5368254 -0.7723595 2.560137 
0.5436653 0.7599646 2.740736 0.5290039 0.5465727 2.69724 0.5125576 0.3282323 2.659688 0.3655852 0.5572417 2.706778 0.2290913 0.3099231 2.76489 0.1242885 0.3188488 2.50455 0.6924225 0.5359037 2.687702 0.7843749 0.2265847 2.597847 0.7164961 0.1491459 2.305461 0.3941976 0.1165455 2.628085 0.2842935 -0.1583582 2.326795 0.2911473 -0.4419423 2.341058 0.5980251 0.1032383 2.616189 0.5384363 -0.33674 2.613522 0.5349562 -0.7853796 2.563838 
0.5474226 0.7614725 2.74386 0.5306007 0.5485093 2.700141 0.5128074 0.330492 2.661325 0.3673814 0.5594402 2.713565 0.2335308 0.3094718 2.777956 0.1070961 0.3133798 2.523619 0.6938199 0.5375783 2.686717 0.7726724 0.2212788 2.572944 0.701986 0.1381919 2.280743 0.3932113 0.1192925 2.63088 0.2824257 0.008687996 2.284835 0.3393525 -0.3181041 2.274967 0.5968168 0.105657 2.614135 0.5303396 -0.3332338 2.602785 0.5364934 -0.7872084 2.559687 
0.5453817 0.7528816 2.731423 0.5276845 0.5395696 2.694328 0.5076956 0.3210991 2.659556 0.3647257 0.5519468 2.71024 0.2342918 0.3102087 2.790004 0.09407684 0.3042552 2.540131 0.6906433 0.5271924 2.678416 0.7548642 0.2181574 2.548475 0.683628 0.1260504 2.253002 0.3860513 0.1103497 2.634709 0.2785825 0.1305352 2.271828 0.3770459 -0.1978608 2.221894 0.5893622 0.09490766 2.614857 0.5293822 -0.3449198 2.600214 0.5333897 -0.803567 2.560583 
0.5461965 0.7422861 2.725247 0.5252876 0.5267666 2.690363 0.5017968 0.3086454 2.655582 0.3632251 0.5407181 2.712325 0.2226452 0.3045996 2.805559 0.08799724 0.2913992 2.553602 0.6873502 0.5128151 2.668402 0.7424317 0.2005636 2.526802 0.6614702 0.1006648 2.231303 0.37713 0.09923408 2.634511 0.2754351 0.2246127 2.281292 0.4431668 -0.1155853 2.172825 0.5794821 0.08181422 2.60709 0.5344048 -0.3591934 2.583842 0.5310025 -0.8069823 2.549643 
0.5445254 0.7218711 2.71159 0.5250179 0.5044111 2.681272 0.5023717 0.286171 2.646504 0.3630284 0.5174625 2.70486 0.2043228 0.2868007 2.805773 0.08472683 0.2788922 2.558801 0.6870074 0.4913596 2.657684 0.735827 0.2261826 2.549458 0.6612821 0.1324779 2.284737 0.3786828 0.07607182 2.62645 0.2826721 0.2682199 2.281627 0.519038 -0.06387915 2.147894 0.580768 0.0597899 2.597024 0.5558426 -0.3822365 2.568493 0.5407873 -0.813467 2.546072 
0.5487059 0.7033401 2.706853 0.5328893 0.4848598 2.677199 0.5154263 0.2661954 2.642469 0.3706887 0.4939419 2.701575 0.1770715 0.2729599 2.83968 0.08553954 0.2647216 2.578989 0.6950898 0.4757778 2.652824 0.7270781 0.198228 2.538117 0.6482986 0.08627216 2.250009 0.3967544 0.05319788 2.622948 0.2833086 0.3098948 2.307526 0.5744 -0.0001299438 2.140593 0.5991721 0.04186395 2.592528 0.5751729 -0.4012341 2.575991 0.549585 -0.801786 2.561289 
