0.5779992 0.6920017 2.700977 0.5523224 0.4885257 2.656255 0.521148 0.2714006 2.621083 0.3992777 0.518496 2.606892 0.2121176 0.3365383 2.559917 0.2302375 0.4168639 2.278371 0.7053671 0.4585555 2.705618 0.7986435 0.1590882 2.555989 0.8132678 0.1392739 2.261767 0.3945751 0.07295708 2.55514 0.2704116 -0.3139274 2.711124 0.03542337 -0.8074983 2.76665 0.5853719 0.03559393 2.61668 0.5372539 -0.3928317 2.513869 0.5400276 -0.8025738 2.568416 
0.5814652 0.6873214 2.699471 0.5553322 0.4814546 2.654094 0.525056 0.2641377 2.619255 0.4026078 0.5110222 2.60238 0.2060544 0.3292695 2.564968 0.2186034 0.4123219 2.283306 0.7080567 0.4518871 2.705807 0.8063201 0.1515425 2.545497 0.8171745 0.1366397 2.248461 0.3996756 0.06523311 2.552213 0.2595107 -0.3240979 2.700165 0.02868286 -0.8043574 2.769779 0.5898841 0.02840859 2.616618 0.5455489 -0.402056 2.518439 0.5423676 -0.7906421 2.568747 
0.5880948 0.6938156 2.699603 0.5606622 0.48534 2.653739 0.5298253 0.2681838 2.618344 0.4052933 0.5145705 2.609764 0.2132558 0.3398181 2.574258 0.2135042 0.4246613 2.299782 0.7160312 0.4561096 2.697713 0.8220687 0.1716312 2.536146 0.818773 0.1519001 2.243424 0.4020198 0.06927086 2.555503 0.2301454 -0.3275284 2.640221 0.02048871 -0.772859 2.738477 0.5959568 0.03278439 2.610394 0.5531817 -0.4042552 2.548252 0.5413302 -0.7795271 2.566347 
0.5960461 0.7095998 2.709361 0.5653803 0.5008776 2.659485 0.5327132 0.2848052 2.619689 0.4074404 0.5304933 2.628333 0.2194774 0.3570324 2.597705 0.2023224 0.4343997 2.316279 0.7233201 0.4712618 2.690637 0.8258387 0.1867135 2.527662 0.8150073 0.1690352 2.236736 0.4012336 0.08726139 2.560403 0.2244672 -0.312602 2.579823 0.04402547 -0.7165806 2.676085 0.5988589 0.05020413 2.599383 0.5491786 -0.3886721 2.565798 0.5420409 -0.7673914 2.558828 
0.6020551 0.7244055 2.714186 0.5703881 0.5151818 2.665318 0.5367606 0.2992808 2.625243 0.4106804 0.544033 2.643897 0.2207331 0.3720165 2.628363 0.1856779 0.4453276 2.345274 0.7300958 0.4863306 2.686738 0.8294084 0.2008487 2.518379 0.8075624 0.1845448 2.229825 0.4034753 0.101383 2.571801 0.233007 -0.2954126 2.519298 0.1005907 -0.6440585 2.585356 0.6027909 0.06537665 2.598534 0.5441878 -0.3731507 2.596701 0.5449045 -0.7748596 2.56454 
0.6033783 0.7323554 2.718233 0.5681832 0.5246202 2.672661 0.5293283 0.3091779 2.635274 0.4078104 0.5553724 2.662121 0.2204372 0.3818848 2.665337 0.1711374 0.4557837 2.384233 0.7285561 0.493868 2.683201 0.8188059 0.2194637 2.505358 0.7865514 0.2022786 2.220303 0.3903505 0.1129347 2.591307 0.218403 -0.2291008 2.419409 0.1576936 -0.5365569 2.478469 0.5905963 0.07453662 2.604467 0.5196729 -0.3627109 2.614249 0.5286644 -0.7828298 2.568583 
0.6030658 0.7341639 2.718685 0.5650692 0.5270509 2.677701 0.5227895 0.3117157 2.643575 0.4044682 0.558791 2.676394 0.2132924 0.3883401 2.691747 0.148251 0.4531906 2.41507 0.7256703 0.4953108 2.679009 0.8100062 0.2292732 2.48228 0.759326 0.2087949 2.200865 0.3803326 0.1161789 2.608633 0.2331051 -0.08208214 2.338108 0.2372504 -0.4023102 2.368138 0.5806871 0.07658217 2.610263 0.5189687 -0.3625721 2.608778 0.5339889 -0.7963652 2.566467 
0.5982701 0.7223762 2.709871 0.5600012 0.5174807 2.675773 0.5151541 0.3020899 2.645488 0.3995267 0.5500649 2.681666 0.2032134 0.3855844 2.709921 0.1225894 0.4408419 2.437836 0.7204757 0.4848965 2.669881 0.7950975 0.221676 2.461197 0.7338076 0.1997597 2.180983 0.3702479 0.107016 2.618877 0.2479471 0.06264618 2.291541 0.3060197 -0.2659679 2.275056 0.5703659 0.06638218 2.611528 0.5205581 -0.3741909 2.59792 0.5329807 -0.8073168 2.562516 
0.5967689 0.7049336 2.715994 0.5539231 0.5016394 2.678435 0.5044872 0.2880088 2.643587 0.3941826 0.5366862 2.690196 0.185539 0.3793546 2.721505 0.09825529 0.421799 2.451254 0.7136636 0.4665926 2.666675 0.7674618 0.1982786 2.448714 0.7078987 0.1671934 2.167548 0.3554284 0.09623538 2.616073 0.2541704 0.1715951 2.269786 0.3857067 -0.1677119 2.191543 0.5546744 0.05252121 2.601404 0.5191277 -0.3888927 2.575805 0.527324 -0.8073442 2.549456 
0.5985537 0.6823296 2.717485 0.5512894 0.4826826 2.67859 0.4998132 0.2705838 2.637931 0.3917129 0.5190358 2.690983 0.1777621 0.3616844 2.739236 0.08680034 0.3976852 2.471348 0.7108659 0.4463294 2.666196 0.7480402 0.2076117 2.481778 0.6859431 0.1486376 2.206257 0.3488552 0.08114812 2.604998 0.2695265 0.2316316 2.263615 0.4782947 -0.08902191 2.134994 0.5478187 0.03582208 2.589545 0.5419423 -0.4053578 2.551969 0.5372018 -0.8074749 2.549377 
0.5987827 0.6605374 2.718699 0.5513341 0.4606285 2.676882 0.4997889 0.2493451 2.632046 0.3916493 0.4970153 2.688994 0.1878839 0.3378377 2.762618 0.08691797 0.3722125 2.49803 0.7110189 0.4242418 2.66477 0.7316504 0.1798406 2.509022 0.6736591 0.1460678 2.226336 0.3486461 0.06075662 2.594765 0.2759201 0.2504568 2.267093 0.5548042 -0.03737 2.115283 0.5478414 0.01536679 2.579656 0.5572566 -0.4260769 2.540015 0.5429876 -0.8078308 2.550244 
0.5967637 0.6421703 2.708843 0.5476221 0.4397906 2.673275 0.4936241 0.2281257 2.633438 0.388538 0.4774181 2.688984 0.1844824 0.3308637 2.767347 0.08624769 0.3543773 2.499847 0.7067062 0.4021631 2.657567 0.725073 0.1594266 2.498958 0.6641112 0.1391762 2.215605 0.3403484 0.03994255 2.603404 0.2617668 0.2501093 2.285302 0.5822089 -0.01730406 2.122897 0.5389038 -0.00702095 2.583798 0.5523074 -0.4494333 2.552082 0.5335381 -0.8075712 2.563209 
0.5991378 0.6445817 2.711954 0.5397794 0.437265 2.680212 0.4795087 0.225994 2.648123 0.3840267 0.4767955 2.712486 0.184707 0.3178512 2.772995 0.09107281 0.3397111 2.505169 0.695532 0.3977345 2.647938 0.7402895 0.1494098 2.434163 0.6742755 0.125817 2.154073 0.321902 0.03942722 2.636204 0.2502958 0.2550904 2.279228 0.5529063 -0.04176291 2.096627 0.5165741 -0.009981201 2.595865 0.5389248 -0.4527252 2.568242 0.5249153 -0.7836979 2.558019 
