0.6120677 0.7077942 2.719644 0.5782004 0.5038933 2.672904 0.5419727 0.288406 2.63289 0.4175725 0.5336537 2.658064 0.2400929 0.3213791 2.67516 0.1836262 0.3412093 2.39654 0.7388282 0.4741329 2.687745 0.8107517 0.1655098 2.543863 0.7636402 0.1631495 2.252885 0.4054911 0.09149323 2.583612 0.280998 -0.3135422 2.691096 0.08207127 -0.7948623 2.772374 0.6059991 0.05434399 2.602137 0.5619596 -0.382189 2.536243 0.5403568 -0.7992146 2.569793 
0.6178209 0.7001004 2.718126 0.5824912 0.4931149 2.671714 0.5466396 0.2772751 2.633154 0.4222879 0.5232714 2.651865 0.2422658 0.3126007 2.669298 0.1890183 0.3338881 2.389477 0.7426946 0.4629585 2.691564 0.8226802 0.150123 2.554214 0.7724856 0.1514985 2.266216 0.4108632 0.08024494 2.582212 0.2650007 -0.3242734 2.684386 0.07915605 -0.7890282 2.773878 0.6107127 0.04262561 2.606974 0.5636925 -0.3935136 2.537219 0.5411353 -0.789273 2.574443 
0.6213334 0.7095433 2.719557 0.5856581 0.5006812 2.672961 0.548519 0.2850671 2.634348 0.4250013 0.5310593 2.657855 0.2476317 0.3222962 2.666665 0.1840931 0.3425109 2.388305 0.7463148 0.4703031 2.688068 0.8228388 0.1590595 2.545627 0.7642452 0.1578345 2.261 0.4111104 0.08841275 2.586306 0.2492061 -0.3169867 2.65087 0.07928304 -0.7563462 2.744209 0.6116496 0.05049338 2.605163 0.5644586 -0.3878252 2.553157 0.5400112 -0.7766934 2.570921 
0.6254669 0.7242826 2.718779 0.589307 0.5135539 2.675482 0.5509599 0.2976699 2.639768 0.4281278 0.5433312 2.668546 0.246878 0.3345767 2.678352 0.1834444 0.3646357 2.401481 0.7504862 0.4837765 2.682417 0.8295012 0.1715671 2.543848 0.7630275 0.1658777 2.261832 0.4119385 0.1003851 2.599721 0.236221 -0.3014757 2.605205 0.09481155 -0.7032754 2.688449 0.613287 0.06318672 2.608386 0.5641689 -0.3764723 2.591989 0.5437117 -0.7780903 2.572575 
0.6292139 0.7363218 2.718875 0.5928798 0.5245003 2.678041 0.5539321 0.3083481 2.644675 0.431444 0.5535731 2.678143 0.2489826 0.3452411 2.707177 0.1707257 0.3784896 2.432975 0.7543157 0.4954275 2.677939 0.8243076 0.1853097 2.530444 0.753929 0.1744867 2.250531 0.4142266 0.1103414 2.611372 0.2233816 -0.2729321 2.539894 0.1336182 -0.6346692 2.600633 0.6157423 0.07405064 2.611245 0.5605296 -0.3652152 2.619534 0.5475101 -0.7834923 2.570518 
0.630802 0.7425355 2.71897 0.5916966 0.5322987 2.681104 0.5502838 0.3162825 2.649982 0.4306544 0.5619669 2.689471 0.2550374 0.3530605 2.738143 0.163861 0.388943 2.475119 0.7527388 0.5026306 2.672738 0.8167166 0.1941765 2.518285 0.7428024 0.1769239 2.239656 0.40833 0.1187885 2.624083 0.2150381 -0.239551 2.47882 0.1727462 -0.5343839 2.507187 0.6094121 0.08174393 2.613636 0.5470291 -0.3566246 2.635362 0.5376186 -0.7879454 2.562214 
0.6322788 0.7505632 2.718227 0.5889884 0.5397161 2.684425 0.5443385 0.3239492 2.656066 0.4285792 0.5708241 2.700299 0.2665245 0.3582431 2.779055 0.14158 0.3907165 2.527766 0.7493976 0.5086081 2.668551 0.8054516 0.1965521 2.483847 0.732918 0.1754368 2.204323 0.3996352 0.1275855 2.637609 0.2242265 -0.135355 2.354399 0.2507908 -0.381388 2.365172 0.5997417 0.08877894 2.617806 0.534337 -0.3496935 2.643525 0.5384852 -0.7939184 2.553936 
0.6296282 0.746885 2.718596 0.5863905 0.5375007 2.683805 0.5404709 0.3221706 2.654152 0.4262601 0.5691613 2.701868 0.266254 0.3616287 2.792032 0.1334558 0.3873562 2.544618 0.7465209 0.5058399 2.665741 0.7922161 0.1932701 2.467435 0.718927 0.1701616 2.188106 0.3946563 0.1265917 2.635767 0.2165868 0.02490453 2.317911 0.2963689 -0.269112 2.293298 0.5944462 0.08708961 2.61323 0.5217065 -0.3505861 2.632798 0.5369906 -0.8009813 2.548497 
0.626292 0.7423624 2.719292 0.5808053 0.5338069 2.684207 0.5331146 0.3188311 2.654761 0.421284 0.566215 2.705966 0.243628 0.3763112 2.812534 0.1172047 0.3760247 2.556043 0.7403266 0.5013989 2.662447 0.77461 0.1871322 2.461739 0.6957 0.1562898 2.181449 0.3858734 0.1240799 2.638895 0.2080198 0.1544387 2.317992 0.3694108 -0.1830695 2.232185 0.5849745 0.08363089 2.611736 0.5154063 -0.3548618 2.625181 0.5326695 -0.8026073 2.552038 
0.6203288 0.7221684 2.711657 0.570203 0.5130613 2.678246 0.5196099 0.2990363 2.646932 0.4116241 0.5467222 2.704391 0.2531614 0.318163 2.788446 0.119397 0.272903 2.534529 0.7287819 0.4794005 2.652101 0.7502771 0.1690437 2.453917 0.6656231 0.1319248 2.16586 0.370041 0.1060204 2.631936 0.2025496 0.2149221 2.313455 0.4397451 -0.112332 2.177552 0.5679925 0.06400198 2.599299 0.5150367 -0.3762588 2.592375 0.526105 -0.8187035 2.540809 
0.6145955 0.6889533 2.697978 0.5575618 0.4816154 2.672201 0.5003269 0.2689378 2.644438 0.4011108 0.5195307 2.704284 0.2320972 0.2958057 2.800751 0.09259972 0.292946 2.546601 0.7140127 0.4437 2.640119 0.7413254 0.1846848 2.511355 0.6598713 0.1321127 2.237463 0.34539 0.079938 2.63671 0.2002661 0.2861458 2.32397 0.514315 -0.0009177246 2.148244 0.540794 0.03258254 2.59664 0.520157 -0.4102612 2.579763 0.5182968 -0.8085007 2.548992 
0.6126537 0.6726273 2.699025 0.5514296 0.4667946 2.672728 0.4895813 0.255451 2.644332 0.3965502 0.5072337 2.709087 0.2367307 0.2904053 2.80424 0.08982005 0.3012079 2.553465 0.7063091 0.4263553 2.636369 0.7359204 0.1591688 2.526144 0.6593947 0.125651 2.247871 0.3310806 0.06934349 2.638627 0.2084467 0.2831987 2.325474 0.5374712 0.002166931 2.137111 0.5243853 0.01887138 2.593247 0.5310409 -0.4240711 2.582742 0.5256944 -0.8095016 2.551667 
0.6085975 0.6680827 2.698995 0.5486894 0.4598505 2.674647 0.4874781 0.247972 2.648455 0.3935323 0.5002809 2.710193 0.2391225 0.283494 2.806108 0.08602522 0.3036471 2.558331 0.7038466 0.4194201 2.639101 0.7346394 0.1340395 2.529035 0.6493126 0.09801926 2.204913 0.3294872 0.06131193 2.644434 0.2203316 0.2708698 2.322513 0.5303438 -0.03464603 2.120831 0.5230462 0.01087489 2.600091 0.5409564 -0.4322435 2.58997 0.5416879 -0.8048878 2.558832 
