0.1997524 0.7512378 2.835708 0.1547214 0.5384967 2.793394 0.1072163 0.3236947 2.752886 -0.008810177 0.5757666 2.787541 -0.1832623 0.293792 2.742984 -0.2890777 0.1497516 2.480061 0.318253 0.5012267 2.799246 0.3807377 0.1909044 2.59331 0.3783616 0.03591992 2.30635 -0.04090583 0.1318239 2.708778 -0.1512553 -0.2984114 2.733837 -0.3532224 -0.7652108 2.769485 0.1603281 0.08596139 2.71598 0.1230952 -0.3588839 2.688253 0.115641 -0.7861931 2.669629 
0.204096 0.7507499 2.817916 0.1569593 0.5360198 2.789448 0.1076611 0.3201515 2.759125 -0.006557308 0.5735932 2.787805 -0.1820305 0.2982711 2.761019 -0.3001153 0.1532134 2.498834 0.320476 0.4984463 2.791091 0.3860129 0.1975162 2.589663 0.3744491 0.05690195 2.297576 -0.04227634 0.1274086 2.727791 -0.1589198 -0.300318 2.707222 -0.3403222 -0.748141 2.750996 0.1590022 0.08115808 2.729814 0.1250439 -0.3645146 2.715219 0.113516 -0.7914192 2.683678 
0.2054639 0.7436183 2.798064 0.1577688 0.5274307 2.785679 0.1079157 0.310268 2.767322 -0.00579747 0.5646152 2.789992 -0.1786888 0.3049866 2.780505 -0.3139172 0.1530202 2.539862 0.321335 0.4902461 2.781366 0.3848497 0.2011721 2.56792 0.371904 0.079109 2.276007 -0.04258052 0.1159852 2.751619 -0.1648037 -0.2872062 2.620061 -0.2946495 -0.6901311 2.670096 0.1587058 0.0702254 2.746311 0.1296772 -0.375908 2.72898 0.1148105 -0.7962908 2.675659 
0.2099442 0.7489433 2.811139 0.1604351 0.5323526 2.793653 0.1079042 0.3160509 2.772096 -0.002429157 0.5708345 2.804402 -0.1823938 0.3070487 2.796295 -0.3254753 0.1479346 2.570007 0.3232994 0.4938707 2.782905 0.3833551 0.1985473 2.550523 0.3671794 0.08536791 2.257745 -0.04490067 0.1234421 2.757156 -0.1653981 -0.2470627 2.55714 -0.248813 -0.6162851 2.589778 0.1556473 0.07605627 2.74392 0.1175463 -0.3693193 2.72531 0.1131941 -0.7875415 2.663958 
0.2091671 0.7482607 2.80662 0.1592259 0.5326166 2.794436 0.1069924 0.3158855 2.776228 -0.003648972 0.5708184 2.806959 -0.1841827 0.3090078 2.814142 -0.3341983 0.1488259 2.596154 0.3221006 0.494415 2.781913 0.3791979 0.2027835 2.551757 0.3671567 0.08664643 2.258661 -0.0454194 0.1226508 2.765723 -0.1618012 -0.2171572 2.513932 -0.196261 -0.5631272 2.532133 0.1549374 0.07565784 2.750318 0.1112889 -0.3694507 2.74165 0.1105314 -0.7916365 2.672522 
0.2069254 0.7570202 2.820243 0.1574669 0.5392936 2.806696 0.1048533 0.3228213 2.785862 -0.004986072 0.5769982 2.825187 -0.1785581 0.3017666 2.845046 -0.3479936 0.1420039 2.632304 0.3199198 0.5015891 2.788205 0.3692803 0.2071875 2.558689 0.3487774 0.08710071 2.260247 -0.04770481 0.1295457 2.776404 -0.1754907 0.01652837 2.383474 -0.08110569 -0.3719641 2.382274 0.1521844 0.08315239 2.753652 0.09234313 -0.3595013 2.730441 0.1128853 -0.794849 2.661583 
0.2064521 0.7529789 2.821198 0.1550275 0.5353088 2.808807 0.1008067 0.3191321 2.788967 -0.006632778 0.5737406 2.831856 -0.1802669 0.3073702 2.849047 -0.3474703 0.1185466 2.633146 0.3166877 0.496877 2.785757 0.3611548 0.2055962 2.556863 0.3345236 0.07924478 2.255569 -0.05290798 0.1266084 2.783314 -0.1864522 0.1105143 2.368952 -0.04025967 -0.2517319 2.322352 0.14608 0.07930258 2.754942 0.09044467 -0.3633115 2.722189 0.1124125 -0.8017565 2.666801 
0.2032464 0.7472268 2.832157 0.1516979 0.530473 2.814373 0.09775332 0.3146902 2.79028 -0.01010961 0.5683208 2.837689 -0.2024583 0.2955184 2.856772 -0.3490171 0.1077532 2.633818 0.3135055 0.4926252 2.791058 0.3480718 0.1922967 2.575929 0.3168851 0.07259547 2.282203 -0.05572712 0.1221895 2.780529 -0.1889871 0.1883144 2.351221 0.02110913 -0.1458087 2.265921 0.1433445 0.07562544 2.751844 0.09943905 -0.3678593 2.714143 0.1110397 -0.7961273 2.66513 
0.1989015 0.7363342 2.838155 0.1451109 0.5218118 2.817609 0.08899324 0.306791 2.791672 -0.01594058 0.5606328 2.844232 -0.2074982 0.2928825 2.856781 -0.3492555 0.09931873 2.639103 0.3061624 0.4829908 2.790987 0.339516 0.1926333 2.572491 0.2964329 0.06551062 2.283338 -0.06622993 0.1156593 2.782118 -0.1985437 0.2418282 2.366087 0.07150447 -0.08173335 2.244937 0.131981 0.06788112 2.749352 0.09499469 -0.3759487 2.707532 0.09698945 -0.7959619 2.666621 
0.1995759 0.7238164 2.851642 0.1434551 0.5090615 2.823686 0.08538968 0.2953244 2.792427 -0.0171812 0.5485774 2.851883 -0.1975561 0.264393 2.865267 -0.348994 0.09267412 2.638959 0.3040914 0.4695456 2.795489 0.332909 0.2334668 2.624989 0.2898412 0.119389 2.358972 -0.07150557 0.105899 2.778516 -0.1902988 0.2824326 2.370625 0.1232253 -0.0188482 2.22755 0.1261541 0.05727548 2.74382 0.1104571 -0.3858878 2.689477 0.1018849 -0.792731 2.6645 
0.1987625 0.7053987 2.834987 0.1421625 0.4902135 2.821607 0.08459312 0.2750129 2.802269 -0.01860532 0.5309218 2.847198 -0.1935763 0.2455873 2.863178 -0.3571717 0.0755239 2.644416 0.3029303 0.4495052 2.796016 0.3213057 0.2097277 2.608516 0.2723627 0.0478819 2.338617 -0.07191468 0.08486473 2.798681 -0.1817936 0.3144797 2.391558 0.1578375 0.009409546 2.22629 0.1259622 0.03476005 2.767183 0.1219012 -0.4064606 2.695417 0.1065908 -0.7951692 2.680648 
0.2000414 0.7041196 2.829558 0.141105 0.4882317 2.818512 0.08113272 0.2736183 2.79911 -0.01904257 0.5305528 2.845403 -0.1439058 0.2660299 2.853804 -0.2827162 0.08702 2.668546 0.3012526 0.4459106 2.791622 0.3141551 0.1858577 2.598766 0.2513692 0.05585472 2.318064 -0.07737582 0.08504447 2.796253 -0.1847704 0.3143449 2.376241 0.1470451 -0.007190186 2.213107 0.1196967 0.03296544 2.763162 0.1171228 -0.4068486 2.682269 0.1000255 -0.7871159 2.666223 
