0.4669206 0.7239032 2.71793 0.4518818 0.5092029 2.684534 0.4378624 0.2891433 2.65746 0.2887754 0.5212747 2.670872 0.1396413 0.285476 2.64059 0.1668144 0.3448173 2.363833 0.6149881 0.4971311 2.698195 0.700603 0.1764973 2.651479 0.7848276 0.1163464 2.364671 0.3221472 0.07661042 2.621869 0.1835834 -0.3384285 2.637876 0.009402008 -0.7743606 2.719934 0.5255389 0.06155707 2.638904 0.5218954 -0.3750366 2.560151 0.5343249 -0.7751237 2.575714 
0.485153 0.7355685 2.723432 0.4709359 0.5215097 2.688975 0.4550314 0.3019866 2.659207 0.3077706 0.535076 2.676106 0.1536944 0.323099 2.672102 0.1509016 0.3513941 2.39163 0.6341012 0.5079433 2.701843 0.7271838 0.1986438 2.654881 0.8066232 0.1336023 2.35911 0.3373299 0.09092746 2.62141 0.1995803 -0.3198685 2.547237 0.05093835 -0.7207471 2.64114 0.540924 0.07399967 2.637467 0.5353919 -0.367075 2.588531 0.5432514 -0.7793838 2.580179 
0.495119 0.7443369 2.721151 0.4815918 0.5287442 2.690772 0.4679429 0.3087797 2.663089 0.3179563 0.5397038 2.684368 0.1548885 0.3355249 2.707491 0.1369857 0.3530901 2.424433 0.6452274 0.5177845 2.697176 0.7461367 0.2098532 2.651907 0.7982457 0.1446839 2.350559 0.3521091 0.09565908 2.631407 0.2190029 -0.2929041 2.486206 0.1207695 -0.6446609 2.562091 0.5564787 0.08197122 2.639405 0.5436234 -0.3598975 2.598371 0.5469556 -0.7771798 2.5773 
0.5037207 0.7504546 2.730054 0.489874 0.5352119 2.697166 0.4762387 0.3154992 2.667392 0.3261764 0.5451099 2.699091 0.1608923 0.3333059 2.746747 0.1166176 0.3435565 2.466156 0.6535717 0.5253139 2.69524 0.7500128 0.21789 2.630954 0.7788245 0.1471915 2.325098 0.3603716 0.1019681 2.63882 0.2228832 -0.1987177 2.384533 0.2056333 -0.5309024 2.454996 0.5648352 0.08960507 2.636415 0.5350599 -0.3518482 2.602108 0.540095 -0.7769333 2.57225 
0.5126985 0.7507114 2.727379 0.494182 0.5360774 2.699023 0.473707 0.3165672 2.672289 0.3317604 0.5490859 2.716606 0.1995716 0.3194769 2.806843 0.09005076 0.3189411 2.544436 0.6566036 0.5230689 2.681439 0.7456118 0.2192671 2.597625 0.7399315 0.1329121 2.288678 0.3517747 0.1051828 2.656538 0.2014492 0.03085663 2.300078 0.3081368 -0.3389395 2.316444 0.5546895 0.08893114 2.634571 0.5125732 -0.3528421 2.621154 0.5212926 -0.7871123 2.575075 
0.513634 0.7457259 2.723693 0.4945185 0.5307486 2.69824 0.4726222 0.3111564 2.673005 0.3329177 0.5440678 2.722557 0.1983137 0.3112117 2.825442 0.07093578 0.3028103 2.573444 0.6561192 0.5174293 2.673924 0.7283394 0.206148 2.567849 0.7051113 0.1161205 2.26042 0.3499227 0.09987246 2.662938 0.2102948 0.1214313 2.282535 0.3661385 -0.2179667 2.246718 0.5515293 0.08325587 2.632601 0.5212179 -0.3588862 2.607887 0.5291829 -0.7903129 2.573522 
0.5156955 0.7347223 2.721303 0.4972004 0.5192018 2.694914 0.4768147 0.2995134 2.669045 0.3363774 0.5305734 2.725077 0.1831448 0.2916173 2.837188 0.05514902 0.2766389 2.599586 0.6580234 0.5078302 2.664751 0.7116582 0.1885714 2.541401 0.666496 0.09362048 2.232874 0.3561022 0.08691891 2.661994 0.2243141 0.1944031 2.288079 0.426736 -0.116296 2.196671 0.5567559 0.07273099 2.62436 0.5338159 -0.3691003 2.588168 0.5367754 -0.792817 2.567993 
0.5139777 0.7178202 2.71056 0.4972005 0.4997607 2.688179 0.4794265 0.2797002 2.663587 0.3373283 0.5086827 2.72389 0.1705908 0.2772917 2.854033 0.04925048 0.261249 2.616791 0.6570727 0.4908387 2.652468 0.7006019 0.2074945 2.542439 0.6519319 0.04613619 2.279154 0.3619024 0.0652065 2.661277 0.2273929 0.2369651 2.307816 0.4841039 -0.06638443 2.166612 0.5614027 0.05407295 2.616715 0.5376645 -0.3867885 2.569685 0.5354192 -0.7998124 2.567506 
0.5184885 0.7070819 2.706362 0.4995687 0.4878209 2.68705 0.4806293 0.2677309 2.664132 0.3413339 0.4969778 2.729878 0.1551849 0.263043 2.868036 0.04479293 0.2459167 2.624054 0.6578034 0.4786641 2.644223 0.6860383 0.2133128 2.544357 0.6393496 0.006652054 2.309635 0.3629667 0.05335388 2.667935 0.2276108 0.2835968 2.335091 0.5177886 -0.0219906 2.15954 0.5604133 0.04192786 2.614494 0.5326267 -0.3999171 2.57801 0.529447 -0.7940593 2.5801 
0.5235479 0.7053307 2.712651 0.5027043 0.4869058 2.690672 0.481908 0.2669745 2.667482 0.3454422 0.4969053 2.736867 0.1450889 0.2735253 2.910534 0.05423461 0.2509156 2.650743 0.6599665 0.4769062 2.644478 0.7175165 0.2236487 2.645701 0.6593594 0.07640246 2.38748 0.3629867 0.05328264 2.673115 0.2252001 0.2781217 2.330123 0.501289 -0.02967197 2.159848 0.5592367 0.04080406 2.615468 0.5359302 -0.4011261 2.576471 0.5289832 -0.7858692 2.573616 
0.5271293 0.7148139 2.716418 0.5012487 0.4968669 2.697288 0.4740971 0.2774289 2.676973 0.3464466 0.5111653 2.749738 0.1390986 0.2852313 2.93289 0.07250257 0.260891 2.661303 0.6560508 0.4825684 2.644838 0.7083573 0.2206273 2.580659 0.6789539 0.02880786 2.356619 0.3502566 0.06692167 2.689419 0.1983667 0.2642407 2.340753 0.4459111 -0.0541561 2.194115 0.5436345 0.0490601 2.623899 0.5242763 -0.3938222 2.596838 0.5139772 -0.775618 2.580735 
