0.6143317 0.6951977 2.705962 0.5820298 0.493644 2.662447 0.5434336 0.2774598 2.628839 0.4250577 0.5265262 2.631203 0.2362755 0.3406486 2.624211 0.2003742 0.3488114 2.342824 0.7390019 0.4607619 2.693692 0.8325543 0.1488857 2.56537 0.821974 0.1404951 2.272764 0.4067109 0.08183078 2.575699 0.274017 -0.3077292 2.694916 0.078905 -0.7857136 2.804301 0.6029637 0.04072025 2.614762 0.5634607 -0.3940347 2.539114 0.5387682 -0.8068671 2.573981 
0.6167377 0.6757922 2.700213 0.5828055 0.4714813 2.657115 0.5457969 0.2548321 2.624657 0.4266319 0.503881 2.618926 0.235553 0.3321651 2.613322 0.2131059 0.3346887 2.327996 0.7389791 0.4390817 2.695305 0.8368781 0.1307199 2.57634 0.8255842 0.1149545 2.280025 0.4115091 0.05836434 2.56841 0.2662467 -0.3317742 2.710893 0.07592373 -0.7940782 2.835635 0.6060672 0.01800148 2.615987 0.5668333 -0.413471 2.519774 0.5388482 -0.7897858 2.573724 
0.6206415 0.6766697 2.710086 0.5863356 0.4722642 2.661238 0.5490906 0.2563324 2.62475 0.4293532 0.5052128 2.626492 0.235242 0.3351191 2.623659 0.2190396 0.3354465 2.339003 0.743318 0.4393155 2.695985 0.8363887 0.1308365 2.57118 0.8280634 0.1146861 2.274554 0.4139478 0.06094817 2.566592 0.2558783 -0.3359803 2.674124 0.07303777 -0.7760488 2.813551 0.6097434 0.01985312 2.60993 0.5726459 -0.41523 2.53108 0.5427752 -0.782366 2.569398 
0.6262307 0.69041 2.714543 0.5910909 0.4834706 2.664313 0.5527561 0.2682591 2.624837 0.4329407 0.5168316 2.636016 0.2380713 0.3356051 2.622849 0.2133649 0.3432061 2.340729 0.7492412 0.4501096 2.692609 0.8461263 0.1418851 2.560119 0.8268375 0.1295733 2.265285 0.4157048 0.07387129 2.567699 0.2473402 -0.3280231 2.621074 0.08608145 -0.7353767 2.768276 0.6131375 0.03222383 2.603024 0.5773313 -0.4067458 2.55763 0.5460036 -0.7757679 2.566827 
0.6314099 0.7068448 2.725833 0.5937567 0.4996944 2.671649 0.5525641 0.2855062 2.629636 0.4345692 0.5339946 2.65286 0.2359738 0.3543442 2.643501 0.1979566 0.3544673 2.360576 0.7529443 0.4653942 2.690437 0.8544799 0.1608962 2.545654 0.8143211 0.1510616 2.256066 0.4119271 0.09274541 2.575886 0.2453755 -0.3116771 2.568268 0.1183939 -0.6747457 2.684234 0.6108161 0.04989073 2.599362 0.5733089 -0.3904263 2.591246 0.5390917 -0.7709448 2.570695 
0.6370005 0.7261408 2.741922 0.5987838 0.5172668 2.681999 0.5563522 0.304343 2.635224 0.4389466 0.5518161 2.669723 0.232408 0.3672513 2.675771 0.1879432 0.3692468 2.395227 0.758621 0.4827174 2.694275 0.8561309 0.177392 2.539364 0.8051879 0.1644987 2.252727 0.4142131 0.1129712 2.58079 0.2498133 -0.2608069 2.461449 0.1853599 -0.5865347 2.575325 0.613628 0.06986705 2.596107 0.5745293 -0.3700314 2.617822 0.5441756 -0.7748744 2.563354 
0.6375381 0.7343282 2.739957 0.5977984 0.527586 2.685429 0.5540592 0.3140313 2.642935 0.4374523 0.561639 2.679339 0.2362716 0.3795462 2.704395 0.175274 0.3808387 2.42738 0.7581446 0.4935329 2.691519 0.8471586 0.1882366 2.527214 0.7908658 0.1699644 2.242394 0.4102823 0.1217219 2.596642 0.2515281 -0.1437547 2.3806 0.2513013 -0.4761186 2.471538 0.6103576 0.07923146 2.604241 0.5633782 -0.358895 2.646881 0.5379044 -0.787095 2.569906 
0.6369337 0.7440509 2.74021 0.5947141 0.5367771 2.690524 0.5497468 0.3229011 2.650701 0.4340256 0.5706009 2.690313 0.2435801 0.3868712 2.747854 0.1671914 0.3954339 2.473343 0.7554026 0.5029532 2.690735 0.8250569 0.1945659 2.506563 0.758511 0.1724257 2.224693 0.4045399 0.1301248 2.610747 0.2681231 0.04505612 2.290606 0.3520664 -0.2975349 2.30659 0.6050192 0.08792525 2.61101 0.5490206 -0.3514492 2.638998 0.5383904 -0.7917646 2.564086 
0.6367878 0.7458722 2.747596 0.5935341 0.5407339 2.695005 0.5478622 0.327913 2.650763 0.4328699 0.5742013 2.699871 0.2417323 0.3894977 2.755944 0.1520236 0.3927529 2.48732 0.7541982 0.5072665 2.69014 0.8134496 0.1882437 2.498293 0.7433856 0.159944 2.215638 0.4019107 0.1359809 2.609557 0.2721746 0.1416536 2.269138 0.4271462 -0.2111419 2.227131 0.6024702 0.09420317 2.603483 0.5503905 -0.3462815 2.623171 0.5382816 -0.7863717 2.556186 
0.6335008 0.7304081 2.744765 0.5880641 0.5292365 2.690862 0.5379395 0.3184783 2.642135 0.4281245 0.5661231 2.695844 0.2358742 0.3907498 2.760925 0.1403015 0.3866887 2.489557 0.7480037 0.49235 2.68588 0.795234 0.1801217 2.484175 0.7239054 0.1455353 2.195626 0.3880201 0.1307355 2.596516 0.2645509 0.2036809 2.26061 0.4940367 -0.1192169 2.162606 0.58761 0.08470454 2.590299 0.5442939 -0.3566221 2.613819 0.5296521 -0.8073738 2.546655 
0.6308165 0.7117673 2.742852 0.5839277 0.5092027 2.686721 0.5334294 0.3001598 2.631572 0.4241298 0.5470729 2.689496 0.2219763 0.380333 2.766441 0.127885 0.3752528 2.497329 0.7437256 0.4713325 2.683946 0.7776639 0.2244854 2.534515 0.7174752 0.1836177 2.253228 0.3832278 0.1147455 2.578154 0.2784444 0.2449676 2.262449 0.5726873 -0.05148131 2.134947 0.5826344 0.06748848 2.574691 0.5631379 -0.3753202 2.583203 0.5407473 -0.8146488 2.546846 
0.6284181 0.6923473 2.741404 0.5808358 0.4904473 2.684217 0.5302681 0.2822032 2.625958 0.4209559 0.5276583 2.689981 0.2119639 0.3651941 2.777727 0.1153268 0.3581955 2.510238 0.7407157 0.4532363 2.678453 0.7681982 0.1987059 2.541071 0.7179994 0.1687898 2.256466 0.3799294 0.09718016 2.571296 0.2842804 0.2734002 2.277545 0.6084018 -0.01782422 2.135794 0.5794712 0.05073814 2.564102 0.5741077 -0.3927986 2.569681 0.5426443 -0.811434 2.553154 
0.6260488 0.6830505 2.741207 0.5765386 0.4818122 2.684438 0.52389 0.2737662 2.627168 0.4169953 0.5193571 2.694718 0.2179909 0.3530779 2.78939 0.1144619 0.346121 2.520447 0.7360819 0.4442674 2.67416 0.7646387 0.1847346 2.546715 0.7167327 0.1684349 2.260612 0.3716576 0.08915497 2.576313 0.2795435 0.2804657 2.283219 0.6066042 -0.004146576 2.147344 0.570825 0.04228554 2.563481 0.5638235 -0.4015653 2.571224 0.5327898 -0.8008157 2.562745 
