0.119979 0.7496434 2.821105 0.08881436 0.5311735 2.798193 0.05547446 0.3117151 2.76996 -0.07658643 0.5541129 2.815202 -0.1681626 0.2369879 2.780035 -0.2460995 0.03083284 2.546251 0.2542151 0.5082342 2.781185 0.328624 0.147829 2.690628 0.3548636 -0.1039313 2.484841 -0.07963853 0.1063715 2.752192 -0.1841812 -0.328398 2.736738 -0.2798162 -0.7645547 2.816607 0.1239077 0.07814183 2.731261 0.09016845 -0.3649948 2.783342 0.1138813 -0.8030061 2.664281 
0.1213391 0.7464269 2.810607 0.0905049 0.5273085 2.793319 0.0570555 0.3074181 2.769099 -0.07470856 0.5504023 2.811825 -0.1680654 0.2389782 2.783018 -0.2454668 0.03219714 2.548263 0.2557184 0.5042148 2.774815 0.3273312 0.1449252 2.69331 0.35491 -0.1060744 2.481605 -0.07805578 0.1017381 2.756265 -0.1794448 -0.3337326 2.738415 -0.277082 -0.7689835 2.821522 0.125268 0.07331723 2.733492 0.09245799 -0.368888 2.793322 0.1144975 -0.8079728 2.661686 
0.1194166 0.7453138 2.806357 0.08847464 0.5261753 2.791284 0.05510887 0.3060975 2.768543 -0.07651268 0.549062 2.811867 -0.1675244 0.2344809 2.780008 -0.2467123 0.03213945 2.542857 0.253462 0.5032886 2.770701 0.3276757 0.1399684 2.694153 0.3548777 -0.1076987 2.476973 -0.07978193 0.1001031 2.758468 -0.1817227 -0.3351468 2.73781 -0.2795807 -0.7668152 2.82343 0.1232681 0.07193647 2.733137 0.09475911 -0.3726144 2.763979 0.09873527 -0.807012 2.707447 
0.1218707 0.7488211 2.815225 0.09027213 0.5289426 2.795577 0.0559478 0.3093634 2.769757 -0.07489615 0.5526568 2.813476 -0.1697401 0.2367183 2.77699 -0.2467807 0.03221976 2.542287 0.2554404 0.5052283 2.777678 0.3263667 0.1394999 2.690074 0.3540502 -0.1076343 2.473027 -0.08001654 0.1043773 2.754952 -0.1835184 -0.3305203 2.734159 -0.2771754 -0.7588184 2.8166 0.1232635 0.07519115 2.732923 0.08969738 -0.3683749 2.775437 0.1083581 -0.8020558 2.688188 
0.1247273 0.7468464 2.80817 0.09273363 0.5276708 2.792387 0.05776775 0.3079289 2.768865 -0.07218289 0.5518116 2.812015 -0.1703595 0.2398485 2.7755 -0.2453998 0.03422398 2.541364 0.2576501 0.5035299 2.77276 0.3261959 0.1377562 2.688037 0.3528922 -0.1089025 2.468497 -0.07867027 0.1030408 2.757419 -0.1805046 -0.3324538 2.742107 -0.2781581 -0.7628903 2.81803 0.124274 0.07333345 2.733265 0.09303366 -0.3707626 2.775603 0.1141748 -0.806499 2.674554 
0.1285726 0.7526378 2.819126 0.09756348 0.5323147 2.797151 0.0644462 0.3127761 2.76937 -0.06764676 0.5548085 2.816339 -0.1648394 0.2294596 2.775633 -0.2491765 0.03180753 2.535829 0.2627737 0.5098209 2.777964 0.3267986 0.131691 2.682255 0.3515251 -0.1161575 2.45564 -0.07032435 0.1070779 2.753395 -0.1765648 -0.3266708 2.72571 -0.2776424 -0.7539796 2.799422 0.1329822 0.07939723 2.729783 0.09480678 -0.3646137 2.769615 0.1217525 -0.8010365 2.661994 
0.1324853 0.7540685 2.82212 0.1008792 0.5346739 2.799803 0.06748451 0.3153028 2.770975 -0.06417412 0.5570937 2.820395 -0.1669231 0.2377333 2.77782 -0.2542606 0.04068146 2.538613 0.2659325 0.5122541 2.779209 0.3283945 0.1458424 2.687629 0.363222 -0.1033279 2.467885 -0.06746908 0.1097269 2.754819 -0.1780813 -0.3186799 2.695975 -0.2778309 -0.7490476 2.775621 0.1356487 0.08213668 2.729477 0.1011077 -0.3625414 2.765349 0.1216794 -0.8029615 2.65734 
0.1368101 0.7554926 2.82312 0.1053571 0.5359258 2.801673 0.0715831 0.3164874 2.773776 -0.0591088 0.5580899 2.826444 -0.167451 0.243856 2.783914 -0.263133 0.04496704 2.549126 0.2698229 0.5137617 2.776903 0.34471 0.1519271 2.688319 0.3681225 -0.1018032 2.474063 -0.0634175 0.1106906 2.761125 -0.1750405 -0.3097381 2.665551 -0.2547874 -0.7328827 2.734903 0.1390358 0.08340726 2.730633 0.1062169 -0.3618543 2.760412 0.1223976 -0.8030821 2.660476 
0.1421568 0.7528005 2.823626 0.1100614 0.5339332 2.80331 0.07540542 0.3144268 2.777109 -0.05359855 0.5562736 2.832619 -0.1632046 0.2464073 2.798469 -0.272213 0.05422144 2.567419 0.2737213 0.5115928 2.774001 0.3473797 0.1559743 2.682669 0.3619482 -0.09254198 2.462022 -0.05997344 0.1086696 2.768945 -0.1754919 -0.2894927 2.615389 -0.1900162 -0.6859431 2.667619 0.1414723 0.08117125 2.73287 0.1087081 -0.3644258 2.757507 0.1209593 -0.8059087 2.663887 
0.1487283 0.7539641 2.823867 0.115444 0.5348575 2.804549 0.07944334 0.3153857 2.779947 -0.04802064 0.5583364 2.834297 -0.1580984 0.246203 2.816738 -0.2866763 0.06108623 2.588164 0.2789086 0.5113786 2.774801 0.3466924 0.1564868 2.67033 0.3560483 -0.09198714 2.450199 -0.0571146 0.1103574 2.773645 -0.1571911 -0.2592234 2.558247 -0.1094014 -0.5972772 2.57659 0.1440001 0.08147064 2.737045 0.1047653 -0.3636937 2.759741 0.1197735 -0.801523 2.667488 
0.1559943 0.7535816 2.824491 0.1190373 0.5344843 2.805728 0.07966305 0.3154993 2.782164 -0.04392819 0.5605171 2.836107 -0.1640462 0.2476008 2.831374 -0.3028981 0.05942175 2.606847 0.2820029 0.5084515 2.775349 0.3393483 0.1562422 2.660165 0.3470063 -0.08203632 2.430522 -0.05998426 0.1125323 2.777291 -0.1793621 -0.1632851 2.469417 -0.0459672 -0.481812 2.470089 0.1405618 0.08049634 2.739907 0.08413965 -0.361796 2.772453 0.1121457 -0.8018799 2.666023 
0.1595223 0.7554129 2.838459 0.1199703 0.5378566 2.813236 0.07785631 0.3198851 2.785352 -0.04270019 0.5653428 2.84406 -0.152204 0.2700006 2.852743 -0.3038709 0.06756628 2.653665 0.2826408 0.5103704 2.782411 0.3303407 0.1593084 2.637303 0.3283043 -0.06717025 2.392858 -0.06434366 0.1188251 2.776435 -0.2219554 0.03180155 2.379307 0.02739337 -0.3018302 2.330225 0.1358283 0.08500224 2.738504 0.08830692 -0.359259 2.757995 0.1134879 -0.7964925 2.668117 
0.159836 0.7554003 2.840791 0.1175785 0.5377191 2.814998 0.07282335 0.3204094 2.786109 -0.04462704 0.5669134 2.846682 -0.1521022 0.2780038 2.862872 -0.3122318 0.0529561 2.654871 0.2797841 0.5085248 2.783313 0.3266706 0.1656488 2.626162 0.3193559 -0.05074487 2.375517 -0.07174063 0.1210637 2.776716 -0.2247074 0.1076823 2.369493 0.06396703 -0.2041335 2.287952 0.127877 0.08513582 2.737724 0.09417429 -0.3602629 2.736112 0.103864 -0.7918524 2.668238 
0.1568501 0.745865 2.832448 0.1153309 0.5281025 2.810601 0.07033534 0.3105055 2.78436 -0.04691941 0.5579269 2.841501 -0.16642 0.268378 2.841987 -0.3247788 0.04198329 2.655478 0.2775812 0.4982781 2.779701 0.3173272 0.1668211 2.608576 0.2990115 -0.03033376 2.344998 -0.07449112 0.1112592 2.777131 -0.2164107 0.1629219 2.364512 0.1069265 -0.1169861 2.253242 0.1251707 0.07455794 2.739106 0.1066987 -0.3712558 2.721159 0.1077063 -0.8020735 2.669388 
0.155545 0.7282324 2.809201 0.114575 0.5102029 2.800796 0.07144465 0.2912585 2.785619 -0.04768664 0.5400287 2.831647 -0.1618667 0.2302336 2.832788 -0.3063243 -0.00149942 2.659323 0.2768367 0.4803771 2.769946 0.3164074 0.2049974 2.627789 0.2930605 -0.0003419037 2.379372 -0.07152793 0.09066647 2.789425 -0.2016963 0.2366197 2.375058 0.164388 -0.02635725 2.236741 0.1281565 0.05396194 2.751459 0.1151358 -0.3902916 2.704582 0.115758 -0.8032664 2.673664 
0.1548674 0.7246863 2.814655 0.1146219 0.5059446 2.802289 0.07261017 0.2870212 2.78368 -0.04780665 0.534462 2.833498 -0.1706066 0.2264211 2.836162 -0.3183922 0.00400917 2.655831 0.2770505 0.4774272 2.77108 0.311633 0.2126877 2.631821 0.2894939 -0.004654984 2.395163 -0.06934661 0.08564501 2.784274 -0.1908993 0.2564451 2.359982 0.1756429 -0.01304337 2.224823 0.1305435 0.05055052 2.745867 0.1139081 -0.392096 2.685754 0.1138141 -0.795474 2.660778 
0.1557109 0.7232542 2.807381 0.116189 0.5042086 2.799832 0.07429355 0.2850224 2.783948 -0.04597677 0.5328543 2.832271 -0.1788056 0.2250328 2.837256 -0.3226361 0.008501511 2.648765 0.2783547 0.4755628 2.767394 0.3096187 0.213267 2.632516 0.2783514 0.006567612 2.388144 -0.06738485 0.08346246 2.788025 -0.1850724 0.252551 2.362324 0.1636986 -0.0336933 2.222744 0.1321811 0.04821014 2.748105 0.1098483 -0.395357 2.695964 0.1128547 -0.7958735 2.668918 
