0.2512063 0.6957343 2.786408 0.1840624 0.4917363 2.751689 0.1146308 0.2805715 2.726406 0.03343777 0.5469005 2.704599 -0.1788268 0.3157021 2.591371 -0.2037586 0.2171874 2.319968 0.3346871 0.4365722 2.798779 0.3765437 0.1507895 2.554833 0.3546617 0.06352862 2.246004 -0.04730391 0.1032846 2.672203 -0.1406515 -0.2990563 2.807895 -0.3221274 -0.7818253 2.862758 0.1377022 0.03552873 2.730042 0.1225191 -0.4007457 2.634277 0.1045956 -0.7859929 2.686288 
0.2568029 0.6919214 2.78575 0.1883297 0.4874156 2.75123 0.1175399 0.2765561 2.72699 0.03840687 0.543427 2.701828 -0.1744167 0.317361 2.584177 -0.1954809 0.2163345 2.315759 0.3382525 0.4314041 2.800632 0.3712659 0.1433906 2.565401 0.3542832 0.05206074 2.255136 -0.04532509 0.1000961 2.672409 -0.148943 -0.3086016 2.801625 -0.3309643 -0.7800391 2.867863 0.1388253 0.03129717 2.73309 0.1254094 -0.40659 2.643345 0.1072746 -0.7810922 2.686493 
0.2615823 0.6929619 2.783926 0.1926211 0.4875519 2.751928 0.1216207 0.2765006 2.730042 0.04206149 0.5432239 2.7035 -0.1757023 0.3181717 2.594582 -0.196104 0.2204345 2.326444 0.3431807 0.4318799 2.800356 0.3781428 0.1446992 2.574695 0.3569149 0.04617039 2.267301 -0.04192582 0.09966969 2.678389 -0.1572079 -0.3180672 2.765651 -0.3304814 -0.7593828 2.855853 0.1431665 0.03122861 2.737925 0.1236857 -0.4094604 2.665807 0.1113352 -0.7794734 2.684038 
0.2689273 0.7047911 2.793027 0.1970862 0.4952206 2.756589 0.1259014 0.2845924 2.73153 0.04552205 0.551713 2.712301 -0.1808782 0.3211249 2.611794 -0.2009459 0.2226832 2.340279 0.3486503 0.4387283 2.800878 0.3770221 0.1458356 2.577856 0.3605917 0.04775335 2.271363 -0.03852417 0.1087178 2.679226 -0.1599026 -0.3146588 2.723397 -0.3210394 -0.7224343 2.823281 0.1479575 0.03921068 2.733717 0.1196189 -0.4024103 2.669958 0.1117728 -0.7742113 2.674397 
0.2714959 0.7158996 2.808084 0.198861 0.5063067 2.766995 0.1274483 0.296347 2.737572 0.04555209 0.5635089 2.730901 -0.1850146 0.3361692 2.639409 -0.2294811 0.2267008 2.37808 0.3521699 0.4491045 2.803088 0.3828792 0.1543783 2.568444 0.3615397 0.06319647 2.264426 -0.03837539 0.1216137 2.685923 -0.1528526 -0.3035431 2.667828 -0.2835554 -0.6508309 2.746402 0.1504467 0.05116092 2.730377 0.1154192 -0.3920864 2.685719 0.1090402 -0.7686859 2.677468 
0.2719425 0.7247342 2.804602 0.1998111 0.5164027 2.770676 0.1281286 0.3060958 2.744516 0.04499982 0.5729566 2.740233 -0.1869652 0.3485264 2.670695 -0.2563588 0.2263052 2.419106 0.3546223 0.4598488 2.801119 0.3870065 0.1662101 2.555234 0.3605055 0.07406691 2.252219 -0.03878958 0.1305794 2.699627 -0.1421859 -0.2885612 2.617929 -0.2477323 -0.603854 2.683021 0.1516819 0.06099857 2.737083 0.1152294 -0.3835491 2.709992 0.1071839 -0.7715914 2.685619 
0.268037 0.7307171 2.814814 0.1987883 0.5226167 2.780906 0.128483 0.3118775 2.754299 0.04193551 0.5774892 2.760753 -0.19249 0.3372888 2.6988 -0.2949491 0.2098562 2.461282 0.3556412 0.4677443 2.801059 0.3869845 0.1855992 2.556575 0.3501672 0.09485664 2.255339 -0.03846021 0.1349455 2.715276 -0.1183914 -0.213659 2.50137 -0.1763307 -0.508072 2.569314 0.1548156 0.06733104 2.740109 0.1182024 -0.3774592 2.71157 0.1080001 -0.7778165 2.684474 
0.2622382 0.7375989 2.822525 0.1944912 0.5290816 2.792177 0.125476 0.3178371 2.766043 0.03576866 0.5821118 2.782683 -0.2036173 0.3320703 2.74593 -0.3299029 0.1813736 2.523312 0.3532137 0.4760514 2.80167 0.3712519 0.1921519 2.541882 0.3331984 0.1091869 2.2405 -0.04111547 0.1391934 2.734074 -0.09974394 0.009277405 2.380456 -0.07947878 -0.3415759 2.415942 0.1540373 0.0739916 2.745746 0.1219072 -0.3712355 2.715872 0.1073849 -0.7835742 2.683343 
0.2587061 0.7304674 2.822816 0.191826 0.5225059 2.794064 0.1233692 0.3109191 2.769246 0.03261421 0.5747896 2.787478 -0.2028006 0.327024 2.764457 -0.3337972 0.1699963 2.544995 0.3510378 0.4702221 2.800649 0.3661393 0.1930818 2.541934 0.3287701 0.1065283 2.242297 -0.04300087 0.1314863 2.740379 -0.09301642 0.07775982 2.357799 -0.03938384 -0.2901668 2.360042 0.1528257 0.06717848 2.748479 0.1217988 -0.3774013 2.709384 0.1083082 -0.7889319 2.685439 
0.255663 0.7135696 2.811536 0.1831456 0.5059896 2.79178 0.1090275 0.2958001 2.77396 0.02508331 0.5619126 2.789583 -0.2033456 0.3179122 2.783856 -0.3417164 0.1522812 2.578585 0.3412078 0.4500666 2.793978 0.3631726 0.1795728 2.543973 0.3248398 0.09097639 2.244014 -0.06236546 0.1200268 2.754787 -0.103934 0.169269 2.364161 0.0263823 -0.2081943 2.307783 0.1321844 0.05119431 2.757492 0.1138808 -0.3913483 2.69848 0.09110116 -0.7990331 2.689374 
0.2558741 0.6883308 2.814335 0.1740224 0.485385 2.792426 0.09027445 0.2792207 2.771287 0.01860172 0.547904 2.798434 -0.1999593 0.3140781 2.804993 -0.3466351 0.1400902 2.614406 0.3294432 0.4228661 2.786417 0.3412087 0.1526026 2.547168 0.31666 0.06331578 2.251168 -0.08915992 0.1115468 2.753848 -0.1024049 0.2781946 2.343995 0.1531742 -0.1036713 2.21215 0.1022128 0.03456595 2.746449 0.119886 -0.4036742 2.66205 0.08910919 -0.785474 2.66997 
0.2566624 0.6694251 2.804421 0.1682567 0.470138 2.788499 0.07742187 0.2666159 2.769741 0.01495993 0.5379624 2.794945 -0.208221 0.3051885 2.806141 -0.3471856 0.1333971 2.608062 0.3215534 0.4023134 2.782053 0.3441111 0.1849487 2.578836 0.3085621 0.05089192 2.305881 -0.1077106 0.1048149 2.754947 -0.09303305 0.3034118 2.358105 0.2341117 -0.04980469 2.193393 0.08088478 0.02137289 2.747017 0.1399447 -0.4124765 2.659571 0.09971214 -0.7899787 2.676155 
0.2627495 0.6715973 2.8133 0.1693264 0.471312 2.791044 0.07599231 0.2694752 2.767246 0.01687867 0.5406628 2.800752 -0.2083866 0.3031839 2.80074 -0.3479755 0.1370365 2.598393 0.321774 0.4019612 2.781335 0.3471257 0.1871986 2.57977 0.299739 0.04590387 2.312076 -0.1111414 0.1103093 2.749422 -0.09140245 0.3024188 2.353615 0.2531699 -0.04218945 2.181759 0.07645793 0.02496753 2.737475 0.1493288 -0.4076976 2.653082 0.1035167 -0.7823455 2.672028 
0.2728072 0.6760702 2.817715 0.1763778 0.4751159 2.792399 0.08189677 0.2741532 2.765532 0.02428902 0.5451446 2.803429 -0.209606 0.3105021 2.793341 -0.349087 0.1497042 2.586665 0.3284666 0.4050872 2.781368 0.3445495 0.1655928 2.564898 0.2982043 0.05021558 2.287501 -0.1061463 0.1162707 2.745451 -0.08894861 0.2894337 2.348058 0.2423375 -0.08537036 2.174631 0.08097774 0.03011021 2.731879 0.1565455 -0.4048758 2.662556 0.1160353 -0.7788697 2.675671 
