0.2766222 0.6948584 2.82305 0.2050478 0.4960482 2.767745 0.1304037 0.2904921 2.720345 0.05779455 0.5605161 2.720062 -0.1681647 0.3363913 2.568989 -0.1858375 0.2656708 2.288822 0.352301 0.4315803 2.815428 0.414172 0.1632927 2.510144 0.3828834 0.1430479 2.220405 -0.03478224 0.1245755 2.643625 -0.1384241 -0.2841286 2.776928 -0.3385051 -0.7776868 2.883393 0.1463017 0.04529634 2.702264 0.1386403 -0.3903022 2.600808 0.09956159 -0.7825202 2.683563 
0.2735696 0.691819 2.812071 0.2033039 0.492751 2.762157 0.1299857 0.2856985 2.71974 0.05474686 0.5549584 2.715284 -0.1685598 0.3306799 2.57146 -0.1915502 0.2552203 2.29398 0.351861 0.4305436 2.809031 0.4041021 0.1611533 2.523585 0.3712374 0.1347466 2.231625 -0.03470529 0.1169079 2.648492 -0.1482463 -0.2984853 2.756721 -0.3533434 -0.7853029 2.887034 0.1480403 0.04038428 2.706154 0.1369378 -0.3975423 2.615833 0.1048452 -0.7857941 2.687757 
0.2740806 0.7003187 2.806084 0.2022786 0.4981494 2.758446 0.1292315 0.2904015 2.718993 0.05169886 0.559024 2.716697 -0.1727418 0.3287933 2.589209 -0.2105474 0.2469924 2.31298 0.3528582 0.4372748 2.800196 0.3976083 0.1645934 2.536295 0.3662896 0.1303442 2.243014 -0.03649157 0.1201195 2.653844 -0.1611216 -0.3005539 2.718562 -0.3605095 -0.7581099 2.849932 0.1488604 0.04518761 2.705235 0.1301309 -0.3941685 2.623608 0.1028478 -0.7731252 2.682039 
0.2717261 0.7079473 2.803597 0.2006032 0.5052016 2.758216 0.1274876 0.2970736 2.720848 0.0481171 0.5651432 2.72272 -0.1863407 0.3333555 2.605594 -0.2337835 0.2458353 2.333688 0.3530893 0.4452601 2.793711 0.3913526 0.1738109 2.540653 0.3624475 0.1311966 2.247886 -0.0394855 0.1258405 2.661632 -0.1638857 -0.2982278 2.670738 -0.3529492 -0.7179279 2.786068 0.1482296 0.05205055 2.705328 0.1248206 -0.3901337 2.645274 0.1028814 -0.7725832 2.683101 
0.2692944 0.7158535 2.80285 0.1988669 0.5117432 2.759346 0.1259515 0.3032667 2.723478 0.04501869 0.570859 2.728502 -0.1921538 0.3381569 2.626288 -0.2552501 0.245631 2.361879 0.3527151 0.4526274 2.79019 0.3892019 0.1849135 2.547325 0.3593512 0.1315206 2.255338 -0.04161211 0.1311586 2.668634 -0.1640302 -0.2908468 2.624583 -0.3286686 -0.6800024 2.726136 0.1476842 0.05842198 2.706584 0.1208775 -0.3855583 2.663547 0.1046962 -0.7703288 2.679772 
0.2635052 0.7330147 2.785718 0.197189 0.5249045 2.757224 0.1290106 0.3132301 2.733654 0.03942004 0.5779244 2.737431 -0.2031647 0.3464067 2.66893 -0.3045006 0.2355485 2.417424 0.3549579 0.4718847 2.777017 0.3807208 0.1957844 2.526065 0.3534442 0.1295633 2.237041 -0.03625724 0.1341835 2.697905 -0.1502083 -0.2657199 2.549908 -0.2478751 -0.5591503 2.58313 0.1579215 0.06892779 2.722265 0.1161292 -0.3747715 2.685926 0.1111078 -0.7846605 2.67922 
0.2537101 0.736039 2.782849 0.1901037 0.5260537 2.759515 0.1255898 0.3129847 2.73798 0.03070779 0.5757897 2.744937 -0.2005522 0.3396834 2.701385 -0.3203001 0.2294179 2.455484 0.3494997 0.4763176 2.774093 0.375398 0.1979071 2.523482 0.3438457 0.1224826 2.239787 -0.03700458 0.1305197 2.707475 -0.1284536 -0.1831434 2.443852 -0.1928649 -0.4719719 2.497878 0.1591562 0.06931201 2.725415 0.1143928 -0.3740332 2.686114 0.1105101 -0.7879804 2.67746 
0.2386473 0.727304 2.771395 0.1796341 0.5165592 2.756279 0.1183549 0.3020571 2.741072 0.01882613 0.5629772 2.749535 -0.206156 0.332203 2.731053 -0.3418905 0.2080278 2.494916 0.3404421 0.4701412 2.763024 0.3653742 0.1945193 2.516706 0.3233789 0.1151115 2.234709 -0.0419322 0.1161342 2.721712 -0.1198124 -0.04113505 2.387434 -0.1285181 -0.3580492 2.420947 0.1560835 0.05897603 2.730018 0.1147096 -0.3842344 2.685133 0.107029 -0.7965035 2.680831 
0.2249754 0.7182691 2.7657 0.1673814 0.5056186 2.755652 0.1084071 0.2901993 2.744061 0.005796535 0.5498586 2.755583 -0.2080209 0.3205349 2.759952 -0.3576373 0.1746602 2.53845 0.3289663 0.4613787 2.75572 0.3512723 0.1897928 2.512825 0.3050648 0.1029199 2.230244 -0.04997994 0.101998 2.732429 -0.123714 0.08947972 2.368368 -0.06306682 -0.2494773 2.341625 0.1488456 0.04756206 2.732513 0.1143048 -0.3942623 2.672815 0.1032415 -0.7974153 2.678732 
0.209225 0.7059224 2.776335 0.148497 0.493566 2.760767 0.08614154 0.2793411 2.744626 -0.01212553 0.5393078 2.774189 -0.2160958 0.2961443 2.788443 -0.3727345 0.1445421 2.567514 0.3091194 0.4478243 2.747345 0.3320048 0.1799149 2.525542 0.2751441 0.07712135 2.248905 -0.075059 0.09326515 2.736744 -0.1380176 0.2286048 2.366774 0.05514421 -0.1336344 2.227838 0.1226313 0.0369673 2.720225 0.1129977 -0.4034554 2.643918 0.09300441 -0.7848303 2.674302 
0.2024502 0.6878183 2.769706 0.1433657 0.4764443 2.759844 0.08339024 0.2612523 2.748817 -0.0176601 0.5205244 2.775435 -0.2262329 0.2789291 2.796921 -0.3771008 0.1242262 2.572821 0.3043916 0.4323642 2.744252 0.3269077 0.1929875 2.538567 0.2721101 0.06592853 2.272642 -0.07559079 0.07316272 2.747377 -0.1343294 0.235614 2.379518 0.1312516 -0.09300566 2.21055 0.1224203 0.01895808 2.728204 0.1330041 -0.4197477 2.644232 0.1086341 -0.7977847 2.682956 
0.1994507 0.6756386 2.775412 0.1392617 0.4641694 2.762841 0.07838933 0.2493037 2.749682 -0.02150534 0.5086242 2.780657 -0.2289187 0.2606861 2.809511 -0.3818428 0.1088766 2.58409 0.3000287 0.4197145 2.745026 0.3147324 0.1940458 2.542277 0.2635144 0.03406215 2.296033 -0.08136331 0.06178014 2.747481 -0.1476272 0.246946 2.368045 0.1671633 -0.05836381 2.201561 0.1163973 0.007095886 2.725566 0.1293237 -0.4277031 2.623569 0.1017899 -0.793205 2.672889 
0.1965038 0.6675342 2.766762 0.1364504 0.4552501 2.760933 0.07568721 0.2401326 2.752498 -0.02428094 0.4999447 2.778948 -0.2384666 0.2460595 2.806508 -0.3857794 0.08588657 2.582978 0.2971818 0.4105555 2.742917 0.3043686 0.1680244 2.533631 0.250053 0.0244043 2.278455 -0.08394691 0.05250815 2.755145 -0.1504924 0.2373949 2.377126 0.1684029 -0.08176001 2.213883 0.1137949 -0.002477951 2.732982 0.1306832 -0.438889 2.637244 0.1038104 -0.7897536 2.680172 
0.1932345 0.6734049 2.772965 0.1310234 0.4584659 2.764277 0.0678568 0.2441132 2.753791 -0.0287986 0.5044849 2.786318 -0.22888 0.247413 2.812114 -0.3890666 0.09064569 2.595304 0.2908454 0.4124469 2.742236 0.2966564 0.1539961 2.530853 0.2380233 0.0346222 2.273742 -0.09366886 0.05808179 2.756869 -0.1621701 0.2264039 2.364959 0.1157775 -0.1256736 2.214838 0.1030492 0.001439026 2.72974 0.1196798 -0.4352503 2.634182 0.09594954 -0.7821688 2.67164 
