0.1651733 0.7656639 2.828301 0.1357394 0.5142874 2.778575 0.1027583 0.296182 2.741601 -0.0302383 0.5388747 2.78159 -0.1677019 0.2503331 2.715771 -0.2628923 0.09951118 2.472405 0.301717 0.4897 2.77556 0.3640689 0.1866309 2.619879 0.3542414 0.01870319 2.33906 -0.03209883 0.0931682 2.706477 -0.1447297 -0.3233274 2.729113 -0.2818056 -0.7783242 2.825173 0.1716533 0.06298503 2.702776 0.1352941 -0.3717953 2.69019 0.108429 -0.8039495 2.676432 
0.1679437 0.7659679 2.8359 0.1353779 0.5258386 2.783718 0.0966768 0.3096564 2.741797 -0.02928845 0.552534 2.79807 -0.1669928 0.2532933 2.736052 -0.2816235 0.1089182 2.497071 0.3000442 0.4991431 2.769365 0.3618547 0.1786722 2.612659 0.3474668 0.0170063 2.331498 -0.04340411 0.1099097 2.708713 -0.1752971 -0.3176452 2.702633 -0.2979715 -0.7263212 2.792317 0.1593556 0.07703862 2.69104 0.1273539 -0.3729296 2.68522 0.09767522 -0.7703611 2.666831 
0.1738761 0.7696835 2.839534 0.1390141 0.5394331 2.792187 0.09882789 0.3231955 2.751489 -0.02508384 0.5660372 2.812868 -0.1639779 0.2546233 2.753046 -0.2938537 0.1155348 2.517641 0.3031121 0.5128289 2.771507 0.3604538 0.1838432 2.609863 0.3443105 0.01594615 2.332447 -0.04225505 0.1233158 2.723506 -0.1713991 -0.3005002 2.676123 -0.2761957 -0.6855059 2.748632 0.1595383 0.09060033 2.698075 0.1349542 -0.3561983 2.723469 0.1090025 -0.7697484 2.684134 
0.1775048 0.7694854 2.841325 0.1411597 0.5469357 2.798841 0.1009742 0.3302699 2.760241 -0.02273234 0.5731022 2.822589 -0.1649724 0.2567947 2.774018 -0.3040931 0.1100286 2.549663 0.3050517 0.5207692 2.775092 0.3617495 0.1949329 2.607434 0.335988 0.01920062 2.334367 -0.03998228 0.1296929 2.736243 -0.1707165 -0.2707944 2.611869 -0.2368199 -0.6280971 2.667614 0.1615596 0.09751534 2.707039 0.1389908 -0.349304 2.72711 0.1083065 -0.7762058 2.683503 
0.1783911 0.7689168 2.842719 0.1414877 0.5509005 2.803521 0.1014037 0.333991 2.766039 -0.02224285 0.5767045 2.829289 -0.1674803 0.2583912 2.794007 -0.3115336 0.1022718 2.577502 0.3052182 0.5250965 2.777754 0.3603823 0.1989709 2.606215 0.318882 0.02723779 2.331105 -0.03938398 0.1329524 2.744405 -0.1553265 -0.2408784 2.550361 -0.1799326 -0.5409893 2.572092 0.1620235 0.1012105 2.712708 0.1378719 -0.3455678 2.726914 0.1055519 -0.7788479 2.679948 
0.1806707 0.7605132 2.83301 0.1428446 0.5445334 2.803324 0.1019665 0.3267575 2.772591 -0.0205394 0.5713345 2.830728 -0.1578619 0.2738408 2.837258 -0.3206421 0.1037068 2.640142 0.3062286 0.5177324 2.77592 0.3523529 0.2012475 2.598794 0.3179142 0.01145522 2.328894 -0.03943066 0.1254704 2.758717 -0.1162497 -0.1905084 2.464288 -0.09365381 -0.4172161 2.437857 0.1616074 0.09249269 2.724998 0.1350921 -0.3542393 2.727358 0.1043669 -0.7899127 2.681971 
0.1802301 0.7557389 2.827558 0.1416016 0.5397593 2.80211 0.0999196 0.3217219 2.774323 -0.02154096 0.567365 2.830218 -0.1704247 0.2764156 2.845134 -0.3327281 0.09014131 2.643185 0.3047441 0.5121536 2.774001 0.3486819 0.2006265 2.59639 0.3095582 0.007455643 2.336029 -0.0421413 0.1206697 2.763831 -0.07321979 -0.1440494 2.420068 -0.04003157 -0.3263358 2.357987 0.1586166 0.08669908 2.729242 0.1283263 -0.3596798 2.723237 0.1017559 -0.7888548 2.677903 
0.1763748 0.758253 2.835347 0.136299 0.5407268 2.807793 0.09327953 0.3231191 2.778549 -0.02625095 0.5687041 2.838731 -0.1346499 0.2969973 2.846399 -0.2718225 0.1044733 2.673912 0.298849 0.5127495 2.776856 0.3308274 0.1918029 2.593208 0.289022 0.006305817 2.3297 -0.05325434 0.1233279 2.769006 -0.0659693 -0.2085981 2.469057 0.002274506 -0.615442 2.346522 0.1537744 0.08769511 2.729603 0.126038 -0.3586121 2.714922 0.09802651 -0.7810315 2.673687 
0.1705193 0.7417018 2.831418 0.1298836 0.5256029 2.808448 0.08622772 0.3076459 2.783292 -0.03228546 0.5543649 2.840677 -0.1028948 0.2703865 2.842757 -0.2177325 0.04484434 2.695867 0.2920527 0.4968409 2.776217 0.3179248 0.1771878 2.59204 0.2632507 -0.003406937 2.316401 -0.05801545 0.107529 2.778128 -0.05373906 -0.2911178 2.574736 0.004858708 -0.7059532 2.47639 0.1431591 0.07184903 2.738146 0.1280572 -0.3745262 2.711969 0.1049269 -0.7946977 2.683856 
0.1701053 0.7377298 2.837269 0.1291515 0.5216053 2.812152 0.08498349 0.3039658 2.784986 -0.03283104 0.5503291 2.845392 -0.1384725 0.2297056 2.853823 -0.2785091 -0.0009208374 2.672864 0.2911341 0.4928814 2.778911 0.2974558 0.1495897 2.573523 0.2240838 -0.004895813 2.282402 -0.05928852 0.1040774 2.778363 -0.05227726 -0.3119253 2.613443 0.001700924 -0.7296805 2.525347 0.1409194 0.06857515 2.737278 0.1285524 -0.3767964 2.697968 0.1030716 -0.7849378 2.672503 
0.1705146 0.7327098 2.840693 0.1293997 0.5171688 2.814556 0.08495047 0.2998393 2.785336 -0.03238409 0.5456277 2.848991 -0.1589252 0.2208802 2.862036 -0.3038976 0.01030763 2.665351 0.2911836 0.4887098 2.780121 0.3034821 0.1820128 2.602696 0.2113442 0.02822845 2.326863 -0.05868832 0.09995798 2.777227 -0.05078057 -0.3273003 2.644209 -0.001212097 -0.7474297 2.565289 0.1396907 0.06506167 2.735003 0.1280258 -0.3806112 2.697371 0.1044638 -0.7833543 2.669395 
0.1708591 0.7315235 2.84191 0.1288439 0.5149933 2.815792 0.08381041 0.2978254 2.786149 -0.03290184 0.5438506 2.850104 -0.1731789 0.2204908 2.867011 -0.3189586 0.02385738 2.657718 0.2905897 0.4861359 2.781481 0.3082514 0.1904958 2.620858 0.2267858 0.03107521 2.347311 -0.06056129 0.09838075 2.777579 -0.03135502 -0.058412 2.362832 0.04402371 -0.1893174 2.24511 0.1381151 0.06293453 2.735434 0.1274186 -0.3832691 2.703971 0.1027011 -0.7824501 2.672881 
0.1702327 0.7345657 2.843517 0.1255204 0.5188829 2.817955 0.07745638 0.3022178 2.789536 -0.03554761 0.5499625 2.853414 -0.1298468 0.2730981 2.862768 -0.2522449 0.07402168 2.68664 0.2865884 0.4878033 2.782496 0.3126298 0.1822456 2.609432 0.2496204 0.01355995 2.337265 -0.0696321 0.1046605 2.782916 -0.04247251 -0.04496292 2.363775 0.03837434 -0.2120844 2.247705 0.1284168 0.06644507 2.739316 0.1163908 -0.3802371 2.716973 0.09342118 -0.7761503 2.675603 
0.1676126 0.7393022 2.844806 0.1254541 0.522447 2.81895 0.07997537 0.3052132 2.790609 -0.03586221 0.5515197 2.854971 -0.1593551 0.2420192 2.866894 -0.2967225 0.03601585 2.661555 0.2867705 0.4933742 2.782928 0.3178137 0.1786269 2.610212 0.2755876 0.004764023 2.341544 -0.06471443 0.1058596 2.784422 -0.05332466 -0.07556375 2.378114 0.004625893 -0.2929802 2.276686 0.1337077 0.07009956 2.740114 0.1309077 -0.3769846 2.726664 0.1103547 -0.7776744 2.674148 
0.1683799 0.7479658 2.844451 0.1273358 0.5289906 2.819932 0.08356853 0.3111635 2.793511 -0.03392225 0.5568774 2.85715 -0.165546 0.2503985 2.864074 -0.3051616 0.05481888 2.649428 0.2885939 0.5011038 2.782713 0.3299155 0.1818201 2.612102 0.2928809 0.001171768 2.348877 -0.05939733 0.1104911 2.789986 -0.07980829 -0.09728082 2.397909 -0.04281918 -0.350462 2.320159 0.1389998 0.07618169 2.744196 0.1318016 -0.370976 2.743711 0.1098188 -0.7755811 2.677766 
0.1730265 0.7565316 2.843785 0.1328415 0.5370914 2.819445 0.0894677 0.3192319 2.792522 -0.02902636 0.5650774 2.853757 -0.1650984 0.2570289 2.854226 -0.3064855 0.07268672 2.637432 0.2947093 0.5091054 2.785133 0.3459624 0.1874115 2.617056 0.3024063 0.01782317 2.345464 -0.0535039 0.1185922 2.786711 -0.1251754 -0.05085909 2.396402 -0.1311809 -0.4369497 2.412027 0.1456917 0.08415242 2.744486 0.1329942 -0.3630104 2.74622 0.1104488 -0.7758562 2.672145 
