0.2199295 0.7341812 2.806604 0.1697793 0.5215891 2.77063 0.1180995 0.3066171 2.736584 0.008133477 0.5631651 2.753482 -0.1725695 0.2928482 2.692839 -0.2678979 0.1859052 2.401179 0.3314252 0.4800131 2.787778 0.3751932 0.1867326 2.560758 0.3716979 0.08138357 2.250755 -0.03301445 0.11722 2.69199 -0.1616447 -0.3041936 2.749914 -0.3621602 -0.7595165 2.818225 0.1658537 0.06607034 2.713087 0.131194 -0.3770187 2.663227 0.1207676 -0.7866648 2.678604 
0.2216297 0.744819 2.814349 0.1725017 0.5311754 2.774963 0.1217255 0.3164014 2.738279 0.01013797 0.5715705 2.763198 -0.17432 0.3034684 2.700915 -0.275773 0.1904875 2.414617 0.3348655 0.4907804 2.786728 0.3825466 0.1958464 2.561858 0.3681703 0.09076162 2.251782 -0.02899126 0.1264918 2.694354 -0.1634999 -0.2936813 2.687634 -0.3476891 -0.7216499 2.768836 0.1708899 0.07676273 2.708838 0.1284038 -0.3667583 2.670867 0.1184823 -0.7762421 2.664365 
0.2220896 0.7496567 2.807228 0.1737272 0.5365796 2.775172 0.123345 0.3209755 2.743286 0.0109538 0.5760541 2.765451 -0.1731339 0.310706 2.709442 -0.2893431 0.1790817 2.440171 0.3365006 0.4971051 2.784893 0.3838084 0.2059384 2.563934 0.3650525 0.100071 2.260703 -0.02716667 0.1296539 2.70542 -0.1576604 -0.2835963 2.632766 -0.3030344 -0.6832787 2.701816 0.1730921 0.08108874 2.71738 0.1171827 -0.3617427 2.696845 0.1160133 -0.7836858 2.673362 
0.2178893 0.7537641 2.804151 0.1709239 0.5401313 2.776732 0.1215361 0.3238051 2.748294 0.007643501 0.5781918 2.770775 -0.1795333 0.3123172 2.722696 -0.3044578 0.1719917 2.463628 0.3342043 0.5020708 2.78269 0.3804502 0.2084902 2.560464 0.3649353 0.1057154 2.257262 -0.02832711 0.1308996 2.71619 -0.144994 -0.257433 2.559801 -0.2405777 -0.6169925 2.607147 0.1726235 0.08405818 2.723522 0.1085164 -0.3580209 2.704471 0.1143635 -0.7870053 2.668561 
0.2119434 0.7578502 2.813143 0.1650779 0.5445898 2.782331 0.1154334 0.3285699 2.75188 0.001641117 0.5823214 2.781116 -0.1872899 0.3046852 2.730855 -0.3239666 0.1645896 2.482939 0.3285148 0.5068582 2.783547 0.3746923 0.21573 2.552235 0.3599482 0.1023517 2.253719 -0.03479073 0.1357702 2.72068 -0.127224 -0.2222807 2.493974 -0.1692358 -0.5212539 2.504683 0.1663685 0.08932993 2.722176 0.09713188 -0.3520763 2.701144 0.1091449 -0.7871956 2.661885 
0.2074029 0.7600927 2.807613 0.1601675 0.546151 2.7834 0.1111143 0.3294973 2.756838 -0.003493763 0.5829484 2.785501 -0.1936126 0.3033063 2.745411 -0.3360964 0.1617296 2.504678 0.3238288 0.5093535 2.781298 0.3658914 0.2263857 2.559617 0.3443938 0.1056772 2.263518 -0.03863058 0.135483 2.731569 -0.08995944 -0.188589 2.447888 -0.08920603 -0.4223399 2.417483 0.1627528 0.09020419 2.728983 0.08161675 -0.349355 2.714647 0.1126204 -0.7938804 2.668417 
0.197503 0.7582098 2.805351 0.1527971 0.5435095 2.785233 0.1062312 0.3260196 2.761141 -0.01131577 0.5782847 2.788504 -0.1952993 0.3026451 2.762682 -0.3524384 0.1587729 2.536644 0.31691 0.5087342 2.781962 0.3579559 0.2227001 2.575307 0.3252794 0.1006635 2.282157 -0.04129924 0.1299241 2.739062 -0.05051009 -0.1321235 2.397714 -0.01687544 -0.3215993 2.323294 0.1606297 0.08713561 2.735037 0.08805326 -0.3538584 2.717093 0.1149411 -0.7989163 2.667873 
0.193544 0.7567701 2.82432 0.1442858 0.544308 2.794816 0.09219386 0.329291 2.762885 -0.01876258 0.5825097 2.803569 -0.2037468 0.3049364 2.770367 -0.3558211 0.1504666 2.549529 0.3073342 0.5061063 2.786062 0.3468421 0.2172661 2.572806 0.3053612 0.09436135 2.279872 -0.06028231 0.1377937 2.736344 -0.02435672 -0.05673132 2.354954 0.04441511 -0.2171572 2.245687 0.140486 0.09075435 2.725565 0.07329311 -0.3499608 2.691586 0.09536971 -0.791298 2.654957 
0.1868954 0.7467768 2.823209 0.1384934 0.5338556 2.796396 0.08793426 0.3179612 2.767364 -0.02486237 0.5708012 2.806136 -0.2123972 0.2976604 2.779723 -0.3557408 0.1436996 2.553448 0.3018491 0.49691 2.786656 0.3386434 0.2382304 2.59224 0.2939248 0.08640968 2.314846 -0.06309742 0.1247903 2.744323 0.05771954 -0.03599513 2.365313 0.1279463 -0.1534557 2.224057 0.1378478 0.07934321 2.732342 0.09373493 -0.3641155 2.701504 0.1137891 -0.8069606 2.669437 
0.1833457 0.736739 2.82315 0.1355292 0.5223466 2.797559 0.086027 0.305963 2.769855 -0.02801598 0.5584183 2.808047 -0.224758 0.2758359 2.77989 -0.3568425 0.1302197 2.542338 0.2990745 0.486275 2.787071 0.3322414 0.2410049 2.601458 0.2809046 0.06481785 2.340334 -0.0640839 0.1117697 2.748604 0.09722245 0.01714281 2.359866 0.1789551 -0.08426615 2.207817 0.1371334 0.06738909 2.7357 0.1044764 -0.3758336 2.690202 0.1139195 -0.8052069 2.664705 
0.1816827 0.7201592 2.811629 0.134364 0.5056617 2.795599 0.08495245 0.2884362 2.776986 -0.02904174 0.541755 2.808157 -0.201912 0.2658081 2.772066 -0.3674059 0.1248688 2.556816 0.2977697 0.4695685 2.783041 0.3262312 0.2337419 2.600111 0.2753228 0.04230612 2.348857 -0.06499901 0.09341809 2.7661 0.1059491 0.03707995 2.367178 0.1990567 -0.06197831 2.21527 0.1360809 0.0490033 2.750646 0.1098641 -0.3945417 2.700987 0.1127626 -0.8080095 2.676626 
0.1822045 0.714249 2.817375 0.1347918 0.4994075 2.799024 0.08489817 0.2822691 2.779381 -0.02842205 0.5355807 2.813724 -0.2085875 0.2651634 2.802145 -0.3593703 0.115093 2.581055 0.2980056 0.4632343 2.784323 0.3186082 0.2243668 2.642557 0.2724749 0.05485411 2.38743 -0.06542123 0.08738803 2.768783 0.03199403 0.09661734 2.349015 0.1899982 -0.06335553 2.198073 0.1354303 0.0428732 2.750693 0.1119288 -0.3987263 2.68531 0.1127132 -0.7959057 2.665387 
0.1865628 0.7213755 2.822199 0.1329264 0.5069691 2.803601 0.07672588 0.2914236 2.782941 -0.02891029 0.5474209 2.821806 -0.2148252 0.2682156 2.818592 -0.3538802 0.1057876 2.596967 0.2947632 0.4665173 2.785395 0.3071497 0.1945823 2.601168 0.2466788 0.05217811 2.338995 -0.07905874 0.1007695 2.773485 -0.1126099 0.2127437 2.357108 0.1156411 -0.1069995 2.212373 0.1201094 0.05098659 2.75108 0.1027429 -0.3928188 2.697724 0.1057208 -0.7833157 2.660051 
