0.5749319 0.6724705 2.666615 0.5494087 0.4688935 2.635905 0.5181367 0.2500851 2.61537 0.3940247 0.4953397 2.59074 0.213828 0.306699 2.584291 0.2135588 0.3364352 2.30488 0.7047927 0.4424473 2.68107 0.8034034 0.1403465 2.579182 0.8111493 0.1286393 2.285436 0.3900806 0.04774931 2.566702 0.2431957 -0.3368531 2.715909 0.05068604 -0.8040541 2.838216 0.5836489 0.01480418 2.622966 0.5378274 -0.4098619 2.508473 0.5340918 -0.8063025 2.569055 
0.5817627 0.6657636 2.671867 0.5525141 0.4572558 2.637084 0.5205479 0.23875 2.613541 0.3968236 0.4848122 2.592723 0.2209598 0.3011764 2.576306 0.2143021 0.3366574 2.296139 0.7082047 0.4296993 2.681445 0.8125935 0.1328355 2.584311 0.8151082 0.1214158 2.290203 0.3914656 0.03743318 2.562327 0.2309206 -0.3519387 2.697828 0.04623494 -0.7904212 2.831391 0.5856975 0.003055161 2.617669 0.5471869 -0.4232608 2.500781 0.535934 -0.786711 2.562249 
0.5910118 0.6798344 2.686936 0.5607769 0.4692237 2.644087 0.5267453 0.251958 2.613649 0.4044217 0.499327 2.604026 0.224913 0.3046566 2.571148 0.2169093 0.349327 2.29652 0.7171321 0.4391204 2.684149 0.8231905 0.139369 2.576715 0.8213965 0.1332889 2.284249 0.3951216 0.05348181 2.558206 0.2261197 -0.3427905 2.655177 0.05396871 -0.7585961 2.794882 0.5903058 0.01590274 2.608217 0.5558804 -0.416786 2.519115 0.5423003 -0.7747644 2.559222 
0.6006347 0.6953496 2.692591 0.5657632 0.4843387 2.65076 0.5272529 0.2677846 2.620303 0.407753 0.5165362 2.621622 0.2309503 0.3177851 2.591721 0.2157594 0.3644671 2.313713 0.7237735 0.4521412 2.679899 0.8381006 0.1576889 2.570005 0.8191789 0.1522985 2.28048 0.3899411 0.07136319 2.571625 0.2192618 -0.3309032 2.603742 0.07153572 -0.720407 2.741862 0.5875441 0.03109795 2.608065 0.5586494 -0.4070287 2.557194 0.5376977 -0.7681643 2.571189 
0.6096811 0.7108017 2.706352 0.5724115 0.5001082 2.660142 0.5314428 0.284636 2.625461 0.4132037 0.5334488 2.64107 0.2313669 0.3369872 2.620921 0.195324 0.3765317 2.342386 0.7316194 0.4667677 2.679213 0.8409029 0.1762699 2.548604 0.8153384 0.1725793 2.263084 0.3910619 0.08998214 2.578871 0.2307282 -0.3085293 2.525781 0.1267908 -0.6579829 2.628286 0.5898862 0.04834531 2.602689 0.5737756 -0.3928129 2.583161 0.5482606 -0.7724359 2.563681 
0.6217396 0.7274235 2.7233 0.5801066 0.5179251 2.673783 0.5349058 0.3040886 2.6347 0.4204732 0.5530958 2.665974 0.2290597 0.3530962 2.664077 0.1797704 0.38629 2.388112 0.73974 0.4827546 2.681592 0.8432823 0.1900397 2.527485 0.8067777 0.1800611 2.240945 0.3900063 0.1122178 2.590739 0.2289191 -0.2399776 2.42482 0.1844596 -0.5590305 2.515305 0.5894036 0.06828639 2.600494 0.5693915 -0.3727281 2.615811 0.5455523 -0.7734556 2.564255 
0.6289353 0.7391502 2.742191 0.5845459 0.5306001 2.688013 0.5374586 0.318052 2.644318 0.4246594 0.5655881 2.690118 0.2404117 0.3591669 2.713087 0.1651636 0.3917563 2.443704 0.7444323 0.4956121 2.685908 0.8304818 0.1994332 2.506324 0.7870513 0.188089 2.219987 0.3906137 0.1273339 2.601937 0.2402063 -0.09792124 2.338503 0.2474765 -0.4354477 2.397745 0.5901291 0.08367387 2.59931 0.5693869 -0.3581477 2.623355 0.5444243 -0.7793874 2.562913 
0.6319312 0.7399023 2.756273 0.5854036 0.5358077 2.700274 0.5360912 0.3242955 2.653647 0.4253722 0.5714238 2.707958 0.2440881 0.3620555 2.749028 0.1386945 0.3875762 2.485802 0.7454349 0.5001915 2.692591 0.8048509 0.209097 2.467599 0.7503453 0.1934365 2.184916 0.3870089 0.1349878 2.611811 0.2633825 0.09817384 2.258966 0.3274501 -0.2499578 2.249027 0.5865487 0.09057875 2.60223 0.5575866 -0.352066 2.614207 0.5385206 -0.7924595 2.563038 
0.6304087 0.7281073 2.747601 0.5798737 0.5248256 2.696563 0.524695 0.3142347 2.652772 0.4208634 0.5648298 2.704542 0.2415404 0.3670285 2.757529 0.1307472 0.3844154 2.49492 0.738884 0.4848214 2.688583 0.7949198 0.1995578 2.466763 0.7321057 0.180683 2.185074 0.3703038 0.1286041 2.61396 0.2597857 0.1839808 2.253149 0.3618194 -0.162085 2.186179 0.568729 0.0786837 2.604002 0.5434191 -0.3644814 2.604302 0.5215806 -0.8063717 2.565142 
0.6285502 0.7131847 2.753771 0.5744554 0.5124096 2.697613 0.5162894 0.304747 2.645271 0.4159913 0.5547053 2.705904 0.2357744 0.3580205 2.777712 0.1249282 0.3736532 2.511399 0.7329195 0.4701137 2.689322 0.7809653 0.1782725 2.460924 0.7148835 0.1573104 2.179356 0.3592692 0.1234698 2.598101 0.2711859 0.2585464 2.242669 0.4422028 -0.07748648 2.118184 0.5569778 0.07069913 2.587757 0.5489326 -0.3720426 2.567143 0.529483 -0.8042313 2.544933 
0.6245887 0.684838 2.746357 0.5703508 0.4825374 2.68975 0.5124298 0.2760942 2.632273 0.4119344 0.525571 2.694824 0.2299286 0.3359596 2.784344 0.1149374 0.3496713 2.517582 0.7287672 0.4395039 2.684676 0.7590591 0.199644 2.52354 0.7083682 0.1760464 2.238429 0.3559632 0.0964207 2.577952 0.2826545 0.2788952 2.256645 0.5261629 -0.01612125 2.099403 0.5530542 0.04288127 2.571639 0.5625473 -0.399347 2.545241 0.538632 -0.8216211 2.546612 
0.6225604 0.6657702 2.742659 0.5678205 0.46338 2.68802 0.5090398 0.2565053 2.632678 0.4094678 0.5064545 2.695194 0.2244739 0.3289648 2.801677 0.1179841 0.3343273 2.533379 0.7261732 0.4203055 2.680845 0.7535599 0.1704068 2.535189 0.7067755 0.168437 2.248444 0.3516059 0.07646588 2.581806 0.2773629 0.2904266 2.28974 0.5631172 -0.009081573 2.119119 0.5489121 0.02279541 2.572866 0.5685828 -0.4198421 2.551392 0.5377929 -0.8108699 2.56611 
0.6229289 0.6641669 2.741957 0.5623232 0.4623662 2.69057 0.4982618 0.2561795 2.638788 0.4054772 0.5066392 2.708323 0.218315 0.3238383 2.809501 0.1263458 0.3266387 2.542033 0.7191693 0.4180931 2.672818 0.7528868 0.1357793 2.530659 0.6962904 0.1361434 2.20924 0.3362022 0.07765477 2.598097 0.2604528 0.2933753 2.292226 0.53333 -0.03587872 2.119416 0.5321987 0.02233073 2.575913 0.548045 -0.4210538 2.561377 0.5242326 -0.7918425 2.565986 
