0.1989223 0.7469903 2.844813 0.1561154 0.5151334 2.785073 0.1049834 0.3018166 2.741876 -0.003609863 0.5586501 2.759243 -0.2006335 0.299317 2.670268 -0.2801859 0.1932214 2.407508 0.3158406 0.4716168 2.810903 0.3549742 0.1890961 2.604074 0.3378996 0.08304446 2.309566 -0.04406319 0.1151765 2.682845 -0.1700344 -0.303686 2.734082 -0.3396188 -0.7407311 2.817758 0.1517661 0.06182332 2.714514 0.1251684 -0.3792098 2.658269 0.1115902 -0.7592289 2.667574 
0.2029019 0.7476435 2.833053 0.1564371 0.5301574 2.789958 0.1068925 0.315122 2.753778 -0.004409939 0.5712462 2.766011 -0.1994117 0.3008422 2.675545 -0.2799318 0.1935547 2.414565 0.3172842 0.4890686 2.813905 0.353223 0.1970127 2.595567 0.3373888 0.08913323 2.301119 -0.04149628 0.1253366 2.702881 -0.1629429 -0.3011906 2.692554 -0.3212419 -0.711199 2.773243 0.1561921 0.0748367 2.732314 0.1340485 -0.37038 2.703917 0.1190498 -0.7695975 2.693159 
0.2037433 0.7539317 2.838586 0.1590447 0.5383795 2.796865 0.1110482 0.3230172 2.760086 -0.002081123 0.5784271 2.772632 -0.1972149 0.2989164 2.689776 -0.2909753 0.1970893 2.432271 0.3201704 0.4983319 2.821098 0.3776052 0.2215131 2.743786 0.3515542 0.1604863 2.441071 -0.03601426 0.1322775 2.708407 -0.1649149 -0.2765028 2.618381 -0.2891014 -0.6507176 2.703344 0.1621176 0.0830321 2.738206 0.1295999 -0.3617429 2.707929 0.1209874 -0.7698261 2.687345 
0.2044107 0.7588462 2.841321 0.1620411 0.5460647 2.801727 0.116337 0.3299761 2.76614 -0.0001579094 0.5837247 2.781363 -0.1980934 0.3054518 2.702853 -0.2969401 0.1995395 2.455474 0.3242402 0.5084048 2.822092 0.3873192 0.2557662 2.798867 0.3550739 0.193413 2.50048 -0.02916882 0.1370597 2.718022 -0.157219 -0.2541119 2.567443 -0.2369257 -0.5805545 2.621023 0.1704344 0.09071504 2.743083 0.1290606 -0.3538384 2.718563 0.1208427 -0.7688224 2.686598 
0.2038643 0.7569801 2.832191 0.1620415 0.5453976 2.801057 0.1174483 0.3282252 2.77154 -0.001261311 0.5807845 2.787409 -0.2019373 0.3061154 2.719364 -0.3129383 0.1992515 2.467618 0.3253444 0.5100108 2.814705 0.386802 0.2649494 2.789437 0.3519906 0.1975095 2.498763 -0.02768153 0.1328385 2.733621 -0.1419561 -0.224548 2.51214 -0.1809509 -0.503887 2.531325 0.1733918 0.08926705 2.750426 0.1138874 -0.3533609 2.734293 0.1207422 -0.7872065 2.681241 
0.2048904 0.7579661 2.838159 0.1620647 0.5463607 2.805328 0.1166071 0.3294629 2.774718 -0.001298119 0.5823573 2.792865 -0.2034683 0.3155614 2.737192 -0.3310372 0.1987112 2.495526 0.3254275 0.5103642 2.817791 0.3774 0.2729689 2.757722 0.3377261 0.1884378 2.484519 -0.03120947 0.1351197 2.7363 -0.1232222 -0.2603031 2.547937 -0.1770514 -0.6864956 2.57356 0.1735084 0.09001068 2.751917 0.1093578 -0.3519071 2.728777 0.1124479 -0.7790709 2.678496 
0.2038661 0.7511922 2.83118 0.1582419 0.5386667 2.802558 0.1098659 0.3220412 2.774642 -0.005076286 0.5760962 2.795125 -0.2082042 0.328735 2.757145 -0.3497563 0.1979723 2.52968 0.32156 0.5012373 2.809991 0.3642457 0.2825018 2.730392 0.3322936 0.174274 2.470439 -0.04323412 0.1294164 2.741961 -0.1454755 -0.01584558 2.402001 -0.0525808 -0.3271628 2.356875 0.1662138 0.08141483 2.751493 0.1104525 -0.3607336 2.71562 0.1031831 -0.7829043 2.682707 
0.1985246 0.7450255 2.835119 0.1530615 0.5319646 2.803044 0.1053097 0.3155131 2.772783 -0.01073199 0.5681519 2.802669 -0.2181122 0.3240466 2.781856 -0.370533 0.1945254 2.543029 0.316855 0.4957772 2.80342 0.3517584 0.2588551 2.696316 0.312566 0.1559199 2.436638 -0.04428461 0.121562 2.742289 -0.1231986 0.1168486 2.319762 0.07107459 -0.1634098 2.212386 0.1594003 0.07656128 2.742756 0.1250584 -0.3673924 2.700821 0.1107974 -0.7788539 2.671849 
0.1948589 0.7365831 2.839648 0.1456274 0.5254174 2.802628 0.0956448 0.3102915 2.76725 -0.01785949 0.5628664 2.805885 -0.2183 0.3123897 2.79688 -0.3736594 0.1939219 2.551228 0.3091143 0.4879682 2.799371 0.3409897 0.2701782 2.663856 0.3008799 0.1341004 2.416422 -0.05545827 0.1183288 2.733886 -0.1587928 0.2042782 2.341969 0.1238438 -0.07785104 2.205281 0.1467826 0.0720025 2.729857 0.1163161 -0.3720068 2.684368 0.09905225 -0.7826789 2.664095 
0.1942938 0.7240856 2.831382 0.1446823 0.5141604 2.799392 0.09516226 0.2983956 2.767216 -0.01888337 0.551547 2.800419 -0.1691689 0.3006405 2.790729 -0.3080823 0.1590106 2.575606 0.3082479 0.4767738 2.798364 0.3345611 0.270871 2.643857 0.2877061 0.1170174 2.404702 -0.05524608 0.1056912 2.735675 -0.1590353 0.2406387 2.366451 0.1682829 -0.03042583 2.216107 0.1465306 0.05957059 2.734407 0.1338105 -0.3845926 2.684909 0.1131238 -0.7960286 2.679519 
0.1927265 0.7196639 2.83726 0.1434562 0.5096799 2.800558 0.09300423 0.2946077 2.765251 -0.01999783 0.5475441 2.803477 -0.2016181 0.2662836 2.798337 -0.3512831 0.1244352 2.559863 0.3069102 0.4718157 2.797639 0.3277613 0.2554246 2.634439 0.2788475 0.1119631 2.393069 -0.05814316 0.1028616 2.731742 -0.1654789 0.2613092 2.359392 0.1746802 -0.01122311 2.21472 0.1432477 0.05620929 2.728146 0.1314206 -0.3857121 2.66196 0.1104052 -0.7876695 2.668726 
0.1907906 0.7189089 2.840193 0.1411696 0.508918 2.800829 0.09041514 0.2941632 2.7639 -0.02225805 0.5465305 2.806711 -0.2071384 0.2770043 2.803046 -0.3564936 0.136471 2.564582 0.3045973 0.4713055 2.794947 0.324864 0.2342044 2.609221 0.2636177 0.09920754 2.357599 -0.0609678 0.1025678 2.730592 -0.170095 0.2492813 2.355004 0.1534845 -0.06648489 2.210669 0.1402891 0.05624896 2.723349 0.1257479 -0.3872146 2.668019 0.110897 -0.7816249 2.666688 
