0.5586809 0.6998898 2.704435 0.5389194 0.497359 2.656446 0.512608 0.2799245 2.619356 0.3800747 0.5217401 2.626199 0.2098825 0.3279901 2.670139 0.1577451 0.3206121 2.386332 0.6977642 0.4729779 2.686693 0.7920765 0.1693447 2.549268 0.772387 0.1655881 2.249229 0.3871559 0.07770699 2.563388 0.2626718 -0.3296277 2.660502 0.093569 -0.8001142 2.784294 0.5854371 0.04727278 2.601145 0.5286835 -0.3841484 2.517708 0.5426836 -0.8127041 2.566375 
0.5625172 0.6895093 2.700078 0.5407168 0.4823321 2.653327 0.5154765 0.2644597 2.617949 0.3816701 0.5060706 2.620607 0.1994637 0.3072529 2.651045 0.1606826 0.307523 2.366243 0.6997634 0.4585936 2.686047 0.7977627 0.1583306 2.568819 0.7676079 0.1485363 2.268641 0.3911089 0.06138246 2.562177 0.2517269 -0.3432854 2.672918 0.08349854 -0.7954062 2.796663 0.5893633 0.03179201 2.602964 0.5347933 -0.3958751 2.497694 0.5392388 -0.7901248 2.563037 
0.568406 0.6988539 2.698549 0.5442972 0.4890614 2.653262 0.5172181 0.2713669 2.61815 0.38419 0.5132621 2.626695 0.1992364 0.3156117 2.651553 0.1623379 0.3105823 2.365827 0.7044044 0.4648608 2.679828 0.8003869 0.160168 2.568947 0.7717877 0.1459802 2.270019 0.3902144 0.06877621 2.566458 0.241316 -0.3403254 2.640188 0.0771192 -0.7752773 2.775308 0.5900637 0.03856845 2.59962 0.5426177 -0.3946166 2.517963 0.5387453 -0.777701 2.563728 
0.5771826 0.7151439 2.708816 0.5507344 0.504272 2.65951 0.5209242 0.2874976 2.621269 0.389796 0.5297098 2.640769 0.2110541 0.3243513 2.657331 0.1676998 0.3300688 2.374003 0.7116727 0.4788341 2.678252 0.8131117 0.1735347 2.558551 0.7705788 0.1593927 2.265065 0.3906292 0.08660571 2.571327 0.2405885 -0.3259194 2.588283 0.09934462 -0.7289947 2.712832 0.5915986 0.05484052 2.59473 0.5384675 -0.3818797 2.54736 0.5421243 -0.7729661 2.561129 
0.5824018 0.7312546 2.714422 0.5546204 0.5191274 2.665448 0.5232569 0.302506 2.627474 0.3929661 0.5443955 2.65482 0.2205327 0.3401611 2.686696 0.1627606 0.3472614 2.405401 0.7162746 0.4938595 2.676075 0.8175634 0.1962673 2.541321 0.7618581 0.1833928 2.253788 0.3909812 0.101658 2.582865 0.2563307 -0.3126744 2.541193 0.1503501 -0.6668211 2.625441 0.5928057 0.07011099 2.596133 0.529382 -0.3667099 2.589187 0.5421145 -0.7743834 2.564359 
0.5836269 0.7419798 2.718702 0.554827 0.5304704 2.672068 0.5227793 0.3135566 2.63639 0.3927459 0.5546777 2.670482 0.2283232 0.3515227 2.717349 0.1593551 0.365311 2.438097 0.7169082 0.5062632 2.673653 0.816353 0.2196684 2.530692 0.7495606 0.2080547 2.248572 0.3895364 0.1117566 2.599722 0.2621629 -0.2558336 2.437386 0.2190416 -0.5723345 2.516767 0.5919268 0.08152904 2.601702 0.5229889 -0.3548725 2.619627 0.5415742 -0.7808979 2.566012 
0.5824458 0.7486069 2.720817 0.5532646 0.5369728 2.678204 0.5217592 0.3196101 2.644845 0.3909051 0.5599622 2.681746 0.2261949 0.3617324 2.745651 0.1404874 0.3614485 2.46925 0.7156241 0.5139835 2.674661 0.809718 0.2328559 2.524349 0.7363158 0.22123 2.245016 0.389012 0.1165826 2.613696 0.2801794 -0.1151528 2.347714 0.2926188 -0.4434033 2.400904 0.5914954 0.08791197 2.609277 0.5086308 -0.3460977 2.63941 0.5432671 -0.7902392 2.563291 
0.5829839 0.7455431 2.729403 0.5518541 0.5371399 2.684008 0.5178842 0.3213098 2.644348 0.3896503 0.5615616 2.690036 0.2245583 0.3549042 2.763821 0.1300769 0.355475 2.491835 0.7140579 0.5127181 2.677979 0.8038118 0.2248958 2.516715 0.7288145 0.2122244 2.237903 0.3827664 0.1207088 2.608447 0.2891703 0.0471096 2.281622 0.34839 -0.2945157 2.288217 0.5850622 0.09025066 2.600929 0.5144424 -0.3469542 2.620881 0.5362772 -0.7929381 2.546528 
0.5789187 0.7340221 2.725212 0.543179 0.5266131 2.68665 0.5027677 0.3111005 2.652157 0.3818209 0.5554942 2.695243 0.2168019 0.347412 2.774495 0.1147599 0.3427554 2.509023 0.704537 0.4977318 2.678057 0.7969344 0.214468 2.511843 0.7208406 0.1965517 2.233514 0.3621516 0.1135234 2.622999 0.2861174 0.1593022 2.286547 0.4052272 -0.1805105 2.232845 0.5625615 0.07765234 2.612327 0.5157268 -0.360958 2.630334 0.5209413 -0.8037158 2.567106 
0.5793269 0.7126932 2.722042 0.5377826 0.5048305 2.684047 0.4908638 0.2912576 2.646064 0.3773489 0.5387343 2.691588 0.2104142 0.3356976 2.779664 0.1044427 0.3245268 2.516608 0.6982163 0.4709268 2.676506 0.7844902 0.192747 2.500426 0.7105053 0.1711686 2.221402 0.3440647 0.0987921 2.612775 0.2962057 0.2419213 2.265743 0.4857606 -0.09248505 2.166392 0.5438255 0.0565775 2.603385 0.5310979 -0.3833925 2.588798 0.5230073 -0.8120224 2.549871 
0.5812082 0.6865895 2.720375 0.5331471 0.4811871 2.672316 0.4807476 0.2744401 2.614451 0.3739231 0.5206681 2.675438 0.2069982 0.3201049 2.784437 0.1094115 0.3108677 2.514682 0.6923711 0.4417061 2.669194 0.7708356 0.1949961 2.537313 0.7053561 0.1788348 2.254707 0.3290151 0.0923235 2.558533 0.3068196 0.3023828 2.260488 0.565097 -0.01582034 2.140812 0.5276809 0.04306252 2.554637 0.5458672 -0.3957223 2.546865 0.5276414 -0.8005871 2.533048 
0.5852473 0.6668016 2.728556 0.5331833 0.4633155 2.672013 0.4760342 0.2610348 2.603082 0.3753045 0.5079838 2.671825 0.2046294 0.3129606 2.788472 0.1181494 0.301904 2.516277 0.6910621 0.4186471 2.6722 0.7671449 0.1657006 2.551186 0.7070665 0.1709516 2.266971 0.3203588 0.08663004 2.534035 0.3148135 0.3231837 2.282319 0.6089523 0.01808209 2.156482 0.5174114 0.03087833 2.534269 0.5562845 -0.406737 2.559636 0.5308996 -0.8015653 2.553816 
0.5864503 0.6576102 2.723739 0.5325494 0.4525332 2.671765 0.4735875 0.2505451 2.601986 0.3751409 0.4991426 2.669852 0.202316 0.3044791 2.79872 0.1256682 0.2970342 2.521411 0.6899579 0.4059237 2.673678 0.7391196 0.1262188 2.523347 0.7114642 0.1419386 2.237168 0.3164342 0.07763209 2.531014 0.3241244 0.3154012 2.290407 0.6171938 -0.001649567 2.155988 0.512817 0.01948212 2.533401 0.5602861 -0.4180053 2.5736 0.5353673 -0.8005303 2.566917 
