0.532621 0.7228067 2.73496 0.5075294 0.5153052 2.685801 0.4818238 0.298701 2.643836 0.3449364 0.5362163 2.677464 0.1730794 0.3199615 2.72129 0.1182254 0.3210919 2.429082 0.6701226 0.4943942 2.694137 0.7395551 0.165149 2.600654 0.7069418 0.108746 2.303075 0.3547289 0.09513647 2.596672 0.2322137 -0.322021 2.659134 0.07654949 -0.7828034 2.721339 0.5575073 0.06905725 2.607069 0.5109428 -0.3665921 2.534784 0.535087 -0.7974747 2.559592 
0.5383507 0.7267563 2.726451 0.5101733 0.5164772 2.684143 0.4805711 0.2993898 2.648124 0.3478717 0.5399969 2.675776 0.1845277 0.3149819 2.719178 0.1262017 0.3327489 2.43117 0.6724749 0.4929574 2.69251 0.7492701 0.1665767 2.598786 0.7198373 0.1166182 2.301349 0.3497233 0.0969744 2.606886 0.2216764 -0.3234406 2.643446 0.06167043 -0.772944 2.715489 0.5522144 0.06763058 2.617325 0.5170809 -0.3717953 2.5704 0.5316042 -0.7922268 2.573964 
0.5480505 0.7330269 2.732716 0.5177267 0.5214378 2.68921 0.4848557 0.3049824 2.651979 0.3556463 0.5471671 2.682723 0.1887571 0.3319928 2.730597 0.1339988 0.3412919 2.445898 0.6798072 0.4957084 2.695698 0.7606268 0.1732837 2.597414 0.7204335 0.1317157 2.298597 0.3508536 0.1045811 2.6107 0.2190301 -0.3126407 2.585253 0.07547782 -0.742287 2.653979 0.553116 0.07247313 2.618795 0.531865 -0.3692167 2.586587 0.53986 -0.791058 2.562806 
0.5538528 0.739709 2.72582 0.5246197 0.5268739 2.689003 0.4926711 0.3095601 2.656227 0.3622168 0.5511216 2.686537 0.1969307 0.3409501 2.74177 0.1410321 0.3500745 2.458225 0.6870225 0.5026262 2.691469 0.7728768 0.1826752 2.593211 0.7327619 0.1410159 2.293717 0.3593628 0.1073799 2.621911 0.2323562 -0.2994482 2.529556 0.1201878 -0.6886445 2.571275 0.5620824 0.07711264 2.624989 0.5423467 -0.3657192 2.607262 0.5499558 -0.7933117 2.563352 
0.5613317 0.7457045 2.732373 0.5326318 0.5321852 2.695024 0.5011732 0.314793 2.661967 0.3702073 0.5549091 2.700156 0.2094596 0.3409829 2.757372 0.1398204 0.3546267 2.479246 0.6950563 0.5094613 2.689892 0.7839315 0.1943351 2.583596 0.7292497 0.1541798 2.284918 0.3682683 0.1115936 2.632116 0.247947 -0.2681531 2.463291 0.1871646 -0.5860233 2.465739 0.5711611 0.08320808 2.625705 0.538669 -0.3592027 2.620477 0.550038 -0.7923517 2.557818 
0.5669847 0.7527674 2.737323 0.5368155 0.5390226 2.702089 0.5044092 0.3214767 2.670813 0.3749988 0.5607303 2.718761 0.2198862 0.3429728 2.789352 0.1266646 0.3517836 2.51659 0.6986322 0.5173147 2.685417 0.7875105 0.212345 2.58592 0.7116375 0.1630938 2.285244 0.3710486 0.1174739 2.649938 0.2224642 -0.03805234 2.329849 0.2727265 -0.392601 2.327626 0.572957 0.09038774 2.629135 0.5257705 -0.3510566 2.63626 0.5388114 -0.7979493 2.557028 
0.5682311 0.7451186 2.727659 0.5348817 0.5318186 2.699625 0.4983166 0.314305 2.673898 0.3737105 0.5566749 2.718541 0.2114723 0.3434506 2.800734 0.1090677 0.3395044 2.533892 0.6960529 0.5069622 2.68071 0.7787853 0.2196925 2.580947 0.6982435 0.1547935 2.283205 0.3612041 0.1122982 2.659972 0.2230629 0.0910603 2.303442 0.310694 -0.261214 2.263831 0.562299 0.0812847 2.636371 0.5215974 -0.3609561 2.639197 0.5306601 -0.8081396 2.559868 
0.5702192 0.736082 2.723313 0.5351671 0.521395 2.696538 0.4976874 0.3040819 2.669966 0.3743621 0.5464476 2.718466 0.2082288 0.3287319 2.803373 0.09768638 0.3298113 2.547315 0.6959721 0.4963424 2.674611 0.7578837 0.2088403 2.561484 0.6792887 0.1442297 2.262225 0.3598831 0.1023989 2.657074 0.2396213 0.1977059 2.290303 0.3694369 -0.1419312 2.197498 0.5605324 0.07113875 2.629714 0.5381117 -0.3715709 2.615072 0.5403444 -0.8096359 2.546617 
0.5758792 0.7199988 2.720033 0.5414087 0.5046079 2.69121 0.5057166 0.2876188 2.659794 0.3804771 0.5276547 2.714863 0.2050503 0.3106917 2.816093 0.09043419 0.3223444 2.569011 0.7023401 0.4815612 2.667558 0.7389605 0.1837057 2.527359 0.653609 0.1248654 2.227464 0.3696107 0.08500977 2.643137 0.2580584 0.3140206 2.289056 0.4852623 -0.0316387 2.131855 0.5704386 0.05624945 2.613621 0.5570017 -0.3875403 2.604388 0.5463876 -0.8059542 2.546662 
0.5784521 0.7070232 2.720008 0.5417775 0.4928408 2.688795 0.5041576 0.276639 2.654403 0.38144 0.5164791 2.715582 0.2049996 0.3093711 2.825059 0.09021109 0.3226698 2.578927 0.7021149 0.4692026 2.662009 0.7295324 0.2036924 2.547259 0.6555426 0.1500323 2.271467 0.3664675 0.07519042 2.636729 0.2546248 0.3418824 2.298123 0.5272267 0.008552765 2.135522 0.5666079 0.04568407 2.603293 0.5522996 -0.3981352 2.591211 0.5370544 -0.8097571 2.544835 
0.5843272 0.7000245 2.721506 0.543645 0.4866388 2.688296 0.5027306 0.2714577 2.651448 0.3840354 0.511947 2.717727 0.1959814 0.3142033 2.838541 0.09347723 0.32302 2.58809 0.7032547 0.4613306 2.658864 0.7305582 0.1936205 2.549316 0.6538121 0.1478361 2.272858 0.3622053 0.07207119 2.632968 0.2566332 0.3527468 2.302486 0.5469341 0.032582 2.138685 0.561427 0.04048203 2.596232 0.5520733 -0.4035957 2.589635 0.5353065 -0.8038172 2.546502 
0.5873356 0.6999279 2.72023 0.5450735 0.4870414 2.688037 0.5029933 0.2720028 2.651492 0.3855977 0.5132304 2.717565 0.1879865 0.3155994 2.844271 0.0939862 0.3237417 2.58997 0.7045492 0.4608523 2.658508 0.7447811 0.1740774 2.526008 0.6416814 0.1167746 2.232154 0.3614057 0.07330533 2.633373 0.2586679 0.3431787 2.304496 0.5298184 0.008596313 2.125096 0.5604206 0.04062318 2.596523 0.5575057 -0.4034045 2.602261 0.5387555 -0.7986774 2.552557 
