0.5001369 0.7187982 2.722373 0.4879389 0.5080958 2.677973 0.4744862 0.2889423 2.644079 0.3251182 0.5203483 2.663375 0.1820624 0.3029542 2.684228 0.156184 0.2887691 2.397833 0.6507596 0.4958434 2.692571 0.737113 0.1858502 2.636628 0.7417321 0.1254788 2.32147 0.3594867 0.07743036 2.601081 0.2359576 -0.3213631 2.713843 0.07113919 -0.7882655 2.81087 0.5625803 0.06214734 2.61929 0.5153017 -0.3716874 2.539819 0.531801 -0.8101771 2.561751 
0.4979454 0.7124811 2.719669 0.4863706 0.5011762 2.677632 0.4737791 0.2817363 2.645302 0.3236358 0.5130845 2.660184 0.1765182 0.2899867 2.664624 0.1635164 0.2867584 2.377702 0.6491055 0.4892679 2.69508 0.7420432 0.1734146 2.644319 0.7434579 0.113229 2.328496 0.3597347 0.06972026 2.602095 0.2358375 -0.3330106 2.722963 0.07409706 -0.7857401 2.822521 0.5626404 0.05487236 2.62385 0.524498 -0.3803118 2.545217 0.5359436 -0.7977048 2.566281 
0.5048956 0.7187939 2.728804 0.4919203 0.5080658 2.68283 0.4776426 0.2893555 2.646706 0.3293004 0.5216841 2.664652 0.1737709 0.2979861 2.662293 0.1658287 0.2936744 2.37479 0.6545402 0.4944475 2.701007 0.7425317 0.1707152 2.644166 0.7397169 0.1127779 2.329047 0.3619407 0.07913884 2.599246 0.2292378 -0.3313134 2.684984 0.06921583 -0.7665949 2.802906 0.5647892 0.06215172 2.621919 0.5289041 -0.3745582 2.549916 0.5395315 -0.7834363 2.559912 
0.5140066 0.7354035 2.736422 0.4992562 0.5244867 2.68809 0.483453 0.3064469 2.648562 0.3361005 0.5386077 2.675427 0.1854238 0.3030106 2.672578 0.1614839 0.3015717 2.388494 0.6624119 0.5103656 2.700754 0.7548614 0.1911647 2.649303 0.7547842 0.1189204 2.334865 0.3658455 0.09721817 2.601132 0.2342719 -0.3230372 2.604673 0.07512329 -0.7399915 2.744012 0.569454 0.07959598 2.616935 0.5332514 -0.3610147 2.578886 0.5412657 -0.7864004 2.557161 
0.5197076 0.7482602 2.739072 0.5048028 0.5377992 2.691036 0.489017 0.3197278 2.651582 0.3412102 0.5506989 2.685191 0.1908514 0.3115064 2.705646 0.1559397 0.3086633 2.424685 0.6683952 0.5248997 2.69688 0.7707105 0.198037 2.62958 0.7485666 0.1367912 2.320573 0.3710919 0.1097102 2.608479 0.2443 -0.3030054 2.524477 0.1290663 -0.6806384 2.645844 0.5753704 0.09360243 2.615777 0.5318192 -0.3479143 2.598263 0.5474827 -0.7916912 2.55379 
0.5211896 0.7604107 2.739011 0.5071876 0.548823 2.694118 0.4913828 0.3303478 2.657031 0.3434456 0.5608138 2.693261 0.1939607 0.3142242 2.726315 0.14053 0.3124732 2.449492 0.6709296 0.5368322 2.694975 0.7693943 0.2095425 2.624297 0.74641 0.1478345 2.317415 0.3733792 0.1193567 2.619408 0.2567509 -0.2770445 2.475361 0.1918403 -0.6047828 2.561695 0.5777767 0.1043887 2.620478 0.5275972 -0.3366636 2.616973 0.5475401 -0.7871816 2.558883 
0.5228387 0.7698868 2.738981 0.5083497 0.5567915 2.697044 0.4924942 0.3378911 2.662634 0.3446949 0.5677596 2.70268 0.2000314 0.3170691 2.758148 0.1290529 0.3151872 2.484585 0.6720045 0.5458236 2.691409 0.7617545 0.2263063 2.610157 0.7315812 0.1507638 2.314161 0.374468 0.125838 2.631742 0.2677742 -0.2115063 2.393399 0.2618371 -0.5037482 2.457713 0.5788093 0.1121433 2.624706 0.5207335 -0.3278857 2.632661 0.5470536 -0.7932094 2.556822 
0.5202094 0.7710492 2.738928 0.5072553 0.5575544 2.698573 0.4935195 0.3382828 2.665666 0.3437557 0.566116 2.70977 0.201041 0.3105201 2.774524 0.1033769 0.3085254 2.508295 0.6707549 0.5489929 2.687376 0.7559062 0.2336763 2.590054 0.7190429 0.14872 2.301651 0.377742 0.1243546 2.639748 0.2715274 -0.06049559 2.328533 0.3320589 -0.3801165 2.358191 0.5818256 0.1136679 2.625771 0.5177228 -0.3242855 2.604512 0.5389426 -0.7678319 2.599795 
0.5157233 0.7623704 2.739423 0.5041028 0.5501262 2.698122 0.4920839 0.3310064 2.663564 0.3406857 0.5568451 2.712355 0.200005 0.3082759 2.795249 0.08846307 0.3008206 2.52905 0.66752 0.5434075 2.683888 0.748936 0.2248302 2.567506 0.6981898 0.1381564 2.282888 0.3781243 0.1160778 2.637886 0.2674929 0.07820018 2.291433 0.3882586 -0.2491103 2.268762 0.5820057 0.1076953 2.620128 0.5151383 -0.3305422 2.600761 0.5381052 -0.7911425 2.572769 
0.5134515 0.7534366 2.738684 0.5010135 0.5419403 2.695918 0.4893029 0.3234857 2.657415 0.3381211 0.5472194 2.715508 0.2029376 0.3056911 2.812631 0.07728876 0.2855801 2.55041 0.6639059 0.536661 2.676328 0.7373978 0.2128711 2.543739 0.6727855 0.1233295 2.26069 0.3759235 0.1083262 2.631139 0.262417 0.1844885 2.292416 0.4577999 -0.1491667 2.20708 0.5792612 0.1017362 2.606685 0.5126185 -0.3369888 2.591161 0.5386881 -0.8005536 2.55178 
0.5136244 0.7382292 2.739818 0.5015544 0.5269582 2.693582 0.4893551 0.3093474 2.650798 0.3386094 0.5321881 2.713443 0.201965 0.2998492 2.819814 0.06635915 0.2650931 2.565774 0.6644993 0.5217283 2.673721 0.7195847 0.2551355 2.572188 0.6614349 0.1639635 2.302519 0.3755195 0.09499863 2.620403 0.2604394 0.2473194 2.300859 0.5211308 -0.07700821 2.178191 0.5787922 0.08847439 2.595626 0.5184698 -0.3513698 2.583117 0.543848 -0.8115952 2.548048 
0.5138021 0.7243327 2.738875 0.5022004 0.5130873 2.690551 0.4894504 0.2970979 2.640728 0.3391433 0.5182644 2.709835 0.1934944 0.2944152 2.816404 0.05888165 0.2517152 2.563047 0.6652575 0.5079101 2.671268 0.7172042 0.2352969 2.564725 0.6751878 0.08333801 2.311279 0.3749678 0.08433855 2.602935 0.2534322 0.2871624 2.314325 0.554278 -0.0320015 2.154491 0.5784329 0.07787846 2.578873 0.5258983 -0.3629232 2.563932 0.5437446 -0.8107632 2.538808 
