0.2442628 0.7106524 2.820366 0.1823639 0.5067099 2.771389 0.1181406 0.2964642 2.729749 0.02730728 0.5608015 2.737425 -0.1852177 0.326937 2.641358 -0.2398746 0.2419802 2.356817 0.3374206 0.4526184 2.805353 0.3825969 0.1751805 2.551252 0.3761248 0.09607382 2.250505 -0.04145801 0.1194903 2.667218 -0.1493967 -0.2982978 2.761662 -0.3428558 -0.7710257 2.833801 0.1492926 0.05294681 2.709 0.1361467 -0.3855029 2.622038 0.1061557 -0.7779567 2.680626 
0.2465969 0.7146915 2.821731 0.1846154 0.5086182 2.773195 0.121396 0.297896 2.732369 0.02900558 0.5617537 2.739901 -0.1846194 0.3299632 2.636173 -0.2436917 0.2360932 2.360301 0.3402253 0.4554825 2.806489 0.3817955 0.1721036 2.562611 0.3783688 0.08961169 2.262274 -0.03753158 0.119855 2.671065 -0.1502257 -0.3048767 2.724767 -0.3454362 -0.757939 2.81908 0.1538848 0.05449269 2.71202 0.1416835 -0.3868599 2.642006 0.1127321 -0.7709877 2.687765 
0.2479606 0.7243741 2.822921 0.185598 0.5154588 2.777189 0.1224787 0.3043116 2.738457 0.02859924 0.5674849 2.74942 -0.1877814 0.3304468 2.646576 -0.2472415 0.2388583 2.371353 0.3425967 0.4634327 2.804957 0.3854399 0.1800672 2.564306 0.3694253 0.09418597 2.263812 -0.03727884 0.1251883 2.682634 -0.1542426 -0.3004451 2.679168 -0.3308997 -0.7243367 2.774702 0.1559977 0.06114049 2.716819 0.1342404 -0.3820635 2.664127 0.1096676 -0.763109 2.690673 
0.2472281 0.7367216 2.823982 0.1862778 0.5248412 2.782352 0.1249358 0.3127465 2.746093 0.02761682 0.5744407 2.760641 -0.1908502 0.3381876 2.667735 -0.2665196 0.2398178 2.399796 0.3449387 0.4752416 2.804063 0.3912738 0.1920558 2.571628 0.3627988 0.1039646 2.272194 -0.03407078 0.131183 2.696469 -0.1424423 -0.2885079 2.625522 -0.2849625 -0.6728277 2.694393 0.1612583 0.07012048 2.723197 0.1300549 -0.374086 2.686333 0.1150617 -0.7648917 2.687334 
0.2459116 0.7458304 2.824028 0.1865373 0.5332392 2.787923 0.1260946 0.3203562 2.754998 0.02655484 0.5809326 2.773243 -0.1963667 0.3360286 2.694324 -0.2871313 0.2494622 2.434544 0.3465197 0.4855459 2.802603 0.3832208 0.1970603 2.562806 0.3571335 0.1138621 2.26628 -0.03282356 0.1368304 2.713037 -0.1318512 -0.2584083 2.560538 -0.2219099 -0.5937687 2.599376 0.1641274 0.07811615 2.731109 0.119612 -0.3657827 2.705809 0.1147472 -0.7699217 2.68394 
0.2426868 0.7489289 2.825055 0.1851343 0.537021 2.793682 0.1260603 0.3234482 2.762744 0.02421845 0.5829624 2.783794 -0.1996589 0.3319905 2.717129 -0.3137062 0.2430409 2.466333 0.3460502 0.4910796 2.803569 0.3736441 0.2095449 2.563889 0.3418641 0.123259 2.272702 -0.03199684 0.1381349 2.725724 -0.1108723 -0.1687939 2.456431 -0.1523475 -0.4904126 2.498605 0.1659694 0.08161566 2.737888 0.116059 -0.3622135 2.716227 0.1132343 -0.7744174 2.68583 
0.2396812 0.7452289 2.824127 0.1796031 0.5352451 2.797345 0.1188707 0.3216425 2.770209 0.01851337 0.5813907 2.794637 -0.2032692 0.3309084 2.743594 -0.3396059 0.2315536 2.505538 0.3406928 0.4890995 2.800052 0.3904173 0.2243057 2.676476 0.3532867 0.1698716 2.383878 -0.04101069 0.1364421 2.741407 -0.1158462 -0.02176363 2.395577 -0.09458382 -0.359073 2.410164 0.1572874 0.07963777 2.74474 0.1031134 -0.3635338 2.717537 0.1019389 -0.7819057 2.687404 
0.2304304 0.7355297 2.82309 0.1710445 0.526896 2.799001 0.1114082 0.3127218 2.773879 0.009487987 0.571714 2.800425 -0.2051146 0.3214316 2.769274 -0.3609035 0.2184796 2.540246 0.332601 0.4820781 2.797577 0.3867378 0.2426662 2.711228 0.3512793 0.1793991 2.427609 -0.04759327 0.1261128 2.749633 -0.1141306 0.09863765 2.363139 -0.02499934 -0.247017 2.333932 0.1511372 0.07098233 2.747881 0.114894 -0.3720618 2.703476 0.1051366 -0.787068 2.683388 
0.2234176 0.7267286 2.833652 0.1593141 0.5175852 2.805844 0.0954774 0.3050495 2.777681 -0.001393223 0.5645402 2.815766 -0.2140528 0.3148892 2.802344 -0.3777083 0.2055005 2.572496 0.3200214 0.4706303 2.795923 0.3656463 0.2371417 2.703868 0.3288811 0.1561587 2.433724 -0.06722357 0.1213997 2.755622 -0.1190181 0.2338847 2.351683 0.09301474 -0.110779 2.244131 0.130505 0.06362787 2.743415 0.1171866 -0.3792731 2.68436 0.1020969 -0.7853397 2.675698 
0.222798 0.7142849 2.827851 0.1569745 0.5061821 2.805633 0.09082323 0.2938584 2.781578 -0.003263741 0.555288 2.81285 -0.2225504 0.3129813 2.801168 -0.3828285 0.2011606 2.577687 0.3172127 0.4570761 2.798416 0.3501523 0.2501329 2.668529 0.32109 0.1225227 2.41639 -0.07390843 0.1117453 2.761963 -0.1211995 0.2595966 2.367904 0.1608169 -0.05673523 2.235128 0.1232524 0.0513242 2.753083 0.1282159 -0.3907803 2.688155 0.1056543 -0.7966143 2.690923 
0.220967 0.6993966 2.825491 0.1566976 0.4910968 2.804164 0.09303645 0.2779317 2.780565 -0.004149609 0.5384873 2.81 -0.2158474 0.2993347 2.816822 -0.3825176 0.19914 2.595721 0.3175448 0.4437063 2.798328 0.3385638 0.2521472 2.652205 0.3208923 0.1001275 2.409445 -0.06957585 0.09392063 2.760556 -0.1153807 0.2663004 2.363908 0.2051275 -0.02836557 2.21752 0.1283265 0.03561258 2.753376 0.1463482 -0.401176 2.663529 0.1175487 -0.7978924 2.681931 
0.224193 0.6901363 2.824781 0.1589348 0.4812343 2.803959 0.0947755 0.2681105 2.781072 -0.001830986 0.5289561 2.81025 -0.2189559 0.2942518 2.819534 -0.3751075 0.1928937 2.592886 0.3197005 0.4335125 2.797669 0.3325982 0.2444446 2.633553 0.298525 0.08541168 2.394365 -0.06828682 0.08434501 2.762054 -0.1200473 0.2694803 2.366643 0.2082069 -0.01935263 2.209949 0.1295193 0.02562816 2.754315 0.1472979 -0.4087265 2.65142 0.1129267 -0.7925709 2.682255 
0.2242652 0.6867659 2.825443 0.1605005 0.4766239 2.802657 0.0977234 0.2633276 2.777628 -0.0005624199 0.5230966 2.810592 -0.2218167 0.2887149 2.811778 -0.3726444 0.1892561 2.581253 0.3215634 0.4301511 2.794723 0.3326218 0.2435458 2.62467 0.2942168 0.08317863 2.385013 -0.06415617 0.07862608 2.75748 -0.1200406 0.2558133 2.351023 0.1960865 -0.0511032 2.201676 0.1340488 0.02143645 2.747716 0.1502192 -0.4154661 2.654503 0.1158728 -0.7819849 2.672069 
