0.4825543 0.716925 2.70229 0.4716853 0.5030265 2.668248 0.4595346 0.2826501 2.643247 0.3102254 0.5150304 2.640908 0.1629681 0.2982814 2.680003 0.1351655 0.2945651 2.393301 0.6331453 0.4910226 2.695588 0.7288122 0.2004291 2.664512 0.7424832 0.1187865 2.355284 0.3466795 0.06976064 2.601195 0.2087387 -0.3352555 2.705098 0.04468588 -0.7967159 2.787497 0.5480882 0.05478676 2.635298 0.5112242 -0.3730649 2.522883 0.5272949 -0.7845623 2.580388 
0.4902289 0.7234502 2.709628 0.4789504 0.5094844 2.671461 0.4646807 0.2898301 2.641902 0.3173633 0.5234614 2.645604 0.1664704 0.3051542 2.67949 0.1392829 0.3050556 2.392687 0.6405375 0.4955074 2.697319 0.7363836 0.2052019 2.671782 0.7508715 0.1192294 2.360772 0.3495959 0.07889602 2.596211 0.2062485 -0.3316701 2.671481 0.03209239 -0.7775767 2.763394 0.5512263 0.06145529 2.628476 0.519131 -0.3704418 2.531456 0.5317366 -0.7703314 2.573338 
0.5041452 0.734759 2.723798 0.4903771 0.522362 2.678653 0.4726166 0.3039639 2.642887 0.3288727 0.5395002 2.654202 0.1752245 0.3200947 2.682714 0.1470829 0.3197401 2.394367 0.6518815 0.5052238 2.703105 0.751665 0.2080843 2.65994 0.7507912 0.1321476 2.348487 0.3540689 0.096261 2.591861 0.203924 -0.3168771 2.631014 0.03807878 -0.7459835 2.71432 0.5556432 0.07487074 2.622379 0.5278284 -0.3621367 2.554941 0.5342346 -0.763093 2.572489 
0.5232787 0.7512275 2.735427 0.507458 0.5395815 2.687653 0.4876615 0.3217313 2.649038 0.3450895 0.5573727 2.670523 0.1892857 0.3372875 2.70469 0.1501573 0.3338443 2.422724 0.6698266 0.5217904 2.704782 0.7728933 0.2125062 2.641002 0.7524214 0.1466848 2.328387 0.3665357 0.1149839 2.599733 0.207871 -0.2920754 2.548311 0.08727351 -0.6861972 2.623838 0.569194 0.09277804 2.621113 0.5384759 -0.348455 2.587503 0.5373755 -0.7712229 2.578497 
0.5306824 0.7575094 2.736685 0.5147607 0.5449275 2.690816 0.4952349 0.3265356 2.655221 0.351902 0.5615947 2.677893 0.1891809 0.3446125 2.725332 0.1389099 0.3395011 2.446513 0.6776196 0.5282604 2.70374 0.7739897 0.2217785 2.631006 0.742092 0.1464054 2.321135 0.3740642 0.1185462 2.611559 0.2201704 -0.2812869 2.513258 0.1513785 -0.6170937 2.549635 0.577354 0.09774129 2.627691 0.5383065 -0.3435809 2.601311 0.5392907 -0.7742368 2.586018 
0.5365911 0.7618844 2.7383 0.52045 0.549098 2.694164 0.5019405 0.330402 2.659807 0.3571366 0.5640824 2.686766 0.1926112 0.3497932 2.751141 0.1316484 0.3426617 2.47752 0.6837635 0.5341136 2.701562 0.7680182 0.2264044 2.612492 0.7235688 0.1404165 2.304361 0.3814807 0.1210601 2.620832 0.223491 -0.2058749 2.408396 0.227289 -0.5083279 2.453175 0.5853815 0.1023518 2.630069 0.5394113 -0.338828 2.61089 0.5385643 -0.77347 2.580609 
0.5425063 0.7630786 2.738608 0.5261559 0.5503157 2.696669 0.5084189 0.331355 2.663551 0.3626178 0.5635992 2.696431 0.1998316 0.345878 2.766045 0.1188857 0.3404192 2.49698 0.6896942 0.5370322 2.696907 0.7625387 0.2297217 2.598236 0.7089067 0.1324553 2.294412 0.3885683 0.1206885 2.630285 0.2115749 -0.06757341 2.353027 0.2799739 -0.3992999 2.385917 0.5927956 0.1041 2.630583 0.5358013 -0.3356748 2.608141 0.5406884 -0.7817867 2.577152 
0.5424642 0.7534156 2.730357 0.522529 0.5398262 2.694444 0.5009542 0.320754 2.664885 0.3593416 0.5549699 2.701318 0.1819844 0.3478635 2.789609 0.0994038 0.3378379 2.515921 0.6857165 0.5246826 2.68757 0.743349 0.2209 2.574185 0.6798688 0.1165418 2.268299 0.3775127 0.111135 2.639617 0.1991197 0.08233626 2.326133 0.3138192 -0.223527 2.305577 0.581246 0.09222868 2.631035 0.5146391 -0.3455756 2.599231 0.5226002 -0.7946303 2.576794 
0.5420529 0.7305017 2.721086 0.5170341 0.5158886 2.689251 0.4922651 0.2970683 2.660062 0.35459 0.53199 2.706389 0.1537509 0.327957 2.81243 0.07381874 0.3233667 2.546845 0.6794781 0.4997871 2.672112 0.7233709 0.2253417 2.551879 0.6480095 0.09966272 2.262925 0.3661964 0.08828877 2.641561 0.205676 0.2422269 2.304903 0.4391009 -0.08223888 2.191264 0.568796 0.06820717 2.620186 0.5234385 -0.3710612 2.574047 0.5282689 -0.7919864 2.571198 
0.5406441 0.710945 2.71125 0.5128012 0.4942448 2.684356 0.483349 0.2760599 2.654787 0.3511379 0.5130855 2.706357 0.1519404 0.2959836 2.832371 0.05795728 0.3001742 2.573152 0.6744643 0.4754041 2.662355 0.7188769 0.207536 2.558966 0.6694788 0.07110967 2.307247 0.353036 0.06962961 2.638943 0.21823 0.311257 2.322906 0.5073363 -0.001609436 2.154247 0.5547577 0.04612033 2.611491 0.5250142 -0.3938757 2.55932 0.5277662 -0.7932467 2.574286 
0.5381666 0.6987273 2.706086 0.5129523 0.4817474 2.681895 0.485765 0.2630405 2.654058 0.3513128 0.4988228 2.705606 0.1459792 0.2904852 2.826664 0.05724044 0.2934596 2.57054 0.6745919 0.4646721 2.658184 0.7122004 0.1941863 2.558997 0.6692264 0.06471141 2.302473 0.3577178 0.05498825 2.641016 0.2316734 0.3160098 2.329995 0.5292264 0.006076599 2.145165 0.5594375 0.03367886 2.611426 0.536607 -0.4068827 2.559803 0.5381154 -0.7941707 2.577015 
