0.4749588 0.7207073 2.719561 0.4528244 0.5051715 2.690774 0.4307342 0.2850154 2.67124 0.290058 0.5227053 2.677226 0.1430315 0.2949349 2.641919 0.1906433 0.3130087 2.358414 0.6155907 0.4876377 2.704322 0.7095337 0.1774234 2.698597 0.8377795 0.09605044 2.427717 0.3070881 0.07579932 2.643254 0.2022891 -0.350664 2.699863 0.07436449 -0.7758429 2.80439 0.5101998 0.05391937 2.660159 0.5209788 -0.3793436 2.562731 0.5341549 -0.7714576 2.573139 
0.4835796 0.7242525 2.709282 0.4591329 0.5086848 2.68714 0.4338866 0.2885584 2.672025 0.2963755 0.5280848 2.676459 0.1530472 0.3034318 2.654505 0.1732666 0.3057313 2.367869 0.6218902 0.4892847 2.697822 0.7238082 0.190235 2.700305 0.8418145 0.1068916 2.421467 0.3070631 0.08053963 2.650244 0.1976859 -0.3464744 2.658191 0.08098379 -0.7557838 2.765433 0.5102175 0.05632442 2.663577 0.5218169 -0.380034 2.582531 0.5318196 -0.7771614 2.581741 
0.4943022 0.7322523 2.713634 0.4694725 0.5149953 2.690717 0.4430293 0.295139 2.673394 0.3065965 0.5350688 2.684579 0.1444965 0.3067396 2.693266 0.1491336 0.2938681 2.408187 0.6323483 0.4949219 2.696854 0.7418711 0.2080978 2.687672 0.8379368 0.1132679 2.408113 0.3149202 0.0878123 2.652241 0.2143093 -0.3324242 2.588999 0.1298053 -0.7084998 2.690703 0.518252 0.06275292 2.659903 0.5331813 -0.3768318 2.603255 0.5404187 -0.772332 2.57445 
0.5044829 0.741115 2.715767 0.4807255 0.5230504 2.695347 0.4553061 0.3029216 2.679755 0.3177223 0.5417587 2.696964 0.1372858 0.3083374 2.7351 0.124891 0.2849877 2.451737 0.6437287 0.504342 2.69373 0.7529799 0.2195757 2.671317 0.8242254 0.1170288 2.386727 0.3280746 0.09447817 2.665174 0.2467488 -0.3116669 2.533678 0.2016425 -0.6352065 2.607768 0.5316986 0.07110768 2.663154 0.5396386 -0.3708614 2.6338 0.549185 -0.7770434 2.5798 
0.5105551 0.7428308 2.718346 0.4883488 0.5262817 2.698957 0.463953 0.3059808 2.683931 0.3252667 0.5439401 2.704836 0.1431495 0.3051638 2.783532 0.1011304 0.2796058 2.505739 0.6514309 0.5086232 2.693079 0.7559978 0.221793 2.646148 0.8043789 0.1166502 2.356722 0.3378206 0.09669588 2.672571 0.2564371 -0.2290463 2.426109 0.2728697 -0.5387253 2.500837 0.5412937 0.07466389 2.665236 0.5359524 -0.3681911 2.643445 0.5440027 -0.7801303 2.577385 
0.5150532 0.7462085 2.718774 0.4957491 0.5290406 2.701807 0.4747232 0.3083677 2.687018 0.3327883 0.5436462 2.715556 0.1880392 0.3072903 2.832602 0.07123426 0.2652394 2.57444 0.6587099 0.5144351 2.688059 0.7650022 0.2187024 2.606512 0.7622295 0.1089196 2.30886 0.3520092 0.09680866 2.680807 0.2378561 -0.01501747 2.326322 0.3609643 -0.3629372 2.365754 0.5553856 0.07858081 2.663649 0.5134463 -0.3628767 2.653803 0.5392583 -0.7784176 2.572587 
0.5140908 0.7451311 2.721355 0.4947954 0.5289403 2.701992 0.4745298 0.308363 2.684961 0.332186 0.5424711 2.720239 0.2039905 0.3061711 2.841295 0.05931047 0.2562661 2.599893 0.6574048 0.5154094 2.683744 0.7504675 0.2063328 2.579742 0.7325978 0.09389603 2.285624 0.3527845 0.09622992 2.679319 0.2303778 0.08950713 2.289629 0.3949319 -0.2414527 2.294345 0.5557439 0.07934149 2.656543 0.5160702 -0.3621869 2.63545 0.5337601 -0.7815725 2.562717 
0.5187815 0.7391447 2.720242 0.496087 0.5227963 2.700609 0.4716471 0.3028698 2.681329 0.334714 0.5385191 2.725822 0.1949514 0.297627 2.840719 0.05297946 0.2501596 2.609576 0.6574601 0.5070736 2.675396 0.7281862 0.1886204 2.554476 0.6987478 0.07224526 2.258523 0.3464372 0.0927614 2.677794 0.2194806 0.168585 2.293546 0.4282576 -0.1343949 2.244404 0.5479771 0.07312517 2.646305 0.5157418 -0.3689739 2.620894 0.52547 -0.7899011 2.56118 
0.5220039 0.725336 2.718526 0.4977465 0.5097821 2.697584 0.4722935 0.2902715 2.674805 0.3369844 0.5253332 2.727358 0.2089337 0.2831418 2.840166 0.04424439 0.2400497 2.60972 0.6585085 0.4942309 2.66781 0.7042142 0.2154807 2.563711 0.6659719 0.02852698 2.313319 0.3465647 0.08046098 2.670598 0.2109097 0.2423693 2.301266 0.514854 -0.0443757 2.186231 0.5471165 0.06106078 2.633455 0.5324433 -0.381673 2.601398 0.5339183 -0.7899469 2.567901 
0.5233721 0.713468 2.719252 0.497923 0.4981248 2.696622 0.4711454 0.2788711 2.672838 0.3381449 0.5139032 2.731057 0.2078492 0.2812215 2.839025 0.0448667 0.2380727 2.604913 0.657701 0.4823464 2.662187 0.6993361 0.217696 2.559879 0.6515802 0.01335027 2.323221 0.3446397 0.06946576 2.670548 0.2022545 0.2463952 2.313417 0.5202265 -0.03897724 2.181899 0.5440959 0.04976904 2.627561 0.5313986 -0.393078 2.594751 0.5286087 -0.7922608 2.567765 
