0.4839371 0.7207351 2.722425 0.4710751 0.511449 2.690156 0.4542718 0.291369 2.664917 0.3077038 0.5225493 2.702131 0.1702053 0.2974738 2.703116 0.1460119 0.315014 2.422312 0.6344463 0.5003489 2.678182 0.7147816 0.1922504 2.63661 0.7369481 0.1111587 2.327426 0.3355674 0.07821262 2.647147 0.2100259 -0.3312028 2.731912 0.04311479 -0.7880459 2.814581 0.5393698 0.06436533 2.632209 0.5089847 -0.3696207 2.546959 0.5279359 -0.8046924 2.554786 
0.4879762 0.7169578 2.72069 0.4726629 0.5052534 2.689353 0.4553325 0.2850678 2.665368 0.3092168 0.5168861 2.700661 0.1630992 0.2992377 2.717562 0.1394886 0.3127201 2.434256 0.636109 0.4936208 2.678045 0.721387 0.1916245 2.641304 0.7301214 0.1094877 2.334969 0.3360415 0.07213895 2.648438 0.2098393 -0.3450414 2.704807 0.03914493 -0.7934836 2.801494 0.5399629 0.05762552 2.634329 0.5251254 -0.3797656 2.563628 0.5376881 -0.801872 2.557671 
0.4980056 0.7270533 2.729831 0.4804904 0.5134708 2.694804 0.4611602 0.2938931 2.667311 0.3172418 0.5261982 2.707935 0.1605314 0.3096341 2.732281 0.1367063 0.3152015 2.447556 0.643739 0.5007434 2.681674 0.7331747 0.1957979 2.635671 0.7288928 0.124958 2.331652 0.3399652 0.08225711 2.648012 0.2035193 -0.3349185 2.65437 0.04227637 -0.7615874 2.757175 0.5436946 0.06637375 2.631626 0.5355177 -0.3735352 2.57559 0.5422691 -0.7873175 2.55507 
0.5091646 0.7394359 2.734397 0.4909809 0.5253745 2.698698 0.4711414 0.3062263 2.66828 0.3279538 0.5379409 2.714494 0.1572429 0.3238366 2.754645 0.1312556 0.3211911 2.470169 0.6540079 0.5128082 2.682902 0.748062 0.1958825 2.615839 0.7291279 0.1439798 2.312986 0.3495641 0.09492018 2.647719 0.2134757 -0.3170336 2.592585 0.07628671 -0.7146804 2.681492 0.5530396 0.07923604 2.628005 0.5442758 -0.3628196 2.596384 0.5486392 -0.7846806 2.552262 
0.51725 0.7486063 2.735668 0.5017133 0.5338161 2.701222 0.4839336 0.3142882 2.672255 0.3386469 0.5448235 2.717891 0.1701264 0.3259161 2.77781 0.1225963 0.3238327 2.498848 0.6647797 0.5228088 2.684554 0.755538 0.2059437 2.61092 0.7341964 0.1613378 2.309749 0.3643986 0.101629 2.653689 0.2314276 -0.2909591 2.524512 0.1416982 -0.649453 2.587859 0.5679093 0.08789159 2.632886 0.5474367 -0.354648 2.623195 0.5550451 -0.7896291 2.560319 
0.5300376 0.7614661 2.747875 0.5146161 0.5456267 2.711332 0.4986913 0.3262956 2.679864 0.3520908 0.5542471 2.733497 0.1997508 0.3132561 2.793199 0.107447 0.326625 2.529327 0.6771413 0.5370065 2.689167 0.7771004 0.2109659 2.584717 0.7287914 0.1805735 2.290399 0.3813217 0.1123451 2.66223 0.2108918 -0.1328571 2.389999 0.2400258 -0.50165 2.43149 0.5842112 0.1015838 2.634561 0.5391601 -0.3388951 2.615207 0.5379881 -0.7793661 2.582522 
0.5320435 0.7609741 2.743415 0.5169197 0.5445942 2.710313 0.5010235 0.3249636 2.680952 0.3547122 0.5530554 2.73484 0.21489 0.3071155 2.805598 0.0979917 0.3257046 2.549379 0.6791273 0.5361329 2.685785 0.7775665 0.2149931 2.568859 0.723547 0.1834844 2.27511 0.3839079 0.110613 2.666897 0.20114 -0.02109393 2.350421 0.298707 -0.3879904 2.341667 0.5863466 0.1000531 2.636286 0.5250517 -0.3387899 2.635165 0.5370262 -0.7953328 2.570057 
0.5327974 0.7586278 2.741186 0.5172446 0.5417877 2.709897 0.5001712 0.3221183 2.681443 0.3549998 0.551285 2.733928 0.2284421 0.3175576 2.8228 0.0903055 0.3237373 2.575858 0.6794893 0.5322905 2.685865 0.7722799 0.2099973 2.560926 0.7087876 0.1802429 2.266939 0.3818594 0.108375 2.667985 0.1907301 0.09307426 2.322962 0.3530136 -0.246874 2.254085 0.5843363 0.09652264 2.637993 0.5247212 -0.3431152 2.632003 0.5379025 -0.7994224 2.559876 
0.5346046 0.7504963 2.740068 0.5177975 0.5341102 2.707752 0.4994488 0.3148301 2.677204 0.3554998 0.5444307 2.731153 0.2438147 0.2853478 2.800561 0.10196 0.2455628 2.550143 0.6800952 0.5237896 2.684352 0.7631452 0.2035023 2.550963 0.6960675 0.171725 2.253952 0.3798229 0.1019903 2.661257 0.1978643 0.1832704 2.306712 0.424006 -0.1292038 2.186773 0.5823773 0.08910982 2.632052 0.5299037 -0.3514124 2.61722 0.5379921 -0.8038583 2.548144 
0.5352649 0.7343696 2.7315 0.5190168 0.5178964 2.701468 0.5011609 0.2988515 2.668984 0.3566344 0.5277103 2.724549 0.2423114 0.2764976 2.802893 0.09436945 0.2532646 2.558153 0.6813992 0.5080824 2.678386 0.744854 0.2420748 2.580261 0.6890648 0.2049031 2.297559 0.3819729 0.08593105 2.650904 0.210596 0.2447658 2.305367 0.4961668 -0.0429713 2.151398 0.5846371 0.07368251 2.622097 0.5422304 -0.3675931 2.598715 0.5427311 -0.8121481 2.544094 
0.5379035 0.7152523 2.723339 0.523192 0.4984423 2.694889 0.5078167 0.279748 2.658969 0.3604816 0.5064049 2.716056 0.2346016 0.2414811 2.811579 0.07194775 0.2471713 2.572465 0.6859024 0.4904796 2.673723 0.7313342 0.2194617 2.579381 0.6886515 0.194124 2.29311 0.3909068 0.06602258 2.636257 0.2242704 0.312582 2.325197 0.5499131 0.05064771 2.137205 0.5939758 0.05608484 2.609839 0.555729 -0.3861768 2.593869 0.5415406 -0.8046771 2.547263 
0.5398274 0.7082564 2.735293 0.5268922 0.4929631 2.698283 0.5142975 0.2755872 2.654426 0.3638678 0.4984556 2.717876 0.237324 0.2382397 2.81565 0.06634152 0.2552478 2.581854 0.6899166 0.4874705 2.67869 0.7190821 0.1886754 2.557504 0.6997777 0.1997776 2.406475 0.3999739 0.06163861 2.622796 0.2349349 0.3333882 2.312956 0.5613455 0.04590466 2.127208 0.6034316 0.05478381 2.598343 0.5568089 -0.3868146 2.593512 0.540294 -0.7969059 2.553242 
