0.1860306 0.7504678 2.820972 0.1453056 0.5376713 2.783223 0.1039356 0.3209054 2.746283 -0.01928485 0.5698674 2.778623 -0.1738409 0.2772201 2.728657 -0.2743014 0.123196 2.473545 0.309896 0.505475 2.787823 0.3521988 0.1721978 2.581851 0.3642267 0.01722252 2.286333 -0.03869096 0.1239468 2.706512 -0.1559327 -0.3008524 2.712607 -0.3149052 -0.7554255 2.791367 0.1638223 0.08433234 2.712172 0.1139542 -0.3587857 2.674723 0.1188333 -0.7923092 2.665699 
0.1883773 0.7518305 2.821533 0.1481006 0.5381846 2.78502 0.1063443 0.3214222 2.748411 -0.01644512 0.5707371 2.779958 -0.1709075 0.2791199 2.736806 -0.2809836 0.1340172 2.48581 0.3126463 0.5056322 2.790082 0.3496073 0.1730883 2.588428 0.3574826 0.02456313 2.292095 -0.03663691 0.1246854 2.708688 -0.1634944 -0.3006203 2.702185 -0.31875 -0.7472997 2.782238 0.1658129 0.08463436 2.714916 0.1152792 -0.3588804 2.683669 0.1150097 -0.7878826 2.669757 
0.1905157 0.757325 2.812817 0.1501971 0.5419696 2.784525 0.1078384 0.3245224 2.753481 -0.01446064 0.5741639 2.783692 -0.1723943 0.2794936 2.737403 -0.2834435 0.1343672 2.490934 0.3148549 0.5097753 2.785357 0.3593836 0.1900824 2.60672 0.3530127 0.03148824 2.321558 -0.03585754 0.1268888 2.721925 -0.1642759 -0.2948527 2.672469 -0.3066179 -0.719312 2.751771 0.1668167 0.08726142 2.72295 0.1160119 -0.3567049 2.700436 0.1144877 -0.7849684 2.676058 
0.1925278 0.7590905 2.817962 0.1524987 0.5434892 2.789459 0.1100455 0.3259839 2.75867 -0.0122221 0.575274 2.792043 -0.1721948 0.2822439 2.750204 -0.2878434 0.1386193 2.507649 0.3172194 0.5117043 2.786875 0.3601948 0.1960427 2.603859 0.345466 0.03871022 2.320883 -0.03376229 0.1280363 2.72947 -0.1560972 -0.2771579 2.610211 -0.2742111 -0.6756219 2.673807 0.1689471 0.08892116 2.726291 0.1163557 -0.3548072 2.702138 0.1178408 -0.789598 2.669852 
0.1940103 0.7608916 2.820042 0.1531754 0.5451729 2.793812 0.1098336 0.3276527 2.764289 -0.01142513 0.5771839 2.799606 -0.1660867 0.2851097 2.765112 -0.2967897 0.1358002 2.535703 0.3177759 0.5131618 2.788018 0.3576111 0.2005265 2.597934 0.3402353 0.0403511 2.315349 -0.03478682 0.1298288 2.738331 -0.1521434 -0.2403481 2.541456 -0.2246695 -0.6030951 2.581991 0.1677703 0.09043615 2.731201 0.1124026 -0.35326 2.714451 0.1151649 -0.7916096 2.667164 
0.1923156 0.7614939 2.822575 0.1517072 0.544387 2.798471 0.1082758 0.3266191 2.770945 -0.01281708 0.5760629 2.807464 -0.162527 0.2880368 2.784555 -0.3017235 0.1412003 2.559968 0.3162315 0.512711 2.789478 0.3588271 0.202774 2.590465 0.3365071 0.04699909 2.300444 -0.03638883 0.1283418 2.748953 -0.1294378 -0.2061524 2.487504 -0.160435 -0.5094331 2.487182 0.1660776 0.08936084 2.737886 0.1137436 -0.3543811 2.714282 0.1144642 -0.7936282 2.671304 
0.1917618 0.756281 2.822335 0.150463 0.5380298 2.801023 0.107078 0.3199954 2.77561 -0.01402471 0.5695236 2.811632 -0.1737548 0.2850092 2.792775 -0.3199949 0.1246588 2.581311 0.3149508 0.5065362 2.790414 0.3574247 0.2058936 2.590224 0.3347555 0.04618485 2.303401 -0.03750462 0.1213367 2.756724 -0.09678702 -0.1553367 2.431219 -0.09255283 -0.4069834 2.390553 0.1648908 0.08258504 2.743671 0.1157099 -0.361072 2.712952 0.1128742 -0.7970398 2.673095 
0.192448 0.7521315 2.832727 0.1498562 0.5345761 2.80775 0.1060322 0.317004 2.779387 -0.01451497 0.5660627 2.820188 -0.20489 0.2765187 2.806896 -0.3273122 0.1185324 2.586605 0.3142273 0.5030894 2.795313 0.3486945 0.1984369 2.591616 0.3183701 0.05085815 2.306469 -0.03892625 0.1188051 2.758675 -0.06442932 -0.07815176 2.379998 -0.030637 -0.294027 2.304848 0.1633428 0.08005872 2.74337 0.1198354 -0.3640122 2.709931 0.1109596 -0.7871494 2.670359 
0.1930656 0.754056 2.83793 0.1495876 0.5364154 2.812077 0.1045593 0.3192991 2.782104 -0.01448778 0.5683987 2.826888 -0.2146097 0.2632099 2.809091 -0.3366126 0.1076519 2.589168 0.3136629 0.5044321 2.797265 0.3413356 0.1987094 2.587318 0.3115094 0.05384146 2.304596 -0.04142908 0.1218631 2.761246 -0.08199113 0.06125348 2.34909 0.01640503 -0.2101841 2.251515 0.1604913 0.08250266 2.743018 0.1189494 -0.3621911 2.715895 0.1114172 -0.7868775 2.67097 
0.1986856 0.7417769 2.841807 0.1475143 0.5263591 2.814022 0.09632331 0.3108129 2.782848 -0.01566615 0.5632327 2.827026 -0.2166275 0.2594628 2.814501 -0.3409211 0.1034407 2.597974 0.3106947 0.4894854 2.801017 0.3288392 0.1896729 2.586335 0.2847744 0.0443196 2.2979 -0.05527981 0.1179567 2.759677 -0.1362685 0.2613276 2.350383 0.1093305 -0.06878174 2.216489 0.1455445 0.0725768 2.743672 0.1227036 -0.3719181 2.699966 0.1035635 -0.7935049 2.67057 
0.1975044 0.7327456 2.841958 0.1459355 0.5196607 2.813999 0.09361842 0.3043948 2.782589 -0.01708039 0.5573975 2.826896 -0.2214795 0.2550465 2.808439 -0.3419418 0.09549113 2.592663 0.3089514 0.4819239 2.801102 0.3296619 0.212411 2.6135 0.2789399 0.03664568 2.349059 -0.05899118 0.1123457 2.759114 -0.1402801 0.3026688 2.356748 0.1525194 -0.0298859 2.229301 0.1415938 0.06591202 2.743245 0.1336882 -0.3780803 2.691502 0.1093343 -0.7929593 2.672371 
0.1981272 0.7222227 2.843028 0.1462356 0.5095532 2.812653 0.09236181 0.2949788 2.779214 -0.01657214 0.5486531 2.824054 -0.2152108 0.2560919 2.820489 -0.3364574 0.1045129 2.599771 0.3090433 0.4704534 2.801251 0.3290197 0.2155627 2.625661 0.2779112 0.02516052 2.372069 -0.06168949 0.104463 2.75279 -0.1419799 0.3117646 2.349827 0.1784198 -0.02051276 2.234603 0.1386655 0.05634585 2.738759 0.1358143 -0.3865727 2.677271 0.1096812 -0.7937127 2.666414 
