0.5912113 0.7074226 2.709123 0.5605847 0.5057813 2.663963 0.5235239 0.2896238 2.628803 0.4009973 0.5364888 2.643394 0.2267876 0.3361683 2.599577 0.2346744 0.4351456 2.329357 0.7201721 0.4750738 2.684532 0.8270034 0.1899029 2.549605 0.8013162 0.1888347 2.262235 0.3868665 0.0926304 2.580805 0.2450603 -0.2949151 2.678265 0.0591394 -0.7858138 2.779224 0.5860597 0.05430209 2.606479 0.5305517 -0.380827 2.540758 0.5336323 -0.8058935 2.564164 
0.5901302 0.6895609 2.704045 0.5594272 0.4868911 2.660798 0.5226155 0.2702883 2.628077 0.4009901 0.5180539 2.632755 0.2133419 0.3241323 2.584309 0.2314399 0.4184 2.315844 0.7178642 0.4557282 2.688842 0.8224406 0.1699203 2.547295 0.8010369 0.1767432 2.262193 0.3869765 0.07312392 2.577862 0.2567938 -0.3140979 2.718392 0.06446474 -0.8059671 2.804102 0.584631 0.03424739 2.612848 0.533621 -0.3984087 2.529405 0.5368912 -0.8077919 2.567743 
0.592474 0.6846216 2.701 0.5603452 0.4781578 2.66001 0.5237635 0.2612089 2.629287 0.4020402 0.5091157 2.629895 0.2051599 0.318577 2.583657 0.2226245 0.4084874 2.307471 0.7186502 0.4471999 2.690126 0.8207065 0.1569529 2.543148 0.800544 0.1726391 2.2593 0.3885108 0.06355603 2.579793 0.2437373 -0.3311669 2.700738 0.05882036 -0.8037916 2.806465 0.5858532 0.02496405 2.617335 0.5364693 -0.4075137 2.530084 0.5383862 -0.7951754 2.567151 
0.6025398 0.6893921 2.710471 0.5665236 0.4807065 2.665353 0.5301106 0.2641816 2.63175 0.4066677 0.5109501 2.643698 0.2087199 0.3214662 2.604919 0.2143155 0.4079122 2.326875 0.7263796 0.450463 2.687007 0.8333336 0.1646916 2.516294 0.8124089 0.1688868 2.231311 0.3938999 0.06653758 2.584628 0.2270866 -0.3375302 2.637797 0.05167764 -0.7641884 2.761477 0.5934952 0.02877563 2.611665 0.5471565 -0.4062405 2.535404 0.5434057 -0.780125 2.557073 
0.6039596 0.7003676 2.704746 0.566884 0.4892999 2.66751 0.5286211 0.2722494 2.640513 0.4062966 0.5194757 2.652503 0.2134743 0.3301052 2.625987 0.2017129 0.4110722 2.349572 0.7274714 0.4591241 2.682517 0.8308181 0.1814196 2.509685 0.7971291 0.1856112 2.226879 0.3901167 0.07403518 2.604149 0.217808 -0.3287136 2.596473 0.07355109 -0.7068718 2.703699 0.5905996 0.03636263 2.622885 0.5379183 -0.4013483 2.582864 0.5377457 -0.7803343 2.574677 
0.6013095 0.714831 2.711482 0.5625986 0.5030386 2.675398 0.5214105 0.2863355 2.649575 0.4019762 0.5335416 2.675616 0.2082844 0.351481 2.658616 0.1851386 0.4195763 2.386714 0.7232211 0.4725356 2.67518 0.8259738 0.1962276 2.501984 0.7837871 0.192022 2.2218 0.3796208 0.08873726 2.623888 0.2095509 -0.2717052 2.489592 0.1195208 -0.6100174 2.595793 0.580824 0.05052773 2.623615 0.5374988 -0.3866077 2.5658 0.5129898 -0.7827249 2.61018 
0.5952915 0.7233637 2.714719 0.5575945 0.5119909 2.681465 0.5162582 0.2950211 2.657927 0.3971224 0.541337 2.69277 0.2017073 0.3721727 2.697776 0.1636332 0.4162411 2.425396 0.7180665 0.4826448 2.670159 0.8150765 0.2016532 2.487026 0.7570936 0.1917409 2.20771 0.3747965 0.0963616 2.641443 0.2362867 -0.1475137 2.393845 0.1952717 -0.4926697 2.478445 0.5750473 0.059741 2.627335 0.5332267 -0.3799984 2.59206 0.5234061 -0.7842436 2.592316 
0.5857114 0.7214917 2.708296 0.5513179 0.5120013 2.681895 0.5118787 0.2942275 2.66343 0.3908327 0.5395694 2.69954 0.198937 0.3675036 2.741812 0.1424391 0.4026486 2.474659 0.7118031 0.4844332 2.664252 0.8001537 0.1938832 2.469507 0.7365155 0.1751288 2.189615 0.3724482 0.09363017 2.655957 0.2638231 -0.007857658 2.336136 0.2668156 -0.3544357 2.363936 0.5724306 0.05927733 2.633971 0.529253 -0.3816518 2.617151 0.5337042 -0.7991064 2.573955 
0.5821963 0.7187466 2.705144 0.5461442 0.5081483 2.682708 0.5052337 0.2904999 2.665558 0.3860913 0.5365167 2.704485 0.2004811 0.3617354 2.769421 0.1215934 0.3848237 2.505271 0.706197 0.4797798 2.660931 0.7710963 0.1879478 2.459274 0.7080051 0.1590332 2.177896 0.3645686 0.09053245 2.66198 0.2717488 0.1192827 2.304836 0.326745 -0.2375063 2.260736 0.5640779 0.05517064 2.634834 0.5306537 -0.3867612 2.613159 0.5325664 -0.8028455 2.562603 
0.5816425 0.7045579 2.702562 0.5416694 0.4942158 2.681157 0.4966485 0.2775807 2.661903 0.382146 0.525335 2.70403 0.2017327 0.3578716 2.790704 0.1072256 0.3686933 2.527443 0.7011927 0.4630968 2.658284 0.7530448 0.179468 2.451165 0.6917346 0.1353332 2.168247 0.3521552 0.08035028 2.656911 0.2709301 0.2064972 2.29131 0.3954282 -0.1453974 2.17826 0.5511001 0.04154101 2.628386 0.5394884 -0.4008743 2.600288 0.5314204 -0.810478 2.554915 
0.5848287 0.6816264 2.700192 0.5391638 0.4764818 2.679522 0.4885219 0.2615702 2.656217 0.3801421 0.5117458 2.699883 0.185891 0.3494048 2.796256 0.0972782 0.3543515 2.525818 0.6981856 0.4412178 2.65916 0.7379615 0.1938396 2.473259 0.6826151 0.1200175 2.195025 0.3386529 0.06866276 2.645617 0.2596896 0.260652 2.29437 0.4614387 -0.05779532 2.132345 0.5371069 0.0246544 2.620207 0.5472967 -0.4165818 2.579788 0.531197 -0.8113087 2.556505 
0.5907842 0.6652368 2.710551 0.5398253 0.4593128 2.680148 0.4839592 0.2474415 2.646016 0.3814642 0.4978544 2.700104 0.1844589 0.3276912 2.788023 0.09196451 0.3457293 2.517255 0.6981864 0.4207712 2.660192 0.7317311 0.1764875 2.50652 0.677831 0.1266709 2.2254 0.329295 0.05961546 2.624334 0.2521667 0.2841144 2.287078 0.5370412 -0.01010922 2.106066 0.5268913 0.01152489 2.599434 0.5584049 -0.4280239 2.55211 0.5338778 -0.8043248 2.544644 
0.5918596 0.6528959 2.71425 0.5401335 0.4467115 2.681623 0.4837119 0.2352842 2.644535 0.3818873 0.4851929 2.70299 0.1887189 0.3223583 2.787514 0.09686062 0.3407693 2.518024 0.6983797 0.40823 2.660256 0.7308294 0.1621826 2.509184 0.673385 0.1259894 2.226686 0.3285664 0.04786409 2.620776 0.2520219 0.2743232 2.297583 0.5789592 0.002711365 2.115577 0.5260142 -0.0001501617 2.594116 0.5735438 -0.4398143 2.568779 0.5426285 -0.8037585 2.558966 
