0.5058224 0.700856 2.72073 0.4904522 0.4897493 2.676422 0.475985 0.2708254 2.64155 0.3291199 0.5045782 2.650258 0.1694456 0.28209 2.596915 0.1875478 0.3522232 2.329696 0.6517845 0.4749204 2.702586 0.76608 0.1599742 2.609441 0.8051848 0.1474708 2.319756 0.360917 0.06114822 2.590363 0.2444689 -0.3419777 2.725007 0.05913457 -0.7930102 2.834123 0.5621185 0.04265469 2.622993 0.5275077 -0.3909452 2.533348 0.5294505 -0.7859712 2.579909 
0.5106454 0.7055896 2.72882 0.4941302 0.4942301 2.679229 0.4768006 0.2765031 2.639042 0.333359 0.5121913 2.651247 0.1657649 0.2830234 2.594903 0.1817416 0.3445256 2.324189 0.6549014 0.4762689 2.707212 0.7685756 0.1560097 2.608733 0.8053395 0.1455672 2.317808 0.3591779 0.06998062 2.581398 0.2303664 -0.3343577 2.705846 0.05087782 -0.7817358 2.8233 0.5597643 0.04757132 2.616311 0.531876 -0.3846035 2.517958 0.52758 -0.7711995 2.570281 
0.5152111 0.7118166 2.713899 0.4978473 0.4989533 2.67357 0.479162 0.2802621 2.640121 0.3365123 0.5165721 2.648502 0.1749396 0.2974582 2.619957 0.1783681 0.3423756 2.344716 0.6591823 0.4813344 2.698638 0.7713535 0.1615435 2.610885 0.803886 0.1445243 2.323117 0.3598211 0.07256331 2.591032 0.2216682 -0.3375091 2.67974 0.04141263 -0.7797163 2.812266 0.5611321 0.05057881 2.622311 0.534514 -0.3851844 2.542383 0.5352964 -0.7805366 2.585522 
0.5210809 0.7248405 2.716439 0.504866 0.5097366 2.676354 0.4853364 0.2909071 2.643805 0.3428231 0.5271558 2.656469 0.1869828 0.3007137 2.65049 0.1702524 0.340378 2.370754 0.6669088 0.4923173 2.696239 0.7836924 0.1742803 2.610958 0.7995054 0.1459085 2.32533 0.3646612 0.08295055 2.598845 0.2252317 -0.3311321 2.616481 0.06016918 -0.7392844 2.753113 0.5669525 0.0612047 2.623668 0.5360647 -0.3767708 2.558935 0.5417172 -0.7741092 2.580609 
0.5244992 0.7369922 2.717701 0.5083332 0.5207999 2.679571 0.4886186 0.301809 2.647966 0.3454927 0.5369596 2.669176 0.1895176 0.3163335 2.694242 0.1523419 0.3341624 2.416047 0.6711737 0.5046401 2.689966 0.7903762 0.1886572 2.59949 0.7880822 0.1522755 2.314111 0.3671483 0.092916 2.609866 0.2364295 -0.3177561 2.554056 0.1136019 -0.6818707 2.663153 0.5706599 0.07272014 2.622857 0.5311267 -0.3666933 2.57649 0.539677 -0.772845 2.576808 
0.5271494 0.7494717 2.729327 0.5112292 0.5320814 2.688582 0.4916034 0.3133452 2.655118 0.3481582 0.5465062 2.689932 0.1911952 0.3237242 2.735616 0.1242596 0.3280021 2.466707 0.6743003 0.5176565 2.687233 0.7906161 0.1942831 2.57775 0.7687272 0.150706 2.292162 0.3700514 0.1036251 2.622496 0.2628322 -0.2928907 2.489416 0.1958086 -0.5862063 2.55168 0.5739037 0.08559285 2.620809 0.5323449 -0.3552036 2.594759 0.5403245 -0.7753038 2.576268 
0.5282235 0.755473 2.733647 0.5115148 0.5389924 2.693773 0.4916033 0.3202679 2.660303 0.3484803 0.5524617 2.702742 0.2005966 0.3218631 2.767801 0.1081797 0.3267604 2.505388 0.6745493 0.5255232 2.684803 0.7888091 0.2026385 2.565896 0.7560891 0.1457301 2.284815 0.3700239 0.1099429 2.632427 0.2575081 -0.2183764 2.395658 0.2594027 -0.5056062 2.459958 0.5733594 0.09314403 2.62124 0.5292444 -0.3481572 2.61281 0.5351543 -0.7790827 2.578587 
0.5295488 0.7587001 2.736357 0.5138166 0.5427917 2.701776 0.4955887 0.3235042 2.671137 0.351438 0.5533847 2.722564 0.2396798 0.3199421 2.821161 0.08780447 0.3168718 2.583546 0.6761952 0.5321987 2.680988 0.7617416 0.2101831 2.54872 0.7151396 0.123622 2.27203 0.3761368 0.1108201 2.653457 0.2426396 0.04534693 2.307859 0.3701132 -0.2907105 2.299434 0.5785846 0.09761317 2.62754 0.5319725 -0.343738 2.638987 0.537927 -0.783052 2.579645 
0.5287687 0.7512355 2.72865 0.5135856 0.5342942 2.699961 0.4961005 0.3144055 2.673831 0.351396 0.5444266 2.723226 0.227372 0.3199435 2.831068 0.0727825 0.3107926 2.600196 0.6757753 0.5241618 2.676696 0.7529084 0.2046146 2.536861 0.6984679 0.1090684 2.256374 0.3774706 0.1008355 2.66221 0.2388683 0.1395305 2.302835 0.4271052 -0.2024983 2.240622 0.57976 0.08819791 2.633193 0.5429528 -0.3540871 2.630504 0.53435 -0.7933457 2.579969 
0.5302953 0.7442142 2.733305 0.5149296 0.5274789 2.701494 0.4973577 0.308044 2.67185 0.3532088 0.5368028 2.728338 0.1976485 0.3170038 2.85604 0.06244579 0.3090203 2.61427 0.6766504 0.518155 2.674649 0.7409123 0.2007814 2.522427 0.6871555 0.09357242 2.241977 0.3788839 0.09442654 2.658956 0.2316606 0.2098342 2.292287 0.481279 -0.1316802 2.188181 0.5806876 0.08279172 2.625458 0.5492608 -0.3596301 2.608959 0.5339653 -0.7888525 2.565937 
0.5310328 0.724876 2.728054 0.5168451 0.5080082 2.698556 0.5025477 0.288541 2.667439 0.3558308 0.5140443 2.729966 0.1758027 0.2990207 2.874475 0.06521331 0.2933911 2.620718 0.6778594 0.5019722 2.667146 0.7199991 0.2401207 2.548516 0.6808649 0.1303677 2.282362 0.3877438 0.07284153 2.655929 0.2395108 0.2505525 2.301746 0.5493199 -0.0702047 2.170193 0.5887567 0.065306 2.616716 0.5629728 -0.3774605 2.595219 0.54164 -0.7992311 2.566088 
0.5346783 0.7102477 2.726972 0.5212582 0.4924941 2.698719 0.5077973 0.2731595 2.666459 0.3610223 0.4970588 2.734544 0.1534453 0.2845095 2.892121 0.07362381 0.2775183 2.621257 0.6814941 0.4879294 2.662894 0.7076274 0.2201964 2.553116 0.6795648 0.1212202 2.281397 0.3943689 0.0566727 2.656549 0.2334275 0.3046589 2.321016 0.5766298 -0.004030365 2.150628 0.594304 0.05097708 2.611848 0.5653131 -0.3921227 2.601135 0.5362732 -0.7943961 2.581199 
