0.5088325 0.7239523 2.719719 0.4936244 0.5190188 2.66918 0.4763083 0.3011229 2.629615 0.3311284 0.5349635 2.652486 0.159426 0.3257062 2.684234 0.09957781 0.316819 2.406555 0.6561205 0.5030742 2.685873 0.7136149 0.1846685 2.604447 0.6828533 0.122817 2.28668 0.3576961 0.09316638 2.579644 0.2532181 -0.3131413 2.701939 0.09166977 -0.7788468 2.753008 0.560288 0.07328741 2.600457 0.5092958 -0.3625577 2.532501 0.5350792 -0.7976052 2.55945 
0.5129427 0.7203642 2.718839 0.495755 0.5137761 2.668704 0.4774131 0.2957537 2.630215 0.3331257 0.5302411 2.652938 0.1582137 0.3203487 2.679621 0.1048208 0.3167419 2.401605 0.6583842 0.4973111 2.68447 0.7213089 0.1773371 2.608229 0.6865289 0.1178463 2.293718 0.3576371 0.08800067 2.581892 0.2478296 -0.3221701 2.699552 0.09048352 -0.7837675 2.758849 0.5605056 0.06746173 2.601559 0.5192295 -0.3712653 2.548603 0.5366453 -0.7944534 2.564647 
0.5227291 0.7262852 2.728419 0.5022798 0.5205739 2.67348 0.4809242 0.3036419 2.630879 0.3395857 0.5390642 2.660882 0.1625751 0.3306996 2.685816 0.1169142 0.3285942 2.403996 0.664974 0.5020836 2.686079 0.724614 0.1756401 2.620658 0.6989087 0.1161935 2.307702 0.3580412 0.09824856 2.580416 0.2378443 -0.3188012 2.652349 0.0796748 -0.7650547 2.73682 0.5610961 0.07517123 2.596141 0.5257504 -0.3654113 2.555183 0.5388029 -0.783601 2.55635 
0.536386 0.7334344 2.723759 0.5121795 0.5257456 2.675157 0.4861797 0.3084614 2.637579 0.3494658 0.5463683 2.668492 0.1783603 0.3312564 2.688507 0.1256398 0.3389156 2.411556 0.6748932 0.505123 2.681822 0.7389004 0.1863695 2.62538 0.7071487 0.1204955 2.31861 0.3585903 0.1040528 2.595839 0.2335389 -0.3165134 2.618262 0.08669873 -0.7428263 2.705532 0.5617697 0.07830144 2.604162 0.5324571 -0.3638464 2.580854 0.5413375 -0.7880426 2.572895 
0.5463517 0.7369659 2.711355 0.521072 0.5277948 2.672956 0.4950083 0.3092889 2.644134 0.3581061 0.5474924 2.670993 0.1847979 0.3420218 2.702734 0.1299742 0.3549905 2.427145 0.6840379 0.5080972 2.674918 0.7550895 0.1942643 2.61371 0.7116205 0.1336629 2.310672 0.3672519 0.1030747 2.614087 0.2377915 -0.3093325 2.561821 0.1280988 -0.69581 2.628741 0.5706375 0.07849149 2.616537 0.5423205 -0.3643096 2.608657 0.5481713 -0.7903359 2.572723 
0.556157 0.7438132 2.715165 0.5302212 0.5325663 2.67743 0.5033075 0.3139996 2.648923 0.3672603 0.552266 2.680243 0.1864024 0.347005 2.716377 0.1247451 0.3639414 2.445896 0.6931821 0.5128666 2.674617 0.7725496 0.1996332 2.596871 0.7211382 0.1425015 2.29668 0.3747007 0.1077262 2.622172 0.2454558 -0.2785586 2.483024 0.1865634 -0.5978128 2.51732 0.5780868 0.08313974 2.618662 0.5406271 -0.3591678 2.610145 0.544948 -0.7850394 2.56331 
0.564302 0.7461782 2.71756 0.5372062 0.5343887 2.680638 0.5099474 0.3157533 2.652508 0.3742976 0.5538471 2.687263 0.1947047 0.3509983 2.738189 0.1183628 0.360106 2.469292 0.7001147 0.5149302 2.674012 0.7792798 0.2058186 2.584443 0.7168489 0.1492129 2.285925 0.3810414 0.109259 2.628512 0.2485732 -0.1852895 2.373256 0.2498941 -0.4821993 2.403942 0.5843359 0.0849767 2.620244 0.538839 -0.3566568 2.621984 0.5464941 -0.7935021 2.554664 
0.5723531 0.7453305 2.72027 0.5432664 0.5340509 2.683133 0.514349 0.3159015 2.652856 0.3805885 0.554241 2.693033 0.2063323 0.3510157 2.764104 0.1175168 0.3606807 2.496031 0.7059443 0.5138608 2.673233 0.776117 0.2003937 2.559243 0.7143633 0.1460217 2.255538 0.3839256 0.1103501 2.628757 0.2470113 -0.01332275 2.309198 0.3106717 -0.3342777 2.304541 0.5869376 0.085154 2.616402 0.5341295 -0.3557858 2.614807 0.543205 -0.7954875 2.548198 
0.5772887 0.7376169 2.719127 0.5446206 0.5276499 2.683187 0.5103528 0.3103144 2.652944 0.3825673 0.5515949 2.694731 0.2046634 0.3520049 2.771067 0.1056289 0.355956 2.509666 0.7066737 0.5037051 2.671643 0.7655569 0.1941955 2.539143 0.6994056 0.1377738 2.231911 0.3749501 0.1079225 2.629906 0.2411166 0.1253743 2.288605 0.3639469 -0.2001031 2.226277 0.5772199 0.07803514 2.615498 0.5296281 -0.363574 2.611189 0.5315983 -0.8019609 2.553104 
0.5832872 0.7199885 2.720533 0.5471126 0.5112892 2.680123 0.508111 0.2962649 2.64153 0.3855814 0.538432 2.692135 0.199828 0.3460124 2.770966 0.09897988 0.3535881 2.511829 0.7086439 0.4841463 2.66811 0.7502813 0.1755879 2.514132 0.6779969 0.1226951 2.207533 0.3683141 0.0981777 2.610434 0.2469008 0.2166593 2.273236 0.4508159 -0.1165794 2.143072 0.5699047 0.06430344 2.595442 0.5438105 -0.3781782 2.578531 0.5333564 -0.8076516 2.534432 
0.5870339 0.6962095 2.711162 0.5475878 0.4873009 2.671321 0.5040453 0.2739427 2.628371 0.3866363 0.5187354 2.678339 0.2019796 0.3309545 2.771855 0.08977503 0.3446189 2.516724 0.7085394 0.4558664 2.664303 0.7418075 0.1960298 2.538632 0.6768532 0.1472751 2.259671 0.3600018 0.08021276 2.589803 0.2519666 0.2642412 2.279185 0.5249242 -0.05337817 2.107103 0.5610036 0.04095628 2.581038 0.547883 -0.4024186 2.568081 0.5334251 -0.8158113 2.541884 
0.593506 0.6823057 2.715061 0.5523697 0.4732977 2.672933 0.5083028 0.260573 2.626998 0.3914577 0.5045011 2.682797 0.2014667 0.3155019 2.77393 0.09009276 0.332783 2.523355 0.7132815 0.4420942 2.663069 0.73956 0.1773693 2.546256 0.674436 0.1459712 2.264853 0.3638558 0.06731378 2.587217 0.2678473 0.2916822 2.29638 0.5823261 -0.0126275 2.107839 0.5646163 0.02838301 2.574909 0.5618456 -0.4154438 2.566555 0.5467682 -0.8092854 2.551623 
