0.571812 0.696926 2.714156 0.5395654 0.4917078 2.669993 0.5031239 0.2753051 2.635452 0.3817208 0.5232568 2.638865 0.2023613 0.3186702 2.597958 0.2062636 0.3777125 2.322684 0.6974102 0.4601588 2.701121 0.8047982 0.2194141 2.518328 0.7789654 0.2515562 2.238016 0.3683882 0.07854887 2.581527 0.2363231 -0.3297237 2.664829 0.02120433 -0.7897989 2.766154 0.5649763 0.03925609 2.620296 0.5283961 -0.3935008 2.529077 0.5379214 -0.791478 2.565066 
0.5766609 0.6971261 2.717053 0.5431424 0.489876 2.67345 0.5064324 0.2734674 2.639142 0.3850145 0.52154 2.642917 0.2121828 0.3178352 2.604483 0.2152304 0.3843964 2.333565 0.7012704 0.458212 2.703982 0.8069032 0.2192065 2.527156 0.7889063 0.260221 2.249549 0.3711507 0.07679703 2.585802 0.2320973 -0.3369626 2.617976 0.02743591 -0.7714924 2.737238 0.5682941 0.03732046 2.623868 0.5375952 -0.3993656 2.55229 0.5406958 -0.7869818 2.570977 
0.5875564 0.7116624 2.739061 0.5522307 0.5046148 2.686193 0.5133477 0.2900656 2.644335 0.393254 0.537905 2.663237 0.2159515 0.324557 2.622274 0.2087845 0.3927794 2.348724 0.7112074 0.4713245 2.70915 0.8162535 0.2250025 2.53616 0.7942097 0.2703955 2.259084 0.375197 0.09630333 2.588142 0.233355 -0.314959 2.555629 0.06388385 -0.7038645 2.659828 0.5737322 0.05472942 2.616811 0.540195 -0.3839089 2.558594 0.54462 -0.7691132 2.560644 
0.5931613 0.7186542 2.749026 0.5560979 0.5122187 2.69609 0.51608 0.2977809 2.654335 0.3963283 0.545377 2.678923 0.2189768 0.3492715 2.643653 0.1994939 0.4028082 2.364334 0.7158674 0.4790604 2.713256 0.8216289 0.2395006 2.545105 0.7937573 0.2728026 2.268893 0.3763774 0.1040315 2.60187 0.249741 -0.2955983 2.492747 0.1196752 -0.6428788 2.562379 0.5757467 0.06265473 2.623291 0.5314784 -0.3771275 2.592298 0.5438674 -0.7839529 2.572307 
0.5986165 0.7237874 2.755499 0.5604373 0.5172279 2.703896 0.5198046 0.3025208 2.663994 0.4000506 0.549836 2.691759 0.2135129 0.3521077 2.665829 0.1824187 0.4106262 2.395043 0.7208238 0.4846198 2.716032 0.8223473 0.2507648 2.540066 0.7888862 0.2751755 2.265683 0.3791068 0.1081579 2.616519 0.2735244 -0.2591885 2.422277 0.1900245 -0.5441857 2.442959 0.5792372 0.0674695 2.631664 0.5321351 -0.3728356 2.603596 0.5448662 -0.7856082 2.569264 
0.60097 0.7215315 2.746742 0.5624747 0.5141236 2.703411 0.5207927 0.2986481 2.669526 0.4016337 0.5461037 2.6979 0.20986 0.3734387 2.699418 0.1714205 0.4144102 2.427029 0.7233156 0.4821436 2.708923 0.8178126 0.2504466 2.529561 0.775472 0.2668769 2.253713 0.3787143 0.1031344 2.6322 0.2984625 -0.2043405 2.352643 0.2542391 -0.4216891 2.325824 0.579507 0.06321068 2.639081 0.5314659 -0.3767029 2.603388 0.5424162 -0.7929472 2.567357 
0.6009856 0.7097036 2.744947 0.5589136 0.5051457 2.703267 0.5127723 0.2908131 2.667938 0.3985198 0.5393342 2.705335 0.1999003 0.3807311 2.721796 0.1467001 0.407287 2.447068 0.7193074 0.4709573 2.701199 0.8133693 0.2441903 2.520392 0.7625889 0.246051 2.241894 0.3664913 0.09782545 2.633901 0.3029384 -0.06943819 2.273596 0.3044259 -0.2916652 2.203248 0.5667707 0.05513527 2.631318 0.5220891 -0.3839356 2.583043 0.5297613 -0.7968451 2.552701 
0.6018495 0.6964774 2.741486 0.5562321 0.4933996 2.700535 0.5078785 0.2800721 2.662103 0.3960733 0.5284926 2.707247 0.1894137 0.3744006 2.734419 0.1210572 0.3987444 2.46123 0.716391 0.4583068 2.693823 0.8041357 0.2295658 2.496238 0.7441785 0.2211046 2.217734 0.3596279 0.08863322 2.627859 0.3032196 0.110775 2.2643 0.3849634 -0.1758386 2.122626 0.5594218 0.04485576 2.619485 0.5350628 -0.3953151 2.569276 0.534964 -0.7991748 2.547807 
0.5998565 0.6760945 2.741252 0.5532976 0.4736482 2.696213 0.5026336 0.2620001 2.652149 0.3934939 0.5097141 2.706722 0.178155 0.360257 2.742222 0.1011624 0.3852869 2.472465 0.7131014 0.4375823 2.685705 0.7864963 0.205242 2.481162 0.7200015 0.1930584 2.202897 0.3522808 0.07285063 2.614641 0.2918151 0.2192021 2.269413 0.468187 -0.08260462 2.082076 0.5516583 0.02785344 2.60153 0.5450547 -0.4122592 2.546082 0.5353575 -0.8079569 2.543342 
0.6022077 0.6585054 2.73009 0.5554473 0.452311 2.6882 0.5051514 0.2405209 2.644057 0.3955203 0.4879314 2.699518 0.1820758 0.3396274 2.757613 0.09875829 0.3732178 2.492583 0.7153742 0.4166906 2.676882 0.7673516 0.1832303 2.511929 0.7093939 0.1883912 2.227272 0.3550976 0.05094971 2.606975 0.2919785 0.270611 2.282111 0.5461645 -0.01429242 2.085942 0.5546134 0.006511704 2.592855 0.5689844 -0.4336446 2.540484 0.5465586 -0.8108544 2.555457 
0.6067309 0.6500351 2.734005 0.558046 0.44416 2.686954 0.5075803 0.2336979 2.637213 0.3982089 0.4790571 2.701464 0.1874914 0.3243659 2.76682 0.09315688 0.3557956 2.502536 0.717883 0.409263 2.672443 0.7545832 0.1613061 2.525523 0.7053265 0.188683 2.240498 0.3573713 0.04501256 2.596528 0.2813829 0.3053117 2.287942 0.5794758 0.02586002 2.087358 0.5568579 0.001458847 2.578418 0.5722716 -0.4396533 2.531255 0.5440208 -0.7913026 2.55113 
0.6088266 0.6451311 2.72647 0.5595063 0.4381946 2.683972 0.5091186 0.2268229 2.63807 0.3997842 0.472583 2.700949 0.1902701 0.318655 2.769904 0.09567605 0.344736 2.50267 0.7192284 0.4038063 2.666995 0.7513618 0.126834 2.519017 0.6813364 0.1454036 2.217269 0.3590648 0.03690932 2.602762 0.2772917 0.2930386 2.29393 0.5748382 -0.008687165 2.084638 0.558397 -0.006007187 2.581574 0.569259 -0.448549 2.549269 0.5439955 -0.7966319 2.567429 
