0.5036057 0.7253366 2.730177 0.4879769 0.5118978 2.685903 0.4703599 0.2935217 2.649263 0.3253386 0.5274673 2.671306 0.1635361 0.2851581 2.630728 0.1838672 0.3319929 2.355333 0.6506153 0.4963284 2.700499 0.7479255 0.1803872 2.634887 0.8103488 0.1387151 2.343304 0.3514121 0.08484593 2.60353 0.2141232 -0.3243022 2.679134 0.03769861 -0.7686083 2.758143 0.5540738 0.06544505 2.621718 0.5223614 -0.3697458 2.539044 0.5322601 -0.7710066 2.577591 
0.5094495 0.7373978 2.73507 0.4938813 0.5222111 2.689949 0.4757048 0.3039526 2.65274 0.3308974 0.5377935 2.678164 0.1677636 0.2950819 2.661866 0.1635831 0.3335942 2.384563 0.6568652 0.5066288 2.701734 0.7629573 0.1896898 2.626451 0.8082122 0.1506695 2.334185 0.3558894 0.09541138 2.608182 0.2152692 -0.3189276 2.632494 0.04922392 -0.7456115 2.717277 0.5591673 0.07597668 2.622881 0.5278748 -0.3624251 2.562306 0.5378522 -0.7713149 2.582288 
0.5154819 0.7481045 2.747021 0.4996563 0.533496 2.698508 0.4811835 0.3157261 2.658689 0.3363263 0.5478743 2.695645 0.160314 0.3145983 2.705447 0.1391574 0.3285783 2.424052 0.6629864 0.5191176 2.701371 0.7784017 0.2017956 2.611733 0.8034359 0.1591087 2.321685 0.3606807 0.1069383 2.61708 0.2211862 -0.3033992 2.57179 0.09566034 -0.692058 2.640702 0.5647407 0.08897432 2.620658 0.5333301 -0.3515897 2.579712 0.5379671 -0.7674281 2.581339 
0.5236563 0.7589189 2.745706 0.5078847 0.5451638 2.703146 0.4905101 0.3266396 2.667407 0.3443433 0.5570117 2.710209 0.175637 0.3211039 2.766076 0.1071826 0.3219968 2.492578 0.6714261 0.533316 2.696083 0.7861674 0.2179896 2.590938 0.7833689 0.1708519 2.303304 0.3711176 0.1155061 2.636073 0.2461083 -0.267455 2.469404 0.1872842 -0.5946011 2.50361 0.5751533 0.1007247 2.627262 0.5365223 -0.3411384 2.608288 0.5406654 -0.7821652 2.586089 
0.5222481 0.7600421 2.732318 0.5082374 0.5440189 2.69956 0.4925549 0.3243956 2.671087 0.3446522 0.5544639 2.709093 0.1953737 0.3170088 2.793 0.09345732 0.3171058 2.533388 0.6718226 0.5335739 2.690026 0.7786472 0.2220329 2.57898 0.7618677 0.1698357 2.292867 0.3748307 0.1112878 2.648562 0.2483559 -0.185218 2.380183 0.2550581 -0.5030608 2.413712 0.5789142 0.09825695 2.636668 0.5323074 -0.3428898 2.616035 0.5387344 -0.7858737 2.588128 
0.5214437 0.7563954 2.735118 0.5094914 0.5412139 2.701889 0.4951857 0.3214649 2.673058 0.3460529 0.5501274 2.715047 0.2116833 0.3140096 2.814984 0.07565073 0.3078509 2.567786 0.6729299 0.5323003 2.68873 0.7668201 0.2115163 2.559475 0.7415071 0.1563073 2.272551 0.3788928 0.1072782 2.652438 0.2443462 -0.02603368 2.31922 0.3191973 -0.372455 2.320984 0.582867 0.09615389 2.636016 0.5263846 -0.343836 2.614774 0.5408582 -0.7912768 2.574239 
0.5241123 0.7537854 2.74704 0.5111067 0.5394806 2.707931 0.4965258 0.3205558 2.67367 0.3479959 0.5476608 2.725077 0.2187769 0.3115586 2.828504 0.05859189 0.2890376 2.586797 0.6742174 0.5313003 2.690785 0.7538391 0.1992126 2.545233 0.7091468 0.1401873 2.259295 0.3801561 0.1067359 2.650109 0.2418946 0.1084459 2.286859 0.3638202 -0.2277649 2.24524 0.5837338 0.09652615 2.628709 0.5270107 -0.3432318 2.602062 0.5373372 -0.7862198 2.567153 
0.5229218 0.7445964 2.742501 0.5093318 0.5290591 2.705716 0.4946242 0.3100745 2.671532 0.3466205 0.5367308 2.726576 0.2190471 0.2937889 2.843105 0.0507415 0.2786566 2.599671 0.672043 0.5213873 2.684856 0.7394208 0.1916064 2.531119 0.6824243 0.1245427 2.244827 0.3783802 0.09587729 2.650366 0.2361077 0.1951624 2.289853 0.4215705 -0.1359429 2.199544 0.5814532 0.08630252 2.624331 0.5263577 -0.3533624 2.592482 0.5340224 -0.7965549 2.569844 
0.52166 0.7312436 2.740232 0.508282 0.5157467 2.702896 0.4941702 0.2972091 2.665695 0.3460042 0.5220699 2.727309 0.2179293 0.2818655 2.85145 0.0466996 0.2644095 2.606679 0.6705598 0.5094234 2.678483 0.7671738 0.2027823 2.666046 0.6952794 0.1583533 2.378771 0.3787889 0.08261739 2.643729 0.2368536 0.2542504 2.301158 0.483585 -0.06280226 2.166003 0.5813278 0.07472536 2.61326 0.5306118 -0.3647982 2.573609 0.5365211 -0.7992421 2.563539 
0.5223349 0.7146426 2.738062 0.5063579 0.4995703 2.700191 0.488818 0.2815419 2.661481 0.3453384 0.5069613 2.731521 0.2182258 0.2683016 2.850925 0.04374971 0.249006 2.606025 0.6673774 0.4921793 2.668861 0.7278991 0.2574958 2.602149 0.680687 0.06772864 2.394671 0.3707628 0.06812721 2.642329 0.2170538 0.3102621 2.326632 0.5217366 0.008248932 2.144844 0.5717936 0.05889961 2.603213 0.5248631 -0.3818598 2.573564 0.5272166 -0.7984646 2.573025 
0.5245309 0.7142882 2.728029 0.506137 0.4981702 2.698874 0.4859374 0.2791947 2.668608 0.3460574 0.5080773 2.734035 0.2285503 0.2584091 2.851787 0.04834335 0.2498218 2.610265 0.6662167 0.4882632 2.663713 0.7153294 0.2399448 2.571032 0.6539579 0.05077295 2.355675 0.3658316 0.06640213 2.660287 0.2181121 0.3138592 2.349515 0.5219535 0.008852631 2.163621 0.5656441 0.0540361 2.616399 0.532442 -0.3881658 2.593581 0.5296036 -0.7914532 2.591837 
0.5280128 0.7198895 2.733026 0.5065129 0.504293 2.703601 0.483843 0.2852401 2.675113 0.3472263 0.5158039 2.741845 0.2475685 0.2571873 2.829028 0.07768807 0.2044056 2.599311 0.6657995 0.4927821 2.665356 0.6996793 0.2014769 2.531534 0.6193119 0.06130112 2.293307 0.3617819 0.07336979 2.670489 0.2083943 0.3007271 2.336979 0.479315 -0.03427612 2.148032 0.5605641 0.05900462 2.622761 0.5333749 -0.3835018 2.596144 0.5296959 -0.7812718 2.585134 
