0.5796083 0.6954688 2.697893 0.5544546 0.4888531 2.65455 0.5243169 0.2711594 2.622253 0.3981817 0.516515 2.613922 0.2225311 0.3226331 2.61492 0.2024255 0.3190736 2.32892 0.7107275 0.4611911 2.695178 0.8198951 0.1485208 2.585237 0.842343 0.1305868 2.294544 0.3968985 0.07068551 2.564666 0.2764776 -0.3357517 2.664281 0.06376448 -0.7977449 2.784862 0.5914598 0.03624611 2.615248 0.5582609 -0.3981004 2.530887 0.5443372 -0.793129 2.564486 
0.5886416 0.7008414 2.698432 0.562185 0.4915865 2.655469 0.5326482 0.2738444 2.62271 0.4038862 0.5181967 2.621325 0.2318898 0.3296551 2.61272 0.2082233 0.3328502 2.327777 0.7204838 0.4649763 2.689614 0.8292292 0.1596328 2.608809 0.8233044 0.1317967 2.320155 0.404355 0.07270343 2.56865 0.2527282 -0.3368788 2.628958 0.0610574 -0.7724481 2.760497 0.6018678 0.03950128 2.611253 0.5643063 -0.3979118 2.544518 0.54606 -0.7809419 2.567025 
0.5948853 0.7137403 2.708203 0.5685598 0.5028942 2.661245 0.5385233 0.2858199 2.624868 0.4091462 0.5296916 2.632962 0.2343879 0.3313807 2.625869 0.2004116 0.3400601 2.344517 0.7279732 0.4760967 2.689528 0.838541 0.1692773 2.594419 0.8145231 0.1450977 2.305924 0.4089997 0.0854696 2.570841 0.2521487 -0.3252698 2.581449 0.08940735 -0.7229325 2.697885 0.6079741 0.05202191 2.606142 0.5675198 -0.3873098 2.557991 0.5475231 -0.7749445 2.561321 
0.5992914 0.7260919 2.713587 0.5726392 0.5148847 2.666523 0.5421938 0.2979209 2.629717 0.4120674 0.5410043 2.645376 0.2311858 0.3501964 2.64994 0.1919558 0.3550459 2.368022 0.733211 0.4887649 2.68767 0.8392597 0.1826321 2.576722 0.8175784 0.1592641 2.289105 0.4115083 0.0972629 2.579709 0.2609125 -0.312496 2.536225 0.1339412 -0.6605309 2.613198 0.6119887 0.06465144 2.606112 0.5572316 -0.374319 2.590812 0.5463023 -0.779142 2.56318 
0.6012568 0.7400671 2.719371 0.5728354 0.5305753 2.674843 0.5415111 0.3135037 2.639356 0.4108791 0.5553991 2.665956 0.2240629 0.3780314 2.696987 0.1738996 0.3754472 2.417588 0.7347918 0.5057515 2.68373 0.8320849 0.1999169 2.5327 0.7928753 0.1827908 2.245036 0.4091516 0.1119184 2.598325 0.2553675 -0.225582 2.392612 0.2157109 -0.5429687 2.464327 0.611222 0.08094609 2.609413 0.5445638 -0.3576121 2.616709 0.5415025 -0.7865989 2.558003 
0.6009021 0.7441363 2.729182 0.5709964 0.5352581 2.681389 0.5388353 0.3187779 2.643231 0.4087831 0.5597088 2.679393 0.2269813 0.3830618 2.723012 0.1573882 0.3793831 2.445278 0.7332097 0.5108072 2.683384 0.8194803 0.2054217 2.515872 0.7834692 0.1796698 2.228143 0.4054239 0.1175594 2.603828 0.2665491 -0.08283953 2.32217 0.2752207 -0.4210329 2.376028 0.6079243 0.08703607 2.60632 0.5343493 -0.3507072 2.614149 0.5396872 -0.7882392 2.554549 
0.6008739 0.7463323 2.733072 0.5693119 0.5375854 2.686096 0.5367585 0.3213795 2.646697 0.4069595 0.561705 2.687881 0.2169776 0.3845429 2.73651 0.1431224 0.3797252 2.457579 0.7316643 0.5134659 2.684312 0.8072242 0.2062012 2.509943 0.7596726 0.1723852 2.220846 0.4029403 0.1202178 2.60841 0.2826778 0.05594484 2.281892 0.3345137 -0.2796519 2.292821 0.6054701 0.09012938 2.606184 0.5351218 -0.3481074 2.620887 0.5391274 -0.7906073 2.556167 
0.5952611 0.7282468 2.712772 0.5586731 0.520208 2.680662 0.5172994 0.3041587 2.650762 0.3973839 0.5501081 2.687793 0.2097801 0.3668321 2.758475 0.1240638 0.3704705 2.487578 0.7199624 0.4903078 2.673531 0.7821014 0.1935788 2.499465 0.7231966 0.1521999 2.208373 0.375275 0.1067684 2.625312 0.2787184 0.2120917 2.275026 0.4264274 -0.1493074 2.194258 0.5765764 0.06945068 2.616411 0.5256684 -0.3714621 2.61114 0.5233895 -0.8096831 2.563448 
0.5964901 0.7060785 2.715887 0.5544657 0.501224 2.679603 0.5059245 0.2882183 2.641336 0.394309 0.5360538 2.688887 0.2078552 0.3529618 2.765165 0.1058177 0.3546171 2.502255 0.7146225 0.4663942 2.67032 0.761009 0.1732481 2.489861 0.696805 0.1293958 2.197565 0.3575541 0.09692285 2.608855 0.2865158 0.2694275 2.262954 0.4988703 -0.07727201 2.145071 0.5572124 0.0535025 2.597282 0.5346615 -0.3872951 2.569713 0.5240532 -0.8098032 2.53858 
0.5966685 0.6825278 2.718903 0.554164 0.4776376 2.67476 0.5057308 0.2672019 2.624729 0.3939642 0.5132139 2.680206 0.2120452 0.3323488 2.775548 0.09289648 0.3305985 2.517827 0.7143638 0.4420614 2.669314 0.7481274 0.1893148 2.530051 0.6886628 0.1505874 2.248308 0.3579927 0.07881927 2.578074 0.306862 0.2977645 2.26597 0.5805392 -0.03058527 2.132028 0.5566027 0.03471307 2.571322 0.5611567 -0.4069785 2.545592 0.5425183 -0.8107208 2.531937 
0.5991176 0.6655692 2.719413 0.5517733 0.4585409 2.675174 0.4986541 0.2489842 2.625286 0.3923783 0.4976764 2.680503 0.2170163 0.3181765 2.796762 0.08910052 0.306753 2.543109 0.7111685 0.4194054 2.669845 0.7454375 0.1569457 2.55003 0.6884425 0.1368433 2.265843 0.3463927 0.06376947 2.578712 0.2975681 0.3047152 2.299996 0.5919067 -0.001959625 2.156025 0.5446768 0.01508574 2.572083 0.5581708 -0.4276544 2.558274 0.5309018 -0.8133634 2.561256 
0.5984876 0.658464 2.72016 0.5499653 0.4489369 2.680736 0.4973453 0.2378271 2.63694 0.3906237 0.486027 2.693396 0.2076236 0.3034561 2.805334 0.0895183 0.2905644 2.547349 0.7093069 0.4118468 2.668076 0.7396222 0.1394193 2.571747 0.6920704 0.07673217 2.292061 0.345371 0.04984404 2.601038 0.2995623 0.2929469 2.317519 0.5957317 -0.02839053 2.155034 0.5440797 0.003590378 2.585251 0.5711901 -0.4389313 2.571937 0.539827 -0.801859 2.576428 
