0.217773 0.7379714 2.817147 0.1698361 0.5265395 2.778378 0.1210858 0.3110829 2.74297 0.01199017 0.568507 2.740333 -0.1790471 0.304204 2.685461 -0.254305 0.1740824 2.400023 0.3276821 0.4845719 2.816424 0.3547596 0.1764646 2.583077 0.3678944 0.06380915 2.275268 -0.02470597 0.1214273 2.684171 -0.1522586 -0.3006795 2.73824 -0.3655776 -0.763877 2.809689 0.1693769 0.06982524 2.730951 0.1302331 -0.3731671 2.681497 0.1097236 -0.7812065 2.672313 
0.2180371 0.7433152 2.809143 0.1700158 0.5301112 2.777943 0.1210958 0.3140155 2.747077 0.01055807 0.570788 2.745888 -0.1789512 0.3055232 2.693712 -0.2554373 0.1856753 2.408504 0.3294736 0.4894345 2.809998 0.3569756 0.1812737 2.579055 0.3694113 0.07266348 2.267926 -0.02596795 0.1229557 2.696482 -0.1575103 -0.3004764 2.704036 -0.3557711 -0.7457103 2.778741 0.1703195 0.07288393 2.735941 0.1249195 -0.3704064 2.696491 0.1092602 -0.7839961 2.677616 
0.2175979 0.747421 2.817149 0.1693051 0.5339904 2.784079 0.1191855 0.3183997 2.751466 0.008859936 0.575179 2.758371 -0.1835029 0.3077861 2.702877 -0.2650995 0.1863033 2.418951 0.3297503 0.4928018 2.809787 0.3629493 0.1891194 2.585556 0.3700484 0.07210099 2.271063 -0.02967439 0.128157 2.703032 -0.1539699 -0.2900405 2.64343 -0.3176208 -0.7004184 2.710739 0.1678064 0.07746094 2.734674 0.1151412 -0.3656958 2.704403 0.1086372 -0.7849127 2.666574 
0.2161002 0.752921 2.820628 0.1680508 0.5378969 2.789382 0.117972 0.3220726 2.758145 0.006488964 0.5781651 2.770174 -0.1822285 0.3113682 2.715429 -0.283849 0.1768169 2.444765 0.3296127 0.4976286 2.808591 0.3700056 0.1970729 2.589783 0.3701862 0.07844023 2.283684 -0.03153176 0.1310294 2.715086 -0.1386638 -0.2720297 2.583147 -0.2522805 -0.6359276 2.637623 0.167318 0.08146739 2.738728 0.1152123 -0.3622439 2.715272 0.1076186 -0.7827555 2.671952 
0.2153804 0.7558746 2.81777 0.1651968 0.5395116 2.793712 0.1128376 0.323595 2.767499 0.002774372 0.5800548 2.784189 -0.184788 0.313564 2.735877 -0.2993337 0.1668089 2.474295 0.3276191 0.4989685 2.803236 0.3715288 0.2025278 2.581735 0.3624244 0.0855572 2.275313 -0.03945756 0.1326241 2.735426 -0.115178 -0.2238112 2.491087 -0.1541761 -0.5118264 2.517163 0.1604145 0.08273283 2.747146 0.1088067 -0.3603671 2.713272 0.1016745 -0.7840788 2.67286 
0.2083991 0.7548133 2.821426 0.160366 0.5386593 2.796835 0.1102629 0.3220923 2.771441 -0.002678173 0.5772989 2.788996 -0.1913911 0.3062797 2.739922 -0.3208526 0.1620719 2.488157 0.3234102 0.5000196 2.804674 0.3647681 0.2012683 2.584356 0.3563812 0.08468064 2.283815 -0.04012429 0.1292915 2.741225 -0.09500206 -0.1370036 2.414046 -0.0898705 -0.4356881 2.448585 0.1604439 0.08175907 2.750868 0.114064 -0.3620704 2.718282 0.1046335 -0.785917 2.675062 
0.2091371 0.7583084 2.832786 0.1597813 0.5426398 2.803741 0.1083236 0.3267662 2.775353 -0.003192997 0.5821531 2.798682 -0.1977142 0.3021616 2.754968 -0.3355425 0.1598022 2.506172 0.3227555 0.5031264 2.8088 0.3603565 0.2021199 2.586697 0.3451907 0.07991184 2.290723 -0.04339797 0.1352017 2.743853 -0.1024077 0.02406278 2.363265 -0.03334187 -0.3137795 2.371035 0.1571297 0.08658342 2.750078 0.1104831 -0.3571464 2.715774 0.1009477 -0.7806374 2.674893 
0.2029389 0.7492586 2.835541 0.1540557 0.5336648 2.805012 0.102347 0.3179894 2.775614 -0.009077072 0.5729643 2.803634 -0.203695 0.29831 2.772993 -0.3411264 0.149187 2.525171 0.3171885 0.4943654 2.806391 0.3453146 0.1975177 2.585441 0.3322546 0.06691969 2.283525 -0.04973977 0.1264956 2.745368 -0.1155657 0.1924841 2.336414 0.04595075 -0.1719764 2.275106 0.1510164 0.07813254 2.747064 0.1139273 -0.3657771 2.70587 0.1051012 -0.792743 2.664973 
0.2004866 0.7419307 2.839357 0.14782 0.5283986 2.807069 0.0934662 0.3136915 2.775464 -0.01489411 0.5692702 2.809243 -0.2072349 0.3000484 2.787368 -0.3450522 0.1445268 2.542958 0.3105341 0.487527 2.804895 0.3411317 0.1807425 2.583256 0.3188927 0.05185115 2.278541 -0.06102195 0.1241367 2.745196 -0.129399 0.2524193 2.348515 0.09435923 -0.103311 2.244861 0.1392468 0.07383192 2.74252 0.1130428 -0.3704077 2.69728 0.09954071 -0.7941266 2.668535 
0.1993443 0.7294378 2.841746 0.1451224 0.5193167 2.808437 0.09038072 0.3049996 2.7748 -0.01756858 0.5601798 2.812847 -0.2133422 0.2950459 2.795735 -0.3458979 0.1366698 2.549839 0.3078134 0.4784535 2.804028 0.336754 0.2088368 2.613356 0.3071377 0.05682519 2.327229 -0.06445613 0.1158234 2.743875 -0.1294824 0.2840887 2.36349 0.1368967 -0.0372764 2.223163 0.1357342 0.06554152 2.73845 0.128847 -0.37727 2.679319 0.1096747 -0.7957189 2.669945 
0.2023447 0.7236072 2.843431 0.1467724 0.513286 2.810758 0.09071548 0.2993961 2.776485 -0.01566814 0.5546327 2.818411 -0.2061463 0.2821513 2.8018 -0.3478633 0.1367007 2.553282 0.3092128 0.4719393 2.803105 0.3335643 0.2175285 2.626381 0.2921271 0.04061934 2.360787 -0.06529852 0.1109487 2.746922 -0.1318336 0.2998254 2.372948 0.180356 -0.01535715 2.220284 0.1346158 0.0600637 2.737504 0.1352981 -0.3823707 2.673214 0.1109684 -0.7881961 2.673058 
0.2051906 0.7170439 2.842787 0.1481664 0.5062481 2.811366 0.09006266 0.2927427 2.778121 -0.01382699 0.5486883 2.821931 -0.2023546 0.2803465 2.807839 -0.3479512 0.1327445 2.562514 0.3101599 0.4638078 2.800802 0.331339 0.2193916 2.626726 0.2756573 0.04598061 2.361776 -0.06771927 0.1053518 2.751376 -0.1354203 0.2917594 2.371893 0.1801745 -0.03483188 2.213061 0.131637 0.05312288 2.738375 0.1348986 -0.388791 2.66934 0.1085797 -0.7918049 2.67536 
0.2043499 0.715368 2.843446 0.1486903 0.5037532 2.812082 0.09098925 0.2899992 2.779677 -0.01334584 0.5456243 2.824412 -0.2037926 0.2774908 2.811135 -0.3474984 0.129765 2.56455 0.3107263 0.4618823 2.799752 0.3281742 0.1976995 2.611858 0.2623551 0.05122595 2.338765 -0.06640437 0.1020062 2.754859 -0.1341926 0.2713336 2.357689 0.1466047 -0.077462 2.205773 0.1329809 0.05048393 2.739687 0.1394357 -0.3914976 2.67051 0.1141134 -0.7860625 2.674538 
