0.5548317 0.6826767 2.700984 0.5191738 0.4775364 2.655258 0.4803736 0.2614296 2.621426 0.3651678 0.5121141 2.611009 0.171136 0.3262706 2.583846 0.1818697 0.3657501 2.305748 0.6731799 0.4429586 2.699507 0.72268 0.1402689 2.567035 0.6915818 0.1184684 2.272872 0.3456552 0.06685854 2.560035 0.2123714 -0.3364584 2.66814 0.01203104 -0.7966927 2.734622 0.5374915 0.02378705 2.615154 0.5164331 -0.4094552 2.521001 0.5363023 -0.7959199 2.567234 
0.5643641 0.6855396 2.711465 0.52771 0.478184 2.660866 0.488295 0.2628954 2.623066 0.3737681 0.5141612 2.616477 0.1855213 0.3195857 2.586449 0.192682 0.371296 2.305787 0.6816519 0.4422069 2.705254 0.746141 0.1433044 2.572278 0.7182046 0.1340311 2.281353 0.3528624 0.07004669 2.557581 0.197676 -0.3399923 2.602369 -0.001358261 -0.7714149 2.695168 0.5448974 0.02516698 2.612954 0.5271638 -0.4102003 2.526651 0.5410243 -0.7802193 2.561132 
0.5733224 0.6999301 2.715202 0.5374635 0.4897293 2.666223 0.4985636 0.2743783 2.62804 0.3820136 0.52481 2.626737 0.1892558 0.337301 2.588717 0.1938336 0.3846257 2.311569 0.6929135 0.4546486 2.705709 0.7575636 0.1536486 2.574131 0.7273787 0.1486679 2.286522 0.3626382 0.08092321 2.565212 0.2033427 -0.3298191 2.568458 0.02159413 -0.731092 2.651452 0.5566893 0.0371314 2.614503 0.5418441 -0.4022578 2.558136 0.5491549 -0.7699627 2.568686 
0.5818186 0.7136311 2.727577 0.5458647 0.5033239 2.675426 0.5071509 0.2884805 2.634315 0.3887318 0.537815 2.643148 0.1950714 0.3482102 2.611362 0.1915861 0.4032095 2.327405 0.7029975 0.4688328 2.707705 0.771206 0.1677884 2.578561 0.735267 0.1623141 2.290664 0.3703178 0.09517462 2.573049 0.2120118 -0.3083586 2.512154 0.06105421 -0.664722 2.563243 0.5665565 0.05209967 2.61336 0.5393838 -0.3885883 2.57353 0.5485949 -0.7710107 2.562444 
0.5901101 0.7242855 2.742773 0.5540336 0.5152112 2.686507 0.5151356 0.3011673 2.641645 0.3957412 0.5494933 2.66019 0.200477 0.3631659 2.641689 0.185791 0.4212953 2.35111 0.712326 0.4809292 2.712823 0.780023 0.1798556 2.566787 0.742857 0.1682543 2.281143 0.3774569 0.1085168 2.58036 0.2290584 -0.2807683 2.45293 0.1233475 -0.5736154 2.462508 0.575018 0.06573015 2.613206 0.5341693 -0.3750264 2.587057 0.5474367 -0.772912 2.563148 
0.5924262 0.7269455 2.74085 0.5573757 0.5195139 2.690734 0.519869 0.3045054 2.649498 0.3981818 0.5518374 2.666993 0.20477 0.3720602 2.670312 0.1769974 0.4326714 2.381752 0.7165695 0.4871904 2.714476 0.7815466 0.1864434 2.560896 0.7349816 0.1653131 2.275687 0.3830649 0.1096588 2.593452 0.2444305 -0.2081271 2.356394 0.1968212 -0.472824 2.371189 0.5816597 0.06933507 2.623069 0.5295871 -0.370837 2.602726 0.5481587 -0.7877012 2.568501 
0.5956709 0.723784 2.739719 0.5572404 0.5181316 2.694387 0.5164226 0.3032241 2.655673 0.3968613 0.550799 2.68214 0.1962114 0.3837325 2.710865 0.1422268 0.4275853 2.430214 0.7176195 0.4854642 2.706635 0.7794141 0.1913701 2.549017 0.7225361 0.15979 2.259461 0.3755139 0.1087039 2.609316 0.2701586 0.06803177 2.259103 0.2895064 -0.2631425 2.248552 0.5756956 0.06792923 2.624603 0.519668 -0.3715747 2.593995 0.5374648 -0.7908728 2.55717 
0.598109 0.7204074 2.73937 0.5562888 0.5131311 2.693967 0.5125343 0.2993962 2.652245 0.3960209 0.5476485 2.685214 0.1980818 0.3888871 2.732949 0.1377006 0.4253684 2.454459 0.7165566 0.4786136 2.702719 0.7721729 0.1821635 2.533051 0.7098776 0.1464009 2.240444 0.3687908 0.1071964 2.605063 0.2828405 0.1740812 2.243618 0.3425144 -0.1815059 2.179343 0.5687686 0.06412642 2.615984 0.5185803 -0.3760396 2.583659 0.5344889 -0.7915633 2.549305 
0.5989927 0.7079896 2.741944 0.548088 0.5024018 2.69499 0.4955891 0.2917838 2.648248 0.3887799 0.5417844 2.696461 0.1812187 0.3917612 2.742316 0.1047569 0.4092199 2.465962 0.707396 0.4630192 2.693518 0.7557185 0.1637336 2.501404 0.6877712 0.1279443 2.205655 0.3436304 0.1057533 2.602425 0.2922676 0.2907706 2.257949 0.443436 -0.08887622 2.098881 0.5425501 0.05657826 2.600587 0.5142462 -0.385402 2.56783 0.5252627 -0.7969264 2.548591 
0.603318 0.6972975 2.750481 0.5481636 0.495503 2.697364 0.4915141 0.288439 2.6414 0.3895507 0.5368661 2.704878 0.1789832 0.3765282 2.74569 0.1111007 0.3989908 2.468865 0.7067764 0.4541398 2.68985 0.7566716 0.1367588 2.466826 0.6822699 0.1028265 2.16249 0.3358678 0.1071915 2.590127 0.2988453 0.3285646 2.262173 0.5109295 -0.01825885 2.084638 0.5338615 0.05555859 2.580747 0.5327897 -0.3865981 2.547693 0.534467 -0.7916495 2.540555 
0.6027535 0.6757734 2.744214 0.5475171 0.4723446 2.689373 0.4896863 0.265938 2.631607 0.3890516 0.5147772 2.696398 0.1744958 0.3632615 2.760338 0.09422634 0.3879376 2.489518 0.7059827 0.4299121 2.682348 0.741452 0.1809677 2.536802 0.6881415 0.1416373 2.253913 0.3330288 0.08599449 2.578222 0.2986493 0.3244241 2.269224 0.5501914 0.01901245 2.090457 0.5306823 0.03306854 2.569459 0.553331 -0.4089589 2.550144 0.5405279 -0.8144026 2.551859 
0.6065659 0.6641586 2.742114 0.5485311 0.4596618 2.69044 0.4879691 0.2534478 2.634569 0.3905691 0.5028482 2.702268 0.1802656 0.356096 2.782707 0.09584133 0.3782651 2.509103 0.7064931 0.4164754 2.678612 0.7445828 0.1594646 2.548575 0.6910306 0.1328404 2.264255 0.3288211 0.07418691 2.586079 0.294104 0.3309832 2.295918 0.5893751 0.02377728 2.109035 0.525993 0.02028059 2.571316 0.5621272 -0.4214427 2.555696 0.5385881 -0.8027232 2.569438 
