0.6128057 0.6926873 2.692073 0.5790005 0.4935469 2.646924 0.5367069 0.2780649 2.613546 0.4222496 0.5289138 2.617222 0.2427261 0.347362 2.622993 0.2164777 0.3419852 2.337734 0.7357514 0.4581801 2.676625 0.8347316 0.1535055 2.534533 0.821238 0.1385157 2.235328 0.3964776 0.08467952 2.561611 0.2792098 -0.3002822 2.698098 0.06034465 -0.7973847 2.808991 0.5923491 0.04048612 2.598725 0.5541597 -0.396872 2.539207 0.5441805 -0.8120282 2.570499 
0.6057362 0.6723195 2.676033 0.5746285 0.4735145 2.639368 0.5342254 0.2567441 2.613562 0.4177297 0.5067311 2.605997 0.2413036 0.3212561 2.606494 0.2170619 0.3250049 2.323812 0.7315274 0.4402979 2.672739 0.8327721 0.1382046 2.547313 0.8125862 0.1226219 2.247407 0.3961457 0.06065253 2.56698 0.2788753 -0.322693 2.732673 0.05622073 -0.8050632 2.832219 0.5914988 0.01929491 2.60853 0.5504749 -0.4154857 2.532048 0.538422 -0.8067275 2.573662 
0.6088499 0.6735984 2.677488 0.5750503 0.4680079 2.639509 0.5353897 0.2510058 2.613776 0.417476 0.5005993 2.60753 0.2411522 0.307129 2.612742 0.2182026 0.3198641 2.328977 0.7326246 0.4354165 2.671489 0.8348861 0.1291015 2.546154 0.8087858 0.1133477 2.24437 0.3975397 0.05431244 2.568116 0.2687776 -0.3341105 2.726695 0.04955235 -0.7953964 2.824585 0.5939183 0.01369502 2.607971 0.5548726 -0.4209222 2.526919 0.5413267 -0.7928568 2.565301 
0.6142725 0.6850076 2.68823 0.5795878 0.4766218 2.645008 0.5394918 0.2602615 2.614921 0.4210039 0.5096439 2.618881 0.2390109 0.3131322 2.602375 0.2093132 0.3324543 2.321614 0.7381715 0.4435996 2.671136 0.8423532 0.1425082 2.557093 0.7997458 0.1238644 2.256806 0.4004431 0.06450636 2.568531 0.2527378 -0.3322838 2.685005 0.0530103 -0.770839 2.802146 0.5983484 0.02329622 2.601136 0.5607593 -0.4143617 2.53862 0.5428554 -0.7755227 2.562095 
0.6197515 0.7023206 2.693595 0.5843779 0.4908096 2.650306 0.5441298 0.2745066 2.619695 0.4245839 0.5230546 2.632558 0.2354942 0.3265779 2.631187 0.1905198 0.3448367 2.35197 0.7441719 0.4585645 2.668054 0.8491612 0.159246 2.541556 0.7975239 0.1424766 2.243855 0.4040988 0.07833894 2.578001 0.2471204 -0.3260917 2.63803 0.08873449 -0.7306496 2.75481 0.6036643 0.0380683 2.600166 0.5681266 -0.4023066 2.568006 0.5466583 -0.7728493 2.566501 
0.6244579 0.7187729 2.696291 0.5876672 0.5068657 2.655346 0.546791 0.2905533 2.625495 0.427053 0.5382417 2.647918 0.2287678 0.3532642 2.6721 0.1745984 0.3632203 2.395061 0.7482815 0.4754897 2.662773 0.846608 0.1781338 2.521809 0.7881241 0.1693795 2.227278 0.4055838 0.09384059 2.591005 0.2485072 -0.3112667 2.576046 0.138471 -0.6667212 2.669659 0.6062458 0.05464131 2.600285 0.5653886 -0.3860493 2.598665 0.5458328 -0.7732595 2.571861 
0.6294211 0.7333156 2.708653 0.5912721 0.5217593 2.66416 0.5493911 0.306138 2.631003 0.4304238 0.5527407 2.665855 0.2288051 0.3672125 2.702573 0.1521752 0.3780089 2.434246 0.7521203 0.4907778 2.662465 0.8432003 0.1930114 2.500947 0.7736295 0.1812757 2.210911 0.4071277 0.1098518 2.598905 0.2626839 -0.2870018 2.506174 0.2009436 -0.5770915 2.562199 0.6078926 0.07118186 2.596789 0.5589492 -0.3685406 2.616579 0.5443175 -0.7758705 2.563865 
0.6308096 0.7368336 2.714804 0.5920488 0.5278827 2.670342 0.5501114 0.31251 2.635586 0.4310179 0.5581614 2.677018 0.2403811 0.3741297 2.739284 0.1351388 0.3850961 2.485284 0.7530798 0.4976039 2.663667 0.8270728 0.196491 2.49398 0.7530965 0.1798335 2.206892 0.407788 0.1160129 2.604991 0.2713337 -0.2199377 2.396375 0.2625048 -0.4778693 2.454699 0.60856 0.0782616 2.596668 0.546947 -0.3592863 2.630994 0.5455403 -0.7941718 2.557532 
0.6322268 0.7370127 2.717409 0.59116 0.5297238 2.674553 0.5469992 0.3148345 2.639549 0.4304755 0.5608706 2.686062 0.2521867 0.377064 2.767668 0.1274604 0.3875418 2.519957 0.7518444 0.498577 2.663045 0.8065322 0.1912382 2.478028 0.7254444 0.1689973 2.193372 0.4026167 0.119372 2.611723 0.2788006 -0.06570315 2.325867 0.3183862 -0.3486689 2.358529 0.6030602 0.08051846 2.597368 0.5320826 -0.3565964 2.605735 0.5328642 -0.7841069 2.607849 
0.6281224 0.7279024 2.71818 0.5843338 0.5230427 2.676405 0.5361679 0.3091392 2.640818 0.4241803 0.5571316 2.68827 0.2575929 0.3700311 2.788327 0.113377 0.3774512 2.539484 0.7444874 0.4889539 2.66454 0.7792667 0.1751211 2.465019 0.7023521 0.1410284 2.175965 0.3881115 0.1164974 2.612631 0.2784866 0.0775997 2.286939 0.3712794 -0.2303832 2.26927 0.5878922 0.07397395 2.597831 0.5237911 -0.3649078 2.600477 0.524516 -0.7972237 2.588512 
0.6222957 0.7097356 2.709077 0.5749053 0.5062022 2.672996 0.5230104 0.2927358 2.640298 0.4154058 0.5429405 2.686293 0.248804 0.3600028 2.80019 0.1010167 0.3619125 2.544654 0.7344047 0.4694638 2.659698 0.7624367 0.2165724 2.51943 0.6977987 0.1720551 2.239689 0.3716049 0.1021902 2.615896 0.2835168 0.1779219 2.293276 0.4484131 -0.1490695 2.209441 0.5706263 0.05634855 2.599304 0.5316007 -0.384965 2.591266 0.5210486 -0.8074581 2.573505 
0.6162439 0.681995 2.704014 0.5698683 0.4781426 2.667821 0.5183081 0.2655258 2.629711 0.4101561 0.5151203 2.677601 0.2444489 0.3494448 2.805595 0.09291045 0.3500038 2.551436 0.7295805 0.4411649 2.658041 0.7473562 0.1799636 2.532053 0.6987002 0.1489057 2.247303 0.367538 0.07587881 2.597676 0.2985592 0.2341886 2.27775 0.5310075 -0.07480713 2.152332 0.5659578 0.02993935 2.585526 0.5533771 -0.411198 2.554972 0.5374818 -0.820816 2.551217 
0.6119903 0.6612505 2.700969 0.56338 0.4563334 2.664455 0.5105336 0.2448931 2.62183 0.4038469 0.4946919 2.671968 0.2407521 0.3291928 2.815771 0.08926125 0.3314508 2.562703 0.7229131 0.4179749 2.656943 0.7421626 0.1515249 2.542711 0.6979252 0.1445192 2.255642 0.3583611 0.05733499 2.583882 0.2895199 0.2690905 2.289661 0.5727441 -0.02490735 2.136453 0.5570131 0.009570633 2.574527 0.55908 -0.432416 2.54288 0.5331326 -0.8129279 2.554526 
0.6110936 0.6454325 2.710466 0.5608048 0.4424323 2.669132 0.5063747 0.2325252 2.621332 0.4015398 0.4817179 2.677971 0.2413612 0.3156154 2.819879 0.08908767 0.3048025 2.569171 0.7200698 0.4031466 2.660294 0.7423224 0.1380581 2.543469 0.6959713 0.1490108 2.256857 0.3526764 0.04710448 2.57904 0.282128 0.278576 2.296393 0.5902401 -0.01842291 2.124788 0.5512125 -0.001868088 2.568022 0.5634596 -0.4447203 2.548112 0.5367057 -0.8031948 2.558775 
