0.2304507 0.7229048 2.822444 0.1781226 0.516905 2.776284 0.1233096 0.3034441 2.737548 0.02156108 0.5639135 2.738777 -0.1881627 0.332709 2.654492 -0.2714424 0.223991 2.368871 0.3346841 0.4698966 2.813791 0.392119 0.2137619 2.534037 0.3822657 0.1361244 2.225272 -0.02778015 0.1188909 2.675747 -0.1625865 -0.2986349 2.747744 -0.3633685 -0.7639646 2.844632 0.1647735 0.06107562 2.721876 0.1211061 -0.3786681 2.652801 0.1091037 -0.7767553 2.672613 
0.2320952 0.7294825 2.822792 0.1791807 0.5222573 2.779171 0.1236258 0.3087428 2.741804 0.02128319 0.5688999 2.747408 -0.1905625 0.3323273 2.660754 -0.2692745 0.2272919 2.371981 0.3370782 0.4756146 2.810935 0.3955877 0.2138919 2.549033 0.3876274 0.1315259 2.241868 -0.02910706 0.1239345 2.684889 -0.162629 -0.2984174 2.711692 -0.3531942 -0.7355168 2.80887 0.1652488 0.06652211 2.723987 0.1241902 -0.3754658 2.670178 0.113521 -0.7730017 2.679205 
0.2315196 0.7381194 2.822967 0.1775967 0.5289816 2.782906 0.121329 0.3154777 2.746544 0.01849977 0.5752568 2.757388 -0.1847664 0.3341413 2.682386 -0.2846162 0.2239231 2.399927 0.3366936 0.4827065 2.808424 0.398816 0.2149542 2.549532 0.3825594 0.132354 2.248696 -0.0328542 0.1304536 2.694476 -0.1601868 -0.2889232 2.65256 -0.3172571 -0.6887498 2.744927 0.1629768 0.07349384 2.725887 0.1225144 -0.3699751 2.685416 0.1102802 -0.7687473 2.679949 
0.2325877 0.7454568 2.822546 0.1786652 0.534725 2.788359 0.1220864 0.3207552 2.755537 0.01836712 0.5799678 2.769741 -0.1828235 0.3339978 2.711181 -0.2962261 0.2144514 2.437721 0.3389633 0.4894823 2.806978 0.3999943 0.220011 2.560781 0.3780227 0.1279776 2.270869 -0.03315364 0.1346317 2.711255 -0.144111 -0.2730205 2.59729 -0.2540851 -0.6249558 2.660434 0.164169 0.07893912 2.734174 0.1236955 -0.3654294 2.703899 0.1164619 -0.7764007 2.687303 
0.2336836 0.7476342 2.822836 0.17889 0.5368683 2.792389 0.1222091 0.3225295 2.762259 0.01776588 0.5812728 2.779612 -0.1908735 0.3329527 2.73158 -0.3183709 0.2106893 2.466559 0.340014 0.4924637 2.805166 0.3950524 0.2215274 2.565398 0.36924 0.1272165 2.27951 -0.03360201 0.1355102 2.724269 -0.1186666 -0.1955748 2.48561 -0.1834393 -0.5426971 2.556829 0.1646586 0.08087111 2.739991 0.1203306 -0.3635402 2.714307 0.1170765 -0.7829432 2.682832 
0.2364885 0.75593 2.822536 0.1788445 0.5435515 2.798661 0.1205658 0.3290802 2.772808 0.01727057 0.588208 2.792425 -0.1926955 0.3312084 2.774657 -0.3489138 0.213201 2.522115 0.3404184 0.4988951 2.804896 0.3875476 0.2183938 2.553103 0.3648643 0.1184453 2.266809 -0.0370942 0.1420763 2.743121 -0.1111379 -0.003415924 2.368979 -0.07958109 -0.3714465 2.414534 0.1616683 0.08714156 2.750792 0.1143999 -0.3564387 2.715867 0.1104233 -0.7777348 2.679579 
0.2329017 0.7480819 2.823332 0.1739941 0.5368543 2.799787 0.114627 0.3226255 2.774297 0.01242493 0.5819287 2.797263 -0.1968443 0.3290985 2.785342 -0.3646382 0.20828 2.540863 0.3355633 0.4917797 2.802311 0.3862787 0.2171972 2.547561 0.3678212 0.1682702 2.390089 -0.04415046 0.1361303 2.747253 -0.1102123 0.05660475 2.342703 -0.04493393 -0.3044105 2.35398 0.1546702 0.08066345 2.75036 0.1062391 -0.362432 2.710862 0.1081233 -0.788546 2.672435 
0.2274461 0.7362758 2.824228 0.1674598 0.5259904 2.800468 0.1067925 0.3120815 2.775313 0.006032009 0.5715328 2.802514 -0.2024184 0.3270425 2.79619 -0.37335 0.2115209 2.558691 0.3288876 0.4804479 2.798423 0.3856446 0.2370984 2.659297 0.3561321 0.1784136 2.447448 -0.05321378 0.1261984 2.751415 -0.1076589 0.1523478 2.337436 0.03198025 -0.1926598 2.284575 0.1454643 0.07014678 2.748899 0.1121569 -0.3722661 2.69433 0.104864 -0.7900497 2.672961 
0.2242036 0.7309957 2.833715 0.1614991 0.5210251 2.804357 0.09878701 0.3081915 2.775646 0.0004766731 0.5676727 2.810274 -0.2002015 0.322286 2.809265 -0.3792754 0.2091198 2.580675 0.3225216 0.4743775 2.79844 0.3777757 0.2375261 2.693184 0.3431586 0.1666646 2.454488 -0.0630016 0.1240599 2.750576 -0.1076033 0.2200065 2.339281 0.1057163 -0.1054973 2.23635 0.1351514 0.06665576 2.743295 0.1147956 -0.3757241 2.682171 0.1027306 -0.7817556 2.668089 
0.2216478 0.7198797 2.837935 0.1570342 0.5110469 2.806139 0.09130157 0.2998022 2.773117 -0.003275742 0.5593362 2.816336 -0.2028183 0.3133947 2.814586 -0.3779928 0.2037412 2.583044 0.3173441 0.4627575 2.795942 0.3587544 0.2569916 2.66565 0.3359105 0.1332447 2.429778 -0.07307988 0.1182731 2.746369 -0.1119343 0.2652947 2.346321 0.1732255 -0.03145722 2.206356 0.1242178 0.05884209 2.733819 0.1219089 -0.3827069 2.665094 0.1011126 -0.7889693 2.662351 
0.2189165 0.7040034 2.830052 0.1529033 0.4960324 2.803917 0.08463286 0.285078 2.774329 -0.006729157 0.5458047 2.817384 -0.2091188 0.3012218 2.814265 -0.3770459 0.199332 2.575094 0.3125357 0.44626 2.790449 0.3484153 0.2538042 2.638562 0.33618 0.1056121 2.402486 -0.08185166 0.1047461 2.753026 -0.1146512 0.284033 2.36737 0.2054287 -0.01234296 2.197888 0.1145765 0.04350105 2.736454 0.1317699 -0.3963807 2.660476 0.1034341 -0.7954565 2.679517 
0.2244786 0.7037911 2.835609 0.1536944 0.4972336 2.80839 0.08110121 0.2878986 2.77767 -0.004780907 0.5498157 2.824567 -0.205769 0.2947693 2.813356 -0.378033 0.195866 2.576296 0.3121697 0.4446515 2.792212 0.3287242 0.1798702 2.590445 0.3049645 0.09972546 2.327284 -0.08900497 0.1109183 2.756905 -0.1121123 0.2984454 2.355221 0.2169276 -0.007742584 2.186979 0.106021 0.04620869 2.736996 0.1354593 -0.3927622 2.658166 0.1019416 -0.7748199 2.678455 
0.2334856 0.7064897 2.843255 0.1560194 0.5023323 2.81152 0.07665756 0.2961695 2.776364 -0.0006047974 0.5593223 2.830884 -0.201187 0.2926927 2.806972 -0.3792572 0.1949607 2.573922 0.3126436 0.4453422 2.792155 0.3356408 0.1802025 2.547035 0.2975838 0.0970512 2.273077 -0.09905225 0.1250645 2.753121 -0.1097022 0.2679111 2.333027 0.1703078 -0.09238584 2.160217 0.09364369 0.05494919 2.729297 0.1428284 -0.3840522 2.65979 0.1086128 -0.7768152 2.666375 
