0.5249652 0.7223279 2.717732 0.5142372 0.5130219 2.676314 0.5017961 0.2937506 2.64286 0.350936 0.52427 2.663319 0.1921417 0.3120836 2.667952 0.1676233 0.3072065 2.382407 0.6775386 0.5017739 2.689309 0.7758425 0.1902648 2.621038 0.780964 0.1290593 2.312232 0.3875102 0.08149417 2.601302 0.2820101 -0.3223351 2.742474 0.09739087 -0.7971135 2.800376 0.5911996 0.0674642 2.617511 0.5147123 -0.3649165 2.550685 0.5368326 -0.7952585 2.563983 
0.5275639 0.7263848 2.72784 0.5154271 0.515048 2.682705 0.5024154 0.2963521 2.645962 0.3521202 0.5269558 2.66966 0.1945723 0.302541 2.67497 0.1659549 0.3093091 2.392636 0.6787339 0.50314 2.695749 0.7699223 0.1866331 2.619022 0.7786828 0.1223353 2.309805 0.3875246 0.08508496 2.60108 0.266447 -0.3208751 2.726988 0.09330989 -0.7903137 2.794623 0.5912826 0.07022748 2.617356 0.5203838 -0.3645255 2.560968 0.5375149 -0.785348 2.56524 
0.5333742 0.7339659 2.726175 0.5204514 0.5202721 2.686337 0.507184 0.3008805 2.654439 0.3570202 0.5319281 2.674144 0.1956621 0.3116199 2.703243 0.154992 0.3183799 2.422878 0.6838827 0.5086162 2.69853 0.7800019 0.1949209 2.622257 0.7590991 0.1405698 2.310548 0.3919322 0.08876239 2.614933 0.2433876 -0.3223739 2.67717 0.07641707 -0.7820079 2.773992 0.595901 0.07421527 2.630151 0.5265895 -0.36299 2.594363 0.5380984 -0.7924513 2.571268 
0.5369864 0.7387582 2.722131 0.522557 0.5245238 2.687903 0.5063917 0.3047785 2.660156 0.3589828 0.5370706 2.683835 0.2009259 0.3162151 2.731697 0.141964 0.3172455 2.456335 0.6861312 0.5119771 2.69197 0.7866088 0.2040233 2.619188 0.7530736 0.1514144 2.312765 0.3880251 0.09287237 2.629868 0.2226525 -0.3127627 2.628773 0.07848233 -0.7450105 2.731039 0.5924278 0.07719397 2.634951 0.5259565 -0.3608301 2.60271 0.5356873 -0.7889002 2.566725 
0.5435529 0.7438202 2.730616 0.5267361 0.5302451 2.694721 0.5077984 0.3109459 2.665076 0.3634041 0.5436761 2.699703 0.2139148 0.3136391 2.761415 0.1273753 0.3213109 2.493444 0.6900681 0.5168141 2.689738 0.7892507 0.2124663 2.607179 0.7388566 0.1576784 2.305693 0.3868407 0.100036 2.638544 0.2185374 -0.2937801 2.563478 0.1167806 -0.6814204 2.648664 0.590881 0.0832575 2.63232 0.5289958 -0.3559756 2.609441 0.5370604 -0.7858203 2.560762 
0.5483798 0.7479665 2.724815 0.529727 0.5333923 2.696491 0.5088159 0.3136487 2.672203 0.3666539 0.5477468 2.707021 0.2230398 0.3092421 2.775244 0.1083533 0.3230058 2.523687 0.6928 0.5190379 2.685962 0.7877193 0.2137896 2.589616 0.7256539 0.1583407 2.288521 0.3861884 0.1028586 2.654481 0.2307045 -0.2800557 2.518575 0.1768525 -0.5879356 2.559853 0.5896211 0.08495152 2.641346 0.528453 -0.3547648 2.632422 0.5381233 -0.7912678 2.570149 
0.5480576 0.7476256 2.7224 0.5287505 0.5322989 2.698611 0.5066919 0.3123089 2.6775 0.3660413 0.5471376 2.713995 0.2310628 0.3035809 2.797638 0.09027319 0.3156383 2.550897 0.6914597 0.5174602 2.683228 0.7729092 0.2109232 2.561825 0.7046289 0.1467686 2.265372 0.3831331 0.1015755 2.665986 0.2340963 -0.1865789 2.411136 0.2337022 -0.4742017 2.45493 0.5861338 0.08306237 2.646793 0.5187533 -0.3556959 2.63271 0.5365229 -0.7973095 2.565478 
0.5454471 0.7490189 2.725673 0.5266173 0.5330371 2.701526 0.5048249 0.3129835 2.680378 0.364327 0.547176 2.721639 0.2435306 0.3147914 2.827812 0.0826436 0.3090518 2.592211 0.6889077 0.5188981 2.681413 0.7544546 0.2109615 2.546912 0.6801506 0.1369008 2.249945 0.381775 0.1017516 2.671779 0.234684 -0.004988853 2.34409 0.292987 -0.3298002 2.364487 0.5842902 0.08410823 2.64668 0.5160738 -0.3541803 2.623815 0.5396029 -0.7946356 2.558888 
0.5438907 0.7479367 2.732312 0.5246643 0.5334382 2.705156 0.5028604 0.3137007 2.680963 0.3627105 0.5469288 2.728585 0.2592361 0.3354217 2.852408 0.08345212 0.2985836 2.626875 0.6866181 0.5199475 2.681728 0.7381937 0.2134605 2.530454 0.6624238 0.1276692 2.233845 0.3800197 0.1023795 2.671386 0.2377675 0.1180454 2.310756 0.331919 -0.2213603 2.298455 0.5820932 0.0855469 2.642153 0.5146133 -0.3526127 2.613914 0.5375254 -0.7914028 2.56198 
0.536823 0.7362077 2.737293 0.5173471 0.5192392 2.704286 0.4969417 0.3004263 2.672023 0.3558217 0.5302082 2.732052 0.2566951 0.2823671 2.845403 0.0785719 0.2216699 2.621667 0.6788725 0.5082702 2.676521 0.7250064 0.2045934 2.506093 0.6340649 0.0940261 2.220018 0.3757565 0.08845715 2.657083 0.2403516 0.2678939 2.300048 0.4321395 -0.07270746 2.202723 0.577316 0.07476947 2.622436 0.5179833 -0.364538 2.593131 0.5346423 -0.7926795 2.568098 
0.5343688 0.7245091 2.73011 0.5166518 0.5096723 2.700443 0.4976068 0.2905917 2.669003 0.3551434 0.5196399 2.728821 0.2523528 0.2594639 2.852956 0.06986363 0.2181332 2.626982 0.6781602 0.4997047 2.672064 0.7101466 0.2232585 2.521183 0.6522923 0.06638259 2.255849 0.3777853 0.07773065 2.655271 0.2402873 0.3017142 2.308969 0.4876812 -0.03258655 2.180806 0.5793384 0.06529169 2.619856 0.531407 -0.3750702 2.587367 0.5375113 -0.7923567 2.574736 
0.5323341 0.7119176 2.72199 0.5151201 0.4958636 2.696018 0.4969214 0.2764856 2.666015 0.3538377 0.5051471 2.725967 0.267156 0.2436651 2.818317 0.09042495 0.1761176 2.597821 0.6764027 0.4865803 2.66607 0.7035638 0.2269688 2.531544 0.6474988 0.04884401 2.27597 0.3780729 0.06290092 2.654701 0.2272126 0.327348 2.317205 0.5205611 0.004772797 2.162664 0.5793722 0.05131413 2.617321 0.5365759 -0.3890646 2.577261 0.5329549 -0.787 2.575956 
