0.5009872 0.6984293 2.705148 0.4710867 0.4865571 2.675627 0.44086 0.2675769 2.653918 0.3111733 0.5112284 2.649422 0.1672266 0.2941844 2.565657 0.2673249 0.3603484 2.314663 0.631 0.4618858 2.701832 0.7226347 0.1672918 2.672174 0.8379335 0.09387928 2.376587 0.3109653 0.06397342 2.615876 0.1941861 -0.3474113 2.714457 0.0163959 -0.7974279 2.764467 0.5103015 0.03321996 2.648541 0.5008748 -0.3981918 2.546751 0.5275537 -0.7900311 2.583906 
0.5024756 0.7036206 2.705252 0.4743815 0.4890772 2.677343 0.4442044 0.269978 2.656749 0.3140344 0.513564 2.651792 0.167328 0.2970262 2.57491 0.2438388 0.3454064 2.312912 0.6347285 0.4645905 2.702895 0.7209334 0.1655861 2.678051 0.8384202 0.08892629 2.387115 0.3140563 0.06614549 2.620224 0.1785895 -0.3493552 2.68839 0.006463669 -0.7865979 2.763607 0.5139982 0.03561217 2.652085 0.5126507 -0.3987253 2.559911 0.5300258 -0.7760441 2.581261 
0.5068759 0.7130299 2.713103 0.4789248 0.4970827 2.682568 0.4487369 0.2783148 2.658694 0.3178335 0.5215077 2.662444 0.1686157 0.3060601 2.596957 0.2184263 0.3410874 2.32567 0.640016 0.4726576 2.702691 0.7374063 0.1767606 2.680027 0.8355126 0.1020933 2.382049 0.3180158 0.07479001 2.622262 0.1775485 -0.342202 2.639272 0.006878983 -0.7651531 2.72661 0.5190822 0.0443038 2.647379 0.521231 -0.3902694 2.555563 0.5354227 -0.7695761 2.572687 
0.5120232 0.7245487 2.715452 0.4892898 0.5071747 2.686645 0.4635335 0.2877528 2.663809 0.3271583 0.5277605 2.671709 0.1703252 0.3025305 2.632395 0.1892041 0.3305174 2.355772 0.6514213 0.486589 2.70158 0.7602213 0.1923905 2.677944 0.8317466 0.1147064 2.378428 0.3365724 0.08118077 2.63165 0.1992004 -0.3308749 2.581677 0.05352432 -0.7274829 2.670666 0.538982 0.05548094 2.650296 0.5380206 -0.3822463 2.57672 0.5531696 -0.7729965 2.578121 
0.5135924 0.7314254 2.716651 0.4932663 0.5141256 2.689833 0.4699158 0.2943247 2.667859 0.3304183 0.5322435 2.681653 0.1661799 0.3067593 2.696138 0.1517521 0.3159844 2.416826 0.6561144 0.4960077 2.698012 0.7826297 0.2037073 2.661928 0.818594 0.1354686 2.358314 0.3449075 0.08583385 2.640779 0.2154207 -0.3078592 2.513573 0.1122776 -0.6617891 2.577837 0.5482229 0.06321373 2.650991 0.5314596 -0.3759978 2.590847 0.5413819 -0.7753593 2.578379 
0.5134569 0.7386009 2.71763 0.4986435 0.5201681 2.69329 0.481258 0.2997826 2.672233 0.3352879 0.5329863 2.694008 0.175612 0.3028828 2.752382 0.1148242 0.3032863 2.477769 0.6619992 0.50735 2.692573 0.7813393 0.2148796 2.63281 0.8014318 0.1528057 2.331648 0.3618081 0.08740584 2.651624 0.2436009 -0.2297022 2.409017 0.2123351 -0.565156 2.477746 0.5659367 0.07138838 2.650728 0.5415481 -0.3687083 2.59849 0.5502848 -0.7798706 2.574636 
0.5104517 0.7506949 2.718835 0.4991403 0.5310913 2.697861 0.4842072 0.31047 2.676583 0.3359417 0.5408698 2.711005 0.2096484 0.2994784 2.8163 0.07478944 0.2818744 2.563242 0.6623389 0.5213126 2.684717 0.7763322 0.2204695 2.587679 0.769576 0.1654782 2.291511 0.3674662 0.09594887 2.663504 0.2337052 -0.003666977 2.309063 0.3183887 -0.3885305 2.341496 0.5710822 0.08374855 2.647104 0.5157688 -0.3550856 2.612192 0.5340571 -0.7812629 2.57293 
0.5056809 0.7469018 2.713897 0.4963806 0.5266234 2.69658 0.4839384 0.3056214 2.678022 0.3339074 0.5339116 2.718717 0.2216585 0.2963727 2.843796 0.04961235 0.273825 2.607188 0.6588539 0.5193351 2.674444 0.7660813 0.211368 2.549652 0.7384896 0.1587402 2.252167 0.3701172 0.08916727 2.673277 0.2438867 0.1306489 2.26864 0.3838076 -0.245067 2.248498 0.5728751 0.08007187 2.645652 0.5177313 -0.3590193 2.608226 0.5323991 -0.784379 2.570381 
0.5033661 0.7440634 2.727415 0.4951661 0.5268332 2.699777 0.4836588 0.3068245 2.672576 0.3331536 0.5320934 2.72577 0.2272294 0.2997686 2.853925 0.04625301 0.2680302 2.638663 0.6571785 0.521573 2.673785 0.7489244 0.2046172 2.536778 0.713715 0.1417553 2.242553 0.3710656 0.09009782 2.661592 0.2498308 0.1988873 2.257699 0.4287913 -0.1639707 2.199128 0.5732374 0.08353373 2.629156 0.5227138 -0.3563236 2.59313 0.5313051 -0.7798872 2.558833 
0.5012438 0.7354583 2.723138 0.4935265 0.5181057 2.696946 0.4833966 0.2979918 2.669287 0.3334973 0.521013 2.732419 0.2352014 0.2858741 2.87348 0.04355923 0.2479722 2.663936 0.6535559 0.5151983 2.661472 0.7279485 0.1923091 2.522851 0.6863207 0.1151849 2.227988 0.3732589 0.07969476 2.663797 0.2552605 0.2416137 2.282429 0.4882407 -0.1098152 2.184643 0.5732744 0.07606103 2.61946 0.5284982 -0.3647271 2.587161 0.5310984 -0.7887012 2.565457 
0.4996229 0.7229722 2.72101 0.4924331 0.5049711 2.694624 0.4839717 0.2849447 2.66543 0.3336934 0.5056056 2.73585 0.2477193 0.2611963 2.884759 0.04395993 0.2379439 2.682856 0.6511728 0.5043367 2.653399 0.7124341 0.2098286 2.531206 0.6530063 0.08329325 2.260223 0.3764874 0.06531402 2.661952 0.2536264 0.2706281 2.289338 0.5256165 -0.05758636 2.165946 0.574533 0.06452246 2.610518 0.5363656 -0.3760748 2.56936 0.5309529 -0.7921643 2.564646 
0.50262 0.7121164 2.719198 0.4955824 0.4937071 2.694357 0.4885417 0.2735038 2.665879 0.3381435 0.4927131 2.740967 0.2588962 0.2365179 2.852765 0.06022194 0.1830981 2.647607 0.6530212 0.4947011 2.647747 0.6930934 0.2260809 2.538789 0.668045 0.09642345 2.385772 0.3833093 0.0526806 2.66647 0.2378983 0.2989964 2.312307 0.5363958 -0.01055722 2.154959 0.5796927 0.05392053 2.60833 0.5348462 -0.3859927 2.565871 0.5278497 -0.7915439 2.572735 
0.5032151 0.7110117 2.718599 0.4925806 0.492402 2.695458 0.4815216 0.2720713 2.669658 0.3358798 0.4945253 2.744494 0.2493646 0.2261016 2.870736 0.04853122 0.1882454 2.66391 0.6492814 0.4902787 2.646422 0.7098368 0.2917094 2.579994 0.6665744 0.1130403 2.418637 0.3726783 0.05306558 2.674458 0.2187477 0.284759 2.32238 0.5149965 -0.03101782 2.166706 0.5682468 0.05041562 2.613259 0.526907 -0.39035 2.576239 0.5185674 -0.7908359 2.576547 
