0.247593 0.7240739 2.825239 0.1911011 0.5207044 2.777898 0.131925 0.3086009 2.738136 0.03281714 0.5695167 2.753085 -0.1736376 0.3218644 2.642419 -0.2209912 0.2324343 2.37199 0.349385 0.4718921 2.802711 0.4003885 0.2179011 2.532179 0.3781155 0.1753845 2.238241 -0.02459666 0.1265172 2.683113 -0.1360216 -0.2869766 2.757605 -0.309609 -0.7668447 2.873989 0.1700946 0.06647754 2.713634 0.1352287 -0.3745546 2.648788 0.1110517 -0.7842487 2.67972 
0.251293 0.7187735 2.825161 0.1936723 0.5152197 2.776363 0.1332577 0.3036413 2.735674 0.03654391 0.5657004 2.747171 -0.1728066 0.3194237 2.633191 -0.2137183 0.2277246 2.364346 0.3508008 0.464739 2.805554 0.4002111 0.2149574 2.537073 0.3744394 0.165226 2.242502 -0.02377591 0.1231037 2.677035 -0.1353545 -0.2923016 2.772737 -0.3089073 -0.7670298 2.887492 0.1694622 0.06102199 2.712935 0.135015 -0.3807497 2.651652 0.1087661 -0.7760507 2.679281 
0.256764 0.724635 2.824126 0.1967375 0.5180106 2.776168 0.1353889 0.3064094 2.737033 0.03957505 0.5689319 2.74721 -0.172395 0.3232134 2.640587 -0.2247164 0.2265656 2.378523 0.3539 0.4670892 2.805127 0.4006132 0.2004763 2.530521 0.3782668 0.1548098 2.235605 -0.02259276 0.1261177 2.680092 -0.146765 -0.2931057 2.753618 -0.3201566 -0.7553111 2.871867 0.1706732 0.06349861 2.715702 0.1322035 -0.3794775 2.667713 0.1133568 -0.7688022 2.680767 
0.2612574 0.7312059 2.823118 0.2007878 0.5237076 2.777289 0.1395469 0.3117631 2.739882 0.04271397 0.5738378 2.752046 -0.170182 0.3220873 2.662288 -0.2420808 0.2263253 2.399796 0.3588615 0.4735775 2.802531 0.39983 0.2017474 2.532258 0.3704185 0.1539373 2.24383 -0.01894936 0.1306613 2.686944 -0.1561267 -0.2897095 2.727993 -0.3189948 -0.7281302 2.832779 0.1755615 0.06897581 2.718006 0.1353935 -0.375017 2.682611 0.1139136 -0.7666501 2.684306 
0.2637656 0.7354465 2.812142 0.2025509 0.5279691 2.775102 0.1396081 0.3155363 2.744547 0.04362091 0.5778413 2.75576 -0.1680007 0.3279154 2.68466 -0.2669158 0.2295044 2.430571 0.361481 0.4780968 2.794444 0.3955595 0.2064251 2.532658 0.3640212 0.15558 2.250532 -0.02115744 0.1338004 2.702086 -0.170457 -0.2810076 2.681478 -0.3120749 -0.685693 2.775103 0.1744881 0.07240675 2.725897 0.1278106 -0.3717446 2.704145 0.1104479 -0.7721272 2.687903 
0.2649586 0.7394428 2.80614 0.2035566 0.5308505 2.775756 0.1398413 0.3180508 2.74955 0.04401116 0.5804154 2.761183 -0.1689536 0.3338931 2.717833 -0.2866274 0.2322378 2.470848 0.3631021 0.4812855 2.790329 0.3938534 0.208739 2.534841 0.3572755 0.1574302 2.25268 -0.02203877 0.1357474 2.714377 -0.173555 -0.2609408 2.612752 -0.2779841 -0.6174749 2.69124 0.1742908 0.07475502 2.73231 0.1255421 -0.369575 2.715618 0.1139981 -0.7788482 2.686905 
0.2630993 0.7432918 2.806104 0.2029515 0.5334383 2.779425 0.1401411 0.3200359 2.75576 0.04251574 0.5813776 2.772946 -0.1689278 0.3343887 2.747878 -0.3123749 0.2316592 2.514626 0.3633873 0.485499 2.785903 0.3889993 0.2088981 2.534405 0.3521411 0.1503842 2.251409 -0.02146574 0.1361545 2.728106 -0.1583124 -0.2404652 2.556618 -0.2265253 -0.5328196 2.601195 0.176127 0.07711247 2.736084 0.1236349 -0.3668378 2.717882 0.1163604 -0.780187 2.680513 
0.2574312 0.7507133 2.817883 0.1964146 0.5411697 2.789395 0.1327397 0.3283877 2.762324 0.03569206 0.5888694 2.792511 -0.1715028 0.3326238 2.782484 -0.3341164 0.2201177 2.559605 0.3571371 0.49347 2.786279 0.3854665 0.2192103 2.523114 0.3331516 0.1398364 2.24286 -0.0298046 0.1449485 2.73717 -0.1344056 -0.1041893 2.413407 -0.141068 -0.3994523 2.459138 0.1679343 0.08626284 2.733337 0.1126102 -0.357138 2.709259 0.1072874 -0.7746145 2.677287 
0.2492032 0.7437811 2.80946 0.1896053 0.5328431 2.787604 0.1276746 0.3190764 2.764903 0.02845383 0.5788109 2.794381 -0.1697141 0.3342656 2.8057 -0.3454056 0.2110805 2.594544 0.3507567 0.4868754 2.780826 0.3762916 0.2166291 2.52855 0.3215144 0.1257029 2.248671 -0.03339418 0.1335884 2.746372 -0.1303566 0.01961406 2.366886 -0.07568777 -0.3070174 2.387252 0.1648821 0.07703101 2.738034 0.1114301 -0.366306 2.709006 0.109998 -0.786926 2.681159 
0.2403676 0.7402142 2.804763 0.1814639 0.528122 2.787191 0.1207095 0.3137178 2.767416 0.02011549 0.5729227 2.797161 -0.1838361 0.3306054 2.811829 -0.3570234 0.1891928 2.608862 0.3428122 0.4833213 2.777221 0.3576789 0.2023294 2.530266 0.314506 0.1042177 2.249897 -0.03930596 0.1268748 2.753774 -0.1278413 0.1327608 2.347757 -0.00900689 -0.1955549 2.31944 0.1592162 0.07175224 2.741508 0.1108284 -0.3708213 2.698565 0.1068096 -0.7850908 2.677741 
0.2338447 0.7314083 2.812839 0.1743708 0.5192679 2.790879 0.1140902 0.3049882 2.768369 0.01293352 0.5634408 2.802704 -0.2024577 0.3105367 2.828058 -0.3633332 0.1721863 2.612359 0.335808 0.4750951 2.779054 0.3493204 0.1896594 2.536628 0.2983364 0.0817683 2.255154 -0.04550231 0.1178825 2.753133 -0.128683 0.2022358 2.338547 0.08173417 -0.114422 2.258888 0.1531214 0.06353456 2.738584 0.1144147 -0.3778749 2.679538 0.1051108 -0.784102 2.66973 
0.2281417 0.7146339 2.807017 0.1678099 0.5021529 2.78949 0.1076667 0.2876048 2.769158 0.006525513 0.5459501 2.80442 -0.1995334 0.2889976 2.84062 -0.3682828 0.1636193 2.622402 0.3290942 0.4583558 2.77456 0.3421834 0.1848396 2.542808 0.2593794 0.08811749 2.260571 -0.05171638 0.1000055 2.758013 -0.1334259 0.2342351 2.350974 0.1592827 -0.06059382 2.241645 0.1467636 0.04610782 2.73964 0.1190497 -0.392913 2.661695 0.1052451 -0.7943754 2.671376 
0.2184388 0.6930528 2.804044 0.1600895 0.4810941 2.789266 0.1010386 0.2660255 2.771377 -0.001292446 0.5240302 2.805787 -0.2031365 0.2665775 2.846259 -0.3783853 0.1479757 2.628731 0.3214715 0.438158 2.772746 0.3351037 0.1694287 2.538394 0.2392089 0.09099937 2.256276 -0.05730139 0.07737294 2.763653 -0.1322232 0.2399221 2.350694 0.1951311 -0.04299232 2.232529 0.1412769 0.02454066 2.743325 0.1249029 -0.4114842 2.647857 0.1058081 -0.7975299 2.674348 
0.2169097 0.6875087 2.813095 0.1543026 0.4746272 2.794302 0.09164201 0.2610554 2.772045 -0.006266136 0.5198374 2.81253 -0.2023614 0.2549756 2.840504 -0.3823398 0.1251351 2.633588 0.3148714 0.429417 2.776073 0.3290319 0.1496974 2.546741 0.2554827 0.07910654 2.263299 -0.06982296 0.07530313 2.761005 -0.1393401 0.2536997 2.331889 0.186337 -0.06525753 2.208807 0.1277857 0.01966385 2.738572 0.1174044 -0.41452 2.633032 0.09663714 -0.7798469 2.664592 
