0.2034921 0.7344408 2.84243 0.1579408 0.5257159 2.796099 0.1106894 0.3109296 2.754838 -0.0004781151 0.567425 2.760398 -0.1884252 0.3064884 2.691601 -0.2466534 0.1876814 2.399466 0.3163597 0.4840069 2.831799 0.3629641 0.1908662 2.576666 0.364656 0.08288362 2.261163 -0.03393713 0.1217805 2.691634 -0.1656381 -0.2954692 2.747558 -0.3258298 -0.7611605 2.843364 0.1608132 0.07050607 2.735522 0.1111587 -0.3689789 2.668397 0.1052741 -0.782158 2.671726 
0.2041236 0.7413752 2.854775 0.1598972 0.5314106 2.802223 0.1128596 0.3175908 2.756211 0.001344841 0.5737692 2.767468 -0.1922207 0.3092557 2.691796 -0.2486279 0.1942674 2.401067 0.3184496 0.4890521 2.836979 0.3594658 0.191925 2.583841 0.3666674 0.07684164 2.270884 -0.03168549 0.1298208 2.688825 -0.1659317 -0.2913141 2.732212 -0.3316628 -0.7522446 2.82995 0.1633296 0.07772095 2.731573 0.1142273 -0.3626746 2.669737 0.1131377 -0.7770083 2.664094 
0.2029479 0.7436928 2.848727 0.1468478 0.5198438 2.795979 0.1040134 0.3034567 2.760284 -0.01501682 0.555407 2.774629 -0.1897069 0.3082899 2.702528 -0.2545816 0.1961752 2.413802 0.3087125 0.4842805 2.817328 0.3737228 0.2086975 2.712356 0.3627699 0.1312 2.399252 -0.03833379 0.1089336 2.711464 -0.1689296 -0.3067001 2.699282 -0.3359616 -0.7503495 2.792585 0.1606917 0.06520575 2.737715 0.1100922 -0.3768338 2.693226 0.1081812 -0.7956339 2.675665 
0.2053798 0.7456219 2.848045 0.1561196 0.5312512 2.806 0.1078504 0.3157361 2.770615 -0.006123516 0.5701991 2.790104 -0.1926787 0.3075577 2.714404 -0.2692288 0.1950084 2.435252 0.3183628 0.4923033 2.821897 0.3881866 0.240924 2.781366 0.3589299 0.1686516 2.479693 -0.04011318 0.1241534 2.725461 -0.1641133 -0.2866748 2.622406 -0.3014444 -0.6779126 2.674551 0.1592755 0.07628845 2.744997 0.1098062 -0.3667427 2.707027 0.1143567 -0.7872246 2.670552 
0.2087555 0.7491906 2.847582 0.1615981 0.5363407 2.809927 0.1132428 0.3205313 2.776195 -0.001102299 0.5748418 2.796839 -0.1893277 0.3122655 2.736699 -0.2790959 0.1984982 2.462839 0.3242985 0.4978397 2.823014 0.3896098 0.2474691 2.757184 0.3545126 0.1716228 2.46719 -0.03515278 0.1283952 2.734416 -0.1505459 -0.264691 2.573323 -0.2510712 -0.6313751 2.589465 0.1649278 0.0810486 2.750511 0.1200086 -0.3629665 2.718759 0.1201449 -0.7870296 2.673247 
0.2095769 0.747679 2.84785 0.1634567 0.5354685 2.813884 0.1151005 0.3192265 2.782963 0.0002611084 0.5731826 2.805351 -0.1866316 0.3170962 2.757841 -0.2921913 0.2026659 2.489196 0.3266524 0.4977543 2.822417 0.3783495 0.2432542 2.690096 0.3340275 0.1475061 2.413584 -0.03366443 0.1261888 2.746793 -0.1403797 -0.2365229 2.524607 -0.1910392 -0.5590187 2.50563 0.1671529 0.07978041 2.757293 0.1149144 -0.3633267 2.723962 0.117955 -0.7941529 2.676151 
0.2101466 0.7435543 2.847483 0.1646467 0.532535 2.816822 0.1164046 0.3161276 2.78673 0.001153568 0.5697135 2.811556 -0.1848091 0.3215406 2.783918 -0.30306 0.2049586 2.523488 0.3281399 0.4953565 2.822087 0.3906841 0.2486316 2.764546 0.3463691 0.1848768 2.484341 -0.03241809 0.1225922 2.753399 -0.1164505 -0.1952074 2.467611 -0.1145872 -0.4540049 2.419229 0.168743 0.07684798 2.759878 0.1150878 -0.365527 2.719629 0.117948 -0.7963557 2.673278 
0.2092918 0.7450889 2.857804 0.1640347 0.5339596 2.823295 0.1163418 0.3178686 2.790254 0.0004053497 0.5708176 2.818431 -0.1884084 0.3157732 2.785464 -0.3168172 0.1991966 2.529882 0.327664 0.4971017 2.828159 0.391337 0.2578141 2.779273 0.3486735 0.1929608 2.501141 -0.03200723 0.1244507 2.75422 -0.09608976 -0.1397039 2.415084 -0.0574993 -0.3623514 2.349134 0.1693052 0.07910459 2.760205 0.1102432 -0.3625713 2.71953 0.1157184 -0.7904462 2.669175 
0.2062327 0.7358183 2.86346 0.1610031 0.526018 2.826203 0.1143034 0.3102655 2.789781 -0.002907974 0.5618721 2.823978 -0.2132276 0.308413 2.810235 -0.3333184 0.1821394 2.541848 0.3249142 0.4901637 2.828428 0.3706365 0.2463945 2.729622 0.3222173 0.1619088 2.460196 -0.03325393 0.1165748 2.751991 -0.1124742 0.006339645 2.370901 0.02232101 -0.2309841 2.281926 0.1684611 0.07245129 2.754728 0.1176843 -0.3687413 2.701697 0.1157202 -0.7975027 2.665943 
0.2031112 0.7233977 2.854322 0.154531 0.5134892 2.822744 0.1039973 0.2980941 2.789705 -0.008829426 0.5512357 2.826521 -0.1626601 0.3025217 2.815977 -0.2711672 0.1568259 2.586558 0.3178914 0.4757427 2.818966 0.3548828 0.2302194 2.663857 0.2910303 0.131474 2.396468 -0.04711242 0.1059384 2.758992 -0.1609559 0.1299796 2.376078 0.07094175 -0.1376823 2.26359 0.1540395 0.05945969 2.75434 0.1123431 -0.3825797 2.700013 0.1008996 -0.7989385 2.675823 
0.1997526 0.7125244 2.861257 0.1494154 0.5026226 2.825423 0.09682918 0.2883149 2.788732 -0.0135932 0.5412058 2.83369 -0.1911321 0.2807043 2.821217 -0.3200152 0.1268831 2.568747 0.312424 0.4640394 2.817156 0.3143859 0.1705787 2.558966 0.2452582 0.0861882 2.268123 -0.05605422 0.09774703 2.757128 -0.1716087 0.2146249 2.374624 0.1140426 -0.04467889 2.276474 0.1445401 0.05026753 2.746954 0.1233211 -0.3913023 2.681923 0.1061694 -0.7971289 2.669147 
0.2004525 0.7041331 2.875213 0.1470898 0.4953474 2.830182 0.09259558 0.2830732 2.785889 -0.01560202 0.534915 2.840716 -0.2036805 0.2756985 2.82604 -0.3372527 0.1263109 2.573806 0.3097817 0.4557798 2.819649 0.2856379 0.1307583 2.497015 0.2133284 0.06386054 2.182623 -0.06197713 0.09513864 2.748076 -0.1691705 0.2623088 2.370656 0.1334037 -0.002643707 2.271855 0.1381798 0.04645926 2.735116 0.1293471 -0.3954 2.667967 0.105982 -0.7887973 2.664905 
0.2007787 0.7050176 2.882173 0.146286 0.4979074 2.832598 0.08994556 0.2867782 2.78497 -0.01608234 0.5385686 2.844422 -0.2089808 0.2811869 2.829391 -0.3456249 0.134343 2.57748 0.3086544 0.4572463 2.820774 0.2883068 0.1313694 2.563523 0.222118 0.07403965 2.254383 -0.06628299 0.1006634 2.744616 -0.1638515 0.284493 2.366367 0.1224356 -0.002983276 2.251967 0.1334932 0.05063443 2.730067 0.1291027 -0.3930796 2.675431 0.1084997 -0.782345 2.671322 
