0.2093394 0.7278306 2.82443 0.1610387 0.5209281 2.776333 0.1105249 0.3063216 2.738069 0.0004119797 0.5629324 2.752798 -0.1950543 0.3101339 2.660473 -0.2674232 0.1967213 2.382626 0.3216653 0.4789239 2.799867 0.3788174 0.2041109 2.657521 0.3484761 0.1586285 2.378133 -0.03872997 0.117536 2.685338 -0.1862145 -0.293503 2.748399 -0.3458484 -0.7486513 2.84094 0.1587523 0.06589402 2.714272 0.1158106 -0.3753368 2.653982 0.1147361 -0.7899444 2.668153 
0.2111641 0.728955 2.823768 0.1628758 0.5218142 2.776961 0.1127956 0.3069443 2.739599 0.001511707 0.5629242 2.75683 -0.199519 0.3095594 2.656229 -0.2682391 0.1976367 2.385147 0.3242399 0.4807043 2.797092 0.3698885 0.2058634 2.590194 0.3413358 0.140781 2.311085 -0.03654924 0.1173635 2.689852 -0.1811973 -0.3003884 2.718885 -0.3533579 -0.751114 2.826531 0.16198 0.06678514 2.71462 0.1210638 -0.3754723 2.660535 0.1147736 -0.7853493 2.667693 
0.2118278 0.7352076 2.833436 0.1652609 0.5263487 2.783505 0.1159515 0.3119622 2.742654 0.003272755 0.5667272 2.767127 -0.1987926 0.3128195 2.672116 -0.2730751 0.2063956 2.402723 0.3272491 0.4859703 2.799883 0.3683975 0.2134123 2.573084 0.3377709 0.1338021 2.296869 -0.03302307 0.122419 2.691727 -0.1680567 -0.2993348 2.677486 -0.3412754 -0.7309121 2.780884 0.1663071 0.07273239 2.711881 0.1228562 -0.3702783 2.667055 0.1166135 -0.7766739 2.666443 
0.2149797 0.7352981 2.839783 0.1672329 0.5270187 2.790124 0.117361 0.3131334 2.747338 0.005145073 0.5677796 2.775294 -0.197402 0.316917 2.689564 -0.2841464 0.2170743 2.422507 0.3293208 0.4862579 2.804954 0.3661893 0.2181999 2.566048 0.3336507 0.1362558 2.292772 -0.03221994 0.1243222 2.69543 -0.1545954 -0.293671 2.623735 -0.3060572 -0.7030717 2.713217 0.1671979 0.07417379 2.713675 0.1239242 -0.3697136 2.678679 0.1110734 -0.7763985 2.670888 
0.2168464 0.7369652 2.841959 0.1692456 0.5294926 2.794694 0.1186556 0.3156356 2.752557 0.006783764 0.5699974 2.784174 -0.1941943 0.3159481 2.716791 -0.2924994 0.2239104 2.453559 0.3317074 0.4889878 2.805215 0.3731043 0.2216031 2.558033 0.3353073 0.1446523 2.285095 -0.03191555 0.1267058 2.703946 -0.1366339 -0.2771552 2.567056 -0.242095 -0.6506057 2.632269 0.1680467 0.07685146 2.716894 0.1288821 -0.367774 2.685901 0.1109244 -0.7757413 2.675757 
0.219443 0.741309 2.854049 0.1714216 0.5341917 2.802999 0.1202248 0.3210682 2.758039 0.008661591 0.5743552 2.797951 -0.1941346 0.313016 2.722911 -0.3075981 0.2211993 2.471846 0.3341817 0.4940282 2.808048 0.377498 0.2237759 2.550027 0.3456063 0.1454514 2.271692 -0.03114928 0.1326649 2.709971 -0.1109356 -0.2486486 2.510584 -0.1634713 -0.5680289 2.533391 0.1692051 0.08322446 2.716186 0.1303073 -0.3617349 2.689205 0.1117177 -0.7753359 2.673554 
0.2196315 0.7423453 2.848581 0.1717518 0.5338911 2.804022 0.12092 0.3198618 2.763289 0.008774688 0.5734872 2.799349 -0.1975621 0.3045034 2.728446 -0.3200969 0.2096281 2.481048 0.334729 0.4942949 2.808694 0.3744752 0.2768147 2.616974 0.3466138 0.196594 2.336935 -0.03015565 0.1301872 2.719683 -0.09589925 -0.1582509 2.420372 -0.08759443 -0.4709541 2.437882 0.1703322 0.08147765 2.725431 0.1252467 -0.3629047 2.69858 0.1104677 -0.7806351 2.681862 
0.2168868 0.7364578 2.84635 0.1688279 0.527747 2.80379 0.1178206 0.3135682 2.763929 0.00570916 0.5670395 2.801398 -0.200776 0.2997455 2.740225 -0.3302152 0.2020787 2.495188 0.3319466 0.4884545 2.806183 0.373903 0.2293943 2.571339 0.3425515 0.1429972 2.295478 -0.03354568 0.1235641 2.722596 -0.1072899 -0.004024323 2.358246 -0.02613747 -0.3413759 2.3485 0.1671723 0.07521462 2.72554 0.1226422 -0.3682973 2.687413 0.1054522 -0.7811913 2.675423 
0.2164144 0.7307666 2.856432 0.1674947 0.5223204 2.809206 0.1159436 0.3090592 2.765506 0.004279613 0.561202 2.811997 -0.2059751 0.3054729 2.761568 -0.3401198 0.2074762 2.514636 0.3307099 0.4834388 2.806414 0.3651805 0.2168281 2.551585 0.3315358 0.124888 2.269873 -0.03603984 0.1197233 2.723525 -0.1116524 0.1858781 2.326591 0.06063571 -0.1489598 2.256405 0.1648246 0.07187271 2.720089 0.1347455 -0.372843 2.681391 0.1145517 -0.7821477 2.665018 
0.2187825 0.7249374 2.861815 0.1647145 0.5169456 2.812955 0.108416 0.305438 2.766849 0.002374325 0.5588238 2.81907 -0.2090505 0.3002033 2.775118 -0.3420361 0.211075 2.523059 0.3270546 0.4750674 2.80684 0.3600661 0.2068914 2.554349 0.319002 0.1188765 2.271639 -0.04779675 0.1197049 2.724506 -0.1299614 0.2508176 2.338646 0.1101827 -0.07560135 2.238053 0.152032 0.06815605 2.716979 0.1371898 -0.3770031 2.676749 0.1015742 -0.782609 2.669544 
0.2179677 0.7112215 2.864504 0.1602266 0.5034929 2.813713 0.1006582 0.2934971 2.764861 -0.001468205 0.5470176 2.823782 -0.1987189 0.2951142 2.789645 -0.3425485 0.2079233 2.5424 0.3219213 0.4599683 2.803643 0.3595545 0.2435269 2.610329 0.3134206 0.1579069 2.334331 -0.05841189 0.110285 2.722206 -0.1297171 0.2810189 2.339483 0.1663549 -0.01919061 2.224186 0.1405915 0.05671771 2.709813 0.155031 -0.3863605 2.65841 0.1047812 -0.7928991 2.664632 
0.2156442 0.6931163 2.854287 0.1583811 0.484897 2.809414 0.09991739 0.2739896 2.763083 -0.003583973 0.5278288 2.818359 -0.1970415 0.2904708 2.7951 -0.341335 0.2004419 2.54861 0.3203461 0.4419651 2.800468 0.3626909 0.2174092 2.61767 0.3147773 0.1487741 2.337264 -0.05818003 0.08949199 2.722255 -0.1172817 0.2894415 2.349896 0.2072543 0.004336761 2.219248 0.1410874 0.03667245 2.711249 0.1775617 -0.4047041 2.655679 0.1166288 -0.8032905 2.679305 
0.2197978 0.6878713 2.849685 0.1591326 0.4791297 2.809016 0.09709543 0.2684185 2.766775 -0.002079639 0.5249154 2.817387 -0.195947 0.2870164 2.797652 -0.3409332 0.1964337 2.551487 0.3203449 0.4333441 2.800645 0.3539449 0.2123056 2.596384 0.3125186 0.1001747 2.325622 -0.06413866 0.08587997 2.729685 -0.1176757 0.3129984 2.361349 0.2170923 0.02094604 2.224024 0.1342551 0.02953441 2.719383 0.1726868 -0.4127806 2.66814 0.1067115 -0.7857586 2.687072 
