0.1772743 0.7442021 2.833137 0.1361314 0.5331873 2.786275 0.09358085 0.3171441 2.746553 -0.02460252 0.5703201 2.756494 -0.2132976 0.3066248 2.693504 -0.3154692 0.1920529 2.413827 0.2968652 0.4960546 2.816056 0.3467603 0.2106471 2.572762 0.3315727 0.1069855 2.26787 -0.04781533 0.1239362 2.688516 -0.1639637 -0.2989503 2.758708 -0.3484888 -0.7608015 2.830489 0.149876 0.07826552 2.725145 0.1188604 -0.3630305 2.660841 0.1128514 -0.7692848 2.671731 
0.180754 0.7539299 2.849624 0.1406416 0.5433506 2.79664 0.09852585 0.3283568 2.751447 -0.0213556 0.5798306 2.774062 -0.2082496 0.3069247 2.692759 -0.307671 0.1962337 2.417603 0.3026387 0.5068706 2.819217 0.3527415 0.2162584 2.57537 0.326856 0.1103688 2.271505 -0.04330072 0.1358168 2.692358 -0.1594021 -0.2916805 2.721979 -0.347109 -0.7350635 2.792057 0.156121 0.09090917 2.720151 0.1265898 -0.3525015 2.671982 0.1181633 -0.7643951 2.670539 
0.1844382 0.7537645 2.846382 0.1433035 0.5436136 2.798537 0.09968928 0.3283524 2.756008 -0.01916786 0.5803412 2.779257 -0.2036032 0.3119342 2.700892 -0.3055506 0.2035236 2.432305 0.3057748 0.5068859 2.817818 0.3569013 0.2271431 2.583697 0.3303062 0.107847 2.286308 -0.04383603 0.1356768 2.701623 -0.158466 -0.2880759 2.663769 -0.3392752 -0.7115675 2.735871 0.1559862 0.09050567 2.725336 0.1194567 -0.35379 2.693743 0.112492 -0.7840148 2.683457 
0.1905324 0.7600507 2.857262 0.1494677 0.5491938 2.806391 0.10516 0.3345211 2.761572 -0.01354562 0.5858309 2.792061 -0.2048296 0.3154957 2.704959 -0.3143922 0.2035146 2.448253 0.312481 0.5125566 2.82072 0.3604113 0.2325515 2.586861 0.327996 0.1228073 2.290829 -0.03944685 0.1423905 2.707937 -0.1530424 -0.2647228 2.595247 -0.2919336 -0.6455229 2.646614 0.1611512 0.09730626 2.72557 0.125959 -0.3479131 2.704388 0.1178791 -0.7759678 2.679849 
0.196988 0.7589335 2.852198 0.1530747 0.547784 2.808174 0.1071039 0.3324781 2.768602 -0.01007069 0.5848754 2.79589 -0.2088901 0.3162162 2.716492 -0.3262358 0.1970344 2.462756 0.31622 0.5106927 2.820457 0.3605568 0.2868361 2.637274 0.3256851 0.1832691 2.365812 -0.03921365 0.1399863 2.721475 -0.1439735 -0.2457029 2.544283 -0.2364153 -0.5735065 2.560173 0.16148 0.09435823 2.736585 0.1177973 -0.3504568 2.730548 0.1127402 -0.7858568 2.691314 
0.2004449 0.7604191 2.849169 0.1551314 0.547956 2.809681 0.1077967 0.332361 2.77332 -0.008193875 0.5852932 2.800915 -0.2079181 0.3210734 2.73376 -0.3363088 0.2014071 2.483276 0.3184566 0.5106188 2.818448 0.3929097 0.2722943 2.753301 0.3543696 0.2044842 2.453346 -0.04002955 0.1397389 2.731565 -0.1248344 -0.2018875 2.478991 -0.1661377 -0.4783143 2.465907 0.1609536 0.09379286 2.742353 0.1168843 -0.3511531 2.731651 0.108616 -0.7799891 2.686904 
0.2047799 0.761113 2.851384 0.1572922 0.5502269 2.813204 0.1096955 0.334913 2.775517 -0.006001541 0.5878825 2.804301 -0.2089539 0.3259905 2.758929 -0.3433092 0.2054728 2.50213 0.3205859 0.5125713 2.822107 0.3890118 0.2823392 2.801578 0.3453214 0.2278403 2.506996 -0.03836812 0.142767 2.732353 -0.1262574 -0.02421805 2.367538 -0.05841054 -0.3344016 2.333322 0.1625659 0.0964315 2.743308 0.1131474 -0.3479895 2.729114 0.1117446 -0.7853551 2.676874 
0.2029113 0.7576134 2.858763 0.1557623 0.5490977 2.815571 0.1072895 0.3348528 2.773291 -0.007503513 0.5873449 2.808941 -0.2110001 0.327523 2.766968 -0.3498666 0.210712 2.503495 0.3190281 0.5108504 2.822202 0.3814714 0.2726513 2.779803 0.3414175 0.2100328 2.492324 -0.04164276 0.144142 2.726931 -0.1427745 0.1015733 2.342036 -0.003851044 -0.2305185 2.272928 0.1592762 0.09707397 2.73509 0.1154225 -0.3475983 2.713136 0.1115629 -0.7850085 2.661929 
0.2026079 0.7482598 2.862446 0.1545229 0.5422678 2.815373 0.1054436 0.3288209 2.769799 -0.00866766 0.58103 2.809572 -0.2300046 0.3222682 2.784487 -0.3572793 0.2139128 2.510237 0.3177135 0.5035056 2.821174 0.3655576 0.2888759 2.713395 0.3207025 0.1825461 2.446513 -0.04404124 0.139223 2.720655 -0.1531204 0.1796905 2.339941 0.06584134 -0.1398553 2.238887 0.1567699 0.09152487 2.727794 0.1229003 -0.3532127 2.695103 0.1119497 -0.7868944 2.663271 
0.2038261 0.7301756 2.852805 0.1561832 0.5257751 2.808352 0.1083909 0.3119113 2.763219 -0.006496014 0.5647062 2.796141 -0.22296 0.3088365 2.784956 -0.3648491 0.2060501 2.515853 0.3188624 0.486844 2.820564 0.3484574 0.2875175 2.681306 0.3146561 0.1503548 2.428603 -0.03956858 0.1220186 2.710567 -0.1508728 0.2236024 2.346013 0.1456081 -0.06817056 2.226486 0.1607657 0.07407627 2.725604 0.1409882 -0.3698615 2.678025 0.1162209 -0.7966235 2.67309 
0.2030344 0.7104894 2.838458 0.1548696 0.505488 2.801224 0.1070951 0.2906079 2.761446 -0.007314205 0.5446894 2.784246 -0.2181762 0.297131 2.788892 -0.3645214 0.193446 2.522111 0.3170533 0.4662867 2.818202 0.339234 0.2808804 2.657282 0.307667 0.1206049 2.417858 -0.04047518 0.09984937 2.711222 -0.1541401 0.2452576 2.356175 0.1786003 -0.03762887 2.226912 0.1591165 0.0516062 2.732116 0.1354226 -0.390918 2.673095 0.1125445 -0.805575 2.683633 
0.2027387 0.7069517 2.830322 0.1524732 0.4995866 2.796841 0.1024791 0.2843134 2.762472 -0.0101048 0.5391091 2.785779 -0.2209279 0.2877616 2.779857 -0.3699095 0.175755 2.517869 0.3150511 0.4600642 2.807903 0.331715 0.2700567 2.634018 0.2995868 0.09916537 2.400705 -0.04757456 0.0933646 2.721294 -0.1515997 0.2642386 2.364336 0.1822705 -0.02070462 2.231704 0.1525445 0.04471591 2.734911 0.1296578 -0.3958153 2.662091 0.1025597 -0.7809864 2.676348 
0.2041502 0.7105304 2.827272 0.1515761 0.5009604 2.79324 0.09907529 0.2861714 2.759293 -0.01104125 0.5414097 2.788805 -0.2087595 0.2966725 2.793103 -0.3597656 0.1765599 2.535857 0.3141934 0.460511 2.797674 0.3338665 0.237527 2.601558 0.2874042 0.08586502 2.355705 -0.05351493 0.09627865 2.722616 -0.1453151 0.2567626 2.348919 0.15662 -0.07420904 2.217103 0.146664 0.04648624 2.728075 0.1229456 -0.3958116 2.666616 0.1031259 -0.7747121 2.662407 
