0.4835109 0.7165121 2.720044 0.4739979 0.5074075 2.682393 0.4628713 0.2872648 2.654592 0.3103643 0.5162583 2.677797 0.1571944 0.2954782 2.717517 0.1179955 0.2776182 2.42728 0.6376314 0.4985567 2.686988 0.7204638 0.1797284 2.634424 0.740742 0.09546573 2.322337 0.349783 0.07263718 2.623929 0.2321593 -0.3415182 2.702599 0.05268701 -0.7959504 2.75048 0.5537064 0.06160709 2.629656 0.5129059 -0.3702233 2.536082 0.5359167 -0.7995924 2.556131 
0.4859979 0.7097823 2.719226 0.4762298 0.4990191 2.681212 0.4662302 0.2788769 2.652936 0.3123484 0.5072761 2.674883 0.1545514 0.2936205 2.715379 0.1248555 0.2735665 2.425409 0.6401113 0.490762 2.687542 0.725369 0.1681805 2.638358 0.7553328 0.0811687 2.331969 0.3540219 0.0638844 2.620711 0.2233887 -0.350912 2.702907 0.04667941 -0.7967791 2.749184 0.5584393 0.05358496 2.628606 0.5190706 -0.382112 2.552534 0.5395712 -0.7961837 2.554237 
0.4933045 0.7198994 2.729102 0.4826207 0.5077513 2.68669 0.471538 0.2880092 2.655933 0.3186474 0.5163304 2.684482 0.1582461 0.2968327 2.7202 0.1254613 0.2810772 2.43002 0.646594 0.4991723 2.688898 0.7411525 0.174067 2.645196 0.7592562 0.09884154 2.33534 0.3581263 0.07362076 2.623798 0.2158983 -0.3420486 2.673358 0.03034738 -0.7810089 2.730927 0.5627841 0.06291312 2.626554 0.5244636 -0.3753499 2.567687 0.5423751 -0.7858636 2.557264 
0.505411 0.7321104 2.734033 0.4933341 0.5201773 2.692207 0.4812948 0.3004762 2.661462 0.3293307 0.529156 2.692266 0.1631224 0.308915 2.731604 0.1275592 0.2977187 2.443267 0.6573374 0.5111985 2.692147 0.7595757 0.1915331 2.646607 0.7583939 0.1155065 2.33942 0.3669299 0.08637709 2.630756 0.2149048 -0.3261829 2.625457 0.05092571 -0.7426001 2.679861 0.5715811 0.07517299 2.630681 0.5406351 -0.3657604 2.595878 0.5473734 -0.7833514 2.562775 
0.5191818 0.7491393 2.746069 0.504588 0.5379997 2.70221 0.4904419 0.3188947 2.668444 0.3413419 0.5467703 2.71369 0.1774616 0.315033 2.742378 0.1265004 0.309929 2.462092 0.6678341 0.5292292 2.690731 0.7706802 0.2041807 2.635881 0.7572682 0.1315882 2.331476 0.3741934 0.1052751 2.641857 0.2157582 -0.2924416 2.562252 0.1043473 -0.6672808 2.609046 0.5783985 0.09430402 2.627498 0.5483075 -0.3478445 2.607402 0.5460838 -0.7761722 2.555636 
0.5317644 0.7543996 2.752544 0.5150161 0.5437009 2.708612 0.4988051 0.3249216 2.673645 0.352158 0.5530553 2.725586 0.1852109 0.3200294 2.761713 0.1168538 0.3191024 2.491136 0.6778741 0.5343464 2.691639 0.7768202 0.2220703 2.639483 0.745409 0.148334 2.339921 0.3810368 0.1119757 2.649262 0.2114661 -0.2210516 2.457148 0.1787535 -0.5723206 2.515316 0.5841514 0.1003089 2.628093 0.5531493 -0.3422135 2.626408 0.5452254 -0.7897047 2.558413 
0.5392683 0.7558495 2.755755 0.5214688 0.5442431 2.712668 0.5032894 0.3256255 2.677613 0.3587083 0.5548086 2.731184 0.1991032 0.316513 2.779861 0.1022665 0.3231665 2.518846 0.6842293 0.5336776 2.694153 0.7794086 0.2195353 2.623253 0.7286449 0.1535385 2.322133 0.3836262 0.1135956 2.654102 0.1926102 -0.07175272 2.381655 0.2457539 -0.4408872 2.416239 0.586594 0.1004201 2.631013 0.551331 -0.3420389 2.636862 0.5425091 -0.7967398 2.560816 
0.5471047 0.7537322 2.768155 0.5281391 0.5426396 2.720639 0.5082441 0.3250577 2.680626 0.365536 0.5537369 2.741142 0.2312507 0.3238971 2.814969 0.08654768 0.3297665 2.571431 0.6907421 0.5315422 2.700136 0.764325 0.2161182 2.595316 0.7075328 0.1414428 2.290058 0.3868953 0.1143998 2.653405 0.1826517 0.1202255 2.315279 0.3224376 -0.2318081 2.285425 0.5898031 0.1005517 2.62782 0.5528298 -0.3421202 2.628689 0.5404534 -0.7959542 2.550883 
0.5505508 0.7434028 2.763577 0.528241 0.5315771 2.719392 0.5054411 0.3141046 2.680304 0.3661644 0.5443618 2.7428 0.194631 0.3369397 2.846008 0.07941496 0.3311135 2.588741 0.6903175 0.5187923 2.695984 0.7516686 0.2080589 2.57968 0.6836725 0.1299992 2.275507 0.3814897 0.1046109 2.655824 0.1856352 0.1895479 2.315139 0.3600281 -0.1459689 2.238212 0.583793 0.08865311 2.626606 0.5502635 -0.3543504 2.628038 0.5340132 -0.8097662 2.555395 
0.5520783 0.7288368 2.761283 0.5271336 0.5169652 2.717753 0.500922 0.3002873 2.676526 0.3655392 0.5316499 2.743315 0.161301 0.3374803 2.862509 0.07276146 0.3222216 2.59491 0.688728 0.5022805 2.692192 0.7400438 0.2235176 2.582389 0.6674067 0.109086 2.294813 0.3738682 0.09277332 2.651251 0.1938768 0.2488337 2.316266 0.4355733 -0.07742465 2.188303 0.5755523 0.07444555 2.619348 0.5514701 -0.3686478 2.60566 0.5337813 -0.8136352 2.550521 
0.5540884 0.7170988 2.759617 0.5308608 0.5045166 2.716743 0.5067022 0.2875534 2.675647 0.3691419 0.5176458 2.742496 0.1606528 0.3167421 2.86625 0.0798227 0.3126546 2.597369 0.6925797 0.4913874 2.69099 0.7514036 0.2198021 2.60616 0.6676679 0.1263482 2.34411 0.3816337 0.07878254 2.65062 0.2160335 0.2813539 2.328763 0.5133818 -0.02227533 2.173281 0.5834536 0.06239778 2.618481 0.5747717 -0.3808944 2.598169 0.5504206 -0.8097669 2.556515 
0.5565994 0.7123945 2.769286 0.5338579 0.5015413 2.720073 0.5103056 0.2859437 2.672406 0.3719131 0.5137366 2.744931 0.1458417 0.3153557 2.871639 0.08085316 0.3052594 2.59604 0.6958028 0.4893459 2.695215 0.7580911 0.2216566 2.610078 0.6421914 0.08002319 2.355181 0.3856974 0.07795628 2.64025 0.222706 0.305846 2.315826 0.5318802 0.008531434 2.152586 0.5878091 0.06273613 2.609227 0.5748762 -0.3803665 2.583355 0.5481015 -0.7985216 2.548442 
