0.233782 0.7130995 2.820444 0.1761227 0.5049407 2.777383 0.1168178 0.2924139 2.740234 0.020186 0.5546277 2.742066 -0.1787651 0.2981433 2.682405 -0.243902 0.1949281 2.385612 0.3320594 0.4552538 2.8127 0.3786529 0.1605342 2.553709 0.3691826 0.1107373 2.250373 -0.03828025 0.1104101 2.681389 -0.160866 -0.3070388 2.764851 -0.372231 -0.7714731 2.849699 0.1533059 0.04936398 2.72478 0.1355232 -0.3901551 2.644244 0.1057149 -0.7760818 2.686714 
0.2363112 0.7177738 2.821783 0.1781902 0.5090089 2.780329 0.1179782 0.2964962 2.744542 0.0216449 0.5589437 2.747192 -0.1773745 0.3000607 2.686208 -0.242634 0.2055387 2.391281 0.3347355 0.4590741 2.813466 0.3813399 0.1647705 2.558853 0.3676626 0.1123386 2.253169 -0.03844648 0.1146734 2.688389 -0.1649445 -0.3081028 2.732697 -0.3698174 -0.7552155 2.831616 0.1539788 0.05329364 2.729121 0.1320293 -0.3884923 2.66415 0.1065295 -0.7719489 2.690056 
0.2428278 0.7313336 2.82308 0.1813238 0.5225619 2.786784 0.1178463 0.3105301 2.753979 0.02306948 0.5733461 2.764768 -0.1793162 0.317463 2.701847 -0.2516652 0.2185948 2.414367 0.3395781 0.4717777 2.808801 0.3808838 0.1829583 2.566503 0.3669083 0.1150147 2.267861 -0.04299321 0.1297419 2.707629 -0.162175 -0.2921647 2.650618 -0.335209 -0.692193 2.755016 0.1517307 0.06725458 2.73472 0.1165928 -0.3760247 2.687021 0.09760643 -0.7690508 2.689127 
0.2434497 0.7408152 2.823118 0.1816087 0.5322561 2.791291 0.1173405 0.3199056 2.762231 0.02219006 0.5824441 2.777117 -0.183055 0.3338323 2.721718 -0.2754116 0.2270137 2.452102 0.3410273 0.482068 2.805465 0.3862588 0.1990028 2.568131 0.3641335 0.1223288 2.278616 -0.04500357 0.1384314 2.72445 -0.144682 -0.2674286 2.578508 -0.2752519 -0.6298584 2.649657 0.1511484 0.07667891 2.741891 0.1107341 -0.3672756 2.703766 0.09778872 -0.7712334 2.682047 
0.2402679 0.7487339 2.835098 0.1801761 0.5394047 2.797787 0.1173174 0.3272438 2.76476 0.01998318 0.5882283 2.789038 -0.1860775 0.3284854 2.737854 -0.287994 0.2275215 2.471919 0.340369 0.4905811 2.806536 0.3860512 0.2104758 2.568532 0.3545116 0.1281927 2.2865 -0.04413183 0.1451314 2.726349 -0.125078 -0.2346651 2.519859 -0.2092147 -0.5623237 2.553152 0.1530494 0.08503444 2.737118 0.1126207 -0.3595385 2.707159 0.1030679 -0.7693207 2.676044 
0.2419109 0.748606 2.839105 0.1805394 0.5402865 2.803578 0.117184 0.3281645 2.771094 0.02029377 0.5893481 2.795739 -0.1800299 0.3377432 2.771434 -0.2971907 0.2382433 2.511741 0.340785 0.4912249 2.811416 0.377034 0.2162344 2.561745 0.3494622 0.1291272 2.278223 -0.0447295 0.1462177 2.733789 -0.1100445 -0.141124 2.430634 -0.1345978 -0.4684091 2.468094 0.1523867 0.08586757 2.743431 0.1105492 -0.3591367 2.726062 0.1030058 -0.7805651 2.689734 
0.2419258 0.7425281 2.842623 0.1789805 0.5347821 2.808173 0.1139805 0.3231541 2.775673 0.01890955 0.584793 2.802662 -0.1880105 0.3368706 2.776233 -0.3202763 0.2273239 2.528055 0.3390514 0.4847712 2.813684 0.3715198 0.2166126 2.562878 0.3387415 0.1243354 2.276332 -0.04950163 0.1422948 2.739781 -0.1234496 -0.00804187 2.374107 -0.07072622 -0.3461845 2.378337 0.1474628 0.08075726 2.746562 0.09700347 -0.3628233 2.719762 0.1033472 -0.7917926 2.678838 
0.2422748 0.7345046 2.855384 0.1778229 0.5279298 2.81536 0.1111809 0.3179303 2.776776 0.01818706 0.5794569 2.810638 -0.1995093 0.3349476 2.788103 -0.3306082 0.2261225 2.536809 0.3374587 0.4764028 2.820082 0.3607469 0.2097967 2.558466 0.3182117 0.12139 2.263501 -0.05367601 0.1396324 2.735286 -0.1345259 0.1112849 2.342554 0.0028358 -0.2307864 2.299669 0.142754 0.07622899 2.741096 0.1091966 -0.3676343 2.701415 0.1044323 -0.7858706 2.674374 
0.2435478 0.719426 2.849234 0.1764017 0.5120941 2.814263 0.1074714 0.3023546 2.778216 0.0171516 0.5649435 2.811282 -0.2177435 0.3349606 2.795568 -0.3400285 0.2241178 2.550198 0.3356518 0.4592447 2.817244 0.3543896 0.2034004 2.567729 0.308412 0.1051469 2.267206 -0.05944552 0.1251334 2.740335 -0.1439284 0.1809782 2.351054 0.08825247 -0.1510574 2.259112 0.1365278 0.06009691 2.744003 0.1216015 -0.382536 2.68723 0.1038444 -0.7978093 2.684832 
0.2440485 0.7037539 2.845654 0.1712939 0.4984086 2.813963 0.09782702 0.289778 2.780718 0.01312723 0.5544062 2.812074 -0.2137407 0.3220277 2.792351 -0.3497913 0.2171519 2.554117 0.3294605 0.4424109 2.815853 0.3487872 0.2160845 2.586559 0.2982516 0.1003553 2.29239 -0.07297391 0.1156079 2.74631 -0.1591261 0.2347149 2.349978 0.1319644 -0.06980298 2.224507 0.1216943 0.04668709 2.748636 0.1206749 -0.3932887 2.673101 0.0941928 -0.7917393 2.684583 
0.2425066 0.6873996 2.845402 0.1673269 0.483541 2.815158 0.09264005 0.2754429 2.780993 0.009404892 0.5403115 2.814598 -0.2219339 0.2995995 2.786336 -0.3616791 0.1945397 2.551048 0.3252488 0.4267704 2.815719 0.3430235 0.2186289 2.607924 0.3084346 0.0814233 2.321117 -0.07920767 0.1022726 2.746483 -0.1530537 0.2577906 2.349682 0.1829915 -0.02096835 2.203946 0.1151142 0.0324169 2.747173 0.1333882 -0.4039335 2.655452 0.1004391 -0.7919334 2.680992 
0.2412872 0.6762154 2.845244 0.1658177 0.4726149 2.815629 0.09132284 0.264164 2.783081 0.00776065 0.5290531 2.815931 -0.2233231 0.287531 2.782233 -0.3693336 0.1748662 2.555066 0.3238747 0.4161766 2.815326 0.3455161 0.2073206 2.659945 0.3058952 0.09127566 2.373542 -0.08041899 0.09043768 2.750719 -0.1476054 0.2647285 2.351984 0.1974172 -0.01515094 2.192616 0.114075 0.02098871 2.750346 0.1398497 -0.4139615 2.651493 0.1054492 -0.7907549 2.68689 
0.2426206 0.6772172 2.844683 0.1677248 0.4707636 2.814976 0.09448821 0.2619462 2.781837 0.009344276 0.5263093 2.814986 -0.2173151 0.2871105 2.785466 -0.367606 0.1663747 2.565639 0.3261054 0.4152179 2.814965 0.3537452 0.1961776 2.704984 0.3067339 0.1140103 2.416782 -0.07619875 0.08730562 2.748704 -0.1399778 0.2596446 2.337874 0.2060335 -0.04329517 2.19269 0.118702 0.01895192 2.74869 0.1435093 -0.4174687 2.654573 0.1123667 -0.7821968 2.681711 
