0.556755 0.7196687 2.710719 0.5326845 0.5113258 2.663159 0.5073836 0.2937551 2.626256 0.3716288 0.5337577 2.641327 0.1984972 0.3418137 2.686564 0.1556018 0.3500396 2.40407 0.6937402 0.488894 2.684991 0.7811872 0.187424 2.572797 0.711243 0.1628636 2.271608 0.3816081 0.09017844 2.575733 0.250106 -0.3160106 2.671666 0.05967718 -0.7825602 2.701416 0.5825573 0.06219022 2.602973 0.5283232 -0.3743226 2.542985 0.5378733 -0.7928256 2.558696 
0.5628702 0.7212607 2.706836 0.5352318 0.5120023 2.663504 0.5069697 0.2943346 2.629503 0.3742864 0.5362647 2.641961 0.1957447 0.3409027 2.675796 0.1584245 0.3585712 2.395382 0.6961772 0.4877399 2.685047 0.7840952 0.1872154 2.578387 0.7146082 0.1633753 2.27575 0.3783373 0.09179761 2.582068 0.2439506 -0.321557 2.651097 0.0476306 -0.7822954 2.702553 0.5790778 0.06153619 2.608938 0.5253816 -0.3759426 2.554472 0.5340085 -0.7898889 2.569594 
0.5727563 0.7227045 2.725427 0.5430199 0.5154755 2.674834 0.5117234 0.299369 2.634287 0.3820595 0.5423198 2.655999 0.19893 0.3417341 2.671185 0.1646283 0.3744715 2.396256 0.7039803 0.4886312 2.69367 0.7955107 0.1902957 2.585121 0.7190266 0.1723454 2.282478 0.3799982 0.1000116 2.581988 0.248118 -0.320194 2.570844 0.06566896 -0.7494692 2.648242 0.5808555 0.06651347 2.605492 0.5364997 -0.3727301 2.556754 0.5405975 -0.7862597 2.561664 
0.5757567 0.724002 2.721699 0.5462518 0.5149691 2.675982 0.5142056 0.2983169 2.639025 0.38473 0.5411981 2.66228 0.2055152 0.3513146 2.694097 0.1623774 0.3781587 2.415738 0.7077736 0.48874 2.689685 0.7963188 0.19868 2.581578 0.7190019 0.1831515 2.280081 0.3813248 0.09803896 2.593514 0.2482849 -0.3150257 2.527379 0.09496744 -0.7160852 2.605415 0.5829937 0.06529054 2.610622 0.538129 -0.3752874 2.58101 0.5403161 -0.7902541 2.568087 
0.5839432 0.7320446 2.730845 0.5533535 0.5209194 2.682797 0.5200903 0.3049573 2.642913 0.3915486 0.5474182 2.674257 0.2042171 0.3661934 2.715065 0.1597729 0.3839797 2.43273 0.7151584 0.4944207 2.691336 0.7941085 0.2023102 2.578312 0.7135908 0.1867762 2.279142 0.3858336 0.1055349 2.597699 0.2594119 -0.2904924 2.465298 0.1537231 -0.6340692 2.513612 0.5878204 0.07245557 2.60836 0.5450178 -0.3689628 2.586436 0.545908 -0.7868214 2.555214 
0.5893736 0.735418 2.734942 0.5566201 0.5252057 2.688389 0.5210449 0.3094592 2.649245 0.3947581 0.5522411 2.686485 0.2091201 0.3760741 2.739075 0.1556727 0.3881737 2.456097 0.718482 0.4981704 2.690293 0.7880704 0.2016573 2.578203 0.7038516 0.1812811 2.279557 0.3844164 0.1105913 2.608912 0.2569232 -0.2196855 2.376164 0.2202392 -0.5242088 2.426404 0.5865232 0.07683402 2.61129 0.534143 -0.3638355 2.604971 0.5372855 -0.7876385 2.56315 
0.593356 0.7339789 2.736952 0.5591075 0.5251352 2.692493 0.5231251 0.3093686 2.653713 0.3971655 0.5514324 2.696438 0.2070656 0.3830304 2.75154 0.1417643 0.3891734 2.471516 0.7210494 0.4988378 2.688549 0.7820427 0.2053307 2.563612 0.6954643 0.1735171 2.264127 0.3860779 0.1100139 2.617394 0.2677834 -0.06444043 2.309912 0.2929415 -0.3852021 2.331532 0.5882074 0.07719055 2.612471 0.5296198 -0.3629408 2.6074 0.540996 -0.7916394 2.561748 
0.598816 0.7219075 2.723752 0.5599458 0.5132616 2.68859 0.5180718 0.2978052 2.654494 0.3989113 0.5425398 2.701347 0.2042978 0.3824634 2.771937 0.1309305 0.3882815 2.495893 0.7209802 0.4839833 2.675833 0.7598028 0.1888473 2.541949 0.6737869 0.1583272 2.238239 0.3757342 0.1006144 2.628356 0.2675641 0.1421371 2.255641 0.3783536 -0.2248034 2.210796 0.5766615 0.06408314 2.612439 0.5300552 -0.3774069 2.603069 0.5331044 -0.7992404 2.556332 
0.6023634 0.7078076 2.722899 0.5560312 0.5012857 2.68808 0.5064012 0.2876741 2.653534 0.3963535 0.5358452 2.703784 0.1991424 0.3757297 2.786003 0.1231802 0.3751191 2.513155 0.7157089 0.4667261 2.672377 0.7473967 0.1719104 2.52754 0.660705 0.1434803 2.221226 0.3570962 0.09563548 2.628791 0.2582474 0.2225279 2.258811 0.4446422 -0.1529424 2.166889 0.5564462 0.05248961 2.609186 0.5278986 -0.390327 2.599979 0.5202516 -0.8034269 2.554018 
0.6091522 0.6906375 2.720912 0.5588459 0.4874025 2.684829 0.5076875 0.2749561 2.645492 0.3992113 0.5232478 2.698847 0.1965924 0.3638406 2.789476 0.1131274 0.3693564 2.521993 0.7184805 0.4515571 2.670811 0.7451368 0.189632 2.541929 0.64419 0.1351381 2.245261 0.3569565 0.08486841 2.614899 0.2717659 0.2705061 2.263741 0.5314633 -0.07372907 2.13278 0.5561017 0.04015112 2.597411 0.5517231 -0.4021904 2.571491 0.5409374 -0.8047595 2.545817 
0.6134299 0.6784092 2.719929 0.563201 0.4744537 2.682162 0.5120298 0.2625906 2.639556 0.4035629 0.5098984 2.69764 0.1942838 0.3574346 2.78874 0.106752 0.3681113 2.528706 0.722839 0.439009 2.666685 0.7467406 0.171375 2.55616 0.6445491 0.1421591 2.285756 0.3612633 0.07284073 2.606606 0.2727919 0.2915882 2.283022 0.5856406 -0.02802936 2.138541 0.560454 0.02861411 2.587294 0.559743 -0.4139128 2.555279 0.5449075 -0.8022166 2.550204 
0.6222863 0.669229 2.720729 0.5613454 0.4637023 2.682848 0.500039 0.254409 2.640975 0.4038967 0.5057623 2.703142 0.187818 0.3548527 2.799717 0.1192886 0.3704206 2.533957 0.7187941 0.4216423 2.662555 0.7454661 0.1600417 2.542453 0.6383678 0.1160416 2.246641 0.3404952 0.0713584 2.611764 0.2522722 0.3078893 2.296488 0.5834844 -0.004265106 2.135118 0.53697 0.01887324 2.586441 0.5504927 -0.4244766 2.572949 0.5337783 -0.7974439 2.560409 
