0.5524318 0.7025489 2.699883 0.5299951 0.4910561 2.663474 0.5068939 0.2718034 2.635995 0.3688548 0.5110403 2.639491 0.2110384 0.3019331 2.642008 0.1902662 0.3301747 2.362041 0.6911353 0.471072 2.687458 0.7881154 0.1637301 2.631486 0.7867748 0.103585 2.317179 0.3833106 0.06501227 2.59356 0.2516001 -0.3327263 2.716795 0.07641616 -0.7949823 2.785768 0.5842748 0.04008923 2.623471 0.5353408 -0.3930367 2.539191 0.5332298 -0.7958484 2.565438 
0.559522 0.7122776 2.708916 0.5363561 0.4985124 2.668705 0.5114068 0.280042 2.637235 0.3752845 0.5202821 2.645273 0.2185173 0.2939701 2.64449 0.1842914 0.3374623 2.366072 0.6974277 0.4767428 2.692137 0.7885506 0.1638623 2.631258 0.7912024 0.1084389 2.319287 0.3859878 0.07515056 2.591148 0.2490928 -0.3323182 2.681109 0.079651 -0.7752239 2.773414 0.5869274 0.04799254 2.62038 0.5481942 -0.3881491 2.547491 0.5411538 -0.7831241 2.559765 
0.5647954 0.7225233 2.713448 0.5403283 0.5087448 2.671769 0.5134989 0.2908208 2.638099 0.3790505 0.5318128 2.650976 0.2247436 0.3114959 2.658252 0.1837436 0.3442118 2.376947 0.701606 0.4856767 2.692563 0.7972558 0.1699205 2.62515 0.7952478 0.1243691 2.31659 0.3860371 0.08729067 2.591454 0.2406732 -0.3248225 2.631341 0.09105144 -0.7480412 2.73371 0.5873021 0.05850307 2.617404 0.5483588 -0.3803307 2.565331 0.538619 -0.7795038 2.561959 
0.5738837 0.7349989 2.717828 0.5480285 0.5222585 2.677919 0.5208074 0.3042358 2.645014 0.3858244 0.5444751 2.664901 0.2279412 0.3321189 2.687562 0.1725978 0.3505634 2.409915 0.7102326 0.5000419 2.690937 0.8078201 0.1872326 2.618295 0.7940542 0.1418089 2.318219 0.3923887 0.1000739 2.603987 0.2384215 -0.3056149 2.540484 0.1394728 -0.6847959 2.648678 0.5947839 0.07235245 2.62023 0.5561694 -0.3693338 2.610814 0.5441613 -0.7898546 2.565321 
0.577924 0.7451578 2.728393 0.5525081 0.5306128 2.685143 0.5250868 0.3130985 2.649266 0.3899946 0.552546 2.676378 0.2299354 0.3430923 2.711286 0.1644126 0.3648022 2.432295 0.7150216 0.5086796 2.693908 0.8118676 0.196592 2.60865 0.7840235 0.1553894 2.314191 0.3962381 0.109273 2.607919 0.2439084 -0.2836128 2.489156 0.1856201 -0.6123259 2.570098 0.5990929 0.08189522 2.61886 0.5556283 -0.359759 2.618913 0.5466913 -0.7863291 2.557616 
0.5770497 0.7477213 2.721308 0.5508676 0.5344371 2.688105 0.523787 0.3158832 2.659036 0.3879177 0.5545375 2.688784 0.2287978 0.3519638 2.744558 0.1457025 0.3713926 2.468157 0.7138175 0.5143366 2.687425 0.807044 0.1999401 2.593174 0.7593114 0.1589741 2.305153 0.3950078 0.1098741 2.630392 0.2445433 -0.2023203 2.3817 0.2558412 -0.4808628 2.456436 0.5984051 0.08478446 2.629543 0.5395611 -0.3551081 2.642141 0.5386459 -0.7928632 2.559864 
0.5790104 0.7493794 2.72114 0.5506935 0.5352817 2.691363 0.5222071 0.3166605 2.664126 0.3878112 0.5561724 2.694035 0.2229071 0.3494706 2.75879 0.1302208 0.3668365 2.485002 0.7135758 0.514391 2.688691 0.7940329 0.1914763 2.569094 0.7406966 0.151332 2.283469 0.3921041 0.1110723 2.638557 0.2427183 -0.05311444 2.32431 0.2988673 -0.3633857 2.385678 0.5953373 0.08500633 2.635223 0.5337158 -0.3547573 2.644224 0.5395591 -0.7971039 2.560935 
0.5832127 0.7441768 2.729578 0.5492768 0.5320883 2.69617 0.5158198 0.314688 2.665573 0.3869388 0.5563287 2.701447 0.2154316 0.3447534 2.765899 0.1098021 0.358508 2.499822 0.7116148 0.5078478 2.690894 0.7749914 0.1897171 2.554607 0.7180937 0.1375043 2.269475 0.3810441 0.1124167 2.638269 0.2427765 0.09318053 2.281777 0.332851 -0.2319551 2.312461 0.5836816 0.08215869 2.631683 0.5214801 -0.3574824 2.627004 0.5306128 -0.8009979 2.551079 
0.5820321 0.7315751 2.723779 0.5446011 0.5185224 2.693161 0.5071549 0.3017177 2.662858 0.3827333 0.5455705 2.699668 0.2052141 0.3423737 2.77746 0.09914344 0.3521661 2.513526 0.7064689 0.4914745 2.686654 0.758995 0.1738592 2.537813 0.6931039 0.1111301 2.252894 0.3687045 0.1017907 2.636616 0.2420773 0.1908093 2.28283 0.4006146 -0.1527585 2.257672 0.570713 0.06803524 2.628496 0.5206003 -0.3723595 2.607464 0.528714 -0.8092129 2.553106 
0.5834534 0.7074913 2.720926 0.5411494 0.4950024 2.69083 0.4983111 0.2794417 2.658634 0.3800796 0.5254251 2.701453 0.1977922 0.3338509 2.798629 0.0846298 0.3360046 2.534303 0.7022193 0.4645798 2.680206 0.7322165 0.1979687 2.568699 0.668228 0.1294021 2.29371 0.3549541 0.08286662 2.633068 0.2410541 0.299462 2.301595 0.5084385 -0.03992999 2.186305 0.5559914 0.04489506 2.619808 0.5257 -0.3957197 2.575686 0.534742 -0.8069246 2.551958 
0.5851851 0.6964042 2.71946 0.5396222 0.4840495 2.690245 0.4939319 0.2690691 2.658021 0.3790942 0.5161549 2.703667 0.1898944 0.3229235 2.811835 0.08137148 0.3240281 2.544013 0.7001503 0.4519441 2.676823 0.7220022 0.1782966 2.581667 0.668251 0.1181557 2.302546 0.3480589 0.07412509 2.634175 0.24117 0.3188196 2.319509 0.5368623 -0.002376312 2.178364 0.5484244 0.0340522 2.617421 0.5342073 -0.4072919 2.572873 0.5351552 -0.8057327 2.556129 
0.5824149 0.6873406 2.719226 0.5360788 0.4750973 2.691331 0.4889439 0.260277 2.660013 0.3761199 0.507556 2.70943 0.1759572 0.3069482 2.827437 0.08012729 0.3093604 2.561591 0.6960376 0.4426385 2.673233 0.7179757 0.1477171 2.58221 0.6876119 0.1230369 2.402637 0.3419622 0.06571765 2.639991 0.2344346 0.3153771 2.328994 0.5342808 -0.005720886 2.166422 0.541656 0.02519592 2.617397 0.5394474 -0.4162869 2.57099 0.534597 -0.8037995 2.559712 
0.5806314 0.6902372 2.720107 0.5326465 0.4766765 2.69471 0.4840964 0.2618118 2.665998 0.3734224 0.5095938 2.717611 0.1675097 0.3014372 2.83924 0.08103008 0.3015774 2.571955 0.6918706 0.4437591 2.671808 0.7565296 0.1658741 2.688123 0.7107604 0.1450051 2.45841 0.3361666 0.06749257 2.65158 0.222936 0.3021719 2.332659 0.525859 -0.02937714 2.171373 0.5349262 0.02640179 2.622992 0.5381783 -0.4160203 2.585559 0.5319631 -0.7932594 2.562941 
