0.2184033 0.7494197 2.797587 0.1716422 0.5384846 2.76803 0.1230195 0.3217981 2.740726 0.009120663 0.5769614 2.752093 -0.1679976 0.2990285 2.705413 -0.2660132 0.1693982 2.426709 0.3341638 0.5000077 2.783968 0.3929079 0.2247354 2.736383 0.3540204 0.1476073 2.468762 -0.02557856 0.1287809 2.703617 -0.1689256 -0.2902507 2.74039 -0.3615443 -0.7534907 2.786217 0.174372 0.08144265 2.723225 0.1184085 -0.3613718 2.692008 0.1213377 -0.7865502 2.670761 
0.22079 0.7554711 2.789895 0.1720449 0.5424052 2.767688 0.1211855 0.325697 2.74559 0.009235714 0.5814722 2.759282 -0.1744072 0.3073949 2.715758 -0.2859508 0.1651265 2.448926 0.3348542 0.5033383 2.776093 0.3950884 0.2309247 2.734731 0.3555027 0.1495384 2.466648 -0.02993174 0.1330462 2.718317 -0.1843665 -0.2804425 2.696428 -0.3426745 -0.7155815 2.752577 0.1705839 0.08493138 2.728669 0.1092666 -0.3577493 2.711245 0.1095266 -0.782831 2.675437 
0.2193725 0.7591007 2.78496 0.1724772 0.5451399 2.769081 0.1230546 0.3276452 2.752374 0.009104756 0.5823001 2.768612 -0.1800965 0.3125803 2.734311 -0.309862 0.1698731 2.476744 0.3358498 0.5079796 2.769551 0.3941917 0.2405298 2.719852 0.3506726 0.151435 2.456695 -0.02695144 0.1330289 2.735379 -0.1710921 -0.2668989 2.633451 -0.2703985 -0.6409417 2.691954 0.1742154 0.08727206 2.735957 0.1118812 -0.355392 2.717813 0.1162809 -0.7852557 2.67474 
0.2147975 0.7607636 2.784537 0.167698 0.5458227 2.771593 0.1180668 0.328131 2.757836 0.004287499 0.582761 2.776617 -0.1850093 0.3117438 2.753653 -0.329283 0.1630183 2.50955 0.3311085 0.5088844 2.766568 0.3781514 0.245289 2.692932 0.3309537 0.1476053 2.434907 -0.03207636 0.1331597 2.747169 -0.1682538 -0.1968302 2.525736 -0.1904722 -0.5258597 2.607262 0.1689473 0.08771905 2.740989 0.09580822 -0.353293 2.724466 0.1059599 -0.7882733 2.673813 
0.2055345 0.7565381 2.781717 0.1582018 0.5407086 2.773547 0.1078001 0.3229011 2.764715 -0.005069294 0.5781046 2.783059 -0.1912352 0.3094143 2.786915 -0.3557143 0.1557054 2.560735 0.3214728 0.5033126 2.764035 0.3430622 0.224584 2.595478 0.2813306 0.1079909 2.338141 -0.04302655 0.1280951 2.761733 -0.1731019 0.02320762 2.404596 -0.07090653 -0.3272997 2.487478 0.1578235 0.08209195 2.750032 0.07765676 -0.3578971 2.735943 0.1082371 -0.7941288 2.676744 
0.1981823 0.7654549 2.812817 0.1495101 0.5493408 2.786833 0.09835711 0.3333289 2.763207 -0.01301573 0.5857276 2.806037 -0.1900836 0.3196778 2.81979 -0.3648782 0.1702145 2.610472 0.3120359 0.5129541 2.767628 0.3188758 0.2007185 2.55266 0.2509136 0.07152228 2.287052 -0.05236146 0.139608 2.751346 -0.164609 0.1679508 2.361615 -0.002310211 -0.156676 2.373585 0.1467697 0.09502594 2.727817 0.06965352 -0.3471859 2.714216 0.105296 -0.7819012 2.651619 
0.1838155 0.7546742 2.806518 0.1486101 0.543797 2.79017 0.08838301 0.3303266 2.764319 -0.01198218 0.5864544 2.812062 -0.2008798 0.3191248 2.827217 -0.3684932 0.1645692 2.617499 0.3092024 0.5011395 2.768279 0.3159132 0.204348 2.557434 0.236773 0.06468164 2.291584 -0.07046501 0.1430526 2.751911 -0.168214 0.2187385 2.383342 0.03743546 -0.1030749 2.339327 0.1267768 0.09066007 2.725024 0.05866837 -0.3520022 2.728995 0.09333479 -0.79785 2.671644 
0.1788053 0.7384325 2.803293 0.1381094 0.524918 2.79136 0.08351082 0.3090513 2.775339 -0.02327152 0.5640029 2.814706 -0.2090339 0.307718 2.836346 -0.3763914 0.1515637 2.628329 0.2994903 0.485833 2.768014 0.3156171 0.2194088 2.577892 0.2420203 0.06074381 2.317189 -0.06953104 0.1170266 2.773559 -0.1489845 0.2381082 2.402856 0.1088402 -0.08529846 2.309349 0.1273555 0.06934252 2.745076 0.08771088 -0.3716865 2.730622 0.1135977 -0.8108627 2.684178 
0.1781895 0.7278297 2.802205 0.1324552 0.5128403 2.792943 0.07867302 0.2962393 2.781912 -0.02899869 0.5517175 2.816739 -0.2090145 0.2953091 2.845588 -0.3806993 0.1461674 2.636468 0.293909 0.473963 2.769146 0.3113065 0.2232404 2.582711 0.240575 0.04905017 2.328964 -0.07402202 0.1034559 2.785459 -0.1517603 0.2718098 2.393364 0.1441521 -0.05239356 2.275611 0.1238037 0.05582057 2.756302 0.09077477 -0.3850427 2.712353 0.1091538 -0.8045807 2.681476 
0.1765824 0.7150453 2.801155 0.1290433 0.5001357 2.794992 0.07615246 0.2830416 2.786813 -0.0324144 0.5385374 2.819793 -0.2088776 0.2788997 2.846128 -0.380436 0.1264874 2.639405 0.2905011 0.4617339 2.770192 0.3069855 0.2186597 2.585481 0.235805 0.04429935 2.33024 -0.07587076 0.08952554 2.79386 -0.1524876 0.2707583 2.390628 0.1659686 -0.04134344 2.257751 0.1223939 0.04236954 2.763405 0.1016589 -0.398384 2.702483 0.1119328 -0.8034753 2.67573 
0.1748977 0.708904 2.800119 0.1268412 0.4934777 2.796082 0.07507455 0.2759312 2.789127 -0.03463241 0.5310663 2.822209 -0.2000012 0.2618788 2.848259 -0.3760821 0.1165444 2.640427 0.2883148 0.4558892 2.769955 0.3121429 0.195478 2.570897 0.2416054 0.04364215 2.297931 -0.07599562 0.08150105 2.79824 -0.1544203 0.2598042 2.379884 0.1636938 -0.06747122 2.235914 0.1226114 0.0352684 2.766105 0.1084453 -0.4056427 2.694212 0.1112757 -0.7893664 2.668164 
