0.2117579 0.7432491 2.798176 0.1598755 0.5285944 2.770175 0.106261 0.3132218 2.741941 -0.002297188 0.5699245 2.762859 -0.1751281 0.2987409 2.72888 -0.2933162 0.1599465 2.466677 0.3220481 0.4872643 2.777492 0.3780685 0.1819901 2.560701 0.3675218 0.07816783 2.255339 -0.04723176 0.1233033 2.709201 -0.1596712 -0.3032041 2.712577 -0.31856 -0.7558082 2.804987 0.1525248 0.07239483 2.718213 0.1263157 -0.3716891 2.67071 0.1188903 -0.7898583 2.674469 
0.2105564 0.7422881 2.800176 0.1609262 0.5274806 2.770733 0.1095925 0.3116867 2.741438 -0.001427177 0.5676416 2.75939 -0.1800566 0.2948549 2.716473 -0.2886288 0.1562472 2.450047 0.3232796 0.4873196 2.782076 0.3805468 0.186499 2.566372 0.376638 0.07513446 2.258453 -0.04157161 0.1205876 2.705168 -0.1716943 -0.3036244 2.696301 -0.3314388 -0.7499031 2.789789 0.1580893 0.071198 2.719118 0.1314605 -0.3732083 2.674209 0.1178673 -0.7898475 2.675926 
0.2139536 0.749805 2.811646 0.1647251 0.5356622 2.777087 0.1138688 0.3203555 2.743795 0.001873634 0.5750461 2.771152 -0.175081 0.2969905 2.720738 -0.2891368 0.1570058 2.455498 0.3275766 0.4962784 2.783022 0.3856973 0.1897167 2.565676 0.3823993 0.07517863 2.263592 -0.03718092 0.1292795 2.706852 -0.1775263 -0.2904925 2.666591 -0.3285566 -0.7084305 2.747579 0.163206 0.0808181 2.714155 0.1332616 -0.3642356 2.679971 0.1156458 -0.7756649 2.670012 
0.2151248 0.7589845 2.81687 0.1673451 0.5438187 2.781989 0.1177163 0.3283644 2.747669 0.004022667 0.5818489 2.779416 -0.1735498 0.3010072 2.721361 -0.292112 0.1574309 2.463895 0.3306676 0.5057884 2.784561 0.3888357 0.197855 2.577822 0.385179 0.08014026 2.278603 -0.03237159 0.1363025 2.711766 -0.178445 -0.2656322 2.605422 -0.302115 -0.6625183 2.678367 0.1685466 0.08951787 2.714931 0.126981 -0.3551946 2.699507 0.1186847 -0.782993 2.670265 
0.2119186 0.7651452 2.82104 0.1668335 0.549642 2.788095 0.1190668 0.3336451 2.754416 0.002995041 0.5858927 2.787975 -0.1763912 0.3027463 2.741585 -0.2989184 0.1608613 2.481129 0.3306719 0.5133913 2.788215 0.3959582 0.2162228 2.577692 0.379711 0.09757583 2.278259 -0.02949937 0.1399511 2.720665 -0.1714887 -0.2230837 2.514651 -0.2413799 -0.5736474 2.546275 0.1720998 0.09534552 2.720812 0.1260574 -0.3491918 2.701549 0.1130394 -0.7844601 2.6673 
0.2140125 0.7627828 2.822573 0.1676997 0.5483646 2.791311 0.1185969 0.3325693 2.758256 0.004037777 0.5854897 2.792062 -0.1746868 0.3058744 2.763798 -0.3050474 0.161136 2.504001 0.3313616 0.5112395 2.790559 0.3894861 0.2151065 2.57684 0.3705115 0.1072784 2.277653 -0.0311976 0.1396149 2.725664 -0.1514158 -0.1870828 2.459635 -0.1755477 -0.4982877 2.463322 0.170186 0.09393303 2.72474 0.1206867 -0.350204 2.702868 0.1127482 -0.7969961 2.667373 
0.2109816 0.7524826 2.822468 0.1652523 0.5383188 2.794042 0.1170411 0.3219908 2.76321 0.001485641 0.5750296 2.792544 -0.1711776 0.3119746 2.785436 -0.3068132 0.1597592 2.531327 0.329019 0.5016078 2.79554 0.3848637 0.2092753 2.565212 0.3643495 0.1103049 2.259378 -0.03193501 0.1282508 2.731456 -0.1572602 0.01703241 2.349746 -0.0610432 -0.3495188 2.339418 0.1695946 0.08307476 2.7333 0.1190621 -0.3604644 2.702581 0.1112773 -0.7889287 2.671058 
0.2067083 0.7443413 2.823287 0.1605783 0.5302466 2.794543 0.1123564 0.3139433 2.763526 -0.003231377 0.566806 2.794262 -0.1840895 0.3129866 2.782227 -0.3207102 0.1478353 2.533776 0.324388 0.4936873 2.794823 0.3754313 0.2056381 2.565599 0.3456844 0.108443 2.256135 -0.03665916 0.1201352 2.732337 -0.1563061 0.09991641 2.331837 -0.009697586 -0.2418592 2.286173 0.164928 0.07514459 2.732682 0.1140444 -0.3680357 2.697383 0.1100431 -0.8002573 2.666322 
0.2027887 0.7371608 2.833688 0.1553506 0.5245658 2.798723 0.1066544 0.3092641 2.762392 -0.008398358 0.5613478 2.800229 -0.1963025 0.3018292 2.789692 -0.3322067 0.1387688 2.543575 0.3190995 0.4877837 2.797217 0.3566839 0.194803 2.567307 0.3307618 0.09400627 2.259765 -0.04280188 0.1165957 2.726987 -0.1479335 0.1774763 2.323132 0.07037071 -0.1484115 2.2413 0.1587184 0.07132919 2.725134 0.1188689 -0.3719243 2.680387 0.1071463 -0.7914786 2.658916 
0.200102 0.7298012 2.849951 0.1507451 0.5196254 2.805988 0.100944 0.3061289 2.761978 -0.01274371 0.5575761 2.806887 -0.2117399 0.282518 2.779247 -0.3386108 0.1188613 2.530937 0.3142339 0.4816746 2.805089 0.3458274 0.2231651 2.597627 0.3114952 0.09997427 2.30191 -0.04945329 0.1159839 2.718521 -0.1430201 0.2359049 2.328767 0.148632 -0.063039 2.219351 0.1517393 0.06928094 2.717415 0.1262254 -0.3743265 2.667297 0.1062259 -0.7863984 2.662507 
0.1997451 0.7218 2.858022 0.1530305 0.5107902 2.809477 0.1074942 0.2976907 2.759495 -0.01100693 0.5461459 2.808184 -0.2081365 0.2701916 2.784966 -0.3428158 0.1104138 2.539352 0.317068 0.4754345 2.81077 0.3381029 0.2332885 2.617063 0.299004 0.09241244 2.330865 -0.0389946 0.1063499 2.708718 -0.1147432 0.2556216 2.335804 0.2125829 -0.02335031 2.213596 0.1629105 0.06283246 2.710309 0.1537095 -0.3804983 2.653792 0.1227539 -0.7876132 2.665524 
0.1988199 0.7061765 2.841097 0.1534235 0.4968418 2.806198 0.1095049 0.2811324 2.768716 -0.01065131 0.5312948 2.800171 -0.2099788 0.2621277 2.789326 -0.344556 0.1028168 2.543736 0.3174984 0.4623887 2.812225 0.3378936 0.2371008 2.627831 0.290702 0.08813466 2.346988 -0.03548555 0.08664647 2.727521 -0.1169353 0.2595896 2.366958 0.2267277 -0.02939645 2.234854 0.166658 0.04419963 2.734946 0.1536758 -0.3955985 2.669896 0.1174968 -0.8003194 2.690189 
