0.561112 0.6927107 2.677254 0.5393157 0.4877414 2.634655 0.5151952 0.2691587 2.60331 0.3826755 0.5111143 2.592204 0.2011883 0.3291999 2.581442 0.1901061 0.3407262 2.296632 0.6959558 0.4643685 2.677107 0.7679628 0.1655357 2.545606 0.7400458 0.1524561 2.256536 0.3934883 0.06513721 2.545516 0.2460526 -0.3362065 2.648986 0.0518515 -0.7960572 2.731169 0.5886611 0.03601471 2.598411 0.5412477 -0.3978302 2.517796 0.5384084 -0.7980384 2.570168 
0.5712033 0.6959951 2.688104 0.5460522 0.4881254 2.641385 0.5201445 0.2704149 2.605856 0.389457 0.5136178 2.599363 0.1980969 0.3226004 2.580705 0.1932235 0.3500434 2.301118 0.7026473 0.462633 2.683406 0.7759745 0.1702656 2.550321 0.7425 0.1631383 2.261942 0.3966081 0.06859747 2.54413 0.2352436 -0.3358182 2.608916 0.03837172 -0.7735394 2.706087 0.5918656 0.03681117 2.596526 0.5489016 -0.3988925 2.522637 0.5393673 -0.7816077 2.565936 
0.5805398 0.7029416 2.694092 0.5514931 0.4950767 2.647713 0.5216352 0.2779356 2.6118 0.3939087 0.5227818 2.611214 0.21704 0.3157822 2.591416 0.2001265 0.364512 2.312853 0.7090775 0.4673716 2.684212 0.7809818 0.1756319 2.550224 0.7536283 0.1682854 2.263352 0.3934256 0.07808586 2.553107 0.2150794 -0.3231784 2.571284 0.04496149 -0.7360128 2.661705 0.5901292 0.0435031 2.598666 0.5487196 -0.3953146 2.549856 0.5358311 -0.7770067 2.570057 
0.5898416 0.7134466 2.707577 0.5583476 0.5048662 2.657197 0.5259816 0.2886723 2.617935 0.3996122 0.5339839 2.627718 0.2234592 0.3429344 2.616251 0.194967 0.3827968 2.33557 0.717083 0.4757486 2.686677 0.7969102 0.1952725 2.545178 0.7552006 0.1880043 2.259503 0.3945203 0.09065593 2.560269 0.2207521 -0.3079945 2.51462 0.08561522 -0.6716669 2.578948 0.592711 0.05430077 2.597076 0.5466466 -0.3857385 2.566123 0.5394309 -0.7740463 2.56482 
0.5979131 0.7252365 2.724804 0.5648943 0.5169572 2.668283 0.5307591 0.301957 2.624358 0.4052271 0.5469507 2.645555 0.2256484 0.3550389 2.632654 0.1866827 0.3998328 2.352788 0.7245616 0.4869638 2.691011 0.7933465 0.206077 2.537639 0.7543182 0.2070908 2.253375 0.396974 0.1056759 2.566249 0.2224164 -0.2464254 2.408012 0.1417611 -0.5805659 2.478806 0.5962736 0.06823754 2.594619 0.537348 -0.3709686 2.584862 0.5400817 -0.7710176 2.562205 
0.608649 0.7368245 2.741921 0.5729563 0.5308616 2.680097 0.5360141 0.3175342 2.630812 0.4129424 0.5626457 2.66246 0.2217596 0.3670788 2.656347 0.1854476 0.4132466 2.374593 0.7329701 0.4990774 2.697733 0.7890812 0.214986 2.527385 0.7446415 0.2177278 2.245426 0.3992429 0.1240363 2.570525 0.2423635 -0.1013293 2.325748 0.2040359 -0.4543995 2.377645 0.5989013 0.08437746 2.592531 0.5289917 -0.3533599 2.599708 0.5419636 -0.7743827 2.557709 
0.6182299 0.7372206 2.750989 0.5745969 0.5344969 2.689167 0.5304096 0.3226176 2.639831 0.4152457 0.5710253 2.675012 0.213375 0.3775222 2.678231 0.172798 0.419073 2.394695 0.7339481 0.4979684 2.703321 0.782038 0.2179924 2.511739 0.7333499 0.217496 2.230643 0.3867804 0.1335335 2.581662 0.250205 0.04067719 2.28982 0.2510412 -0.318858 2.292268 0.585664 0.08794297 2.599328 0.5076427 -0.3486666 2.612814 0.5279674 -0.7897276 2.566663 
0.6220959 0.7157565 2.746026 0.5712842 0.5178781 2.687717 0.5159243 0.3087782 2.638705 0.4137467 0.5621037 2.676978 0.2101783 0.3887382 2.694189 0.165606 0.4205731 2.412165 0.7288216 0.4736523 2.698456 0.7705181 0.2120002 2.485905 0.711612 0.1998678 2.205927 0.3628921 0.127098 2.583034 0.256437 0.1451605 2.268164 0.3018551 -0.2111071 2.207888 0.5582366 0.07225864 2.596351 0.4983434 -0.3644029 2.582335 0.5150451 -0.8056952 2.554483 
0.6263141 0.6898661 2.743066 0.5685967 0.4939132 2.684943 0.5058413 0.2877647 2.632361 0.4122536 0.543074 2.678799 0.2035536 0.3903907 2.712129 0.1542603 0.4129192 2.428636 0.7249399 0.4447525 2.691087 0.7417026 0.1809675 2.468569 0.6764441 0.1645249 2.188868 0.3458613 0.1121876 2.575958 0.2737735 0.2202091 2.270321 0.3959826 -0.1349247 2.145183 0.5403105 0.05104477 2.583599 0.5130694 -0.3878585 2.550053 0.5226785 -0.8095219 2.544369 
0.6256223 0.6614695 2.733582 0.5618961 0.4684829 2.677605 0.4926522 0.2658611 2.619736 0.4068094 0.5218992 2.676145 0.1942293 0.3802463 2.725577 0.1413693 0.4066935 2.44311 0.7169828 0.4150667 2.679066 0.7208489 0.1809664 2.507028 0.6633565 0.1667801 2.222584 0.3267955 0.09651544 2.560957 0.2659118 0.267892 2.273088 0.4705163 -0.0576749 2.109019 0.520021 0.02996306 2.562777 0.5196037 -0.4099759 2.522029 0.5205296 -0.8082291 2.536197 
0.6242514 0.6407342 2.727316 0.554709 0.4473332 2.67305 0.4804565 0.2468159 2.613643 0.4005527 0.5034413 2.676346 0.1835935 0.3566296 2.740335 0.1197783 0.3870555 2.461312 0.7088653 0.391225 2.669753 0.7046028 0.1490385 2.509309 0.657049 0.1537093 2.222722 0.3101013 0.08127693 2.556291 0.2593698 0.284568 2.290768 0.530172 -0.02371545 2.108233 0.5023066 0.01132013 2.552181 0.5282965 -0.4292089 2.526244 0.5212498 -0.8032441 2.547384 
0.6229501 0.6361283 2.722791 0.5472435 0.44091 2.674692 0.4671994 0.2405039 2.623304 0.3944558 0.4982806 2.688943 0.1764567 0.3415003 2.746855 0.1054668 0.3728396 2.46967 0.7000312 0.3835394 2.66044 0.6989593 0.1354105 2.509292 0.6529384 0.1574477 2.223265 0.2910618 0.07618016 2.58088 0.2517613 0.289032 2.317791 0.5361625 -0.00710971 2.127023 0.4832485 0.004015503 2.562954 0.5313293 -0.4356367 2.551347 0.5189319 -0.7915992 2.568214 
