0.5719166 0.7045972 2.699136 0.539349 0.4986722 2.661611 0.5042642 0.2811648 2.632977 0.3795459 0.5275258 2.638239 0.2041004 0.3442574 2.61532 0.18752 0.3612519 2.332655 0.6991521 0.4698186 2.684982 0.7722626 0.1374597 2.598245 0.7719553 0.08949289 2.301992 0.3695424 0.0816476 2.589771 0.2540407 -0.318468 2.712694 0.06047893 -0.7935948 2.800545 0.5688163 0.04566725 2.618915 0.5115003 -0.3845615 2.527177 0.5361903 -0.797317 2.569599 
0.5742639 0.6986077 2.691043 0.5409132 0.4911389 2.659113 0.5047543 0.2733922 2.634077 0.381105 0.5204038 2.635393 0.2000458 0.3346319 2.604163 0.1894802 0.3608831 2.324667 0.7007213 0.4618741 2.682833 0.7859687 0.1374194 2.597579 0.7933225 0.09140842 2.303574 0.3689429 0.07389443 2.594249 0.2407842 -0.3352534 2.681939 0.05540007 -0.7891191 2.792858 0.5682481 0.03739667 2.623832 0.5147504 -0.3943692 2.535432 0.5345343 -0.7919886 2.570225 
0.580595 0.7034613 2.695008 0.5457783 0.4930212 2.662582 0.5083542 0.2756485 2.636113 0.3857222 0.5231482 2.641468 0.2120135 0.3348235 2.611588 0.1942338 0.3704307 2.333165 0.7058343 0.4628942 2.683696 0.7984714 0.1387036 2.587303 0.7989936 0.1026346 2.291266 0.3710704 0.0770722 2.596472 0.2340928 -0.337059 2.628681 0.06416414 -0.7605104 2.74842 0.5707899 0.03947943 2.622817 0.5232459 -0.3937283 2.537371 0.5405648 -0.7867723 2.562132 
0.5871947 0.7141679 2.706984 0.5525957 0.5014891 2.669685 0.5147688 0.2847082 2.639388 0.3921667 0.5319372 2.652123 0.2204718 0.3364478 2.629297 0.1938868 0.3853238 2.34806 0.7130247 0.471041 2.687246 0.8081888 0.1568283 2.57466 0.7992667 0.1247971 2.279729 0.3768271 0.08692833 2.598133 0.2377772 -0.3267703 2.573155 0.09277382 -0.708482 2.671245 0.5770567 0.04892638 2.620051 0.5292528 -0.3868411 2.549876 0.545302 -0.7809879 2.559302 
0.5888202 0.7252462 2.712462 0.5540182 0.5117874 2.676046 0.5164547 0.2950062 2.64526 0.3928577 0.5410588 2.666569 0.2267254 0.3512363 2.649642 0.1938822 0.4078371 2.374005 0.7151787 0.4825158 2.685524 0.8085807 0.1779075 2.547824 0.7858041 0.1545262 2.255694 0.3782169 0.0965104 2.608554 0.2424733 -0.3058017 2.513766 0.1339333 -0.6375729 2.579705 0.5795655 0.05993954 2.620394 0.5264889 -0.3781125 2.579094 0.5400733 -0.7777309 2.561876 
0.5891423 0.7331526 2.716732 0.5529428 0.5201467 2.681308 0.5147011 0.3034481 2.650695 0.3916382 0.5482657 2.683765 0.2258683 0.3626094 2.675335 0.1781231 0.4174976 2.399804 0.7142473 0.4920278 2.678851 0.811298 0.1959534 2.519946 0.7786948 0.171307 2.233567 0.3756011 0.1043312 2.621619 0.2430079 -0.2283545 2.407268 0.1905674 -0.5342351 2.471207 0.5773175 0.06916758 2.618546 0.5201244 -0.3697747 2.590092 0.5386468 -0.7866712 2.554431 
0.5890957 0.7348887 2.718355 0.5528412 0.5230401 2.68416 0.5141144 0.3064281 2.653499 0.3915997 0.5504506 2.69417 0.2224324 0.3563058 2.695667 0.1650483 0.4281939 2.43322 0.7140828 0.4956297 2.674148 0.8021485 0.2024728 2.492497 0.7648599 0.1733092 2.208453 0.3748274 0.106911 2.629081 0.2568868 -0.07248119 2.322539 0.2641666 -0.4024215 2.364009 0.5759476 0.07272135 2.616595 0.519112 -0.3670194 2.595465 0.5417156 -0.7944134 2.553663 
0.5845862 0.7377455 2.721795 0.5498889 0.5260967 2.687073 0.5120692 0.3095429 2.654912 0.3888369 0.5514228 2.70593 0.2215957 0.354091 2.738905 0.1384431 0.4204459 2.475783 0.710941 0.5007704 2.668216 0.7945227 0.2036105 2.45737 0.7401258 0.1680792 2.173905 0.3738288 0.1087809 2.634509 0.2663111 0.1331635 2.254136 0.357131 -0.2173215 2.237254 0.5746703 0.07719757 2.610993 0.5233033 -0.3636971 2.594244 0.5419488 -0.7949318 2.553743 
0.5803908 0.7302123 2.719911 0.5433393 0.5195944 2.686645 0.5014951 0.3036427 2.655694 0.3831223 0.547422 2.70909 0.213308 0.3585308 2.766493 0.1331286 0.4052276 2.501768 0.7035562 0.4917668 2.664199 0.7772734 0.1898047 2.444223 0.7292171 0.147344 2.155723 0.3596895 0.1050531 2.638747 0.2569426 0.2077512 2.256488 0.4058526 -0.1339914 2.184047 0.5596125 0.07032908 2.610739 0.5137522 -0.3705213 2.582891 0.526231 -0.802232 2.557092 
0.575581 0.7150793 2.709918 0.5373255 0.5052709 2.680168 0.492451 0.2898565 2.64972 0.3773599 0.5355619 2.701622 0.2021528 0.3552669 2.779235 0.1185514 0.3839478 2.514923 0.6972911 0.4749799 2.658713 0.7706354 0.1849048 2.450098 0.7169565 0.1322636 2.15617 0.3477836 0.09333887 2.632656 0.2601042 0.2565311 2.256498 0.4680593 -0.08784024 2.129277 0.5473696 0.05554535 2.605888 0.5215105 -0.3860771 2.5713 0.52891 -0.8094562 2.55378 
0.5727049 0.6882185 2.704448 0.5376862 0.4779536 2.673481 0.4971472 0.262459 2.638379 0.3769138 0.5049753 2.693266 0.1960938 0.3246123 2.783664 0.1039658 0.3478849 2.523322 0.6984586 0.4509319 2.653695 0.7568737 0.2096962 2.502671 0.7106269 0.1614548 2.219919 0.3574886 0.06362378 2.615475 0.2793994 0.2730264 2.265357 0.5563768 -0.03615918 2.107247 0.555728 0.03030489 2.591078 0.5568741 -0.4087653 2.544416 0.5462668 -0.8132532 2.543434 
0.5682342 0.6687254 2.691197 0.5386199 0.456303 2.666951 0.5034078 0.2392865 2.63606 0.3772317 0.4797272 2.686354 0.1940468 0.3038117 2.790291 0.09723481 0.3196157 2.53756 0.7000081 0.4328789 2.647548 0.7602652 0.1799618 2.517868 0.712803 0.1507952 2.232716 0.3680735 0.03680191 2.617205 0.2786114 0.2743444 2.289856 0.5876002 -0.01174847 2.113302 0.5683181 0.007738098 2.593131 0.5652207 -0.4329893 2.549202 0.5513328 -0.8138574 2.559286 
0.568722 0.6595705 2.695066 0.5382699 0.4459972 2.66877 0.5038761 0.2288568 2.637256 0.3769963 0.4684001 2.690418 0.1880196 0.2939099 2.79814 0.09575207 0.3034185 2.545901 0.6995435 0.4235942 2.647121 0.7514622 0.1573756 2.542971 0.7146528 0.08690316 2.263519 0.3691404 0.02565521 2.619212 0.2610619 0.2864556 2.293051 0.5760563 -0.00159082 2.103273 0.5698242 -0.00222226 2.592273 0.5527709 -0.4432276 2.549316 0.5428882 -0.8021247 2.554782 
