0.212794 0.7466058 2.786039 0.1702568 0.5318071 2.764506 0.1252104 0.3141424 2.739341 0.006409969 0.5667531 2.755532 -0.1636829 0.2835187 2.712409 -0.2724222 0.1541179 2.453843 0.3341036 0.4968611 2.773479 0.3785799 0.1764547 2.579239 0.3877187 0.005975449 2.298725 -0.02064805 0.1179793 2.708656 -0.1517971 -0.2951379 2.612998 -0.2685088 -0.7209031 2.688798 0.1809762 0.07497595 2.719698 0.1273592 -0.368935 2.706051 0.1239319 -0.7887699 2.671919 
0.213434 0.7478231 2.783565 0.1711785 0.5315571 2.766961 0.1263675 0.3134401 2.745479 0.007029015 0.5653138 2.766626 -0.1667616 0.2826712 2.723184 -0.2838664 0.1480492 2.476827 0.3353281 0.4978005 2.767296 0.3753986 0.1782786 2.57412 0.3667597 0.01949765 2.284041 -0.01956055 0.1161174 2.72379 -0.1545181 -0.2745543 2.569356 -0.2429871 -0.66342 2.627156 0.1826736 0.07452879 2.724203 0.1232641 -0.3684736 2.705056 0.1199533 -0.7881864 2.669721 
0.2148696 0.744906 2.783377 0.1699789 0.5285115 2.767803 0.1230811 0.310664 2.747894 0.006151028 0.5631964 2.774189 -0.1678558 0.2843015 2.740632 -0.2957528 0.1378311 2.507009 0.3338067 0.4938265 2.761417 0.3737351 0.1801516 2.573101 0.3639488 0.01486876 2.285666 -0.02462517 0.1141593 2.731913 -0.1591862 -0.2410837 2.513253 -0.2113208 -0.6037378 2.560137 0.176992 0.07147378 2.724055 0.1112142 -0.3706474 2.704381 0.1124767 -0.7903872 2.658478 
0.2157384 0.7481141 2.781766 0.1694798 0.5310529 2.769774 0.1214305 0.3131955 2.752937 0.006149448 0.5660433 2.783138 -0.1648757 0.2825891 2.770336 -0.3107041 0.1217788 2.559223 0.3328103 0.4960625 2.756411 0.3669402 0.1861065 2.573574 0.3510155 0.01884415 2.292908 -0.02712557 0.1168697 2.744322 -0.1605408 -0.09136688 2.428433 -0.1341081 -0.4776939 2.464875 0.1738878 0.07380644 2.727876 0.1105119 -0.3687992 2.709989 0.1133938 -0.787297 2.662594 
0.2089019 0.7491159 2.790285 0.161489 0.532268 2.777515 0.1112779 0.3150156 2.759259 -0.001226891 0.5682733 2.796573 -0.155723 0.2896533 2.811082 -0.3177634 0.1076118 2.609051 0.3242049 0.4962628 2.758456 0.3487315 0.1845196 2.562919 0.3158299 0.019944 2.279897 -0.03901025 0.119908 2.752726 -0.1786428 0.1092243 2.35129 -0.04978461 -0.2818575 2.325651 0.1611438 0.07561856 2.729282 0.09986859 -0.3669388 2.703963 0.1022969 -0.7895178 2.669077 
0.2026968 0.7482611 2.784624 0.1603767 0.5063408 2.777303 0.1037064 0.292661 2.746123 -0.001549446 0.546966 2.793198 -0.1737677 0.2776708 2.826164 -0.3296967 0.09319048 2.61764 0.3223027 0.4657157 2.761407 0.3420435 0.178321 2.559028 0.2930005 0.02199795 2.273518 -0.05261004 0.103981 2.724725 -0.1795596 0.1726979 2.328283 -0.003130539 -0.194843 2.251463 0.1466822 0.05398117 2.705161 0.1060628 -0.3849472 2.687858 0.09983827 -0.8039142 2.649913 
0.2038961 0.7404182 2.792399 0.1543528 0.5093334 2.779067 0.09631253 0.2950505 2.753864 -0.006408913 0.550045 2.803146 -0.1746667 0.2657799 2.833753 -0.3374278 0.08351738 2.626488 0.3151145 0.4686218 2.754988 0.3317483 0.189244 2.562498 0.275065 0.02136801 2.290047 -0.06167942 0.1060796 2.743632 -0.1739004 0.2422473 2.366702 0.0723141 -0.1135231 2.234792 0.138224 0.05545573 2.713691 0.1127609 -0.3876324 2.71154 0.1096053 -0.7915897 2.67571 
0.2020666 0.7268391 2.787264 0.1510117 0.504096 2.779377 0.09362803 0.2888022 2.762564 -0.009953022 0.5452071 2.802323 -0.1809417 0.2572168 2.845013 -0.3438477 0.08491049 2.628826 0.3119763 0.4629849 2.75643 0.3283717 0.20349 2.58014 0.2608377 0.02559564 2.319254 -0.06327332 0.09892575 2.759939 -0.170695 0.2666593 2.371829 0.1319123 -0.06672592 2.211874 0.1357621 0.04809115 2.731566 0.1248124 -0.3970236 2.721031 0.1154753 -0.8025497 2.685278 
0.2015254 0.7210433 2.793407 0.1503503 0.501691 2.783743 0.09649424 0.285171 2.768686 -0.01125454 0.5402579 2.807182 -0.1990396 0.2414268 2.848987 -0.3415422 0.0794176 2.611192 0.3119552 0.4631243 2.760304 0.3239151 0.2077046 2.588111 0.2471792 0.02764197 2.332559 -0.05692485 0.0924115 2.768069 -0.1606947 0.2922029 2.354564 0.1847071 -0.03039343 2.178075 0.1422011 0.04489032 2.739188 0.1421548 -0.3983466 2.687252 0.1219756 -0.7894201 2.669401 
0.2012099 0.7232426 2.808258 0.1501451 0.5052952 2.79046 0.09618219 0.2893649 2.768956 -0.01162215 0.543403 2.813749 -0.1383273 0.2809013 2.83968 -0.2612313 0.1078085 2.638267 0.3119123 0.4671873 2.767172 0.3239591 0.1958541 2.590548 0.2414906 0.03255222 2.321171 -0.05736562 0.09689414 2.761788 -0.1724703 0.2874511 2.348531 0.1737306 -0.04834708 2.180786 0.1418042 0.04997531 2.733115 0.1346931 -0.3942461 2.685372 0.1125717 -0.7840444 2.66321 
