0.1941052 0.735854 2.845758 0.1514806 0.5274219 2.793099 0.1084511 0.3130711 2.745391 -0.008966766 0.5662663 2.763285 -0.1992774 0.2799361 2.657813 -0.2830201 0.1843608 2.393261 0.3119281 0.4885774 2.822913 0.390725 0.2259196 2.550973 0.3853031 0.1642827 2.234108 -0.03326649 0.1226128 2.679345 -0.1564431 -0.2992462 2.749305 -0.3597071 -0.7762611 2.855511 0.1641094 0.07482792 2.716021 0.1187072 -0.3618944 2.63082 0.1106286 -0.7756305 2.674566 
0.1985226 0.7349514 2.844451 0.1545565 0.5255539 2.794401 0.1102424 0.3110241 2.748767 -0.006591721 0.5643401 2.768549 -0.2016185 0.28144 2.67942 -0.3041751 0.1782018 2.422421 0.3157047 0.4867678 2.820252 0.3883922 0.218972 2.565499 0.3748242 0.1661528 2.247254 -0.03322861 0.1203599 2.687227 -0.1657764 -0.3027367 2.717079 -0.3741148 -0.7646476 2.828179 0.1650853 0.07262856 2.719041 0.1188171 -0.3657015 2.642754 0.1087764 -0.7712038 2.67455 
0.2039737 0.7363685 2.833819 0.1586426 0.5245216 2.793654 0.1123892 0.3090961 2.755353 -0.003369751 0.5628816 2.773549 -0.204205 0.2835923 2.702726 -0.3228309 0.1682513 2.456436 0.320655 0.4861618 2.81376 0.3873433 0.2180508 2.574784 0.3663155 0.1723193 2.255331 -0.0335847 0.1172815 2.704676 -0.1676095 -0.301771 2.670324 -0.3614791 -0.7287759 2.776081 0.1658561 0.07005966 2.729427 0.1185053 -0.3703263 2.667803 0.1081676 -0.7720553 2.679641 
0.2082884 0.7422289 2.838984 0.161306 0.528451 2.79794 0.1141183 0.3131647 2.759605 -0.00136977 0.5665777 2.784066 -0.2081033 0.2817919 2.71238 -0.3336515 0.1595935 2.468046 0.3239819 0.4903244 2.811814 0.3876709 0.2200232 2.58491 0.3617002 0.1732628 2.26541 -0.03319217 0.1213442 2.712731 -0.1656747 -0.287356 2.617326 -0.3323393 -0.6823064 2.711336 0.1670531 0.07441235 2.729809 0.1208831 -0.3658098 2.664973 0.1113144 -0.7698073 2.672994 
0.2110327 0.7492031 2.841075 0.1639369 0.5338349 2.80287 0.1161553 0.318415 2.765863 0.0007799835 0.5715066 2.79424 -0.1980342 0.298874 2.752196 -0.3472546 0.1695656 2.526741 0.3270938 0.4961632 2.8115 0.3808596 0.2290215 2.579965 0.3551958 0.1677179 2.262412 -0.03201199 0.1261734 2.723547 -0.1511478 -0.2613748 2.558724 -0.2596947 -0.5883504 2.606938 0.1687596 0.0798168 2.734166 0.1185371 -0.3616751 2.683566 0.1127755 -0.7716738 2.679147 
0.210578 0.7501516 2.831574 0.1629903 0.5346736 2.803214 0.1144559 0.3184434 2.773081 -0.0004674568 0.5719269 2.799166 -0.1989395 0.3068461 2.779095 -0.3603207 0.1701849 2.568233 0.326448 0.4974202 2.807263 0.3735383 0.231059 2.572495 0.3496198 0.1634606 2.256806 -0.03464114 0.1251323 2.740458 -0.1287054 -0.1677875 2.460419 -0.1860691 -0.4956394 2.506464 0.1664843 0.07929423 2.745439 0.1141821 -0.3624647 2.697994 0.1077203 -0.7775412 2.68716 
0.2079724 0.744536 2.825233 0.1592198 0.5290919 2.803307 0.10849 0.3125408 2.779224 -0.004169422 0.5670501 2.806164 -0.1969506 0.3179207 2.805789 -0.3521552 0.1869193 2.598945 0.3226091 0.4911337 2.80045 0.3671822 0.2310337 2.570127 0.337042 0.1501237 2.257956 -0.04274229 0.1193381 2.756898 -0.1118139 0.03950995 2.350686 -0.07415481 -0.321203 2.372197 0.1582626 0.07264116 2.753384 0.1139861 -0.3690449 2.697415 0.1078109 -0.7835683 2.682593 
0.2075248 0.7426875 2.834687 0.1578443 0.5280254 2.806535 0.1059496 0.3123074 2.778021 -0.005373821 0.566666 2.811258 -0.2044931 0.3044827 2.8019 -0.36386 0.1735878 2.596408 0.3210624 0.4893847 2.801812 0.3610646 0.2255017 2.56358 0.3278806 0.1439526 2.254571 -0.04635746 0.1203613 2.752412 -0.1107875 0.1355343 2.330193 -0.01845795 -0.2188222 2.299449 0.1544671 0.07281762 2.7466 0.1148479 -0.3692229 2.689589 0.1078633 -0.7780228 2.673689 
0.2077503 0.7342184 2.828887 0.1544452 0.5203964 2.805031 0.100463 0.3048226 2.779341 -0.008401295 0.5604383 2.811213 -0.2131809 0.2958955 2.802029 -0.3744556 0.1636747 2.597831 0.3172917 0.4803545 2.798848 0.3545465 0.217254 2.561283 0.3174803 0.128154 2.252032 -0.05371272 0.1138851 2.757456 -0.1149147 0.2012869 2.33687 0.06175004 -0.1553913 2.249998 0.1466742 0.06461253 2.749848 0.1136389 -0.377537 2.689666 0.1060542 -0.7898193 2.682477 
0.2077034 0.7313173 2.835971 0.1517315 0.5176821 2.807344 0.09580101 0.3030523 2.778183 -0.01075769 0.5590872 2.814247 -0.2155303 0.2870481 2.798962 -0.3794119 0.1495371 2.600008 0.3142207 0.4762769 2.80044 0.3412686 0.1966189 2.558659 0.3062272 0.1127005 2.251361 -0.0601045 0.113898 2.753271 -0.1211858 0.255394 2.32873 0.1301466 -0.09394516 2.207794 0.1398456 0.06294713 2.744775 0.1196521 -0.3777019 2.671672 0.1065828 -0.7809646 2.673032 
0.208001 0.7135918 2.829572 0.1488308 0.5009029 2.802716 0.0901998 0.2871147 2.772575 -0.01310276 0.5440903 2.811387 -0.2247287 0.2690605 2.796071 -0.3800981 0.1400266 2.585314 0.3107643 0.4577154 2.794046 0.3385676 0.2337913 2.607716 0.3042538 0.1502013 2.329384 -0.06807528 0.09990158 2.747768 -0.1243607 0.2796986 2.341441 0.1878054 -0.04697101 2.206473 0.1312129 0.04675168 2.737098 0.1244345 -0.3915428 2.650003 0.1030721 -0.7948483 2.667373 
0.2071565 0.6975388 2.826342 0.150838 0.4857455 2.800571 0.09522974 0.271079 2.770908 -0.01169549 0.5267164 2.808767 -0.2198723 0.2600277 2.797532 -0.3852802 0.1270761 2.59259 0.3133715 0.4447746 2.792376 0.3344006 0.2173376 2.584946 0.291268 0.08388196 2.303791 -0.06038813 0.08162262 2.746288 -0.1025137 0.2855771 2.345477 0.2225694 -0.03425766 2.210993 0.139631 0.03120239 2.736202 0.1443623 -0.4060704 2.643342 0.1172764 -0.7903801 2.676616 
0.2081772 0.6925209 2.823181 0.1469838 0.4780563 2.798295 0.08712749 0.264314 2.770101 -0.01455544 0.5215622 2.811421 -0.2152065 0.2542485 2.797158 -0.3789817 0.1158395 2.590889 0.308523 0.4345503 2.785169 0.3263488 0.1840518 2.562864 0.2706051 0.07488186 2.273414 -0.07212215 0.07734041 2.749983 -0.1016688 0.2947668 2.34583 0.183852 -0.05344193 2.204459 0.1266645 0.02380292 2.73383 0.1282051 -0.4156557 2.650592 0.1006861 -0.76965 2.673904 
