0.1943026 0.7426603 2.801832 0.1468929 0.5171348 2.765523 0.09391563 0.3019675 2.734772 -0.015951 0.5554907 2.777689 -0.1745197 0.2784261 2.723505 -0.2923691 0.1223586 2.475628 0.3097369 0.4787789 2.753358 0.3645771 0.1763065 2.571595 0.3745114 0.01641156 2.291533 -0.05932415 0.1104158 2.711511 -0.1607357 -0.321786 2.704344 -0.2930221 -0.7397817 2.814904 0.1412008 0.06318455 2.696531 0.1173501 -0.3803495 2.699732 0.1205503 -0.7762524 2.672089 
0.1951895 0.7521679 2.790033 0.1504248 0.5306958 2.767273 0.1014558 0.3136949 2.744937 -0.01307737 0.5663119 2.779711 -0.1649134 0.2803953 2.739622 -0.2882403 0.1342822 2.494283 0.3139269 0.4950797 2.754835 0.3685974 0.1825588 2.568134 0.3688822 0.03265925 2.285244 -0.0481363 0.118613 2.730256 -0.1600568 -0.3084592 2.672251 -0.2994763 -0.709802 2.761153 0.15311 0.07477501 2.714946 0.1159464 -0.369879 2.704154 0.1306753 -0.787803 2.654929 
0.195703 0.7544866 2.784566 0.1535844 0.5088115 2.764815 0.09944648 0.2932242 2.74052 -0.009022209 0.54825 2.777194 -0.1649542 0.2831995 2.749783 -0.2905527 0.1388466 2.507654 0.3161911 0.4693729 2.752435 0.3718027 0.1932785 2.57858 0.3581046 0.04833492 2.294492 -0.05442205 0.1018255 2.723819 -0.172919 -0.3067188 2.604609 -0.2995431 -0.6978607 2.696451 0.145039 0.05344829 2.708634 0.09798782 -0.3866724 2.706506 0.1162499 -0.816269 2.649407 
0.1977234 0.7546898 2.782851 0.151605 0.5174215 2.769647 0.0967484 0.3012779 2.754815 -0.009930667 0.5569945 2.790404 -0.1627888 0.2858686 2.764413 -0.2979122 0.1351914 2.53123 0.3131407 0.4778485 2.748891 0.3676722 0.1902523 2.564291 0.355119 0.05035087 2.276889 -0.05800874 0.1096078 2.752819 -0.1711759 -0.2900554 2.579131 -0.2571309 -0.6131799 2.643675 0.1417923 0.06066065 2.727146 0.105302 -0.3848293 2.727603 0.1205791 -0.7932438 2.66891 
0.1977787 0.7593358 2.802519 0.1475688 0.5304205 2.781757 0.09080389 0.3150643 2.762165 -0.01299397 0.5702962 2.808649 -0.161465 0.28952 2.784235 -0.3058634 0.1380776 2.556036 0.3081315 0.4905449 2.754864 0.3587349 0.1905766 2.56119 0.3436809 0.05978789 2.264988 -0.06502348 0.1243102 2.759164 -0.158059 -0.1885574 2.482661 -0.2022086 -0.5111627 2.530755 0.1331015 0.07510603 2.725981 0.105445 -0.3683817 2.690706 0.09492714 -0.784741 2.692348 
0.1926393 0.7607704 2.813325 0.1433131 0.5385916 2.789225 0.08862293 0.3229656 2.766229 -0.01796096 0.5767487 2.814989 -0.1592242 0.291248 2.795137 -0.3127459 0.1344087 2.580169 0.3045871 0.5004345 2.76346 0.3563756 0.1952939 2.571592 0.3377135 0.05620627 2.2764 -0.06540451 0.1308425 2.759104 -0.1518209 -0.03506987 2.403568 -0.1253957 -0.4063725 2.429615 0.13327 0.08383655 2.727365 0.1087496 -0.3613882 2.705432 0.108567 -0.7904264 2.679098 
0.1878394 0.7594473 2.827724 0.1394251 0.5427667 2.79761 0.08647458 0.3273917 2.768971 -0.02242252 0.5792388 2.822567 -0.1821017 0.29461 2.798094 -0.3248788 0.1209148 2.590397 0.3012727 0.5062946 2.772653 0.3471964 0.1986546 2.573279 0.3231843 0.0550704 2.278911 -0.06610551 0.1344681 2.755694 -0.1488989 0.0983136 2.369898 -0.05518628 -0.2818377 2.343922 0.1331536 0.08956538 2.724969 0.10494 -0.3560104 2.703549 0.1100444 -0.7913324 2.672451 
0.1877325 0.7551401 2.834009 0.1362345 0.5414336 2.802145 0.08086377 0.3269082 2.771335 -0.02557561 0.5800121 2.82433 -0.2008801 0.2783307 2.800144 -0.3430349 0.1169215 2.582179 0.2980447 0.5028552 2.779961 0.3290698 0.2036701 2.581819 0.2942335 0.05801402 2.292434 -0.0740793 0.1361226 2.754175 -0.1507528 0.2395434 2.345605 0.03342535 -0.1242445 2.255861 0.1250653 0.08864296 2.726872 0.1075407 -0.3576548 2.703191 0.1103115 -0.7920054 2.659048 
0.1878473 0.7494938 2.839077 0.1364213 0.5358732 2.805068 0.08233435 0.3212061 2.77274 -0.02586295 0.5737996 2.824739 -0.2085864 0.2608447 2.801424 -0.3445411 0.1201374 2.567266 0.2987055 0.4979469 2.785397 0.3255455 0.1993396 2.582921 0.2847597 0.05588823 2.292054 -0.07161953 0.1298782 2.752517 -0.1437064 0.2778369 2.356885 0.08788272 -0.06455707 2.239513 0.1281143 0.08319969 2.728307 0.1194607 -0.3634908 2.706191 0.1179213 -0.7975627 2.6668 
0.1868114 0.7416044 2.842101 0.1359717 0.5282318 2.807652 0.08253346 0.3136687 2.77348 -0.02663689 0.5660062 2.824758 -0.2141125 0.2576226 2.796269 -0.3442071 0.1074296 2.564103 0.2985803 0.4904574 2.790546 0.3220058 0.2223883 2.60277 0.279688 0.05830643 2.32736 -0.07096509 0.1223499 2.749835 -0.1474453 0.3095127 2.364079 0.1393493 -0.0301843 2.235393 0.1291555 0.0758614 2.728782 0.1217161 -0.3699417 2.693656 0.1174764 -0.7983906 2.670148 
0.1858968 0.7310874 2.842103 0.1356364 0.5193239 2.808402 0.08392787 0.3044257 2.773616 -0.02744643 0.5563336 2.822185 -0.2178477 0.2525704 2.79053 -0.3436697 0.1000889 2.55699 0.2987192 0.4823143 2.794618 0.3164288 0.2313505 2.615246 0.2700387 0.06121959 2.345224 -0.06813953 0.1123026 2.747313 -0.1442374 0.3169708 2.369351 0.1686599 -0.01637772 2.237508 0.1325783 0.06675217 2.730348 0.1275236 -0.3783401 2.686215 0.1186283 -0.7956247 2.667897 
0.1880861 0.7241966 2.842098 0.1371861 0.5127556 2.809024 0.08516517 0.2978911 2.774415 -0.02591003 0.5501969 2.821726 -0.2127863 0.2448857 2.79324 -0.3447737 0.09622293 2.560446 0.3002822 0.4753142 2.796322 0.320716 0.2076714 2.604129 0.2615011 0.04655754 2.327134 -0.06719832 0.106062 2.747621 -0.1456032 0.3122716 2.367228 0.1483454 -0.02940262 2.227806 0.1334869 0.05999142 2.731992 0.1258782 -0.3842885 2.680179 0.1130174 -0.7900145 2.670292 
