0.1870674 0.7543437 2.817351 0.1381445 0.5209449 2.773155 0.08978432 0.3051093 2.740766 -0.02511284 0.5553212 2.787836 -0.1713079 0.2805561 2.770085 -0.3118517 0.1157467 2.559347 0.3014019 0.4865685 2.758474 0.3425379 0.1842845 2.574113 0.3195701 0.03341928 2.288251 -0.0600002 0.1106301 2.717497 -0.1716873 -0.3195715 2.721274 -0.3487217 -0.7512516 2.732916 0.1428484 0.06791716 2.699255 0.1009047 -0.3754035 2.693147 0.1083456 -0.7835266 2.652197 
0.1911194 0.7545634 2.82025 0.1428313 0.530827 2.780073 0.09305216 0.3152953 2.747054 -0.02005649 0.5655575 2.798938 -0.1716611 0.2852839 2.772557 -0.3089205 0.1265692 2.561042 0.3057191 0.4960964 2.761209 0.3432604 0.1791344 2.570078 0.3212799 0.03478639 2.28085 -0.05740975 0.1212311 2.725696 -0.171174 -0.3089853 2.706443 -0.3329649 -0.7429172 2.717344 0.1439558 0.07829639 2.702375 0.1132351 -0.3661921 2.71746 0.1196311 -0.7845191 2.66182 
0.1941992 0.7595271 2.821181 0.14634 0.5393984 2.786852 0.096566 0.3234804 2.756092 -0.01635075 0.5738009 2.808623 -0.1718144 0.2846238 2.779275 -0.309121 0.12993 2.564337 0.3090308 0.5049961 2.765082 0.3536532 0.1860779 2.577039 0.3208584 0.0339886 2.297162 -0.05352714 0.1287757 2.738756 -0.1681722 -0.2909492 2.65933 -0.3063572 -0.7102143 2.679622 0.1471111 0.08634897 2.711907 0.1221945 -0.3593524 2.726664 0.1163951 -0.7843948 2.669357 
0.1978827 0.7574919 2.811648 0.151757 0.5392569 2.787668 0.1028215 0.3223595 2.76372 -0.0110747 0.5736444 2.808952 -0.1729153 0.2788225 2.787138 -0.3123292 0.1285979 2.566212 0.3145887 0.5048694 2.766385 0.3533151 0.1890344 2.585521 0.3216128 0.03167339 2.308623 -0.04639893 0.1266407 2.75288 -0.1635552 -0.2645206 2.596432 -0.2519984 -0.6545233 2.619908 0.1541708 0.08428351 2.726664 0.1240368 -0.3615122 2.741757 0.1216472 -0.802273 2.67317 
0.2035051 0.7540212 2.804992 0.1574715 0.5369546 2.790041 0.1083382 0.3194462 2.772071 -0.005190948 0.5718729 2.81214 -0.1599723 0.2757022 2.808534 -0.3142759 0.1249262 2.599009 0.320134 0.5020363 2.767942 0.3560849 0.1935103 2.589121 0.3069937 0.03621286 2.308803 -0.04090852 0.1234288 2.767702 -0.180531 -0.1297977 2.462251 -0.1682849 -0.5181301 2.513136 0.1593184 0.08044665 2.740499 0.1154452 -0.3645118 2.733238 0.1142875 -0.8018847 2.668611 
0.206626 0.7540046 2.803061 0.1587866 0.5378511 2.792233 0.1076366 0.3205813 2.777178 -0.003230854 0.5743193 2.816394 -0.1574693 0.2738351 2.820288 -0.3208696 0.1182466 2.624736 0.3208039 0.5013829 2.768072 0.3475608 0.1887615 2.585559 0.3053379 0.02877364 2.304302 -0.0432283 0.1257563 2.776994 -0.1918349 -0.01293062 2.416829 -0.1157118 -0.4160969 2.451771 0.1562017 0.08086699 2.747253 0.1117293 -0.3640143 2.733329 0.1104502 -0.7988547 2.672307 
0.2110552 0.7479105 2.80211 0.1593004 0.5319319 2.793173 0.103871 0.3156833 2.778785 -0.001669926 0.5714561 2.819268 -0.167229 0.2939161 2.838167 -0.3225898 0.1125519 2.640987 0.3202707 0.4924078 2.767079 0.3332848 0.1788763 2.575801 0.2875371 0.02471745 2.289574 -0.05063029 0.1237604 2.780457 -0.2016882 0.08687557 2.384731 -0.06412672 -0.2987075 2.378702 0.1475135 0.07510887 2.748336 0.1108553 -0.3700926 2.725687 0.1035887 -0.8003865 2.669342 
0.212677 0.7459044 2.801617 0.158454 0.529364 2.793881 0.1010815 0.3135641 2.779943 -0.002006271 0.5702665 2.821092 -0.12423 0.3046218 2.832406 -0.2605371 0.1116285 2.659757 0.3189142 0.4884616 2.766671 0.3266468 0.1729334 2.576902 0.2753766 0.01363176 2.290342 -0.05501829 0.1229304 2.782746 -0.1980483 0.1771129 2.380403 -0.0107675 -0.1781787 2.321389 0.1424362 0.07259787 2.749262 0.1168512 -0.3724856 2.715019 0.1075684 -0.7938265 2.67303 
0.2115721 0.7380888 2.800864 0.1557337 0.5221818 2.794312 0.09749605 0.3065083 2.781801 -0.004336712 0.5637493 2.822855 -0.1034099 0.2885004 2.830359 -0.2291987 0.07751622 2.671309 0.315804 0.4806142 2.765769 0.3153302 0.169467 2.571946 0.2535449 -0.005035553 2.294047 -0.05923059 0.1164106 2.786852 -0.1980286 0.2344507 2.390657 0.03961182 -0.08919505 2.27865 0.1377475 0.06525884 2.751727 0.1215799 -0.3793518 2.707211 0.1076087 -0.793492 2.677013 
0.2118158 0.7294176 2.812011 0.1531042 0.515776 2.798699 0.091909 0.3013856 2.78076 -0.00620319 0.558679 2.829408 -0.08613084 0.2772178 2.834401 -0.2016491 0.05134277 2.68856 0.3124116 0.4728731 2.767991 0.3132617 0.192051 2.5936 0.2465241 0.007880066 2.331256 -0.06731652 0.1133957 2.781718 -0.2004993 0.2724703 2.377644 0.09632086 -0.04435257 2.24164 0.1287441 0.06059476 2.743925 0.1230168 -0.3815664 2.680021 0.1041361 -0.7932367 2.668468 
0.2111845 0.7215646 2.817567 0.1509427 0.5082596 2.800289 0.08880807 0.2943724 2.779431 -0.008209687 0.551452 2.83148 -0.07249719 0.265988 2.834822 -0.1781721 0.0278401 2.701585 0.3100951 0.4650671 2.769098 0.3107406 0.1993272 2.602437 0.2462571 0.0113175 2.345827 -0.07124703 0.1070599 2.777764 -0.1921102 0.2874199 2.382904 0.1322999 -0.02699148 2.227902 0.1245939 0.05391051 2.739383 0.1283198 -0.3889758 2.67853 0.1089573 -0.7924982 2.671582 
0.2126916 0.7195773 2.819839 0.1531479 0.5064886 2.799603 0.09258621 0.2924396 2.775847 -0.006245403 0.5480132 2.8318 -0.05785365 0.2599762 2.834052 -0.1542237 0.01174745 2.712689 0.3125412 0.4649641 2.767405 0.3093559 0.1811636 2.590705 0.2430539 0.008932159 2.32378 -0.06605469 0.1039417 2.771904 -0.1803826 0.2832587 2.36956 0.1223224 -0.04144699 2.206059 0.1301037 0.05283932 2.73228 0.1391388 -0.390051 2.67045 0.1155541 -0.7834774 2.667958 
