0.166549 0.76205 2.836535 0.1388346 0.5463217 2.789193 0.1086344 0.3291084 2.744902 -0.02740788 0.5691675 2.790506 -0.1627216 0.2457251 2.697651 -0.2424143 0.09734679 2.461661 0.3050771 0.523476 2.78788 0.3644582 0.190016 2.643203 0.3653189 0.006816239 2.369547 -0.0238591 0.1259526 2.701419 -0.1448944 -0.3017028 2.70593 -0.3045591 -0.7409189 2.803199 0.1807275 0.09783749 2.699804 0.1417726 -0.3479809 2.69892 0.1073501 -0.7731484 2.675219 
0.1699553 0.762503 2.82932 0.1434861 0.5458359 2.789212 0.1148837 0.3273969 2.750523 -0.02295044 0.567131 2.792024 -0.164334 0.2468411 2.715296 -0.2561705 0.09996008 2.483407 0.3099225 0.5245407 2.786401 0.3652616 0.1900251 2.638112 0.3593661 0.008946503 2.359083 -0.01612597 0.1220608 2.713564 -0.1476789 -0.2987959 2.669242 -0.2796741 -0.7197986 2.757008 0.1886885 0.09585524 2.710104 0.1480736 -0.349715 2.716853 0.1120137 -0.7814818 2.687839 
0.1713043 0.7608754 2.826713 0.146308 0.5440189 2.789917 0.1188869 0.3248834 2.754279 -0.02024936 0.5641873 2.794057 -0.165655 0.2494102 2.734134 -0.2716623 0.09461835 2.514227 0.3128652 0.5238505 2.785776 0.3646455 0.1920218 2.635056 0.3583117 0.008614578 2.357863 -0.01101494 0.1181573 2.72119 -0.1595345 -0.2855814 2.622471 -0.2521192 -0.6858672 2.702555 0.1939465 0.09333856 2.716094 0.1456316 -0.3513732 2.713093 0.1107516 -0.7867518 2.684281 
0.1733746 0.7611286 2.824402 0.1485466 0.5430421 2.792572 0.1217488 0.3232806 2.76043 -0.01800623 0.5623282 2.799569 -0.1707996 0.2491794 2.764554 -0.2972052 0.08042889 2.562033 0.3150994 0.5237561 2.785574 0.3643566 0.1895308 2.616527 0.34969 0.002920715 2.341238 -0.007540192 0.1153871 2.732595 -0.1465869 -0.2632125 2.562217 -0.1746516 -0.5862579 2.598372 0.197442 0.09165109 2.723982 0.1416285 -0.3522194 2.720109 0.1082269 -0.7857981 2.687045 
0.1729753 0.7574422 2.824734 0.1492799 0.5402681 2.795087 0.1234295 0.3202358 2.763827 -0.01705678 0.5580567 2.807428 -0.1733867 0.250579 2.793258 -0.3092778 0.07136572 2.599172 0.3156165 0.5224795 2.782746 0.3596943 0.1882774 2.60725 0.3369484 0.006022323 2.328702 -0.004814688 0.1111538 2.740163 -0.1029309 -0.2370743 2.500052 -0.09738104 -0.481487 2.486555 0.199973 0.08925311 2.724969 0.1338763 -0.353177 2.72292 0.1053782 -0.7854376 2.677575 
0.1719915 0.753354 2.823272 0.1449674 0.536065 2.797575 0.116314 0.3160017 2.768976 -0.02076467 0.5553362 2.815335 -0.1695822 0.2596317 2.835083 -0.3217767 0.06511516 2.652221 0.3106995 0.516794 2.779816 0.3476893 0.1878243 2.599321 0.3207758 0.001185699 2.328724 -0.01429832 0.1077939 2.751302 -0.04668793 -0.1618373 2.411279 -0.007822086 -0.3234856 2.331642 0.1896196 0.08408258 2.729451 0.1112186 -0.3560899 2.71697 0.09379979 -0.7788912 2.681532 
0.1702632 0.7503079 2.823766 0.1380567 0.5328122 2.800137 0.1049951 0.3132158 2.773045 -0.02642638 0.5545905 2.824337 -0.1492644 0.2832877 2.856126 -0.3341933 0.07252146 2.655826 0.3025398 0.5110339 2.775936 0.3398735 0.1879117 2.591235 0.2991866 0.00866803 2.320065 -0.02934653 0.1070292 2.760855 -0.08537431 -0.03533316 2.370769 0.03481409 -0.2258022 2.281292 0.1732135 0.08020941 2.731052 0.1027407 -0.3612764 2.715825 0.08441162 -0.7861147 2.67804 
0.1678642 0.750416 2.824954 0.133839 0.5324677 2.802037 0.09884888 0.3131115 2.775248 -0.03005622 0.5552633 2.829449 -0.1282567 0.2804406 2.850964 -0.2719658 0.08114623 2.69202 0.2977341 0.509672 2.774625 0.33044 0.1839532 2.589135 0.2766033 0.01694395 2.315862 -0.03695658 0.1077773 2.765321 -0.1358816 0.1139801 2.367509 0.07721263 -0.1447544 2.25727 0.1646742 0.07973322 2.731597 0.1130432 -0.3637463 2.70998 0.09192253 -0.7815847 2.675171 
0.1639267 0.7413483 2.836089 0.1271959 0.5237633 2.809824 0.08771559 0.3055553 2.780426 -0.03568183 0.5489935 2.84129 -0.1602421 0.2455725 2.869449 -0.3329645 0.03739461 2.67721 0.2900735 0.4985331 2.778357 0.3201824 0.2219679 2.624008 0.2654734 0.02433179 2.376963 -0.0519652 0.1028686 2.770387 -0.1668188 0.2530973 2.371073 0.1417047 -0.03483632 2.239513 0.1484359 0.07182596 2.731671 0.1168162 -0.3730587 2.699158 0.0995765 -0.7830935 2.661749 
0.1650349 0.733768 2.829091 0.1266491 0.5170832 2.80831 0.08577178 0.2986454 2.782725 -0.03624493 0.5440574 2.838269 -0.1743522 0.2254176 2.870203 -0.3431634 0.03024303 2.670993 0.2895432 0.490109 2.778351 0.3098352 0.2247835 2.631687 0.2623841 0.0280732 2.382001 -0.05533049 0.09680416 2.775573 -0.1683557 0.2625949 2.377036 0.156406 -0.02137183 2.243256 0.1451193 0.06361098 2.738707 0.1196924 -0.3820127 2.709256 0.1025983 -0.7897318 2.674724 
0.1674481 0.7351609 2.836112 0.1274841 0.5179321 2.811976 0.08437068 0.3002134 2.783926 -0.03490722 0.5460089 2.843648 -0.1294285 0.2696829 2.862179 -0.2684293 0.07352965 2.695336 0.2898755 0.4898552 2.780303 0.3082533 0.225186 2.63409 0.2615458 0.03388771 2.379873 -0.05866015 0.09977 2.775365 -0.1718069 0.2637988 2.366733 0.1435739 -0.03468457 2.226843 0.1411746 0.06521928 2.73639 0.1209711 -0.3805236 2.703716 0.1000326 -0.7781628 2.668026 
