0.5476216 0.7044895 2.724468 0.5268692 0.498461 2.668831 0.5037916 0.2822056 2.624037 0.3648245 0.519206 2.652162 0.1894333 0.3367725 2.651969 0.1585357 0.3767777 2.363222 0.6889141 0.477716 2.685499 0.7937078 0.1675795 2.554152 0.7861555 0.1466869 2.266404 0.3796465 0.0788889 2.568848 0.2454586 -0.3188687 2.705426 0.06010347 -0.778026 2.778877 0.5817815 0.05301158 2.58964 0.526634 -0.3835309 2.529213 0.5403119 -0.7845161 2.554945 
0.5549936 0.7098552 2.721725 0.5302268 0.50293 2.67083 0.5023785 0.2863856 2.630525 0.3684083 0.5265588 2.655688 0.1927225 0.3368648 2.654531 0.1519043 0.3784579 2.371209 0.6920453 0.4793012 2.685973 0.8013712 0.1818026 2.544058 0.7877774 0.1605885 2.251948 0.373557 0.08458538 2.58077 0.2313687 -0.3227492 2.665515 0.05403969 -0.7692912 2.776109 0.5755036 0.05509703 2.599668 0.5232189 -0.383803 2.56073 0.5314388 -0.785484 2.571547 
0.5617198 0.7197779 2.719858 0.5345583 0.5102584 2.673693 0.5046912 0.293336 2.636749 0.3725424 0.5345418 2.662089 0.197391 0.3423959 2.675291 0.1547361 0.3872568 2.395843 0.6965742 0.4859749 2.685296 0.8072239 0.1979216 2.540046 0.7819341 0.1907064 2.24649 0.3737172 0.09156787 2.592564 0.2412219 -0.3233088 2.603563 0.09019186 -0.7275157 2.723392 0.5759309 0.06125946 2.607047 0.5251049 -0.3788252 2.578925 0.5427953 -0.7871093 2.565607 
0.5646138 0.7282936 2.721416 0.5363536 0.5176842 2.677417 0.505291 0.3005439 2.642524 0.3741803 0.5422597 2.668853 0.1957116 0.3636789 2.700657 0.1502472 0.3938456 2.419565 0.6985269 0.4931086 2.685981 0.8231323 0.2239712 2.543032 0.7777445 0.21367 2.252697 0.3730296 0.0987392 2.602287 0.2547345 -0.3146012 2.542524 0.1507869 -0.6625867 2.642002 0.5754272 0.06806812 2.612975 0.5204937 -0.3721834 2.598421 0.5426536 -0.787302 2.563018 
0.5673649 0.7331158 2.721192 0.5379471 0.5223756 2.681552 0.5060351 0.3048581 2.649854 0.3756365 0.5469725 2.676169 0.1948829 0.3798108 2.715836 0.1488021 0.4020573 2.435478 0.7002577 0.4977787 2.686934 0.8166001 0.2365032 2.526025 0.7656012 0.230966 2.239683 0.3728335 0.1026902 2.614798 0.268356 -0.2602907 2.433668 0.2235285 -0.5754339 2.551141 0.5754128 0.07199092 2.621515 0.518548 -0.368336 2.617556 0.5415404 -0.789118 2.568074 
0.5701494 0.7384686 2.721075 0.5396494 0.5268086 2.684744 0.5075168 0.309019 2.655055 0.3772066 0.5509831 2.683219 0.1924627 0.3918841 2.730417 0.1434915 0.4020905 2.450058 0.7020921 0.502634 2.686269 0.8103262 0.2397653 2.513018 0.7570043 0.2328367 2.229303 0.3740017 0.1063171 2.624414 0.2934102 -0.1255026 2.339187 0.2904964 -0.4510742 2.443424 0.5767668 0.07614181 2.626318 0.5184558 -0.3641264 2.629334 0.5436045 -0.7888497 2.562562 
0.5733598 0.7407553 2.720495 0.5402398 0.5291333 2.688273 0.5054874 0.3115482 2.659986 0.377993 0.5548288 2.689952 0.1948687 0.3882165 2.746362 0.1258771 0.3942246 2.472795 0.7024866 0.5034378 2.686594 0.8060857 0.2439418 2.500516 0.7377499 0.2279777 2.221421 0.3694885 0.1099978 2.632747 0.3156829 0.0692585 2.261578 0.3604545 -0.2841344 2.295137 0.5719815 0.07792845 2.630652 0.5011607 -0.3600273 2.650358 0.5378468 -0.7966084 2.553342 
0.5739082 0.7317017 2.729716 0.5388589 0.5231282 2.691852 0.5011346 0.3069329 2.657922 0.3769916 0.5511466 2.693292 0.1929432 0.3836044 2.751145 0.1245763 0.3857656 2.476624 0.7007262 0.4951097 2.690412 0.7940535 0.2274726 2.500782 0.7234548 0.2095231 2.220545 0.362397 0.1082226 2.624891 0.3144338 0.1530814 2.245078 0.4138196 -0.208615 2.227858 0.5644237 0.07325277 2.623093 0.5075027 -0.366445 2.619389 0.5352094 -0.7986676 2.549653 
0.5766733 0.7122494 2.715807 0.5372727 0.502976 2.684846 0.4948926 0.2872621 2.65351 0.3761029 0.5346404 2.684844 0.1939576 0.371817 2.755567 0.1197642 0.3726612 2.480636 0.6984425 0.4713117 2.684848 0.7760094 0.2002351 2.491342 0.7105548 0.1736506 2.209183 0.3519143 0.09131235 2.622172 0.3107689 0.2145175 2.259735 0.4794617 -0.1398307 2.189625 0.5531108 0.05178409 2.622175 0.5164269 -0.3895833 2.605299 0.5305624 -0.8119619 2.555212 
0.5804471 0.6967173 2.718387 0.5369844 0.4882775 2.684026 0.4911035 0.2740905 2.647735 0.3763196 0.522383 2.685858 0.1829601 0.3664315 2.75277 0.1086657 0.362767 2.475117 0.6976492 0.454172 2.682194 0.7614779 0.1731 2.479214 0.6987312 0.1415442 2.198748 0.3449604 0.08118691 2.612587 0.3106693 0.2675904 2.267683 0.5400158 -0.07408374 2.159627 0.5454849 0.03862013 2.6103 0.5333385 -0.4030591 2.579808 0.5338458 -0.8019262 2.543704 
0.5833341 0.6675443 2.710162 0.5400004 0.4592637 2.675113 0.4938379 0.2462609 2.632784 0.3795655 0.4943839 2.67335 0.1875381 0.3406536 2.760364 0.103021 0.3464243 2.484939 0.7004352 0.4241434 2.676877 0.7423345 0.1801455 2.52481 0.6936681 0.1486575 2.240108 0.34815 0.05504479 2.58936 0.3117621 0.2713498 2.264192 0.5904353 -0.03148721 2.132165 0.5472008 0.01147128 2.591548 0.550926 -0.429983 2.55327 0.5444185 -0.8179032 2.535625 
0.5920101 0.6481782 2.706343 0.5401044 0.4402483 2.675198 0.4859325 0.2285239 2.635935 0.3809639 0.4790264 2.685657 0.1891519 0.3268674 2.768442 0.1000154 0.3312303 2.489935 0.6992449 0.4014703 2.664738 0.7143851 0.1365489 2.490147 0.6860566 0.1086414 2.204127 0.3326638 0.04094647 2.603184 0.2867626 0.2867495 2.295706 0.6086808 -0.005959839 2.131449 0.5308574 -0.007347656 2.590158 0.5461099 -0.450212 2.564795 0.536454 -0.800653 2.560175 
0.5927618 0.6500483 2.705297 0.5376875 0.4405376 2.679282 0.4819865 0.2276485 2.64991 0.3795477 0.4789668 2.700642 0.1898903 0.3220919 2.775594 0.1133817 0.3336075 2.497629 0.6958272 0.4021085 2.657922 0.7429988 0.1329467 2.44981 0.6914796 0.1115748 2.165446 0.3276652 0.03872487 2.63386 0.2810954 0.2630145 2.289341 0.5713249 -0.07141278 2.102777 0.5249058 -0.009206131 2.607218 0.5536805 -0.4518527 2.585135 0.5416609 -0.7881303 2.564796 
