0.4892105 0.6965696 2.712976 0.4825971 0.4893807 2.676004 0.4718387 0.269453 2.647868 0.3196402 0.4993536 2.66036 0.1364125 0.2980841 2.69295 0.08343698 0.3196782 2.413566 0.6455539 0.4794079 2.691648 0.7296513 0.1704884 2.594872 0.6887791 0.1374988 2.280528 0.359442 0.05574541 2.609975 0.2431734 -0.3414777 2.760483 0.02962442 -0.8137568 2.838944 0.5627187 0.04330504 2.629489 0.5120146 -0.3894564 2.544257 0.5369698 -0.7935705 2.571903 
0.4903508 0.6965311 2.716452 0.4827263 0.4871004 2.678537 0.4731322 0.2668834 2.651527 0.3192978 0.4957414 2.666137 0.1367186 0.3075371 2.698957 0.08794444 0.3202738 2.419284 0.6461548 0.4784594 2.690938 0.7338386 0.1782515 2.597432 0.683323 0.1484211 2.283307 0.3616207 0.05205515 2.616783 0.2300278 -0.3522739 2.732633 0.02115079 -0.8063471 2.822705 0.5654553 0.04127774 2.63225 0.5237877 -0.3934915 2.552163 0.5382783 -0.7915667 2.567757 
0.5035334 0.7142651 2.736236 0.4934916 0.5017919 2.6895 0.480603 0.2828597 2.655191 0.329918 0.5127498 2.681023 0.1492834 0.3058297 2.696975 0.09230487 0.3344742 2.425558 0.6570652 0.490834 2.697976 0.7463325 0.1890624 2.601789 0.693153 0.1591316 2.288319 0.3656549 0.07076451 2.615594 0.2174507 -0.3371432 2.68909 0.02305132 -0.7696261 2.783769 0.5697738 0.05709044 2.626171 0.5345666 -0.3805484 2.560726 0.5420331 -0.7739522 2.557933 
0.5237023 0.7374155 2.758045 0.5089954 0.5261931 2.704878 0.490428 0.308697 2.664796 0.3454838 0.5409672 2.700454 0.185776 0.3117472 2.715481 0.1071421 0.3516135 2.444392 0.6725069 0.5114189 2.709302 0.7625295 0.2187258 2.616507 0.7003471 0.1756097 2.30567 0.3698282 0.1004201 2.621953 0.2161679 -0.3095081 2.596271 0.06284992 -0.711042 2.699367 0.573893 0.08198179 2.627475 0.5433652 -0.3595777 2.59497 0.5451849 -0.7816697 2.553089 
0.5387028 0.750634 2.779522 0.5195227 0.5404252 2.716841 0.4981059 0.3246055 2.669793 0.3561147 0.5568144 2.716044 0.1918216 0.3269325 2.73474 0.1094142 0.3608332 2.467141 0.6829307 0.5240358 2.717637 0.7691875 0.2228071 2.609805 0.7012035 0.1751952 2.300163 0.3747077 0.1190142 2.622248 0.2302067 -0.2847335 2.536816 0.1205798 -0.6485385 2.624728 0.5786707 0.09855735 2.623242 0.5456862 -0.3434656 2.61705 0.545683 -0.7790539 2.555141 
0.5459601 0.7532018 2.768776 0.5249764 0.5436592 2.715695 0.5014018 0.3265795 2.676123 0.3617721 0.5603712 2.721245 0.19904 0.337837 2.763415 0.1106906 0.3625537 2.497458 0.6881807 0.5269471 2.710145 0.7742466 0.2274903 2.597436 0.6972914 0.1728751 2.292321 0.3759291 0.1199341 2.640015 0.2446787 -0.2725458 2.499563 0.1876377 -0.5656114 2.537441 0.5797255 0.0990654 2.633085 0.5395823 -0.3419473 2.650086 0.5415851 -0.793845 2.56852 
0.5559265 0.7512751 2.74595 0.5293317 0.5391678 2.711144 0.5002314 0.3207803 2.684106 0.3669144 0.5591329 2.724691 0.2065953 0.3466163 2.783677 0.09404682 0.3651149 2.529015 0.691749 0.5192028 2.697598 0.7689121 0.2221805 2.569875 0.6844997 0.1637725 2.267618 0.369805 0.1148481 2.665519 0.2397347 -0.06259582 2.355088 0.2749467 -0.3942925 2.382658 0.5724571 0.08993724 2.648618 0.5371966 -0.3525717 2.656081 0.5407996 -0.8013763 2.566742 
0.5610346 0.7481699 2.752954 0.5315053 0.5378594 2.714453 0.5005281 0.3201915 2.683491 0.3692827 0.5588253 2.729362 0.2097818 0.3458209 2.793833 0.08529765 0.3689736 2.542112 0.693728 0.5168936 2.699543 0.7559394 0.2205788 2.563952 0.6675271 0.1512087 2.263261 0.3683449 0.1156036 2.661832 0.2428842 0.07074229 2.304572 0.3124902 -0.2596061 2.300357 0.5707568 0.08944368 2.643228 0.5378624 -0.3533452 2.654264 0.5418364 -0.8001969 2.548625 
0.5696564 0.7426887 2.766459 0.5350691 0.5351194 2.720246 0.5003763 0.3194973 2.680929 0.3732387 0.5582137 2.73639 0.2078658 0.3474373 2.811381 0.08149097 0.3713073 2.555896 0.6968995 0.5120251 2.704102 0.7459464 0.2057656 2.548026 0.6588422 0.1416498 2.242791 0.3647005 0.1182863 2.651685 0.2475591 0.1806809 2.291971 0.3618622 -0.1449933 2.231364 0.5666664 0.08946442 2.631538 0.5398765 -0.3538262 2.641402 0.5431791 -0.8023371 2.54032 
0.5712993 0.7306646 2.764693 0.5358984 0.526599 2.71878 0.5004533 0.3117465 2.675553 0.3739556 0.5505996 2.732278 0.1984618 0.344191 2.816173 0.0731223 0.3648245 2.554424 0.6978412 0.5025983 2.705281 0.739361 0.2298346 2.559782 0.6538187 0.1378976 2.265083 0.363947 0.1118718 2.640749 0.2513657 0.2530997 2.30509 0.4515171 -0.08073737 2.186786 0.5660694 0.08191638 2.623902 0.546621 -0.3618213 2.627371 0.5465687 -0.811245 2.545889 
0.5784156 0.7193503 2.772288 0.5383334 0.5144407 2.717736 0.4973547 0.3030679 2.664579 0.3770185 0.5424551 2.730698 0.2062629 0.3300845 2.818459 0.07210121 0.3526418 2.562737 0.6996483 0.4864262 2.704775 0.7359445 0.22466 2.584044 0.6584064 0.1557549 2.312649 0.3556896 0.1091807 2.61951 0.2417637 0.3015551 2.29678 0.5078394 -0.005863495 2.153128 0.5570622 0.07420968 2.603331 0.5436636 -0.3694444 2.592353 0.5390488 -0.810037 2.530204 
0.5790289 0.7079617 2.775597 0.5378865 0.5040499 2.71629 0.495684 0.2946741 2.656275 0.3766716 0.5328067 2.729332 0.1986319 0.3285457 2.82471 0.07676522 0.343998 2.564529 0.6991014 0.4752932 2.703249 0.7414256 0.2114612 2.589159 0.6558456 0.15728 2.316844 0.3528956 0.1032403 2.604397 0.2456521 0.3181804 2.306365 0.54369 0.02297116 2.145039 0.5540673 0.06735618 2.588123 0.5523611 -0.3764081 2.591727 0.5435137 -0.8080141 2.536769 
