0.567376 0.6926189 2.675215 0.5394289 0.48304 2.646996 0.5102919 0.2638903 2.625448 0.3792857 0.5069734 2.62013 0.2005252 0.3217162 2.600863 0.1727255 0.3604366 2.32781 0.6995722 0.4591067 2.673862 0.7922957 0.1552614 2.542388 0.7855753 0.1426826 2.252454 0.3812988 0.05966394 2.587148 0.2356003 -0.3416804 2.688124 0.04760002 -0.7953153 2.752636 0.5810112 0.02981703 2.620653 0.526829 -0.4030229 2.537791 0.5390673 -0.7951318 2.565325 
0.5788277 0.6962848 2.692278 0.5474421 0.4851546 2.655756 0.5155734 0.2674417 2.625517 0.3871535 0.5119281 2.631921 0.2081111 0.3324502 2.619208 0.1774229 0.3716926 2.346289 0.7077307 0.4583811 2.679592 0.801042 0.1605489 2.534124 0.7909647 0.1558562 2.244476 0.3836941 0.06643374 2.580406 0.2238594 -0.3427584 2.623942 0.0418402 -0.7678158 2.71312 0.5837151 0.03302364 2.61015 0.5305081 -0.4033839 2.54849 0.5410721 -0.7837118 2.559163 
0.5870647 0.7078307 2.705154 0.5533589 0.4960168 2.663845 0.5180981 0.2795297 2.629152 0.3930066 0.5253203 2.643964 0.2150152 0.3377616 2.635619 0.1804964 0.3872403 2.36068 0.7137111 0.4667132 2.683725 0.8124624 0.172242 2.534623 0.7948703 0.1675867 2.247961 0.382748 0.08133348 2.58205 0.222334 -0.3270474 2.566996 0.06359967 -0.7153219 2.660701 0.5829269 0.04475182 2.606869 0.5290958 -0.3938022 2.567779 0.5397341 -0.776233 2.559175 
0.5939016 0.720269 2.712138 0.5569826 0.5088706 2.671694 0.5184773 0.292678 2.638463 0.3961656 0.539208 2.660667 0.222038 0.3553265 2.646395 0.180512 0.4038537 2.370254 0.7177995 0.4785333 2.68272 0.8132765 0.1861372 2.527894 0.7934899 0.1824629 2.24463 0.3794952 0.09543981 2.598344 0.2299803 -0.3047463 2.512421 0.1090458 -0.6514797 2.587267 0.5804487 0.05753087 2.612123 0.5250115 -0.3820766 2.594765 0.5408562 -0.7812303 2.565462 
0.5978435 0.731436 2.725577 0.5595322 0.5191786 2.682497 0.5197682 0.3035257 2.647129 0.3983926 0.5494589 2.679034 0.2209764 0.3682019 2.667223 0.1750573 0.4138927 2.391474 0.7206718 0.4888983 2.68596 0.8110828 0.2005365 2.509984 0.7786008 0.1990492 2.228044 0.379426 0.1067728 2.609599 0.242272 -0.2324931 2.405078 0.1799305 -0.5539428 2.474152 0.5805826 0.06897278 2.613923 0.5235103 -0.3709223 2.613115 0.5433751 -0.783042 2.557326 
0.6018696 0.734245 2.732272 0.562532 0.5236486 2.690588 0.522281 0.3079644 2.655794 0.4011944 0.5536141 2.691476 0.2209945 0.3630932 2.697113 0.1669527 0.4162188 2.42416 0.7238695 0.493683 2.689701 0.8065501 0.2082713 2.499002 0.7628025 0.2092728 2.217182 0.3814083 0.1109688 2.621554 0.2632473 -0.08870602 2.330835 0.2490766 -0.4234309 2.370372 0.5826517 0.07359142 2.620446 0.5322425 -0.3673412 2.612905 0.5456934 -0.7906408 2.561756 
0.605036 0.726025 2.725669 0.5626765 0.5166225 2.690435 0.5179575 0.3012854 2.659583 0.401916 0.5492325 2.695845 0.2175374 0.3619892 2.722632 0.1550338 0.4106905 2.448578 0.7234371 0.4840125 2.685026 0.7958302 0.2106589 2.477034 0.7424226 0.2013424 2.195389 0.3729289 0.1062958 2.632106 0.2647164 0.04236167 2.290984 0.300631 -0.2975007 2.272752 0.5735481 0.06560056 2.625355 0.5294752 -0.3757589 2.606955 0.5356301 -0.8026016 2.563522 
0.6100003 0.7007955 2.721013 0.5572029 0.4955879 2.689317 0.5006612 0.2831684 2.658146 0.3988048 0.5354699 2.704857 0.2066203 0.3607455 2.755267 0.1393505 0.3944776 2.479844 0.7156012 0.4557059 2.673778 0.7874408 0.1878858 2.477155 0.719403 0.1704285 2.197718 0.3452519 0.09564212 2.636675 0.2579692 0.2041648 2.261521 0.4049478 -0.1673008 2.128213 0.5429869 0.04585574 2.617276 0.5386057 -0.395831 2.578571 0.5279351 -0.8032063 2.558445 
0.6143008 0.6735193 2.720509 0.5537544 0.4705426 2.687233 0.4890617 0.2611766 2.651475 0.3972735 0.5151449 2.709185 0.2006238 0.3544694 2.76809 0.1287377 0.3821149 2.497952 0.7102354 0.4259402 2.665281 0.7633705 0.1829796 2.515075 0.6987478 0.1710215 2.232063 0.3267487 0.07963572 2.629411 0.2616647 0.2781636 2.267294 0.5206594 -0.06470279 2.072217 0.521989 0.02398569 2.602021 0.5577243 -0.4151201 2.552 0.5344625 -0.8041062 2.55396 
0.6180223 0.6531705 2.720726 0.5575294 0.4492683 2.68362 0.4931252 0.2409177 2.641951 0.4006905 0.4937734 2.703501 0.19734 0.3406957 2.776046 0.1257713 0.3749535 2.507169 0.7143684 0.4047633 2.663739 0.7507958 0.1486103 2.531551 0.7034086 0.1541794 2.244953 0.3308742 0.06033235 2.612684 0.2690159 0.2898682 2.26927 0.5850133 -0.01556497 2.066732 0.5265677 0.004801788 2.587878 0.578059 -0.4323395 2.533059 0.5478538 -0.8109606 2.551939 
0.6191708 0.6375545 2.719838 0.5585512 0.433463 2.680963 0.4947821 0.2254332 2.636493 0.4014306 0.4776484 2.699572 0.1971778 0.3283364 2.782027 0.1318669 0.3690847 2.512869 0.7156718 0.3892776 2.662354 0.7347397 0.1309143 2.530825 0.7041665 0.1549458 2.242896 0.3329802 0.04497208 2.603633 0.2650253 0.2987166 2.283949 0.6005239 0.02100003 2.06918 0.5290459 -0.01016544 2.580412 0.574485 -0.4491094 2.532715 0.5450714 -0.8053228 2.557076 
0.6194613 0.6345195 2.719388 0.5592781 0.429075 2.681298 0.4971615 0.2204429 2.637103 0.4018204 0.4719268 2.700315 0.1980892 0.3226682 2.782508 0.1334856 0.3624435 2.511947 0.7167358 0.3862231 2.662281 0.7335641 0.1164251 2.555788 0.7079942 0.09264879 2.267351 0.3367912 0.03855032 2.604775 0.2647648 0.2971141 2.290641 0.586014 0.008255798 2.053257 0.5332987 -0.01492886 2.581042 0.5705658 -0.455757 2.544799 0.546536 -0.7944314 2.562399 
