0.5437162 0.7018847 2.694154 0.51926 0.4957886 2.660311 0.4895727 0.2775128 2.632512 0.3572425 0.5190608 2.650603 0.1973195 0.3392491 2.708 0.1447418 0.3567742 2.422947 0.6812775 0.4725164 2.67002 0.7851264 0.1799775 2.607844 0.775879 0.133848 2.293292 0.358774 0.07376067 2.598653 0.238251 -0.3336282 2.700433 0.04627484 -0.8046982 2.808409 0.5609968 0.04471343 2.610771 0.5150115 -0.3879885 2.526789 0.519962 -0.807269 2.573788 
0.5426555 0.6926963 2.702258 0.5163123 0.483428 2.664443 0.486031 0.2656316 2.633483 0.3538043 0.5065668 2.660613 0.1813123 0.3260818 2.697241 0.124997 0.3523237 2.413763 0.6788204 0.4602892 2.668274 0.7840078 0.1624794 2.606731 0.7801416 0.117536 2.296074 0.3543983 0.0622663 2.600135 0.2306129 -0.3505426 2.699903 0.06085091 -0.803557 2.822317 0.5571011 0.03340437 2.604912 0.5248929 -0.4004537 2.518494 0.5313857 -0.7961875 2.571431 
0.551745 0.7026486 2.711606 0.5230782 0.4907688 2.66899 0.4910319 0.2737699 2.63429 0.3606851 0.5152076 2.666134 0.1841481 0.3170497 2.698112 0.1174031 0.353337 2.421099 0.6854712 0.4663301 2.671846 0.795493 0.1627334 2.60388 0.7785867 0.1271179 2.296042 0.357676 0.07201726 2.597807 0.2172254 -0.3421616 2.652404 0.05856746 -0.772976 2.785748 0.5602953 0.04152476 2.601371 0.5304028 -0.3939948 2.520853 0.5355189 -0.7799088 2.564691 
0.5596368 0.7158943 2.725281 0.5306444 0.5027266 2.677106 0.4979194 0.2866615 2.637583 0.3682588 0.5275288 2.675972 0.1885525 0.3215467 2.712554 0.1121393 0.3550105 2.439416 0.69303 0.4779244 2.678241 0.8057193 0.1723513 2.605447 0.7813368 0.1416751 2.302087 0.3638718 0.08607202 2.597353 0.2129165 -0.3264918 2.599616 0.06985296 -0.7353058 2.725073 0.5665171 0.05512073 2.598768 0.5388733 -0.3841755 2.547366 0.5378908 -0.772924 2.566018 
0.5670676 0.7359539 2.735518 0.5398988 0.5227038 2.685564 0.509101 0.3069522 2.644016 0.377216 0.5451851 2.689412 0.2071361 0.3363942 2.738107 0.1114544 0.3698766 2.471097 0.7025815 0.5002226 2.681715 0.8214279 0.1998362 2.598614 0.7792236 0.1654171 2.304109 0.3767973 0.1052277 2.604869 0.2137739 -0.2874302 2.501452 0.1197263 -0.6496547 2.606439 0.5798092 0.07717335 2.600067 0.5388232 -0.3639929 2.581151 0.5442343 -0.7775263 2.55357 
0.5624695 0.7467853 2.727165 0.535532 0.5248347 2.682399 0.4947068 0.3094089 2.650333 0.3756086 0.5522152 2.70206 0.219455 0.3372394 2.755094 0.110554 0.3779499 2.494161 0.6954553 0.4974543 2.662738 0.8176837 0.2055869 2.587629 0.7769494 0.1705546 2.294586 0.3520194 0.1114229 2.63079 0.2081691 -0.2737337 2.477629 0.158705 -0.5727577 2.535127 0.5557438 0.0765433 2.605744 0.510906 -0.3611286 2.61393 0.5214481 -0.7945287 2.564108 
0.5639801 0.7489637 2.724059 0.5324809 0.5293549 2.685944 0.4918465 0.313294 2.656011 0.3724697 0.5563 2.708667 0.2212461 0.3421041 2.775537 0.1061415 0.3684962 2.513274 0.6924921 0.5024097 2.663222 0.8078654 0.2053055 2.571826 0.7649829 0.1683351 2.283084 0.3506599 0.1141657 2.640356 0.2408495 -0.1801939 2.369948 0.2418586 -0.4599307 2.41756 0.5517641 0.08030058 2.611798 0.5262495 -0.360683 2.618052 0.5419437 -0.7937061 2.564016 
0.5633399 0.7475227 2.723004 0.5316245 0.5310364 2.688722 0.4933247 0.3144185 2.658703 0.3710817 0.5562999 2.711249 0.2276265 0.3430557 2.789268 0.1038303 0.3672735 2.529407 0.6921673 0.5057729 2.666196 0.7894338 0.2016507 2.555413 0.7447282 0.1591121 2.268838 0.354487 0.1136215 2.642791 0.2492439 -0.005078682 2.30759 0.3117484 -0.3154471 2.316396 0.5555629 0.08197955 2.614577 0.5290822 -0.3602526 2.620282 0.5484059 -0.798483 2.559793 
0.5619501 0.7443999 2.730474 0.5315148 0.5305794 2.6942 0.4959587 0.3140267 2.660348 0.3704981 0.5535157 2.716598 0.2168156 0.3325288 2.782148 0.09031878 0.3510067 2.523344 0.6925315 0.5076431 2.671802 0.7702129 0.1928254 2.535185 0.7160918 0.1423732 2.250996 0.3597406 0.1118129 2.640499 0.2554589 0.1339216 2.284286 0.3742111 -0.1732625 2.234189 0.5610645 0.08313499 2.612494 0.5332976 -0.3595579 2.607831 0.5503038 -0.7994245 2.551926 
0.5625748 0.7262418 2.73421 0.5313184 0.5152838 2.6955 0.4955707 0.2996111 2.656576 0.3702667 0.5378186 2.718546 0.2098985 0.3187732 2.784577 0.08352355 0.3439587 2.530621 0.6923701 0.4927489 2.672454 0.7525937 0.1819066 2.522087 0.6820967 0.1238015 2.240212 0.3592387 0.0980125 2.632045 0.2531006 0.2205623 2.27885 0.4494767 -0.08952983 2.170301 0.5604075 0.06986436 2.603258 0.5380695 -0.3732179 2.589721 0.5437459 -0.8115592 2.54626 
0.5649341 0.7065038 2.732514 0.5384292 0.4942023 2.692163 0.5101043 0.2785194 2.647797 0.3764448 0.5111069 2.713399 0.1999752 0.3039402 2.798688 0.08060087 0.3360928 2.544355 0.7004136 0.4772978 2.670927 0.7357677 0.2179925 2.544729 0.6407256 0.173367 2.273822 0.3806463 0.07339066 2.61669 0.274978 0.316696 2.286963 0.566822 0.015673 2.123576 0.5829125 0.05228232 2.590173 0.5725198 -0.3911582 2.569512 0.5572973 -0.7987521 2.544039 
0.5635924 0.6916108 2.726284 0.5416609 0.478996 2.688274 0.5181636 0.262577 2.644534 0.3789637 0.4932175 2.70531 0.2004803 0.2904725 2.80039 0.08111587 0.3238171 2.556923 0.704358 0.4647745 2.671238 0.7347475 0.1968332 2.563077 0.6452104 0.1597719 2.289171 0.3930941 0.05503642 2.611429 0.2728869 0.316315 2.291811 0.5828089 0.02230347 2.121617 0.5962385 0.03727942 2.590158 0.5729186 -0.4058772 2.578696 0.5541528 -0.8090404 2.554767 
0.5673883 0.6928125 2.732092 0.5414919 0.4791251 2.692591 0.5149602 0.2632721 2.647585 0.3788238 0.4959921 2.707591 0.1982478 0.2922317 2.808163 0.08411911 0.3147134 2.564321 0.7041601 0.4622581 2.677592 0.7406135 0.1760967 2.538237 0.643786 0.1179963 2.241407 0.3869205 0.05794449 2.611939 0.2545362 0.3317612 2.29249 0.5574972 0.01225543 2.112394 0.5899361 0.03689389 2.593219 0.5525864 -0.4050845 2.576189 0.5371349 -0.7989033 2.560902 
