0.2144925 0.729229 2.776228 0.1623611 0.5193694 2.75299 0.1102751 0.3027015 2.7332 0.002717762 0.5604446 2.723455 -0.1735666 0.3054091 2.681875 -0.2511686 0.1544783 2.406047 0.3220044 0.4782942 2.782524 0.3776231 0.2186463 2.754219 0.3418503 0.1441851 2.481774 -0.03996913 0.111289 2.69525 -0.1550912 -0.3040218 2.77347 -0.3221319 -0.7685671 2.859793 0.1563474 0.06077804 2.731569 0.1134787 -0.3785443 2.659916 0.115 -0.7935612 2.669367 
0.2136685 0.7341731 2.778179 0.1636945 0.5221792 2.75397 0.1130244 0.3052697 2.73294 0.003731712 0.5624532 2.723993 -0.1707893 0.2987011 2.670946 -0.2458239 0.1532164 2.39107 0.3236573 0.4819055 2.783948 0.3783075 0.2058279 2.772615 0.3389166 0.1449533 2.495798 -0.03596279 0.1131134 2.693485 -0.1607072 -0.3039933 2.773742 -0.3273346 -0.7603675 2.862468 0.1606714 0.06360686 2.730335 0.1200963 -0.377012 2.664713 0.1168778 -0.7805065 2.668287 
0.2161772 0.7404203 2.778646 0.1666382 0.5269716 2.756285 0.1165744 0.3098316 2.736014 0.00617506 0.5666365 2.7277 -0.166394 0.2998472 2.67347 -0.242339 0.1589069 2.393059 0.3271013 0.4873067 2.78487 0.3806565 0.2139176 2.7628 0.3381895 0.1458699 2.488688 -0.0321724 0.1170852 2.698164 -0.171472 -0.3014953 2.745166 -0.3358013 -0.7491457 2.844304 0.1651938 0.06829822 2.733323 0.1268127 -0.3742582 2.681661 0.1177307 -0.7754558 2.671727 
0.2178259 0.7431222 2.779372 0.1698142 0.5296152 2.759136 0.1204874 0.3121969 2.740005 0.008397865 0.5683524 2.73509 -0.1646834 0.3004109 2.682721 -0.2499581 0.1613982 2.403011 0.3312305 0.490878 2.783182 0.3853454 0.2309665 2.735891 0.3455929 0.1455106 2.47216 -0.02817022 0.1186163 2.706077 -0.1741956 -0.2998603 2.70757 -0.3352988 -0.722029 2.79623 0.1704915 0.07094086 2.735671 0.1294797 -0.3727288 2.697909 0.1199034 -0.7784299 2.667722 
0.2233509 0.7548629 2.789803 0.1742981 0.5410032 2.768015 0.1247363 0.3239025 2.746185 0.01224525 0.579887 2.749231 -0.1618758 0.3067448 2.707866 -0.2606136 0.1760572 2.436356 0.3363509 0.5021195 2.786799 0.3881236 0.2399616 2.712452 0.3531715 0.1480386 2.450825 -0.02455393 0.130731 2.712795 -0.1801548 -0.2768894 2.65109 -0.3130856 -0.6641607 2.729881 0.1749028 0.08287236 2.735914 0.1275393 -0.3609563 2.708435 0.1192348 -0.7696046 2.665949 
0.2237353 0.7563143 2.795443 0.1751533 0.543709 2.773623 0.1260097 0.3265192 2.751617 0.01236973 0.5818237 2.760975 -0.1649403 0.3138769 2.716424 -0.2801564 0.1747098 2.459982 0.3379369 0.5055944 2.786272 0.3845578 0.2509792 2.703219 0.3471911 0.1588995 2.44169 -0.02332381 0.1327881 2.721826 -0.179875 -0.2557264 2.592185 -0.2685847 -0.5995682 2.650605 0.1770559 0.0858705 2.737396 0.1232539 -0.3577711 2.721156 0.1166119 -0.7807999 2.66733 
0.2243485 0.7612594 2.795198 0.1747956 0.5478273 2.780205 0.1240331 0.3306009 2.76319 0.01158893 0.5862691 2.776337 -0.1729625 0.3184411 2.741368 -0.3072647 0.171588 2.496596 0.3380022 0.5093856 2.784072 0.3779209 0.2567574 2.702078 0.3291275 0.1675983 2.442631 -0.02714087 0.1370255 2.743795 -0.1903469 -0.1168294 2.448197 -0.1840087 -0.4676951 2.526701 0.1736822 0.0897235 2.748554 0.108113 -0.3513773 2.715713 0.1090495 -0.7880822 2.667987 
0.221976 0.7597613 2.809183 0.1728484 0.5472724 2.787127 0.1220351 0.3305398 2.765111 0.00956739 0.5857847 2.784854 -0.1850002 0.3082429 2.744187 -0.3237243 0.164001 2.49929 0.3361294 0.5087602 2.789399 0.3719332 0.2628661 2.696542 0.3298925 0.1613985 2.441952 -0.02921242 0.137496 2.741697 -0.1873571 -0.00655777 2.388953 -0.123188 -0.3634906 2.447705 0.171656 0.09011816 2.744493 0.1049679 -0.3510658 2.712328 0.1093683 -0.7903072 2.665532 
0.2174391 0.7596549 2.826149 0.1701651 0.5472791 2.795392 0.1206331 0.3311851 2.76617 0.006689236 0.5850954 2.79284 -0.1739952 0.3284945 2.773923 -0.3213919 0.1781418 2.537734 0.333641 0.5094628 2.797944 0.3624717 0.2559364 2.681261 0.3158412 0.1515432 2.425181 -0.02946733 0.1383552 2.735377 -0.1858426 0.09684387 2.360702 -0.05525809 -0.2601226 2.369578 0.1716695 0.09182689 2.738517 0.1110503 -0.3501553 2.704577 0.108702 -0.7861509 2.663318 
0.2135254 0.7479877 2.813623 0.1658432 0.5341933 2.791363 0.1160168 0.3174374 2.76818 0.002308273 0.5718791 2.790488 -0.1819729 0.3382181 2.800961 -0.3427496 0.1750042 2.552557 0.3293781 0.4965074 2.792238 0.3397705 0.2429836 2.639133 0.2801761 0.1296836 2.371062 -0.03442895 0.1238687 2.744458 -0.1897567 0.1695037 2.376099 0.0180356 -0.1919795 2.324037 0.1668098 0.07749422 2.745535 0.1122082 -0.3648838 2.706789 0.1019778 -0.8002577 2.678156 
0.2075616 0.7379351 2.818353 0.157987 0.5237992 2.793194 0.1075026 0.3074501 2.7672 -0.005476288 0.5617542 2.794765 -0.15451 0.3100056 2.801497 -0.2872977 0.142271 2.601832 0.3214503 0.4858443 2.791623 0.3319964 0.2465484 2.620972 0.2658345 0.1123743 2.355308 -0.04356619 0.1144559 2.742172 -0.1855715 0.2370764 2.37822 0.0903246 -0.1111652 2.271189 0.1576025 0.0677461 2.740238 0.1121723 -0.3735987 2.685099 0.09818887 -0.7961909 2.668773 
0.2005475 0.726767 2.831282 0.1513374 0.5157222 2.797537 0.1014003 0.300372 2.763983 -0.01222354 0.5529 2.802351 -0.1791749 0.2969493 2.811478 -0.3361145 0.1145945 2.578129 0.3148984 0.4785444 2.792723 0.3238777 0.2461985 2.61218 0.2648118 0.0837316 2.35734 -0.04918906 0.1079003 2.73339 -0.1733239 0.2836959 2.378465 0.1461241 -0.05392493 2.24195 0.1521155 0.06214328 2.727466 0.1185368 -0.3800683 2.67025 0.1017341 -0.7893386 2.657256 
0.1988953 0.7199018 2.840217 0.1435105 0.5103382 2.802552 0.0875989 0.297062 2.764884 -0.0188747 0.5508394 2.814267 -0.2046064 0.2904446 2.823855 -0.3634232 0.1244745 2.59393 0.3058957 0.4698371 2.790837 0.3191474 0.2451378 2.60599 0.2583793 0.06301442 2.359889 -0.06823996 0.1087091 2.734426 -0.1658456 0.3181455 2.399045 0.1775164 -0.008259735 2.233666 0.1316146 0.05886253 2.720007 0.1148573 -0.3856641 2.673725 0.101172 -0.7896261 2.669661 
0.1992027 0.7177765 2.841725 0.1406158 0.5089893 2.80397 0.08113251 0.2965599 2.766877 -0.02080134 0.5512172 2.820986 -0.2122384 0.2818396 2.831616 -0.3726225 0.124765 2.599538 0.3020329 0.4667614 2.786953 0.315081 0.2160611 2.589047 0.2483184 0.06448288 2.326942 -0.07770598 0.1101226 2.740258 -0.1677746 0.306713 2.390944 0.1644064 -0.03998956 2.224755 0.1210044 0.05813852 2.71931 0.1134143 -0.3859262 2.666504 0.09895492 -0.7884617 2.667017 
