0.2114478 0.7232122 2.838037 0.1654492 0.5159734 2.785533 0.1177118 0.3020664 2.740572 0.007252056 0.55876 2.749937 -0.1907018 0.3032739 2.618614 -0.2435548 0.197502 2.337634 0.3236464 0.4731868 2.82113 0.3967603 0.1928304 2.540197 0.3932088 0.1174764 2.247302 -0.02728258 0.1144639 2.673727 -0.1588053 -0.2995967 2.764016 -0.3468807 -0.7691675 2.876844 0.1672313 0.06185478 2.717496 0.1416662 -0.3743047 2.623005 0.1044542 -0.771992 2.678147 
0.2057013 0.7244914 2.84056 0.1614155 0.5184205 2.787298 0.114665 0.3043536 2.741965 0.001739414 0.5597003 2.75704 -0.191355 0.3041485 2.627293 -0.2499132 0.1957847 2.349432 0.3210917 0.4771409 2.817556 0.3978723 0.1974131 2.542581 0.3905204 0.1210198 2.243039 -0.03035127 0.1156904 2.678011 -0.1633654 -0.3040627 2.740548 -0.3582872 -0.7583232 2.857311 0.1661803 0.06488279 2.715253 0.1439548 -0.3737985 2.631645 0.1048147 -0.7644074 2.678488 
0.2073148 0.7316297 2.84284 0.1613458 0.5229107 2.789919 0.1144097 0.3087216 2.745305 0.0005808373 0.5633838 2.764742 -0.1866677 0.3115629 2.648646 -0.2560236 0.202327 2.371988 0.3221108 0.4824374 2.815095 0.392949 0.1957121 2.534795 0.3866003 0.1239911 2.225291 -0.0314458 0.1194359 2.685199 -0.1588411 -0.3045963 2.693963 -0.3417531 -0.7255148 2.816207 0.1663928 0.06962933 2.716182 0.1413527 -0.3717507 2.650273 0.1062067 -0.7639952 2.685822 
0.2066206 0.7401863 2.843983 0.1610252 0.5300809 2.793941 0.1138281 0.3158079 2.749982 -0.0009002075 0.5694321 2.775981 -0.1928214 0.3172666 2.674823 -0.2714012 0.2118144 2.40062 0.3229507 0.4907297 2.811901 0.3929908 0.2053627 2.556406 0.3832777 0.1316686 2.245654 -0.03305144 0.1257598 2.694967 -0.1550719 -0.2931206 2.637042 -0.3009377 -0.671311 2.746275 0.1663135 0.07731004 2.717079 0.1386559 -0.3660696 2.668104 0.105398 -0.7616796 2.683841 
0.206504 0.7482212 2.843562 0.1601432 0.5369058 2.798091 0.112199 0.3221126 2.757769 -0.002674625 0.575089 2.788287 -0.197836 0.318045 2.693909 -0.2885232 0.2106257 2.430948 0.322961 0.4987226 2.807895 0.390099 0.2197253 2.566231 0.3772569 0.1375754 2.252344 -0.03597843 0.1308256 2.711411 -0.1394206 -0.2738103 2.581579 -0.2396565 -0.6037424 2.653686 0.1644881 0.08381324 2.723483 0.1288907 -0.3605197 2.69328 0.1069481 -0.7691779 2.684879 
0.205097 0.7520398 2.844355 0.1589562 0.5413827 2.80121 0.1100388 0.3266495 2.761667 -0.004225983 0.5793502 2.796899 -0.2064077 0.3175068 2.718965 -0.3124883 0.2016598 2.461094 0.3221384 0.5034153 2.80552 0.3767036 0.2887195 2.614308 0.3654439 0.19737 2.336527 -0.03924315 0.135268 2.719474 -0.1174703 -0.192348 2.471052 -0.1677526 -0.5134745 2.539661 0.161486 0.0885645 2.724776 0.1241271 -0.3563209 2.70018 0.1078295 -0.7735321 2.679028 
0.2008964 0.7545895 2.847259 0.1540279 0.5441533 2.805971 0.103551 0.329485 2.768075 -0.009197579 0.5822844 2.807385 -0.2026817 0.3242215 2.751505 -0.330762 0.2016885 2.506146 0.3172533 0.5060223 2.804557 0.381131 0.2532247 2.562293 0.3659067 0.146603 2.256793 -0.04734362 0.1382752 2.73105 -0.1096485 -0.04640424 2.403557 -0.09878971 -0.3984675 2.439361 0.1534918 0.09135811 2.72931 0.1157144 -0.3538725 2.708221 0.1043418 -0.7763202 2.683387 
0.1955598 0.7540897 2.857189 0.1482582 0.5448416 2.813025 0.09793238 0.3304714 2.773269 -0.01512402 0.5821487 2.81868 -0.2123604 0.3186333 2.768256 -0.355029 0.1972005 2.523292 0.3116405 0.5075347 2.807369 0.3760374 0.2511002 2.555144 0.3617532 0.1456889 2.246598 -0.05289149 0.1390489 2.736992 -0.09885639 0.07756685 2.366407 -0.02892697 -0.2889648 2.341309 0.1481045 0.09315319 2.730035 0.1163136 -0.3528002 2.714004 0.1087611 -0.7827392 2.675129 
0.1910124 0.7497862 2.861649 0.1425731 0.540364 2.817106 0.09279279 0.3259652 2.776775 -0.02093549 0.5766057 2.826263 -0.2121854 0.3103229 2.788126 -0.3659966 0.192719 2.545928 0.3060816 0.5041223 2.80795 0.3630111 0.2400487 2.540564 0.3523381 0.141539 2.233725 -0.05757078 0.1338608 2.742077 -0.09578205 0.1742081 2.359318 0.05218266 -0.1990577 2.270269 0.1435958 0.08927213 2.730811 0.1193442 -0.3565147 2.703761 0.1125614 -0.7871583 2.677477 
0.1878586 0.736631 2.863925 0.1358876 0.526988 2.818257 0.08306726 0.3137284 2.775949 -0.02697831 0.564591 2.832046 -0.2160216 0.30128 2.806327 -0.3703489 0.1877934 2.561189 0.2987534 0.4893849 2.804467 0.3549756 0.2274995 2.534831 0.339847 0.1262055 2.222268 -0.06997257 0.1236079 2.742127 -0.1099366 0.2409431 2.366172 0.1280458 -0.1151897 2.230147 0.1304665 0.07732978 2.725156 0.1256312 -0.3672733 2.682167 0.102902 -0.7885839 2.6737 
0.1849934 0.7172098 2.865042 0.1311923 0.5081402 2.817876 0.07655753 0.2957901 2.773363 -0.03127794 0.546439 2.834585 -0.2185241 0.2956563 2.812679 -0.3722204 0.1836755 2.572082 0.2936625 0.4698415 2.801167 0.3434673 0.2222345 2.524935 0.3232854 0.1091022 2.215154 -0.07802479 0.1070004 2.739128 -0.11181 0.2790107 2.373517 0.1861812 -0.04505575 2.225005 0.1218703 0.05987956 2.71857 0.1452591 -0.3828542 2.668438 0.10546 -0.7922871 2.672553 
0.1887146 0.7057305 2.865581 0.1304606 0.4964059 2.81875 0.07252144 0.2850862 2.773557 -0.03141663 0.537178 2.835635 -0.2266245 0.2819408 2.804008 -0.376467 0.1617524 2.567997 0.2923379 0.4556338 2.801865 0.3287391 0.2091121 2.512471 0.314058 0.1002689 2.20458 -0.08500757 0.09885019 2.738752 -0.1188166 0.308662 2.37686 0.1874266 0.01288773 2.2419 0.114172 0.04868271 2.717977 0.1499899 -0.3941683 2.67195 0.1078185 -0.7881194 2.678462 
0.1933787 0.7042498 2.866341 0.1322782 0.4930836 2.821174 0.07302205 0.2814632 2.779232 -0.02933578 0.5349783 2.838122 -0.2299003 0.2741296 2.798909 -0.377038 0.1692354 2.555937 0.2938922 0.4511889 2.804225 0.3243687 0.1975562 2.526722 0.3059643 0.1032144 2.220777 -0.08566087 0.09561697 2.747717 -0.1155715 0.3081751 2.36908 0.2045502 -0.01921207 2.2281 0.1131926 0.04406882 2.726862 0.1560801 -0.3987444 2.682873 0.1162676 -0.7815752 2.685421 
