0.5412946 0.6948543 2.693758 0.521768 0.4889445 2.660022 0.4966355 0.2698729 2.633961 0.3629785 0.5112034 2.626043 0.1977133 0.3176861 2.690119 0.1370528 0.319048 2.406877 0.6805573 0.4666856 2.694002 0.7707161 0.1671716 2.588926 0.7387413 0.1414743 2.283563 0.3725973 0.06466571 2.586735 0.231408 -0.3321993 2.7021 0.05973633 -0.7931973 2.811881 0.5704089 0.03693671 2.629066 0.5112903 -0.3918782 2.531646 0.5293375 -0.802124 2.573189 
0.5445938 0.697942 2.706929 0.5218731 0.4880774 2.664806 0.4957578 0.2699966 2.631948 0.3610512 0.5107552 2.642111 0.1905609 0.3115267 2.679797 0.13425 0.3128422 2.399064 0.682695 0.4653996 2.6875 0.7700325 0.1542108 2.589019 0.734232 0.1359294 2.285217 0.3692262 0.06607579 2.58492 0.2237511 -0.341406 2.676101 0.0544965 -0.7758989 2.801894 0.5700588 0.03775597 2.613261 0.5263123 -0.3968336 2.535105 0.5392255 -0.7846902 2.555344 
0.5523294 0.7080471 2.712952 0.5281248 0.4970195 2.668358 0.5008693 0.2793768 2.633356 0.3667701 0.5202598 2.649493 0.1947585 0.3122813 2.680905 0.1456385 0.3306736 2.405106 0.6894795 0.4737791 2.687223 0.7799879 0.1655901 2.594529 0.7403204 0.1423428 2.293765 0.3729901 0.07622722 2.58659 0.2226365 -0.3356206 2.637756 0.06474875 -0.7525067 2.75565 0.5742375 0.04724095 2.610119 0.5316157 -0.3910226 2.560741 0.5423072 -0.7799352 2.560659 
0.5664881 0.7289505 2.718463 0.538831 0.517962 2.673461 0.5103732 0.3004692 2.638222 0.3766164 0.5409175 2.66278 0.208446 0.3323115 2.711483 0.1518186 0.3455485 2.427281 0.7010455 0.4950065 2.684142 0.7850051 0.1851509 2.592399 0.7351763 0.1594193 2.297647 0.3806853 0.09730179 2.596317 0.2274218 -0.3145289 2.563058 0.1058048 -0.6983626 2.663205 0.5831454 0.06865097 2.609648 0.5251871 -0.3706961 2.604422 0.5450841 -0.7862096 2.558044 
0.5704485 0.7364596 2.71971 0.5420502 0.5259391 2.676372 0.5132615 0.3082125 2.642868 0.3794985 0.548227 2.671209 0.2137495 0.3411298 2.725741 0.1416936 0.3634563 2.445657 0.704602 0.5036512 2.681535 0.792035 0.1975925 2.58271 0.7315789 0.1725086 2.288401 0.383015 0.1043972 2.606141 0.240281 -0.3014281 2.518586 0.1604605 -0.6332369 2.572052 0.5859304 0.07657495 2.612586 0.5255025 -0.3628263 2.619694 0.5442916 -0.7874987 2.558025 
0.5752399 0.743524 2.718868 0.5444868 0.532635 2.677346 0.5124544 0.3155149 2.64298 0.3820982 0.5567595 2.676292 0.2203644 0.3455667 2.739902 0.1319905 0.3716379 2.465883 0.7068754 0.5085105 2.678401 0.7860057 0.2047855 2.565899 0.7130771 0.1820981 2.273624 0.379094 0.1134481 2.607956 0.2653292 -0.2802918 2.458579 0.2235967 -0.5346219 2.459921 0.5817501 0.08334145 2.609271 0.5128523 -0.3546917 2.626908 0.5380615 -0.7914293 2.552728 
0.5775385 0.7463369 2.718451 0.544604 0.5362407 2.680523 0.5095273 0.3191167 2.649498 0.3824984 0.5618792 2.684371 0.2252224 0.351733 2.761502 0.1263561 0.3691371 2.492059 0.7067097 0.5106022 2.676675 0.781055 0.2099169 2.554482 0.6991711 0.1776037 2.262697 0.3732813 0.1179936 2.620874 0.2834593 -0.2024658 2.364514 0.2899778 -0.4167854 2.359931 0.5756198 0.08599191 2.616071 0.4973018 -0.3501402 2.642214 0.535981 -0.7964439 2.561287 
0.5756475 0.7389529 2.709363 0.5383885 0.5285277 2.677757 0.4969342 0.3120507 2.650932 0.3771823 0.5581356 2.687943 0.2148269 0.3551507 2.770937 0.09497127 0.3637832 2.51484 0.6995947 0.4989198 2.667571 0.7617913 0.1974929 2.530635 0.6802009 0.1633782 2.230847 0.3548997 0.1140467 2.630462 0.2814444 0.08304283 2.288774 0.3715741 -0.2167871 2.234628 0.5560601 0.07710055 2.617751 0.4957544 -0.3625148 2.633304 0.5350252 -0.8086647 2.559118 
0.5729346 0.7286357 2.704146 0.5369772 0.5177387 2.673919 0.496918 0.3013394 2.644123 0.3756321 0.5459124 2.686222 0.2073972 0.3495944 2.780466 0.08990923 0.3564486 2.522854 0.6983225 0.489565 2.661615 0.7473727 0.1917373 2.510798 0.6634885 0.1448153 2.212526 0.3561871 0.1025191 2.622004 0.2924285 0.1894596 2.275958 0.4429933 -0.1229553 2.171385 0.5575303 0.06736106 2.60665 0.5166278 -0.3739785 2.601316 0.5446801 -0.8077143 2.541396 
0.5744147 0.7116086 2.702049 0.5358735 0.4998363 2.669374 0.4956174 0.2844563 2.6334 0.3745998 0.5275869 2.683699 0.2026651 0.3328323 2.792239 0.07661761 0.3433017 2.533539 0.6971473 0.4720857 2.655048 0.7298744 0.2072482 2.540134 0.6628535 0.1645459 2.260671 0.3547296 0.08639213 2.606366 0.2841414 0.2658694 2.287086 0.5069238 -0.04233801 2.134299 0.5559927 0.05176061 2.588488 0.5248047 -0.3904581 2.572992 0.5400782 -0.8111005 2.536093 
0.5786564 0.6986614 2.711048 0.53067 0.4903924 2.671467 0.4796794 0.2795399 2.626166 0.3712337 0.5252638 2.688619 0.2047838 0.3179913 2.796993 0.06676822 0.3334288 2.54188 0.6901063 0.4555209 2.654315 0.7275006 0.1861293 2.552114 0.6619945 0.1576885 2.270485 0.329253 0.0904358 2.591563 0.2573546 0.3275971 2.303381 0.5317459 0.02849335 2.123488 0.5281246 0.0469391 2.570168 0.5077865 -0.396575 2.561317 0.5170195 -0.7989874 2.539025 
0.5780074 0.6851143 2.70503 0.5256109 0.4777683 2.669103 0.4683519 0.2681767 2.624503 0.367405 0.5168005 2.688786 0.1973843 0.3109885 2.796026 0.06255121 0.3266307 2.536373 0.6838167 0.4387361 2.64942 0.7288717 0.1701249 2.548261 0.6600255 0.151082 2.266636 0.3124477 0.08292267 2.592176 0.2547113 0.3227947 2.318044 0.546907 0.02624283 2.123597 0.5097381 0.03424756 2.56763 0.5152494 -0.4088796 2.573843 0.5255497 -0.8063097 2.555203 
