0.2122114 0.7382564 2.833178 0.165711 0.5289607 2.785842 0.1178662 0.3144712 2.743784 0.01088938 0.5727619 2.738588 -0.1762404 0.3012671 2.617871 -0.2078869 0.2152712 2.337681 0.3205326 0.4851595 2.833097 0.3621051 0.1886978 2.585861 0.3464492 0.08587031 2.280354 -0.02516399 0.1269111 2.672672 -0.1543288 -0.2914467 2.734703 -0.3348762 -0.7592781 2.841157 0.1652067 0.07305252 2.730778 0.116543 -0.3666621 2.663629 0.1093371 -0.7672472 2.670701 
0.2138755 0.7355742 2.824885 0.1644711 0.5259557 2.786521 0.1139094 0.3108997 2.751197 0.008256947 0.5697142 2.743716 -0.1810286 0.3047785 2.63397 -0.2155354 0.213895 2.359707 0.3206852 0.4821973 2.829327 0.3605714 0.1939435 2.610724 0.3392514 0.08586796 2.31093 -0.03276376 0.1227662 2.689537 -0.1615099 -0.3019219 2.676996 -0.3320944 -0.7396255 2.803449 0.1594591 0.0689211 2.742209 0.110193 -0.3718945 2.683704 0.1115395 -0.7803925 2.679701 
0.2138338 0.7443887 2.824486 0.1650842 0.5325499 2.791134 0.1155806 0.3168097 2.758554 0.007474083 0.5746266 2.751988 -0.1834845 0.3093637 2.65046 -0.2340752 0.2093213 2.383332 0.3226944 0.4904733 2.830279 0.3778211 0.2054872 2.728857 0.3472748 0.1350393 2.423377 -0.03091412 0.1269629 2.701885 -0.1555308 -0.2911629 2.631575 -0.3102237 -0.698398 2.745652 0.1630678 0.07517622 2.750064 0.1138508 -0.365961 2.693415 0.1132277 -0.7686477 2.68248 
0.2131591 0.74528 2.825307 0.1649317 0.5337476 2.794666 0.1152522 0.3176486 2.764803 0.005406063 0.5747069 2.763654 -0.1851856 0.3106175 2.67122 -0.2505833 0.2023041 2.406321 0.3244574 0.4927883 2.825677 0.3839882 0.2307768 2.777439 0.3479189 0.1598868 2.476521 -0.03268403 0.1267778 2.71584 -0.152318 -0.2777706 2.588079 -0.2638565 -0.6429857 2.660111 0.1638294 0.07632167 2.754042 0.1080975 -0.364046 2.697501 0.1065557 -0.7742923 2.682815 
0.2098321 0.7510553 2.8357 0.1629321 0.5383967 2.802807 0.1139405 0.3222661 2.771929 0.002104393 0.5784225 2.777819 -0.1936072 0.3098302 2.698598 -0.2777399 0.2010495 2.445248 0.3237599 0.4983709 2.827796 0.3844717 0.2418789 2.791208 0.3416139 0.1712791 2.4966 -0.03400387 0.1307623 2.725676 -0.1400998 -0.2454273 2.528799 -0.1975291 -0.5459065 2.562891 0.1639017 0.08150877 2.756425 0.1064386 -0.3592068 2.704359 0.103501 -0.7690099 2.683326 
0.2079445 0.7562417 2.839401 0.16125 0.5424284 2.806755 0.1127444 0.3260608 2.776712 -0.0004389572 0.5815842 2.78581 -0.1992945 0.3014071 2.716289 -0.3038013 0.2003115 2.462507 0.322939 0.5032724 2.8277 0.3787472 0.2579447 2.7811 0.339994 0.1686752 2.50186 -0.03521041 0.1337768 2.733786 -0.1234809 -0.1531242 2.437679 -0.126734 -0.4269419 2.47416 0.1636879 0.08560989 2.759551 0.1054093 -0.3555227 2.712024 0.1034603 -0.7719985 2.683098 
0.1996203 0.7573827 2.841729 0.1552718 0.544585 2.809525 0.1090305 0.3276431 2.780104 -0.007428429 0.581551 2.792666 -0.2081396 0.3032033 2.732611 -0.3246105 0.1951185 2.480548 0.317972 0.5076189 2.826384 0.3753817 0.2534778 2.776022 0.3378232 0.1656852 2.502748 -0.03731097 0.1334444 2.740311 -0.1322114 0.01658657 2.388818 -0.06733798 -0.2833223 2.391059 0.1628893 0.08795824 2.761055 0.1048754 -0.3529964 2.711374 0.1044915 -0.7731871 2.681995 
0.1934504 0.7545584 2.854766 0.149777 0.5438988 2.814889 0.1048226 0.3277856 2.778742 -0.01323768 0.5804304 2.79921 -0.2268272 0.3001445 2.751624 -0.339534 0.1745763 2.513365 0.3127916 0.507367 2.830568 0.3571261 0.261884 2.750762 0.3205834 0.1638745 2.491906 -0.04041163 0.1341452 2.732949 -0.1381288 0.2102089 2.352569 0.02783951 -0.1357683 2.275129 0.160148 0.08919956 2.752239 0.1102185 -0.3522472 2.69851 0.1076583 -0.7746617 2.668937 
0.1858846 0.7453637 2.849473 0.1496728 0.5336623 2.812944 0.1134995 0.315754 2.778615 -0.01430552 0.5637168 2.794956 -0.2350337 0.2877408 2.75158 -0.357169 0.1679506 2.514843 0.3136511 0.5036077 2.830932 0.342617 0.2743342 2.703489 0.3018184 0.1469822 2.452559 -0.02333926 0.116296 2.733243 -0.1239503 0.2478084 2.374065 0.1160339 -0.09668021 2.250845 0.1779917 0.07939529 2.755328 0.1373798 -0.3624607 2.697935 0.1263319 -0.7832246 2.684288 
0.1846536 0.7347717 2.846808 0.1505634 0.5229244 2.811148 0.1174326 0.3046598 2.775436 -0.01361645 0.5510784 2.79139 -0.2335908 0.2775548 2.756217 -0.366851 0.171615 2.519205 0.3147433 0.4947704 2.830906 0.333169 0.2753673 2.677729 0.3047149 0.1192589 2.439128 -0.01653366 0.1036867 2.727589 -0.1379764 0.2896857 2.377715 0.1640156 -0.03355856 2.230105 0.185137 0.06910367 2.751859 0.1313689 -0.3688671 2.680159 0.1186746 -0.7884612 2.677081 
0.1832537 0.7217512 2.844962 0.1481342 0.5111162 2.810185 0.1142127 0.2928107 2.775034 -0.01621769 0.5395855 2.79198 -0.2325298 0.2690929 2.765248 -0.3640136 0.1594551 2.528457 0.3124862 0.4826469 2.828391 0.3291277 0.2719226 2.66605 0.3058566 0.09986649 2.434989 -0.02073646 0.09200533 2.728692 -0.1500278 0.3019535 2.391287 0.1864682 -0.00966864 2.230482 0.181319 0.05700496 2.751074 0.1240838 -0.3786083 2.668027 0.1068732 -0.787665 2.678963 
0.1817284 0.7135234 2.845045 0.1463549 0.5034673 2.809512 0.1119428 0.2852242 2.77422 -0.01839072 0.5317695 2.795131 -0.2274468 0.2695284 2.766352 -0.3692557 0.146427 2.543267 0.3111005 0.475165 2.823893 0.3288569 0.2643667 2.657478 0.2947664 0.0906962 2.426956 -0.02381185 0.08439108 2.730082 -0.1519853 0.2992017 2.387483 0.1927627 -0.01060934 2.23808 0.1788731 0.04957107 2.747775 0.1249911 -0.3860372 2.661523 0.1093885 -0.7847136 2.67357 
0.1814437 0.7167936 2.844118 0.1436607 0.5053872 2.808073 0.106413 0.28748 2.773601 -0.0211429 0.5350994 2.798328 -0.2252412 0.2681949 2.768838 -0.3671083 0.141017 2.547452 0.3084643 0.4756752 2.817818 0.3294415 0.257686 2.657771 0.2869696 0.09633948 2.424103 -0.03224277 0.08785542 2.733133 -0.1644064 0.2848773 2.376588 0.1599676 -0.02902823 2.244387 0.1705733 0.05129012 2.745125 0.1174461 -0.387132 2.675194 0.1051408 -0.7764245 2.672281 
