0.4816319 0.7192926 2.728865 0.4606438 0.5096654 2.684328 0.4394115 0.2913333 2.649281 0.2973114 0.5263825 2.679137 0.1436488 0.3039407 2.692377 0.09117547 0.3050829 2.406871 0.6239761 0.4929484 2.68952 0.7162074 0.1732878 2.603883 0.6795004 0.1211166 2.289311 0.3162593 0.08343263 2.610993 0.1994793 -0.3311785 2.71232 0.05530414 -0.7885393 2.782277 0.520099 0.06256966 2.617473 0.5001484 -0.3716063 2.527438 0.5246859 -0.7767066 2.57956 
0.486154 0.7190697 2.723907 0.46434 0.5086042 2.682706 0.4423552 0.2899694 2.650073 0.3010638 0.5258874 2.676911 0.1503194 0.3039741 2.68469 0.1002545 0.3094785 2.400321 0.6276163 0.4913211 2.688501 0.7125984 0.1711413 2.615437 0.6802863 0.1205392 2.302139 0.31849 0.0821189 2.613825 0.2014777 -0.3369072 2.697679 0.05299905 -0.7914431 2.780937 0.5222507 0.06055035 2.621057 0.5111601 -0.3754074 2.537848 0.5291917 -0.7775565 2.583508 
0.4986699 0.725046 2.730917 0.4757338 0.5144467 2.686943 0.4514981 0.2964172 2.651992 0.3127324 0.5337003 2.679865 0.15667 0.3039808 2.680324 0.1143931 0.3238918 2.401744 0.6387352 0.495193 2.694022 0.7248105 0.1730783 2.627217 0.6955646 0.1192789 2.315756 0.3255371 0.09040347 2.612624 0.1989473 -0.3305069 2.64826 0.04444592 -0.7727796 2.752855 0.5289876 0.06637198 2.621459 0.5263925 -0.3720501 2.552289 0.5357527 -0.7689486 2.581363 
0.52126 0.7364951 2.736439 0.498362 0.5259043 2.692404 0.4728151 0.3083886 2.655117 0.3356971 0.5467195 2.682426 0.1826715 0.316492 2.692325 0.1303251 0.3377464 2.413341 0.6610268 0.5050891 2.702382 0.7529574 0.182023 2.622552 0.7146164 0.1349354 2.307456 0.3457544 0.1038629 2.611602 0.196995 -0.3107187 2.581271 0.05661665 -0.7392871 2.679375 0.5487821 0.07788272 2.624056 0.548358 -0.3633486 2.573751 0.5453214 -0.7732801 2.584796 
0.5336501 0.743884 2.737698 0.5120193 0.5320107 2.694855 0.4873861 0.3142004 2.658665 0.3493211 0.5522071 2.684046 0.1833339 0.330248 2.701663 0.138313 0.3479242 2.422751 0.6747175 0.5118145 2.705664 0.7654763 0.1925092 2.62878 0.7182758 0.1492746 2.314815 0.3612242 0.1089931 2.615731 0.2018158 -0.2927712 2.534885 0.09288457 -0.688756 2.610015 0.5642815 0.08378699 2.629221 0.5627273 -0.3586555 2.591625 0.5503722 -0.7716895 2.589045 
0.5453563 0.746071 2.738298 0.5252582 0.5343166 2.698317 0.5027163 0.3160502 2.663593 0.3621475 0.5522974 2.69118 0.1911841 0.3416151 2.722299 0.1427094 0.3629344 2.442715 0.6883688 0.5163357 2.705453 0.7727574 0.2022679 2.618871 0.7126948 0.1648702 2.306604 0.3783529 0.1090084 2.624414 0.2135059 -0.2697284 2.481608 0.151344 -0.6074269 2.522623 0.581996 0.08655934 2.633324 0.5660125 -0.3555631 2.596217 0.5526474 -0.7760249 2.58604 
0.5566667 0.7484207 2.738674 0.534169 0.535648 2.70077 0.5088998 0.3175414 2.666984 0.3711141 0.5546775 2.699876 0.1986071 0.3407834 2.738699 0.1275606 0.3616123 2.462898 0.6972238 0.5166187 2.701664 0.7778977 0.2031387 2.610484 0.70664 0.1671047 2.29824 0.3818186 0.1113168 2.632641 0.2367412 -0.2527249 2.439059 0.2040216 -0.4889183 2.424716 0.5854428 0.0875526 2.633757 0.5468577 -0.3534365 2.607486 0.5424286 -0.7894044 2.567934 
0.5662593 0.7497188 2.747838 0.5413844 0.537231 2.705692 0.5142401 0.3199299 2.668483 0.3784354 0.5569805 2.709227 0.2027623 0.3439269 2.759367 0.1190599 0.3638465 2.488654 0.7043334 0.5174816 2.702156 0.7714 0.2005359 2.585275 0.6961702 0.165703 2.272796 0.3854152 0.1149525 2.63348 0.2530238 -0.1586786 2.343327 0.2703158 -0.3689719 2.304036 0.5887766 0.09030514 2.629068 0.5414759 -0.3504845 2.608902 0.5438494 -0.7919323 2.55701 
0.5785185 0.7463657 2.759436 0.5481119 0.5373391 2.710999 0.5169829 0.3219635 2.666559 0.3854927 0.5593587 2.718193 0.176418 0.3687529 2.797587 0.1038659 0.3638115 2.52187 0.7107312 0.5153195 2.703804 0.7443234 0.1976143 2.555097 0.6635997 0.1529748 2.246435 0.3843875 0.120327 2.626608 0.2018058 0.132585 2.28812 0.3388788 -0.1579883 2.201798 0.5873203 0.09284874 2.617631 0.5401843 -0.3485578 2.601701 0.5377186 -0.7940241 2.549459 
0.5776893 0.7332347 2.749201 0.546349 0.5225471 2.704828 0.5143801 0.306853 2.662446 0.3839279 0.5445091 2.715572 0.1572282 0.3653555 2.801301 0.09321055 0.3615906 2.523394 0.7087702 0.5005851 2.694084 0.7386861 0.1933187 2.545058 0.6481105 0.1359252 2.241237 0.3810442 0.1048653 2.626769 0.2003979 0.2087628 2.299816 0.4024344 -0.09552389 2.163155 0.5837782 0.07745235 2.613358 0.5395045 -0.3641544 2.593701 0.5377813 -0.811998 2.549434 
0.5821236 0.7182079 2.744692 0.5473841 0.5072658 2.700629 0.5119716 0.2925972 2.65593 0.3856049 0.5307191 2.716161 0.1940095 0.3143359 2.791164 0.0850789 0.353425 2.535986 0.7091633 0.4838124 2.685096 0.7359045 0.2167148 2.573926 0.652956 0.1643977 2.300435 0.3755715 0.09256888 2.620927 0.2023593 0.2743124 2.300477 0.4678775 -0.02183093 2.131646 0.5775467 0.06328824 2.601535 0.5434489 -0.3777887 2.565244 0.5354249 -0.8104519 2.543021 
0.5836266 0.7005137 2.743301 0.5470861 0.489989 2.697038 0.5099865 0.2763371 2.648972 0.3856891 0.5137688 2.715911 0.2091932 0.2800692 2.791738 0.08302107 0.3454232 2.546406 0.7084832 0.4662092 2.678164 0.7388403 0.1965948 2.574234 0.6518095 0.1518588 2.300666 0.3721779 0.07752334 2.612683 0.2165328 0.3047845 2.314365 0.5117919 0.01771289 2.11895 0.5735959 0.04784701 2.58913 0.5525517 -0.3941637 2.553725 0.5354329 -0.8096018 2.542474 
0.5836738 0.6874112 2.730639 0.5499567 0.4745103 2.691009 0.5159829 0.2593963 2.647565 0.3881178 0.4965593 2.708393 0.2278731 0.2580121 2.800753 0.08127412 0.32436 2.564088 0.7117954 0.4524612 2.673625 0.7357736 0.1801488 2.575207 0.6501521 0.1482914 2.299401 0.3810292 0.05803978 2.614969 0.235877 0.3069428 2.326568 0.5320065 0.01940701 2.11036 0.5829889 0.03052464 2.593275 0.5672538 -0.4125448 2.57066 0.5485902 -0.8119174 2.560074 
