0.3000107 0.6939279 2.803895 0.2208041 0.4947526 2.757211 0.1371767 0.2912936 2.716381 0.07300355 0.5634714 2.717502 -0.05993422 0.2909485 2.55547 -0.002892635 0.1959009 2.2869 0.3686045 0.4260338 2.796919 0.3902704 0.1516133 2.5252 0.3733969 0.08187143 2.223564 -0.0373661 0.130105 2.651125 -0.1357156 -0.2846113 2.77242 -0.338271 -0.7663501 2.834901 0.1444647 0.04556404 2.699976 0.144201 -0.3963543 2.63087 0.1039564 -0.7744371 2.676851 
0.2959507 0.6969881 2.812956 0.2203415 0.4979151 2.760481 0.1390271 0.2942414 2.716271 0.07015327 0.5649159 2.728049 -0.06851659 0.2870736 2.566708 -0.02153829 0.1884645 2.30228 0.3705297 0.4309144 2.792913 0.3895412 0.1537858 2.51753 0.3627513 0.08799149 2.214967 -0.03477741 0.1318286 2.652089 -0.1416555 -0.2880638 2.752435 -0.3347073 -0.7548344 2.816729 0.1502027 0.04930672 2.692034 0.1523093 -0.3936976 2.629778 0.1147986 -0.7662408 2.670265 
0.3001941 0.7059162 2.817997 0.2243809 0.5049034 2.765872 0.1443542 0.3004001 2.723062 0.07188607 0.5697356 2.741234 -0.08822943 0.2880127 2.593305 -0.06046199 0.194926 2.321215 0.3768757 0.4400712 2.790509 0.390811 0.1584049 2.512738 0.35943 0.09790587 2.205474 -0.02955974 0.1358124 2.665083 -0.1532619 -0.2865653 2.718787 -0.3234359 -0.7272565 2.809419 0.1582147 0.05598128 2.695421 0.1576423 -0.3889108 2.651224 0.1191913 -0.7629343 2.682047 
0.303457 0.7074305 2.807319 0.2272121 0.5056821 2.767686 0.1478047 0.2992892 2.733931 0.07210544 0.5676345 2.753766 -0.1339857 0.301402 2.641532 -0.1343497 0.2084781 2.361724 0.3823188 0.4437298 2.781607 0.3915721 0.1723828 2.510946 0.3583327 0.1043923 2.212333 -0.02705521 0.1310216 2.691608 -0.1668438 -0.2878597 2.657402 -0.3072109 -0.6722162 2.744325 0.1638498 0.05477077 2.708742 0.1516026 -0.3896193 2.659474 0.1189857 -0.7747216 2.685613 
0.3085956 0.7135366 2.816226 0.2309957 0.5114521 2.773828 0.1513395 0.3055169 2.737775 0.07525378 0.5729256 2.76679 -0.148525 0.3157501 2.666776 -0.1871882 0.206297 2.389815 0.3867377 0.4499787 2.780866 0.3902283 0.1861739 2.522982 0.3432214 0.1191105 2.228682 -0.02415763 0.1374113 2.697392 -0.1697817 -0.2665263 2.599589 -0.2865569 -0.6183969 2.677719 0.1675241 0.06175197 2.706054 0.1480861 -0.3831917 2.664619 0.1201112 -0.7697657 2.679438 
0.3075201 0.7194813 2.81968 0.2291926 0.5163558 2.779401 0.1486176 0.3105507 2.744544 0.07327642 0.5779538 2.776124 -0.1557536 0.3368589 2.709897 -0.2507605 0.2119903 2.451917 0.3851088 0.4547578 2.782677 0.3871307 0.1935902 2.531499 0.3293143 0.1293721 2.238492 -0.02784287 0.1426271 2.707672 -0.1700944 -0.2455615 2.555927 -0.2613633 -0.5536714 2.602739 0.163928 0.06686407 2.711703 0.1313141 -0.3781757 2.68701 0.1111632 -0.7722991 2.684702 
0.305906 0.7257555 2.822408 0.226958 0.5224761 2.78417 0.1455806 0.3167986 2.750369 0.07094149 0.5839158 2.785928 -0.1613664 0.3519105 2.750459 -0.2944335 0.2316947 2.502705 0.3829745 0.4610363 2.782411 0.3800844 0.1932987 2.521761 0.3236955 0.1293122 2.227486 -0.03178942 0.1489233 2.717651 -0.161086 -0.2187943 2.513141 -0.2307431 -0.4971697 2.537201 0.1601958 0.07331891 2.715487 0.1247793 -0.3718611 2.691573 0.1125794 -0.7747156 2.681301 
0.2994446 0.7267661 2.811753 0.2209282 0.5224822 2.784506 0.1399795 0.3156676 2.758259 0.06458727 0.5831486 2.788655 -0.1711456 0.3593981 2.781207 -0.3335325 0.229353 2.553098 0.3772692 0.4618157 2.780357 0.3736097 0.1971682 2.519386 0.3212216 0.116351 2.225832 -0.03786056 0.1464508 2.734583 -0.1382306 -0.07177503 2.421562 -0.1538164 -0.424713 2.449055 0.1559222 0.07125542 2.72944 0.1221115 -0.3744969 2.713512 0.1098893 -0.7816417 2.694701 
0.288904 0.7231013 2.80644 0.2081338 0.5180677 2.786276 0.1261993 0.3110585 2.764981 0.05206573 0.5789645 2.794783 -0.177531 0.3651296 2.810117 -0.3457887 0.2194187 2.587039 0.3642019 0.4571708 2.77777 0.3648813 0.1881044 2.527699 0.3181747 0.09653102 2.230211 -0.0521284 0.1416615 2.748939 -0.1276048 0.05482513 2.37369 -0.08039772 -0.3446438 2.363936 0.1406581 0.06643729 2.738431 0.1070324 -0.3792379 2.717916 0.09846961 -0.7873347 2.688363 
0.2714547 0.7078325 2.813952 0.1908805 0.5037752 2.789803 0.108875 0.2969204 2.766639 0.03481281 0.5643399 2.801472 -0.1808853 0.3592853 2.83529 -0.3501963 0.2050346 2.612667 0.3469482 0.4432105 2.778134 0.3537148 0.1735255 2.550171 0.2934934 0.07227065 2.254634 -0.06924962 0.1273661 2.750661 -0.1176658 0.2040481 2.337142 0.03963596 -0.1938191 2.255954 0.1229885 0.05276488 2.736287 0.1132443 -0.3926122 2.697615 0.1103724 -0.7925858 2.668816 
0.258138 0.6976113 2.807002 0.1754314 0.4928274 2.789154 0.09629866 0.2848417 2.766047 0.01867538 0.5508452 2.803766 -0.1884443 0.3476425 2.828616 -0.3588383 0.1846361 2.619851 0.3321874 0.4348095 2.774542 0.3458198 0.1826047 2.571487 0.279171 0.05762983 2.287314 -0.07935961 0.1125816 2.751938 -0.1197908 0.236542 2.340696 0.1063601 -0.1278916 2.243602 0.1136915 0.04113034 2.733943 0.1203865 -0.4028822 2.68365 0.104537 -0.7914386 2.673436 
0.2572917 0.6855575 2.804022 0.1722034 0.4833439 2.790056 0.08779993 0.2770039 2.772695 0.01702991 0.5457246 2.803047 -0.1965614 0.3289564 2.823526 -0.3607202 0.1686538 2.61061 0.3273769 0.4209632 2.777066 0.3357491 0.1827672 2.587569 0.2625026 0.04380772 2.311217 -0.09213824 0.1090695 2.76333 -0.1246459 0.2636545 2.358135 0.1559296 -0.06306235 2.247088 0.09893117 0.03225841 2.747335 0.1185055 -0.4102975 2.687968 0.09868481 -0.7887844 2.689809 
0.2569767 0.6765752 2.802557 0.1714007 0.4761279 2.790386 0.08521617 0.2702247 2.776185 0.01673863 0.5400157 2.802694 -0.2006585 0.3189853 2.818537 -0.3561654 0.1534052 2.604682 0.3260628 0.4122402 2.778078 0.3099552 0.1180215 2.572156 0.2571724 0.04551187 2.288591 -0.09612357 0.1036282 2.769556 -0.1178999 0.2591463 2.351666 0.1908879 -0.04971213 2.237642 0.0941868 0.02501485 2.754411 0.1302012 -0.4138743 2.679628 0.1070197 -0.7852339 2.684784 
