0.268209 0.693 2.783315 0.196213 0.4893111 2.750743 0.1207585 0.2801526 2.725627 0.04420242 0.5487574 2.712369 -0.1917871 0.3275369 2.622396 -0.24696 0.2190708 2.348843 0.3482236 0.4298647 2.789118 0.3951594 0.15275 2.547637 0.366824 0.09345729 2.237541 -0.04813249 0.1075342 2.676923 -0.1650716 -0.3040057 2.788696 -0.3734265 -0.7682825 2.846033 0.1387407 0.03445421 2.724098 0.1285373 -0.4048843 2.641017 0.1067998 -0.7688059 2.679369 
0.276179 0.7054719 2.78641 0.2006695 0.4995583 2.755581 0.1250199 0.290338 2.731947 0.04739707 0.5588058 2.721699 -0.1831997 0.3326406 2.641594 -0.2499057 0.2195674 2.369343 0.3539419 0.4403109 2.789463 0.3912835 0.1576857 2.556152 0.3663064 0.08941241 2.240937 -0.04490392 0.1175594 2.687474 -0.1675238 -0.3063 2.742924 -0.3549126 -0.7357921 2.820073 0.1436444 0.04467605 2.729153 0.1316175 -0.398013 2.666474 0.1094403 -0.7635731 2.68978 
0.2767943 0.7095067 2.784258 0.2017662 0.504314 2.757972 0.1263136 0.2947935 2.736302 0.04765912 0.5630126 2.727015 -0.1910878 0.3393021 2.656791 -0.2668254 0.2295007 2.390448 0.3558732 0.4456154 2.788928 0.3906629 0.1638499 2.562071 0.3594669 0.09488083 2.253098 -0.04396016 0.1213899 2.695586 -0.1635293 -0.3043082 2.691919 -0.3273797 -0.6990317 2.786083 0.1456824 0.04915598 2.73368 0.1310799 -0.3943234 2.676672 0.1116947 -0.7728008 2.691281 
0.2782978 0.7174328 2.792173 0.2036825 0.5101159 2.765787 0.1289565 0.3003315 2.743994 0.04810718 0.5679771 2.742254 -0.1885449 0.3446576 2.68088 -0.2834558 0.2437673 2.425388 0.3592578 0.4522546 2.78932 0.3868273 0.1714239 2.563017 0.3519171 0.1057683 2.254285 -0.04157837 0.1261803 2.707708 -0.1577185 -0.2938566 2.642837 -0.2838143 -0.640137 2.732109 0.1500395 0.05491418 2.736693 0.1324043 -0.389659 2.690443 0.1136866 -0.7698745 2.692899 
0.2824833 0.7296718 2.807162 0.2057283 0.5198304 2.777034 0.1306506 0.3105941 2.751679 0.04920758 0.5777175 2.762803 -0.1928407 0.3534293 2.704956 -0.3099082 0.2617291 2.460673 0.3622491 0.4619434 2.791266 0.3802939 0.182175 2.548527 0.3359127 0.1197455 2.241409 -0.04082849 0.1370105 2.717559 -0.148377 -0.2679788 2.587069 -0.2324271 -0.5581031 2.64485 0.1519742 0.06570512 2.73509 0.1281392 -0.3796927 2.70346 0.1116836 -0.7660612 2.686368 
0.2831374 0.7308111 2.81463 0.2087686 0.5231924 2.784872 0.1343009 0.3137139 2.759558 0.05151254 0.5803177 2.774757 -0.1974199 0.3607157 2.734968 -0.3387233 0.2627952 2.505375 0.3660246 0.4660669 2.794987 0.3741471 0.1905879 2.552757 0.3288122 0.1148249 2.252062 -0.03685525 0.139359 2.728025 -0.1328627 -0.187946 2.481906 -0.1725565 -0.472589 2.550445 0.1565219 0.06911203 2.740464 0.1274386 -0.3766868 2.721775 0.1155512 -0.7786119 2.690346 
0.2848882 0.7325256 2.82038 0.2107231 0.5258312 2.790304 0.135839 0.3165791 2.764281 0.05328514 0.5831277 2.782625 -0.2002126 0.3658623 2.757493 -0.3544843 0.2646033 2.534526 0.368161 0.4685347 2.797983 0.3730682 0.1952912 2.54638 0.3200023 0.1122432 2.250382 -0.03586183 0.1425616 2.733537 -0.1378052 -0.05248889 2.407748 -0.1316521 -0.3813104 2.477518 0.1577716 0.07209236 2.742981 0.1218707 -0.3730538 2.718581 0.1121315 -0.7804864 2.688504 
0.2806787 0.7270434 2.82228 0.2044843 0.5216928 2.794381 0.1278682 0.3128546 2.770217 0.04713373 0.5795509 2.793248 -0.2030821 0.3693888 2.785781 -0.3689252 0.2550883 2.572172 0.3618349 0.4638347 2.795514 0.3550771 0.1951561 2.53472 0.2996234 0.1036151 2.240724 -0.04560385 0.1396305 2.745357 -0.1446158 0.08421695 2.380936 -0.08303919 -0.2531938 2.39982 0.1481081 0.06840224 2.746752 0.1131869 -0.3765554 2.716287 0.1012598 -0.784919 2.688256 
0.2762708 0.7207609 2.822237 0.1985499 0.516 2.795559 0.1188247 0.3083429 2.771411 0.04191045 0.5757714 2.798713 -0.2230403 0.3556893 2.79143 -0.3740754 0.2415035 2.578735 0.3551894 0.4562287 2.792404 0.350539 0.1945729 2.5519 0.2797382 0.09064542 2.26681 -0.05726566 0.1374573 2.749203 -0.1492022 0.194924 2.372372 -0.02291393 -0.1562813 2.329314 0.1354648 0.0639142 2.745322 0.1112813 -0.3809702 2.706277 0.09885467 -0.7880937 2.681781 
0.2711992 0.710099 2.822694 0.1917685 0.5046675 2.796309 0.1104364 0.29755 2.772798 0.03551487 0.5652549 2.803103 -0.2202983 0.3403493 2.798106 -0.3793596 0.222882 2.587913 0.3480221 0.4440801 2.789516 0.3444068 0.2052057 2.567929 0.2715819 0.07390262 2.296497 -0.06701794 0.1277039 2.753467 -0.1484874 0.256287 2.378486 0.04915672 -0.09331574 2.288957 0.1252266 0.05316109 2.745108 0.1203768 -0.3905751 2.693135 0.1039746 -0.7985376 2.679352 
0.2631063 0.6998785 2.817528 0.1823334 0.4935346 2.795842 0.099229 0.286812 2.775847 0.02668806 0.5548843 2.808467 -0.2207752 0.3174566 2.800082 -0.3861627 0.2014492 2.589797 0.3379786 0.432185 2.783217 0.3367128 0.1983307 2.574184 0.2476958 0.03601875 2.324953 -0.0796435 0.1178377 2.76362 -0.1488784 0.319584 2.382222 0.1492826 -0.02406674 2.25784 0.1118928 0.04234109 2.748083 0.131604 -0.3984306 2.676511 0.1085111 -0.7849386 2.674966 
0.2610198 0.6985498 2.819823 0.1832379 0.491203 2.797007 0.10308 0.2833964 2.776059 0.0266991 0.5503293 2.809466 -0.2172761 0.3161912 2.806768 -0.3786387 0.1877596 2.600336 0.3397768 0.4320766 2.784547 0.3332092 0.2014542 2.580445 0.2536873 0.01683234 2.344582 -0.07338723 0.1119668 2.762777 -0.1408314 0.3080123 2.382787 0.1752491 -0.03281302 2.256596 0.1192314 0.03921277 2.747446 0.149625 -0.4019177 2.681221 0.1227402 -0.7881021 2.677413 
0.2600903 0.6933201 2.82148 0.1827101 0.4870994 2.797459 0.1023372 0.2795872 2.774308 0.02618896 0.5463132 2.810092 -0.213658 0.312244 2.821 -0.3633132 0.1889737 2.603051 0.3392312 0.4278856 2.784826 0.3346038 0.1752248 2.578232 0.2503476 0.02082483 2.327229 -0.07433025 0.1085044 2.758928 -0.1499709 0.2984699 2.366467 0.1555693 -0.05094278 2.244371 0.118259 0.03564563 2.743384 0.1399837 -0.4066061 2.680456 0.1162257 -0.7925494 2.670961 
