0.2036915 0.7453732 2.785393 0.157918 0.5319028 2.759672 0.1120083 0.3141886 2.736066 -0.00388002 0.5686688 2.735255 -0.1843442 0.3012787 2.676765 -0.2548849 0.1550142 2.398232 0.319716 0.4951368 2.784088 0.3861215 0.1928896 2.563374 0.4092419 0.07180465 2.257603 -0.0334137 0.1190869 2.697443 -0.152852 -0.2954856 2.764461 -0.3294623 -0.7568125 2.838515 0.165611 0.07386183 2.727477 0.1134995 -0.3673148 2.674904 0.1117983 -0.7862883 2.670426 
0.2017594 0.7410884 2.796445 0.157502 0.528912 2.763645 0.1116936 0.311744 2.735266 -0.004109814 0.5663154 2.738288 -0.1918317 0.3095652 2.67845 -0.2663727 0.1611629 2.404176 0.3191139 0.4915085 2.789003 0.3802853 0.1957224 2.570603 0.3911011 0.07389481 2.266102 -0.03353499 0.1175859 2.691286 -0.1615388 -0.3030111 2.757351 -0.3435401 -0.7650554 2.835967 0.1653052 0.07156628 2.722486 0.1078445 -0.3697971 2.676749 0.1167283 -0.7911758 2.663932 
0.2024122 0.7439581 2.810284 0.1592276 0.5315088 2.770883 0.1135502 0.3150409 2.73768 -0.002840496 0.5690625 2.749008 -0.1924568 0.3043294 2.680728 -0.2709965 0.1662401 2.402184 0.3212958 0.4939551 2.792758 0.3855847 0.1968342 2.563303 0.3899685 0.06627136 2.266192 -0.03186041 0.1216827 2.691015 -0.1636458 -0.3018765 2.725383 -0.3429064 -0.7455633 2.806686 0.1676061 0.07546318 2.717938 0.1097713 -0.3669827 2.687991 0.1202778 -0.7851896 2.65776 
0.2034 0.7479597 2.818202 0.1605231 0.5353926 2.778278 0.1148815 0.3191058 2.743685 -0.002121822 0.5725437 2.76059 -0.1887431 0.3031809 2.693868 -0.281254 0.1620514 2.42176 0.3231681 0.4982414 2.795967 0.3827723 0.2039079 2.571649 0.3839339 0.07500714 2.274329 -0.03085334 0.1256822 2.698205 -0.1617566 -0.2958678 2.672418 -0.3257498 -0.7133129 2.757664 0.1693333 0.07995584 2.719977 0.1113125 -0.36311 2.701105 0.1152809 -0.783588 2.666692 
0.2056897 0.7538934 2.820667 0.1632348 0.5410745 2.783516 0.1168757 0.3247696 2.749905 0.0002165413 0.5781793 2.769575 -0.1848624 0.3125783 2.722942 -0.2942935 0.1635557 2.459541 0.3262531 0.5039697 2.797457 0.3788992 0.2079592 2.569331 0.3745138 0.08846074 2.266838 -0.02979231 0.1312961 2.707716 -0.1538267 -0.2789883 2.612115 -0.2823085 -0.6665357 2.676249 0.1708253 0.08563323 2.724873 0.1100385 -0.3573595 2.710713 0.1167947 -0.7883765 2.669221 
0.2068359 0.7593874 2.822393 0.1638223 0.5458912 2.788622 0.1172937 0.3292375 2.757624 0.0003222656 0.5822653 2.77981 -0.1838975 0.3172508 2.742967 -0.3015633 0.1641104 2.484081 0.3273223 0.509517 2.797435 0.3734958 0.2185006 2.56117 0.3666595 0.09765711 2.259253 -0.02986272 0.1349707 2.721202 -0.1418908 -0.2508522 2.551214 -0.2142607 -0.5939036 2.579349 0.1713931 0.09019693 2.73205 0.1078114 -0.3525556 2.720418 0.1152025 -0.7879529 2.674832 
0.2096422 0.7595937 2.822769 0.1648722 0.5471094 2.792962 0.1167456 0.3305004 2.764199 0.00137011 0.5842167 2.787087 -0.1914331 0.3086047 2.7465 -0.316995 0.1586974 2.490613 0.3283742 0.510002 2.798837 0.3677706 0.2242589 2.562092 0.3574257 0.1029538 2.267402 -0.03196644 0.1367197 2.731822 -0.123534 -0.2037285 2.482373 -0.1397657 -0.4950446 2.474547 0.1692043 0.09106329 2.739051 0.1053109 -0.3513269 2.719136 0.1096155 -0.7883702 2.680331 
0.207645 0.7571706 2.832952 0.1620549 0.5457014 2.799397 0.1138166 0.3295791 2.767409 -0.001555229 0.5827525 2.795793 -0.1942342 0.3093224 2.759755 -0.3334297 0.1561014 2.515307 0.325665 0.5086502 2.803001 0.3828602 0.2381175 2.695048 0.3544098 0.1638027 2.396038 -0.03507673 0.1362513 2.733204 -0.09265517 -0.1455048 2.414835 -0.06893049 -0.3728755 2.359838 0.1662332 0.09066258 2.737639 0.1042221 -0.3516241 2.71062 0.1058819 -0.7864968 2.672738 
0.2056576 0.7457259 2.828046 0.1596345 0.5367408 2.798862 0.1125954 0.3199987 2.769368 -0.004298256 0.5725444 2.797204 -0.203605 0.3136478 2.767362 -0.3394729 0.1431954 2.535686 0.3235673 0.5009373 2.800519 0.375947 0.2630687 2.727519 0.3456237 0.1788184 2.438525 -0.03530632 0.1252854 2.738854 -0.07852197 -0.05122302 2.359219 0.01289107 -0.2696651 2.277376 0.1664189 0.0812278 2.740894 0.1145871 -0.361642 2.705473 0.1056243 -0.7939951 2.680326 
0.2029104 0.7349298 2.83557 0.1562149 0.5262466 2.801756 0.1102351 0.3097368 2.769102 -0.007941719 0.5611065 2.801767 -0.2029018 0.2931733 2.788269 -0.3442259 0.1407324 2.548844 0.3203714 0.4913866 2.801745 0.3684537 0.2525275 2.735749 0.3383046 0.1712928 2.454767 -0.03674607 0.1146755 2.736454 -0.1166024 0.1107562 2.35339 0.09310413 -0.1579649 2.222469 0.1652566 0.07177864 2.73644 0.1220885 -0.3699739 2.683531 0.1055444 -0.7922205 2.672595 
0.2002985 0.7192947 2.829836 0.1545183 0.5107979 2.79962 0.1089503 0.2941821 2.766945 -0.009545674 0.5458319 2.796165 -0.2059918 0.2817234 2.800133 -0.3460422 0.1348336 2.55645 0.3185823 0.4757638 2.803074 0.3533649 0.2612722 2.684659 0.3162037 0.1354917 2.427259 -0.03758043 0.09912574 2.732145 -0.1393937 0.2041353 2.366094 0.1569595 -0.06372528 2.202633 0.1643452 0.05600677 2.736396 0.1303292 -0.3844368 2.668564 0.1059547 -0.8011677 2.677478 
0.2017313 0.6954417 2.824545 0.1571948 0.4844584 2.797084 0.1139061 0.2672876 2.765131 -0.007281574 0.5176341 2.79443 -0.2126151 0.2640367 2.811273 -0.3455593 0.1160327 2.564347 0.3216712 0.4512827 2.799738 0.3330433 0.2550152 2.635759 0.3035092 0.09749615 2.392931 -0.03057666 0.07052818 2.731545 -0.1580981 0.290121 2.394443 0.1947402 0.02365591 2.186828 0.1718114 0.02970554 2.734812 0.1317836 -0.4088629 2.656927 0.1039582 -0.792609 2.677306 
0.204928 0.6909718 2.824436 0.1541374 0.4808886 2.799497 0.1041494 0.2647617 2.77125 -0.009276856 0.5182261 2.803007 -0.2044845 0.2593931 2.819498 -0.3415013 0.1143768 2.572916 0.3175517 0.4435512 2.795988 0.3307814 0.248322 2.623867 0.2894903 0.09110033 2.381835 -0.04647899 0.07162932 2.745165 -0.1709678 0.3004355 2.402168 0.1869514 0.024203 2.19736 0.1548016 0.02564006 2.740843 0.1190381 -0.4138147 2.665112 0.0930827 -0.7872344 2.680335 
0.2057572 0.6903485 2.823773 0.1553005 0.4786868 2.799147 0.1045782 0.2625408 2.771782 -0.007979927 0.5159447 2.807509 -0.2085258 0.2536026 2.81718 -0.3428464 0.1057132 2.570746 0.3185809 0.441429 2.790786 0.3284694 0.2466329 2.611191 0.2799081 0.0868895 2.371657 -0.04659924 0.06931695 2.749561 -0.1613125 0.2798736 2.386085 0.186647 -0.02474265 2.186681 0.1543112 0.0234726 2.739273 0.1365791 -0.4162452 2.660412 0.1100974 -0.7842147 2.672449 
