0.2012659 0.7466706 2.787423 0.1534212 0.5306523 2.769923 0.1039482 0.3136757 2.747107 -0.009900982 0.5685533 2.76363 -0.1759018 0.2829306 2.733719 -0.2877526 0.1375729 2.480087 0.3167434 0.4927513 2.776216 0.3434318 0.1663809 2.591192 0.3449281 -0.01057993 2.313026 -0.04598822 0.1200129 2.720419 -0.1537506 -0.3072756 2.671851 -0.3037413 -0.757453 2.744057 0.1549384 0.07338524 2.728161 0.1208879 -0.3720863 2.705294 0.1137646 -0.7830547 2.678805 
0.2032 0.7421733 2.784269 0.1547226 0.5266441 2.771404 0.1045507 0.3094103 2.753172 -0.008666039 0.564674 2.767902 -0.1749203 0.2829282 2.738865 -0.2955841 0.1365304 2.489424 0.3181112 0.4886143 2.774906 0.3547595 0.1737095 2.596097 0.3392368 -0.002801193 2.325169 -0.0461497 0.1155753 2.732786 -0.1559522 -0.3011221 2.632879 -0.2950895 -0.732294 2.702757 0.1549074 0.06877786 2.737095 0.117891 -0.3767618 2.719724 0.1170875 -0.7946803 2.674662 
0.2034138 0.7427232 2.793197 0.1553557 0.5264469 2.777326 0.1047252 0.3094179 2.757561 -0.008035217 0.5644655 2.77841 -0.1734768 0.2859833 2.755941 -0.3011185 0.1277986 2.52107 0.3187467 0.4884283 2.776241 0.3488558 0.1713434 2.588555 0.3257742 0.006373642 2.312282 -0.04646263 0.1157871 2.738464 -0.1557045 -0.2791581 2.577582 -0.2548265 -0.6722227 2.631372 0.1546521 0.06899077 2.737129 0.1171178 -0.3764794 2.717533 0.1167793 -0.7902993 2.665394 
0.2044515 0.7468082 2.798149 0.1563594 0.5288602 2.78325 0.1060108 0.3116937 2.76403 -0.007057484 0.5662313 2.789081 -0.1727321 0.2859845 2.774466 -0.3114021 0.1176085 2.557211 0.3197763 0.4914891 2.777419 0.3469367 0.1691761 2.579773 0.31663 0.009430221 2.292803 -0.04490449 0.1175254 2.748399 -0.144942 -0.2443708 2.523118 -0.1926998 -0.5819681 2.551775 0.1562291 0.07152907 2.741223 0.1142328 -0.3737001 2.725661 0.1181361 -0.7902367 2.668265 
0.207039 0.750917 2.810659 0.1570649 0.5330154 2.791319 0.1046398 0.3166552 2.769036 -0.005895664 0.5714663 2.801372 -0.1688958 0.2840275 2.794253 -0.3154708 0.1106109 2.589665 0.3200254 0.4945646 2.781266 0.3449256 0.1735644 2.581423 0.3088638 0.01421126 2.296657 -0.04805791 0.1239545 2.752939 -0.1225233 -0.198923 2.469023 -0.1277941 -0.4699256 2.457464 0.1524872 0.07663555 2.740567 0.1082016 -0.3682338 2.72108 0.1125343 -0.7877768 2.659935 
0.2060765 0.7503941 2.816406 0.1552655 0.5341125 2.796347 0.1013693 0.3182561 2.772613 -0.007218727 0.5730727 2.810987 -0.1734631 0.2875318 2.811646 -0.3248536 0.1084072 2.612225 0.3177497 0.4951521 2.781707 0.3424403 0.1832689 2.583735 0.2992889 0.01577701 2.30268 -0.05251047 0.1263737 2.757888 -0.08592129 -0.1419847 2.419385 -0.06172593 -0.3542473 2.364379 0.1474567 0.07842572 2.739871 0.102427 -0.3659017 2.712344 0.1086331 -0.7896737 2.663576 
0.2029298 0.7480038 2.82075 0.1527693 0.53183 2.799535 0.100273 0.3157653 2.77452 -0.009895031 0.569434 2.816101 -0.1297487 0.3024793 2.814079 -0.2632668 0.1104075 2.638252 0.3154337 0.4942259 2.782969 0.3342096 0.1846338 2.577355 0.2834789 0.02026544 2.295146 -0.05228722 0.1228329 2.759697 -0.04596513 -0.06620722 2.374722 0.01410355 -0.2488657 2.280501 0.1478406 0.07656825 2.739316 0.108186 -0.3682581 2.711267 0.1112365 -0.7906024 2.66406 
0.2034721 0.739243 2.800785 0.1512855 0.522128 2.794716 0.09716938 0.3054864 2.782712 -0.00996368 0.5610195 2.819763 -0.1709191 0.2642941 2.831357 -0.3157786 0.07240959 2.636013 0.3125346 0.4832365 2.769669 0.3176675 0.1792068 2.575091 0.2647675 0.01789412 2.284018 -0.05668983 0.1129018 2.786202 -0.03461347 0.04324296 2.361959 0.1220182 -0.1853149 2.198225 0.1427965 0.0647879 2.755215 0.1068768 -0.3781601 2.705505 0.109198 -0.7931621 2.670869 
0.1983472 0.7317529 2.81144 0.1475472 0.5161427 2.799309 0.09466058 0.299491 2.782516 -0.01376612 0.5534133 2.826497 -0.1832849 0.2569747 2.840907 -0.3291027 0.07188037 2.64001 0.3088604 0.478872 2.77212 0.319243 0.2010237 2.593807 0.2580844 0.02513335 2.32325 -0.05774873 0.1058336 2.782497 -0.09227144 0.1723425 2.354635 0.1630444 -0.1149364 2.184268 0.1412968 0.05984518 2.748949 0.110112 -0.382826 2.692895 0.1121676 -0.7947176 2.662585 
0.1986365 0.727088 2.816783 0.1466346 0.5121734 2.802173 0.092821 0.2958454 2.783505 -0.01419554 0.5496111 2.831959 -0.1901597 0.2493118 2.848124 -0.3374274 0.07142647 2.641731 0.3074648 0.4747356 2.772387 0.3130766 0.2099911 2.601326 0.2506003 0.02894971 2.338691 -0.06009644 0.1025866 2.783191 -0.1299196 0.2464603 2.362385 0.1707383 -0.07617912 2.201702 0.1381112 0.05644821 2.746483 0.1136294 -0.3867609 2.690714 0.1111765 -0.792803 2.666453 
0.1982365 0.7256455 2.819455 0.1462248 0.5111349 2.8035 0.09229331 0.2949694 2.78301 -0.01457116 0.5483739 2.833866 -0.1978081 0.2430716 2.850197 -0.3419652 0.06791802 2.639638 0.3070208 0.4738959 2.773134 0.3139206 0.2179489 2.606855 0.2489462 0.0272995 2.354128 -0.06064469 0.101733 2.781217 -0.1463288 0.2695073 2.360368 0.1605002 -0.06381247 2.208526 0.1373683 0.05587486 2.743823 0.117267 -0.3875223 2.687255 0.1149601 -0.7917888 2.665286 
0.1974625 0.7284501 2.818787 0.1456472 0.5137923 2.803885 0.09088536 0.2977465 2.784128 -0.0146097 0.5514294 2.836515 -0.1994953 0.2493311 2.851014 -0.3390455 0.07126603 2.640304 0.3059042 0.4761553 2.771255 0.3209904 0.2229244 2.607324 0.2504156 0.03596345 2.354247 -0.06252805 0.1048695 2.784457 -0.163765 0.2643166 2.359405 0.1256495 -0.09034326 2.221484 0.134775 0.05853204 2.744285 0.1144456 -0.3861406 2.700083 0.1157551 -0.7899501 2.664927 
