0.2205247 0.7286171 2.811658 0.1728027 0.5208024 2.763494 0.1230726 0.3068686 2.721381 0.01868346 0.5661272 2.71524 -0.169564 0.3092681 2.584197 -0.183412 0.2195717 2.308613 0.3269221 0.4754774 2.811749 0.3954673 0.1970258 2.548774 0.403417 0.1166922 2.235484 -0.02149994 0.1208271 2.649574 -0.155795 -0.2973621 2.704039 -0.3448515 -0.760842 2.824829 0.1681847 0.0650428 2.708964 0.1272267 -0.3776961 2.660956 0.1186757 -0.7817714 2.679155 
0.2177806 0.7341157 2.806345 0.1717759 0.5244883 2.763592 0.1235287 0.3093233 2.726239 0.01487532 0.5667828 2.722624 -0.1711779 0.3070461 2.602021 -0.1949723 0.2180708 2.328917 0.3286766 0.4821938 2.80456 0.3983586 0.2065645 2.558379 0.4068926 0.1142095 2.247208 -0.02134938 0.1202063 2.663656 -0.155191 -0.301313 2.668436 -0.3349891 -0.7301381 2.772511 0.1719121 0.06811026 2.714118 0.1272321 -0.3744999 2.666805 0.1207176 -0.781615 2.679733 
0.2187027 0.745743 2.803725 0.1724153 0.5324048 2.765597 0.1244992 0.316701 2.730711 0.01369148 0.5733155 2.730651 -0.1720477 0.308483 2.617489 -0.2125679 0.2153645 2.347754 0.331139 0.4914941 2.800544 0.3987318 0.210304 2.563693 0.4037043 0.1238795 2.252068 -0.02107685 0.1261688 2.674322 -0.1483517 -0.2881689 2.606072 -0.3015003 -0.684799 2.68988 0.1742433 0.07582547 2.717325 0.1237558 -0.3668777 2.677326 0.1193 -0.7750868 2.675582 
0.2190313 0.7497688 2.813915 0.1737759 0.5365226 2.774449 0.1263058 0.320769 2.739017 0.01392571 0.5767341 2.743751 -0.1735294 0.3152503 2.645239 -0.237181 0.2168149 2.379963 0.333626 0.4963112 2.805147 0.4033575 0.2136483 2.567341 0.3974437 0.1274639 2.260539 -0.01948226 0.129748 2.684705 -0.1315781 -0.2686306 2.544906 -0.2507931 -0.6293244 2.596005 0.1771538 0.08028282 2.722467 0.1254699 -0.3631715 2.695553 0.1143026 -0.7759025 2.681833 
0.2198803 0.7571554 2.828526 0.1741777 0.5435479 2.785616 0.1263729 0.3283508 2.747355 0.01328955 0.5836801 2.760915 -0.1768065 0.3206713 2.672129 -0.2589933 0.2157888 2.412473 0.3350658 0.5034155 2.810318 0.4026193 0.2162973 2.56718 0.3857005 0.1311286 2.265107 -0.02043916 0.1378503 2.693892 -0.1167524 -0.2339707 2.487415 -0.193605 -0.5418579 2.50401 0.1775753 0.08845711 2.724294 0.1202749 -0.3546359 2.701673 0.1105858 -0.7765025 2.681171 
0.2171 0.7512508 2.825827 0.1711515 0.5384417 2.788907 0.1226543 0.3228826 2.753691 0.009622074 0.5782517 2.767675 -0.1788768 0.3203037 2.692566 -0.2800734 0.2108762 2.43872 0.332681 0.4986317 2.810138 0.3958469 0.2191647 2.575098 0.3705327 0.132134 2.273896 -0.02519672 0.1318099 2.705416 -0.1026343 -0.1576244 2.405958 -0.1350557 -0.4560001 2.421421 0.1735109 0.08283711 2.731534 0.113768 -0.360074 2.709859 0.1030931 -0.789498 2.686409 
0.2153653 0.7459627 2.824058 0.1665722 0.5326139 2.792583 0.1154489 0.3170799 2.761024 0.00452113 0.573283 2.777343 -0.1907043 0.3078039 2.711661 -0.2980181 0.207269 2.464813 0.3286233 0.4919449 2.807823 0.3844847 0.2157994 2.558287 0.3658971 0.1186156 2.256747 -0.03538275 0.1265691 2.720087 -0.08729158 0.08088899 2.32945 -0.04839694 -0.2737049 2.311066 0.1640338 0.07652269 2.738841 0.1066566 -0.365706 2.702267 0.09878118 -0.7829496 2.681108 
0.2124707 0.7452993 2.826102 0.1630095 0.532688 2.794594 0.1105282 0.3174104 2.763455 0.0007840538 0.5738909 2.783153 -0.1923482 0.3043942 2.715847 -0.3119926 0.1978985 2.476822 0.3252349 0.4914851 2.806035 0.3727485 0.2094004 2.562656 0.3585966 0.1098424 2.256826 -0.04177543 0.1274862 2.725276 -0.08352658 0.1782135 2.329604 -0.0005792618 -0.1780834 2.271412 0.157869 0.07677945 2.739356 0.1101997 -0.3658986 2.696054 0.09607538 -0.7815795 2.680392 
0.2117797 0.7382227 2.824665 0.1573001 0.5251188 2.794122 0.1013204 0.3105996 2.764018 -0.004657063 0.5682477 2.787955 -0.198163 0.2961721 2.721481 -0.324208 0.1824162 2.485477 0.3192573 0.48199 2.800289 0.3628929 0.2062028 2.573874 0.3415745 0.09456028 2.270227 -0.05434527 0.1226266 2.730117 -0.09214682 0.2477905 2.345535 0.06982684 -0.111358 2.242939 0.1450267 0.06953421 2.737709 0.1055219 -0.3733274 2.688514 0.09127775 -0.7886584 2.675775 
0.2140025 0.7324328 2.833885 0.1551243 0.5194214 2.79857 0.09654087 0.3065692 2.762706 -0.006447025 0.5644022 2.795535 -0.2042187 0.2869881 2.72417 -0.3289514 0.1722382 2.48592 0.3166956 0.4744405 2.801606 0.3513873 0.2025703 2.573487 0.3284462 0.07482387 2.27037 -0.06144343 0.12139 2.724974 -0.09343368 0.3010992 2.345154 0.1425531 -0.03497504 2.219356 0.1373584 0.06604425 2.728709 0.1167226 -0.3762706 2.668252 0.09690896 -0.7831848 2.668658 
0.2112437 0.7183069 2.82852 0.1502215 0.5070747 2.7954 0.08818794 0.2950537 2.760238 -0.01074676 0.5543446 2.794354 -0.2161054 0.2844881 2.726606 -0.3350447 0.163497 2.488613 0.3111897 0.4598048 2.796446 0.3448369 0.236168 2.610736 0.3224979 0.1160414 2.344833 -0.07287723 0.1121143 2.724432 -0.1095145 0.3253997 2.363067 0.1794789 -0.002137421 2.225168 0.125186 0.05395113 2.725719 0.1147059 -0.3898835 2.673325 0.09112493 -0.7919633 2.671326 
0.2113837 0.714677 2.836339 0.1491335 0.5037555 2.797456 0.08494712 0.2931522 2.757984 -0.01144187 0.552363 2.799226 -0.2143119 0.2825204 2.730143 -0.3386442 0.1610159 2.495047 0.309709 0.4551479 2.795686 0.340892 0.201179 2.583286 0.3225673 0.05388924 2.302311 -0.07803727 0.1124559 2.719602 -0.1096984 0.3426794 2.355462 0.1922982 0.01341089 2.220512 0.1195587 0.05264198 2.717424 0.1185088 -0.3915662 2.665816 0.1005105 -0.7847372 2.665845 
0.2133201 0.716319 2.840227 0.1510912 0.5047855 2.799247 0.08722057 0.2943544 2.758132 -0.009637077 0.5528719 2.802822 -0.2164555 0.2825199 2.734333 -0.3416318 0.164739 2.497679 0.3118196 0.4566992 2.795672 0.3379349 0.2110865 2.593639 0.3251444 0.0433288 2.330652 -0.07553443 0.1135072 2.719217 -0.1047299 0.3392311 2.350732 0.1907685 0.004596802 2.225258 0.1222342 0.0543392 2.714819 0.125967 -0.390917 2.672844 0.1112721 -0.7810389 2.674452 
