0.1750368 0.7581908 2.838922 0.1386914 0.5437128 2.800676 0.1006455 0.326712 2.761721 -0.02662078 0.5710698 2.809736 -0.169264 0.2508405 2.74924 -0.2666053 0.109212 2.497808 0.3040036 0.5163558 2.791616 0.359545 0.1925168 2.627305 0.347743 0.02535722 2.346869 -0.03911792 0.1265441 2.72834 -0.1560217 -0.2970997 2.735184 -0.3331772 -0.7484744 2.812226 0.1643171 0.09287821 2.71719 0.1189199 -0.3520199 2.705564 0.1041393 -0.786553 2.661946 
0.174799 0.7575646 2.841 0.1365876 0.5427679 2.801181 0.09831378 0.3261636 2.760207 -0.0287283 0.5709336 2.806708 -0.1736128 0.2584009 2.755113 -0.268089 0.1153762 2.498955 0.3019034 0.5146022 2.795654 0.3552971 0.1917707 2.633154 0.3430273 0.02370201 2.353 -0.04169162 0.1268918 2.722636 -0.1461569 -0.299838 2.768175 -0.3363537 -0.756822 2.826962 0.1617716 0.09222676 2.715833 0.1180288 -0.3528038 2.700479 0.1068176 -0.7848293 2.668112 
0.1738464 0.7552767 2.843335 0.1348119 0.5403319 2.802437 0.09626321 0.3240558 2.759924 -0.03040045 0.5697115 2.802781 -0.1716416 0.2643423 2.751275 -0.2915974 0.1112787 2.50878 0.3000243 0.5109524 2.802093 0.3485876 0.1834463 2.636539 0.3413408 0.01044395 2.35242 -0.04392393 0.1258538 2.717624 -0.1455663 -0.3025616 2.787711 -0.3460078 -0.769145 2.830092 0.1593529 0.08970534 2.717201 0.1242529 -0.3558489 2.6951 0.1130775 -0.7913456 2.667492 
0.1736387 0.7564907 2.843719 0.1367414 0.5398921 2.803196 0.09930468 0.3234135 2.76069 -0.028622 0.5685322 2.802978 -0.1783272 0.2626682 2.746136 -0.2945188 0.1077279 2.499778 0.3021047 0.511252 2.803416 0.3457885 0.1832277 2.636274 0.3396463 0.01089668 2.357921 -0.03987052 0.1245555 2.718049 -0.1476815 -0.306025 2.756479 -0.3542936 -0.7729509 2.818758 0.1636065 0.08931433 2.718318 0.1318784 -0.3567436 2.702669 0.1215125 -0.7955257 2.66543 
0.1722542 0.7589869 2.843906 0.1387294 0.5416675 2.804371 0.1037011 0.3245226 2.763301 -0.02697011 0.5682755 2.805014 -0.173661 0.2663309 2.759052 -0.3056022 0.1081378 2.518153 0.304429 0.5150597 2.803728 0.3508982 0.1881199 2.637633 0.3381959 0.009723923 2.362695 -0.03328625 0.1237502 2.722628 -0.1517658 -0.303369 2.709669 -0.344581 -0.7531351 2.784743 0.1706318 0.09100524 2.721836 0.1356181 -0.354968 2.716382 0.1241583 -0.7918745 2.665675 
0.1744008 0.7608019 2.845 0.1418744 0.5444559 2.808007 0.1076992 0.3268509 2.768673 -0.02395905 0.5698249 2.811743 -0.1708156 0.271652 2.776512 -0.3088303 0.1151076 2.534266 0.3077079 0.5190869 2.80427 0.3574679 0.1945714 2.636811 0.3354093 0.009917496 2.36314 -0.02852804 0.1248576 2.731638 -0.1597754 -0.2890805 2.656313 -0.3153355 -0.7130605 2.728099 0.1755759 0.09363406 2.727039 0.1305058 -0.3512469 2.733236 0.1235152 -0.7911537 2.666296 
0.1753117 0.7602873 2.834059 0.142707 0.542479 2.806396 0.1079492 0.3237571 2.775569 -0.02296797 0.5676734 2.814438 -0.1693122 0.2757264 2.789758 -0.3112915 0.1098002 2.555715 0.3083819 0.5172846 2.798354 0.3523547 0.1893492 2.629411 0.3261587 0.01218633 2.347849 -0.02877066 0.1205407 2.749692 -0.1604325 -0.2725286 2.606757 -0.2663186 -0.6679059 2.655105 0.1751536 0.08952963 2.739793 0.1218256 -0.3545569 2.741753 0.1158586 -0.7994887 2.677812 
0.1768988 0.7579136 2.828106 0.1425264 0.5400088 2.806622 0.1061528 0.3208469 2.78111 -0.02271831 0.5659631 2.819257 -0.1675942 0.2687953 2.80441 -0.3125436 0.1042806 2.573737 0.307771 0.5140545 2.793986 0.3497551 0.1887137 2.621716 0.3218042 0.01237315 2.344664 -0.03191432 0.1176575 2.763375 -0.1499383 -0.2380192 2.543496 -0.195811 -0.5877079 2.556705 0.1714726 0.08571237 2.747823 0.1129739 -0.3575646 2.737911 0.1118726 -0.7999431 2.672056 
0.1749531 0.7551501 2.826611 0.14022 0.5372364 2.808022 0.1036272 0.3177512 2.785196 -0.02482942 0.5631562 2.823382 -0.1672779 0.2648777 2.814706 -0.3155854 0.09975862 2.589782 0.3052695 0.5113165 2.792661 0.3444016 0.1868694 2.618359 0.3152561 0.01359732 2.3364 -0.03450548 0.1142122 2.77182 -0.1212369 -0.197172 2.484472 -0.1180053 -0.4828753 2.455942 0.1685742 0.08231996 2.75292 0.1082542 -0.3606052 2.735992 0.1128192 -0.7999091 2.669583 
0.1749406 0.7549272 2.824861 0.1398863 0.5360805 2.808889 0.103095 0.316344 2.788623 -0.0248879 0.5619897 2.827099 -0.1621198 0.2749191 2.833355 -0.3203513 0.1012812 2.619085 0.3046604 0.5101714 2.79068 0.3412247 0.1914471 2.61968 0.3037017 0.01433739 2.340546 -0.03507698 0.1125486 2.77956 -0.08630965 -0.128285 2.429087 -0.03927587 -0.3618887 2.365985 0.1676846 0.0806663 2.757152 0.1049463 -0.3615248 2.73154 0.1139232 -0.7973942 2.669976 
0.1731659 0.7536543 2.824522 0.1347863 0.535344 2.810111 0.09431478 0.3161975 2.790495 -0.02915577 0.5636894 2.831685 -0.1783978 0.2714533 2.841793 -0.3315575 0.09788755 2.621868 0.2987284 0.5069987 2.788537 0.330119 0.1902199 2.611873 0.2960889 0.01922076 2.33217 -0.04704668 0.1144948 2.784155 -0.1253631 0.0001293945 2.383269 0.001153809 -0.2606725 2.308218 0.1547332 0.0796074 2.757601 0.09022121 -0.3622338 2.729002 0.09993626 -0.7959158 2.66582 
0.1657751 0.7485713 2.834317 0.1274161 0.530337 2.815495 0.08716358 0.3114667 2.792551 -0.03629389 0.557896 2.839812 -0.1896112 0.2591617 2.854343 -0.3394645 0.09313007 2.625722 0.2911261 0.5027781 2.791178 0.3278429 0.2141442 2.629566 0.28094 0.03606787 2.361494 -0.05381219 0.1095521 2.784569 -0.146486 0.145156 2.38272 0.06477244 -0.136245 2.273694 0.1476343 0.0756406 2.754647 0.0985857 -0.3671178 2.716213 0.107356 -0.7988926 2.662693 
0.1618172 0.740423 2.838695 0.1257505 0.5217357 2.818818 0.08816893 0.3023885 2.79578 -0.03799272 0.5470068 2.845321 -0.1921046 0.2523536 2.85902 -0.3422761 0.08953708 2.627666 0.2894938 0.4964646 2.792314 0.3196072 0.2259092 2.63734 0.2696339 0.03204387 2.38409 -0.05016477 0.09859087 2.78905 -0.1501653 0.2260925 2.391135 0.1289639 -0.070608 2.263622 0.1513395 0.06749199 2.756434 0.1158618 -0.3757707 2.710306 0.1184405 -0.7976257 2.66661 
0.1632889 0.7369098 2.842407 0.1249678 0.5180624 2.822692 0.08637948 0.2988713 2.799638 -0.03844654 0.5438749 2.8508 -0.1981743 0.2458755 2.867367 -0.3421561 0.0853809 2.630331 0.2883821 0.4922499 2.794585 0.3121211 0.2254991 2.641512 0.2632945 0.03115053 2.389006 -0.05274694 0.09556085 2.793875 -0.1609909 0.2719941 2.397172 0.1485737 -0.03235617 2.257416 0.1483294 0.06379937 2.75929 0.1155999 -0.3786381 2.703114 0.1093621 -0.7899327 2.669288 
0.1650905 0.7282116 2.832775 0.1257334 0.509275 2.820276 0.0853805 0.289962 2.802606 -0.03680838 0.5366549 2.851644 -0.2033721 0.2455713 2.867679 -0.3307017 0.07457883 2.629027 0.2882752 0.4818951 2.788908 0.3096129 0.200276 2.620752 0.2557069 0.02781931 2.35821 -0.05499987 0.08749846 2.80424 -0.1669459 0.2734494 2.400033 0.1293364 -0.03572571 2.250155 0.1450551 0.05379954 2.765633 0.1190801 -0.3889416 2.707348 0.1093972 -0.797618 2.677054 
