0.5941004 0.6803427 2.701685 0.5557957 0.4763721 2.661093 0.5134678 0.2605523 2.629767 0.3972106 0.5110129 2.636716 0.2132029 0.3196749 2.638144 0.183305 0.3376602 2.352411 0.7143808 0.4417313 2.685469 0.790675 0.1282178 2.580953 0.7433741 0.1032642 2.276093 0.3722674 0.06632991 2.583244 0.2428489 -0.3364196 2.704488 0.0425674 -0.8023247 2.785529 0.5700125 0.02313513 2.61364 0.550794 -0.4102049 2.520188 0.5366192 -0.794915 2.563099 
0.5989995 0.6809389 2.703131 0.5593184 0.4741222 2.660572 0.5176929 0.2584122 2.627475 0.4004662 0.5084495 2.636629 0.2202999 0.3199191 2.629034 0.1873882 0.3367797 2.342291 0.7181706 0.4397949 2.684515 0.7849182 0.1268049 2.572235 0.7389341 0.1044859 2.264478 0.3769603 0.06411877 2.579439 0.2402086 -0.3475641 2.667289 0.03869447 -0.7904677 2.773269 0.5751746 0.02128551 2.609315 0.5571247 -0.4148123 2.528253 0.5419099 -0.7838153 2.564325 
0.6059552 0.6961239 2.710542 0.5660588 0.4852272 2.663948 0.5239657 0.2703601 2.626507 0.4071246 0.5202677 2.641539 0.2261351 0.323977 2.631512 0.1920229 0.3510815 2.348449 0.7249931 0.4501866 2.686357 0.7909362 0.1363915 2.576126 0.7440959 0.1189998 2.267616 0.3826957 0.0773586 2.575082 0.2345118 -0.33582 2.616596 0.05440941 -0.7561134 2.728983 0.5810492 0.03362723 2.603049 0.562771 -0.4059484 2.548233 0.5451462 -0.7755282 2.558016 
0.6116826 0.7104645 2.715253 0.5709333 0.4988886 2.668694 0.5282281 0.284104 2.631329 0.4115559 0.533869 2.649772 0.2305678 0.3344861 2.648762 0.1885377 0.3585355 2.366958 0.7303109 0.463908 2.687615 0.8104689 0.1456958 2.571071 0.7512313 0.1299805 2.265616 0.386048 0.09115241 2.582154 0.238259 -0.3226915 2.571636 0.08320563 -0.7088761 2.671234 0.5849977 0.04748651 2.605774 0.5520442 -0.3931542 2.582912 0.5451058 -0.778089 2.567869 
0.6136252 0.7278965 2.718764 0.5738692 0.516773 2.676643 0.5324278 0.3010983 2.643167 0.41354 0.5497324 2.662775 0.2296627 0.362354 2.678172 0.1853314 0.3754649 2.398688 0.7341984 0.4838138 2.690511 0.819643 0.174186 2.572015 0.7506643 0.1532458 2.268434 0.3909312 0.1059921 2.601038 0.2498405 -0.2922922 2.484216 0.1546107 -0.6251288 2.548388 0.5910418 0.0648548 2.618347 0.5397741 -0.3756991 2.606043 0.5441024 -0.78439 2.571151 
0.6125404 0.7356337 2.718854 0.573253 0.5243235 2.679853 0.5318272 0.3081386 2.64996 0.412448 0.5563858 2.670824 0.2278774 0.3716286 2.695075 0.1756951 0.3821761 2.415366 0.734058 0.4922611 2.688883 0.8198822 0.1846216 2.567514 0.7434945 0.1611342 2.265507 0.3900187 0.1119687 2.61443 0.2680925 -0.2728466 2.445343 0.2106682 -0.5374883 2.467417 0.5907841 0.07193875 2.625704 0.5294229 -0.3675891 2.615504 0.5402409 -0.7858973 2.573264 
0.6094258 0.7383838 2.72239 0.5713687 0.5277693 2.683119 0.5310049 0.3114305 2.65276 0.4101559 0.5586007 2.677755 0.2264347 0.3788218 2.709026 0.1701728 0.3821754 2.426652 0.7325815 0.4969379 2.688484 0.8049353 0.1893089 2.555744 0.7310255 0.159171 2.253829 0.3900363 0.114332 2.619052 0.2803326 -0.1948399 2.351877 0.2797196 -0.4298771 2.367129 0.5912458 0.0758514 2.625747 0.5249649 -0.3632123 2.618638 0.5411927 -0.79005 2.562006 
0.6052696 0.7362266 2.721178 0.567367 0.5266466 2.683917 0.526349 0.3102772 2.65461 0.4060566 0.5573678 2.682876 0.2227288 0.3818969 2.72302 0.1627715 0.3800471 2.439043 0.7286773 0.4959253 2.684958 0.7944833 0.191661 2.537382 0.7247973 0.1454749 2.236 0.3846577 0.1130809 2.624654 0.2723016 -0.02585605 2.303243 0.335495 -0.2988747 2.280369 0.5860044 0.07473485 2.625954 0.5229341 -0.3648965 2.617479 0.5366111 -0.7956002 2.559699 
0.5995435 0.7235252 2.709569 0.5626875 0.5150226 2.679593 0.5209059 0.2982418 2.655177 0.4013853 0.5459977 2.680603 0.2108893 0.3814199 2.736517 0.1490205 0.3699214 2.454547 0.7239895 0.4840474 2.678584 0.7797753 0.1853467 2.519194 0.704222 0.1340675 2.214798 0.3784858 0.1007868 2.631391 0.2616468 0.1124021 2.297048 0.3982435 -0.1791072 2.219111 0.5797628 0.06213528 2.630131 0.5283526 -0.3785074 2.611604 0.5366791 -0.8073325 2.561918 
0.6002322 0.7090371 2.714839 0.5563282 0.5015955 2.678451 0.5078658 0.2880123 2.643549 0.3961332 0.5370705 2.683797 0.2013445 0.3678284 2.744227 0.1381922 0.3579738 2.467793 0.7165231 0.4661205 2.673106 0.7642494 0.1710812 2.503287 0.6857563 0.1174026 2.197979 0.3603515 0.09636413 2.611952 0.2444073 0.2202232 2.278016 0.4642057 -0.07003146 2.156547 0.5584555 0.0524942 2.605342 0.5292462 -0.3872897 2.57375 0.5245185 -0.8017095 2.53962 
0.6014066 0.6884367 2.717424 0.552292 0.4830948 2.675574 0.4974652 0.2725495 2.632826 0.3932311 0.522912 2.683469 0.194632 0.3544673 2.758559 0.1306191 0.3450502 2.484376 0.7113529 0.4432777 2.667679 0.770569 0.135001 2.509256 0.693365 0.07390264 2.196102 0.3438259 0.08673943 2.594983 0.3754974 0.1666223 2.225517 0.5231831 -0.005077865 2.140346 0.5414506 0.03726874 2.585174 0.5395045 -0.4037891 2.552372 0.5261078 -0.8051373 2.543557 
0.6078004 0.6773528 2.728214 0.5521681 0.472728 2.679725 0.4942753 0.2644713 2.62996 0.3936726 0.5140595 2.691143 0.1682573 0.3493035 2.774778 0.1141535 0.3316245 2.497633 0.7106637 0.4313966 2.668308 0.7545279 0.1640452 2.563359 0.6988362 0.07203222 2.293457 0.3377076 0.08194628 2.587303 0.3993317 0.1960932 2.198215 0.5617805 0.02249123 2.124889 0.5350574 0.03048265 2.573087 0.5543645 -0.4109715 2.544663 0.5347145 -0.7947664 2.550805 
