0.5372212 0.7070957 2.706507 0.5096503 0.4997168 2.671481 0.4785724 0.281419 2.645015 0.3481777 0.5246821 2.655172 0.1685225 0.3259679 2.714877 0.09517838 0.3306735 2.438424 0.671123 0.4747515 2.687791 0.7639933 0.1612528 2.593651 0.7486259 0.1161539 2.281528 0.3467887 0.07869139 2.608377 0.2155029 -0.3286388 2.692726 0.02157422 -0.7942674 2.772249 0.5482001 0.04755113 2.62872 0.5074587 -0.3857643 2.541258 0.5312963 -0.7988363 2.575644 
0.5427129 0.7107573 2.712229 0.5138479 0.4998553 2.675056 0.4820929 0.2819896 2.64574 0.3523512 0.5254885 2.659492 0.1777562 0.321989 2.714935 0.1100498 0.3421168 2.436146 0.6753446 0.474222 2.69062 0.7659894 0.163123 2.60183 0.7478826 0.1178966 2.292182 0.349587 0.08011543 2.606714 0.2071484 -0.3320341 2.648191 0.019243 -0.776976 2.74466 0.5510886 0.04813252 2.626134 0.5167451 -0.3858612 2.53843 0.536661 -0.7895093 2.565074 
0.5508789 0.7157362 2.715089 0.5209969 0.5038665 2.679047 0.4894376 0.285959 2.649571 0.3592499 0.5291362 2.665414 0.1853773 0.3334957 2.709466 0.1164213 0.3521256 2.434802 0.6827439 0.4785969 2.692679 0.7699938 0.1645609 2.598414 0.7455822 0.1292966 2.29011 0.3569492 0.08381953 2.61159 0.2089212 -0.3299614 2.614374 0.03309285 -0.7544945 2.711034 0.5588073 0.05228334 2.628603 0.5277826 -0.3859042 2.569049 0.5431088 -0.7853976 2.569802 
0.5591704 0.7285507 2.717008 0.5303845 0.5135849 2.683055 0.500312 0.2953 2.654776 0.3682268 0.5373679 2.671916 0.1966981 0.3417422 2.725217 0.129243 0.3705451 2.454117 0.6925421 0.4898018 2.694195 0.7800077 0.1732865 2.600699 0.7470114 0.1380306 2.293652 0.3690399 0.09185769 2.619545 0.2178749 -0.3129471 2.555811 0.08395151 -0.6985601 2.640535 0.5714391 0.06217252 2.633449 0.5361024 -0.3778877 2.591645 0.5508332 -0.7843868 2.567015 
0.56835 0.7398202 2.727993 0.5385641 0.5246994 2.691539 0.5076187 0.3069036 2.660598 0.3762189 0.5486503 2.685316 0.2103137 0.3494037 2.742621 0.130673 0.3776493 2.473162 0.7009094 0.5007486 2.697762 0.7834601 0.1846181 2.591865 0.7361812 0.1543652 2.285423 0.3753286 0.1040591 2.625772 0.2295796 -0.283203 2.492576 0.1491999 -0.6076001 2.539524 0.5780178 0.07415637 2.633541 0.5304646 -0.3660216 2.610267 0.5466783 -0.7841521 2.558191 
0.5734866 0.7455028 2.737201 0.5445907 0.5326224 2.70044 0.5157316 0.3146143 2.668868 0.3818039 0.5545313 2.697956 0.2118279 0.3521047 2.757394 0.1320338 0.3835111 2.487201 0.7073774 0.5107135 2.702925 0.7723641 0.2031534 2.591459 0.7190588 0.1617095 2.279878 0.3852969 0.1102768 2.635745 0.2445065 -0.1790036 2.36219 0.255612 -0.4647305 2.39248 0.588448 0.08293544 2.638845 0.5317231 -0.357271 2.629017 0.5454043 -0.7937939 2.556598 
0.5713502 0.7450987 2.729084 0.5424786 0.5318272 2.69867 0.5125958 0.3134296 2.671256 0.3797204 0.554005 2.699403 0.2134494 0.3515155 2.772708 0.1273017 0.3822921 2.505067 0.7052367 0.5096493 2.697938 0.766726 0.2066002 2.584737 0.7137273 0.1538514 2.274704 0.3811359 0.1088732 2.644298 0.2295505 -0.01663841 2.316825 0.3016032 -0.3380018 2.32347 0.58429 0.08119098 2.643384 0.5204794 -0.3581674 2.632603 0.5373504 -0.7986428 2.559933 
0.5679781 0.7372343 2.724553 0.5376623 0.5252593 2.69763 0.5042434 0.3071367 2.672302 0.3752954 0.5496615 2.701715 0.2072406 0.3532349 2.780397 0.1152986 0.3732992 2.520569 0.7000293 0.5008571 2.693546 0.7598836 0.2003091 2.564892 0.6985 0.1467603 2.254766 0.3694834 0.1042446 2.649523 0.2241483 0.1182435 2.293853 0.3446747 -0.1999383 2.252175 0.5721655 0.07378343 2.644424 0.5159519 -0.3658183 2.61886 0.5306052 -0.804333 2.556727 
0.5693757 0.7313541 2.741764 0.5367692 0.5205547 2.702708 0.5013347 0.3049938 2.66459 0.3746286 0.5460938 2.709008 0.2000493 0.3471923 2.786179 0.1024573 0.3678708 2.52687 0.6989097 0.4950156 2.696407 0.749353 0.1890989 2.542991 0.6757619 0.1355515 2.234161 0.3647261 0.105369 2.630403 0.2356124 0.2230591 2.269167 0.4218755 -0.08903174 2.170829 0.5670742 0.0734968 2.622541 0.5289167 -0.3657721 2.576644 0.5362678 -0.7952343 2.53342 
0.5654149 0.7114145 2.730847 0.5356841 0.5006117 2.694906 0.5010675 0.2847611 2.656451 0.3735236 0.5249063 2.704513 0.2030224 0.3246004 2.78958 0.09011588 0.3529983 2.533261 0.6978447 0.4763171 2.685298 0.7351746 0.1820489 2.524987 0.6841079 0.1129354 2.200571 0.3652471 0.08407272 2.623993 0.2433102 0.2626992 2.290699 0.5079417 -0.03934619 2.15403 0.5676548 0.05374844 2.612001 0.5452818 -0.3868757 2.566328 0.5403158 -0.8122695 2.54462 
0.5621706 0.691786 2.724891 0.5354396 0.4804038 2.68884 0.5037554 0.2644156 2.648244 0.3729541 0.5023574 2.698853 0.2035088 0.3038048 2.791791 0.08488815 0.342933 2.54126 0.6979251 0.4584503 2.678826 0.7275296 0.196505 2.556665 0.6931837 0.1417527 2.273403 0.3706798 0.06212642 2.613897 0.2513178 0.2875529 2.294468 0.5576335 0.0005301209 2.136133 0.5734625 0.03472828 2.6014 0.5591816 -0.4051719 2.544869 0.545189 -0.8102859 2.544487 
0.5604761 0.6800547 2.721924 0.5338095 0.467203 2.687724 0.5029237 0.2508121 2.648328 0.3711969 0.4887386 2.696921 0.2047528 0.2839048 2.791898 0.08296042 0.3269664 2.548235 0.696422 0.4456674 2.678527 0.729165 0.1819711 2.561023 0.6958464 0.1355572 2.276154 0.3705714 0.04785883 2.61467 0.2428501 0.2949801 2.29807 0.559008 -0.00503125 2.126402 0.5735041 0.02098344 2.603193 0.5542028 -0.4191044 2.547446 0.5402223 -0.8053795 2.55934 
