0.231739 0.7320446 2.841708 0.1816963 0.5261265 2.788894 0.1289913 0.3134533 2.743505 0.02347908 0.5720766 2.757312 -0.1831334 0.3248166 2.653026 -0.2556728 0.2291161 2.360747 0.3399136 0.4801765 2.820476 0.4122387 0.2258948 2.550143 0.3893647 0.1661077 2.250965 -0.02102102 0.1290404 2.678692 -0.1608068 -0.2911089 2.718035 -0.3469883 -0.7528285 2.784784 0.1735936 0.07251982 2.71754 0.129249 -0.3679397 2.652897 0.114811 -0.7709707 2.680832 
0.232926 0.7368584 2.842412 0.1822501 0.5298066 2.791474 0.1291941 0.3169163 2.747511 0.02353545 0.575478 2.761853 -0.1800597 0.3268992 2.665014 -0.2581475 0.227328 2.375721 0.3409647 0.4841352 2.821095 0.4111307 0.2214522 2.553569 0.3888282 0.1669604 2.254343 -0.02150093 0.1321224 2.685326 -0.1685041 -0.286604 2.680606 -0.3389159 -0.7299543 2.757447 0.1737771 0.07592964 2.721771 0.1254122 -0.3647162 2.66104 0.1142771 -0.7734627 2.678982 
0.2335974 0.7440097 2.842776 0.1822032 0.5359425 2.795741 0.1281644 0.3227895 2.754377 0.02251331 0.5811425 2.771443 -0.1864969 0.3304044 2.682517 -0.2804999 0.2211406 2.404554 0.3418932 0.4907426 2.820039 0.414115 0.2222453 2.5518 0.3891163 0.1672356 2.253185 -0.02416828 0.1374584 2.698057 -0.1600319 -0.2736165 2.621536 -0.2938982 -0.6621835 2.68964 0.1724194 0.08181456 2.727969 0.1138779 -0.3592652 2.684862 0.1161837 -0.7800456 2.680075 
0.2314525 0.7496035 2.833919 0.1802036 0.5403497 2.796432 0.1272306 0.3258032 2.762035 0.01909865 0.5830438 2.778243 -0.1891338 0.3315823 2.706687 -0.2949157 0.2096021 2.441376 0.3413085 0.4976556 2.814622 0.4072106 0.2281869 2.554412 0.3828416 0.1679778 2.2535 -0.02491869 0.1375391 2.716441 -0.1427332 -0.2540599 2.564298 -0.2289565 -0.5831733 2.608816 0.1734339 0.0849741 2.738836 0.1137035 -0.3567474 2.702204 0.1172933 -0.7817855 2.687802 
0.2300407 0.7593732 2.839511 0.1795189 0.5477556 2.80111 0.127102 0.3331688 2.765729 0.01762163 0.5894165 2.788285 -0.1910795 0.3293089 2.722337 -0.3122413 0.2127206 2.466097 0.3414162 0.5060948 2.813934 0.3960868 0.2310865 2.560196 0.3679148 0.166946 2.258251 -0.02492891 0.1442154 2.722459 -0.1293831 -0.2202708 2.506577 -0.1762876 -0.5069722 2.526235 0.1742992 0.0929483 2.73824 0.1112237 -0.3483862 2.700824 0.1159113 -0.774921 2.67393 
0.2212803 0.7583636 2.841771 0.1740087 0.5464613 2.805713 0.1248463 0.3309015 2.771569 0.01104972 0.5849857 2.797135 -0.1960235 0.3301493 2.747612 -0.3287505 0.2063395 2.497393 0.3369676 0.5079369 2.814291 0.3850622 0.2395564 2.560559 0.3645544 0.1489044 2.265571 -0.02324396 0.1387289 2.732218 -0.1199478 -0.07676622 2.439125 -0.0759415 -0.423879 2.433824 0.174612 0.09195463 2.742633 0.1020404 -0.3484661 2.713867 0.1148224 -0.7824473 2.68066 
0.2116095 0.7464065 2.843802 0.1626726 0.53524 2.808599 0.1110136 0.3200642 2.775527 -0.0003636932 0.5746971 2.806545 -0.1927522 0.3172816 2.773424 -0.3407567 0.1981159 2.53005 0.3257089 0.4957829 2.810653 0.3710199 0.2328862 2.566409 0.3530651 0.1201632 2.269608 -0.04064566 0.12909 2.741195 -0.1232749 0.1292157 2.352149 0.01522669 -0.2575625 2.293574 0.159355 0.08068687 2.743716 0.1009234 -0.361032 2.705612 0.1021824 -0.7834971 2.680184 
0.2066564 0.7391484 2.843992 0.1559378 0.5283896 2.809161 0.1024393 0.3135078 2.777084 -0.006878609 0.5683145 2.813254 -0.2118619 0.3061183 2.776245 -0.3557377 0.1766135 2.538315 0.3187541 0.4884647 2.805068 0.3635304 0.2234471 2.568235 0.3411014 0.1027099 2.271589 -0.05113372 0.1231656 2.747524 -0.1293827 0.2008397 2.352743 0.08636811 -0.1715494 2.272455 0.1490152 0.07408621 2.742492 0.1153137 -0.3687924 2.695802 0.1017726 -0.7819497 2.679173 
0.1997368 0.7310531 2.844037 0.1507923 0.5197269 2.809145 0.09932817 0.3043709 2.7769 -0.01244857 0.5577474 2.815754 -0.2192242 0.2912446 2.77638 -0.3665324 0.1635883 2.540596 0.3140331 0.4817065 2.802536 0.3605345 0.2342573 2.583425 0.3223607 0.09244368 2.298925 -0.05248255 0.1123866 2.748719 -0.1233654 0.2501158 2.355367 0.15301 -0.08807874 2.243723 0.1482107 0.06564308 2.740593 0.1361191 -0.3772617 2.685517 0.1092863 -0.781112 2.675772 
0.199579 0.7257387 2.855122 0.1483432 0.515224 2.813081 0.09406521 0.3021428 2.772579 -0.01432662 0.5545278 2.824303 -0.2194252 0.27945 2.781929 -0.3683995 0.1553979 2.545784 0.311013 0.4759203 2.80186 0.3539205 0.2507364 2.619967 0.3120832 0.125189 2.358967 -0.06028348 0.1132403 2.73898 -0.1322622 0.2922878 2.353363 0.1864255 -0.01980954 2.21554 0.139858 0.06488284 2.725173 0.1377774 -0.3776237 2.663055 0.1011521 -0.7735879 2.662933 
0.1979257 0.7163376 2.860627 0.1461094 0.5088587 2.814804 0.09112293 0.2966787 2.770389 -0.01647911 0.5484076 2.827157 -0.219631 0.2745499 2.785784 -0.3745868 0.1440607 2.557612 0.3086979 0.4693098 2.80245 0.3463542 0.2394899 2.603533 0.304462 0.07531064 2.332144 -0.06385772 0.1088217 2.733571 -0.1267131 0.2948391 2.355582 0.2101307 -0.006209534 2.200671 0.1361306 0.06017552 2.718376 0.1439752 -0.3833843 2.663289 0.1056456 -0.7786989 2.67085 
0.2030811 0.711923 2.852888 0.1484353 0.5057136 2.811794 0.0909547 0.2935649 2.770311 -0.01360383 0.5467581 2.826416 -0.2157999 0.2762554 2.790415 -0.3718477 0.1448782 2.562264 0.3104745 0.4646692 2.797171 0.3254368 0.234995 2.554086 0.2891345 0.08068245 2.292072 -0.06621831 0.1066681 2.737824 -0.1218786 0.2854705 2.358739 0.2160433 -0.0250538 2.204784 0.1331664 0.05616403 2.719831 0.1416518 -0.38773 2.665437 0.1066946 -0.7780058 2.682778 
