0.1845711 0.7518788 2.828208 0.1454066 0.5371185 2.792198 0.1056078 0.3203281 2.753731 -0.01916077 0.5687544 2.784171 -0.1708683 0.2731439 2.723152 -0.2600171 0.1183983 2.462523 0.3099739 0.5054826 2.800225 0.3622657 0.1738218 2.639893 0.3723373 0.00468013 2.351937 -0.03542914 0.1229995 2.710327 -0.1305935 -0.3096544 2.706905 -0.3073491 -0.7753786 2.737881 0.1670471 0.08407608 2.720203 0.1347725 -0.3614911 2.695182 0.107889 -0.7830907 2.678429 
0.1845374 0.7527534 2.826154 0.1472269 0.5375923 2.791941 0.1081348 0.3204092 2.754933 -0.01755853 0.5684761 2.784764 -0.1734319 0.2750683 2.72457 -0.2686233 0.1240528 2.467377 0.3120124 0.5067084 2.799119 0.3571366 0.1774151 2.632943 0.3624459 0.0081315 2.348055 -0.03233144 0.1222256 2.713509 -0.1359117 -0.3097188 2.690588 -0.3110509 -0.7665575 2.724452 0.1704167 0.0842269 2.72234 0.1355795 -0.3613229 2.699728 0.1123418 -0.7790694 2.682079 
0.1848374 0.7556797 2.83462 0.1487217 0.5398384 2.797702 0.1107078 0.32268 2.759418 -0.01641299 0.5693232 2.794425 -0.1742296 0.2770501 2.730278 -0.2771929 0.1265719 2.479815 0.3138563 0.5103535 2.800979 0.3560508 0.1897012 2.645454 0.3529283 0.02060649 2.365021 -0.02893446 0.1236674 2.719116 -0.1443435 -0.2999344 2.653627 -0.3026709 -0.7384545 2.689746 0.1743224 0.08737579 2.72315 0.1355572 -0.358097 2.706701 0.1128794 -0.7754572 2.681287 
0.1862816 0.7578278 2.841225 0.1538845 0.5414075 2.803675 0.1189027 0.3236274 2.766032 -0.01182073 0.5678252 2.804828 -0.1758041 0.2800103 2.755551 -0.2920226 0.1286471 2.509865 0.3195899 0.5149897 2.802521 0.3650174 0.1934319 2.633349 0.3475192 0.01988574 2.35591 -0.01803233 0.1221013 2.729099 -0.1479947 -0.2732846 2.576653 -0.2556354 -0.673049 2.611695 0.1858741 0.08959328 2.72768 0.1435599 -0.3557124 2.714457 0.1134539 -0.7745228 2.681745 
0.1905654 0.7587924 2.831679 0.1565035 0.5414592 2.801793 0.1197843 0.3231382 2.769773 -0.009013809 0.5686559 2.806167 -0.1693573 0.2789543 2.768799 -0.3012626 0.1287167 2.528888 0.3220208 0.5142626 2.797419 0.369066 0.2032452 2.640676 0.3348635 0.03004669 2.361334 -0.01878555 0.1215527 2.740445 -0.1524583 -0.2519346 2.543995 -0.2298814 -0.6321658 2.573007 0.1849158 0.08808185 2.735061 0.1351283 -0.3564315 2.722562 0.1067828 -0.7813387 2.686211 
0.1949697 0.7608948 2.827427 0.1580652 0.5428137 2.803341 0.1189039 0.3242663 2.776338 -0.006973442 0.5712022 2.812929 -0.1666137 0.2729024 2.794948 -0.310681 0.1123315 2.569981 0.3231038 0.5144253 2.793752 0.3656159 0.1991619 2.630358 0.3263329 0.03665173 2.348038 -0.02184333 0.1231927 2.755238 -0.1400268 -0.197341 2.485141 -0.1581858 -0.516681 2.485118 0.1813284 0.0882449 2.743434 0.1288165 -0.3557269 2.724692 0.103245 -0.7792165 2.686768 
0.1997486 0.7595878 2.823471 0.1586683 0.5415087 2.806105 0.1153687 0.3231675 2.783704 -0.005378617 0.5723143 2.822936 -0.1643767 0.2774445 2.824274 -0.3180977 0.1018205 2.61095 0.3227152 0.5107032 2.789274 0.3519374 0.1925528 2.610112 0.3164855 0.02921275 2.324296 -0.02885838 0.123779 2.771657 -0.1734351 0.04016664 2.379542 -0.06547488 -0.3439183 2.356036 0.1729967 0.08587369 2.750947 0.1231578 -0.3575597 2.718323 0.1001287 -0.7816991 2.676232 
0.1993099 0.7561058 2.833792 0.1578706 0.5389956 2.810775 0.1135218 0.3213906 2.783898 -0.006075337 0.5702599 2.828171 -0.11893 0.3002706 2.826343 -0.2508219 0.1146643 2.642526 0.3218165 0.5077313 2.793379 0.3444615 0.1867709 2.608063 0.3101946 0.02571423 2.32585 -0.03167956 0.1230181 2.767722 -0.1786052 0.1388555 2.359326 -0.02512509 -0.2261869 2.297573 0.1700256 0.0845532 2.74632 0.1262907 -0.3595958 2.714314 0.1033238 -0.7783293 2.668879 
0.1994816 0.7523167 2.838954 0.1565217 0.5358818 2.813819 0.1119098 0.3185854 2.784737 -0.007362564 0.5670823 2.832093 -0.0985091 0.2890256 2.828853 -0.2200402 0.08417723 2.65885 0.3204059 0.5046814 2.795545 0.3337245 0.1878816 2.605535 0.2949806 0.02238655 2.32573 -0.03353032 0.1204847 2.766898 -0.1792163 0.2102744 2.366298 0.02602379 -0.1377469 2.255922 0.1681261 0.08209311 2.744413 0.1271728 -0.3622685 2.711071 0.1047345 -0.7789647 2.672348 
0.197164 0.7456299 2.841033 0.1533343 0.5299534 2.814984 0.1080558 0.3127922 2.785736 -0.01031599 0.5613904 2.834914 -0.1342957 0.2471021 2.838233 -0.2725902 0.03892847 2.637053 0.3169846 0.4985163 2.795053 0.3308622 0.1829386 2.604767 0.2709074 0.02024229 2.326173 -0.03791693 0.1149742 2.768751 -0.1795639 0.2593957 2.37991 0.07755612 -0.0751149 2.230722 0.1634717 0.07628766 2.744225 0.1253986 -0.3675244 2.702128 0.1026676 -0.7795608 2.676433 
0.1950058 0.7340321 2.843338 0.1495557 0.5194193 2.817223 0.1022872 0.3025991 2.788513 -0.01327961 0.5516594 2.841836 -0.161831 0.2488363 2.859228 -0.2999149 0.0636431 2.636764 0.3123909 0.487179 2.792611 0.3231241 0.2129811 2.632348 0.2586572 0.02533432 2.377675 -0.04516033 0.1056138 2.774945 -0.1814911 0.3029754 2.39321 0.141039 -0.03040225 2.217163 0.155198 0.06594426 2.74466 0.1241855 -0.3785433 2.703476 0.1004865 -0.7846632 2.672881 
0.1956921 0.7280084 2.845233 0.1486311 0.5146266 2.819462 0.0999686 0.2981733 2.790296 -0.01374574 0.5475334 2.846167 -0.1669563 0.2554854 2.865737 -0.3035972 0.07569548 2.637392 0.311008 0.4817198 2.792756 0.3202331 0.2211414 2.636643 0.2566037 0.02883699 2.385938 -0.04860422 0.1019676 2.777562 -0.1739582 0.3008425 2.392497 0.1548069 -0.03634631 2.221473 0.1512164 0.06147252 2.744698 0.1256079 -0.383306 2.70283 0.102661 -0.7839376 2.67099 
