0.2935694 0.6494409 2.914685 0.2040889 0.4686925 2.832774 0.1082101 0.2803272 2.759336 0.07194557 0.5565661 2.779906 -0.1115306 0.3904381 2.585254 -0.04413809 0.3459837 2.30985 0.3362321 0.380819 2.885642 0.4075922 0.1105003 2.604329 0.4018624 0.08101446 2.301854 -0.06893235 0.1460012 2.653387 -0.1409692 -0.2775091 2.763998 -0.3209318 -0.7638493 2.920411 0.09359511 0.03792264 2.718411 0.1428285 -0.4018961 2.653322 0.09960892 -0.754814 2.699532 
0.2883016 0.663343 2.91334 0.1992662 0.4802706 2.831881 0.1044483 0.2907936 2.759941 0.06124631 0.564893 2.790915 -0.1362034 0.3871872 2.612535 -0.09141774 0.3429002 2.331137 0.3372861 0.3956482 2.872848 0.4033628 0.1217623 2.60514 0.3967522 0.08510465 2.29906 -0.07543264 0.1534703 2.662752 -0.1379995 -0.280481 2.717346 -0.3047 -0.7245287 2.87729 0.09469336 0.04916307 2.713249 0.1389158 -0.3933546 2.668972 0.09837819 -0.7445806 2.69955 
0.2762016 0.676295 2.900436 0.1926806 0.4879616 2.827934 0.1046055 0.2924816 2.765193 0.04775699 0.5638225 2.79502 -0.176298 0.3824264 2.653785 -0.1692764 0.3283741 2.3716 0.3376042 0.4121008 2.860848 0.398018 0.1394467 2.595976 0.3945388 0.08569987 2.288267 -0.07272011 0.14372 2.682182 -0.125384 -0.2910022 2.662513 -0.2581131 -0.6911536 2.801879 0.1057808 0.05028299 2.722721 0.1406215 -0.3943314 2.695412 0.1083246 -0.7538667 2.710958 
0.260862 0.6962499 2.894477 0.1827003 0.5022668 2.827281 0.09993555 0.3025756 2.770901 0.03199399 0.5703528 2.807364 -0.1968905 0.372545 2.707945 -0.2328403 0.309157 2.433352 0.3334067 0.4341808 2.847199 0.3898534 0.1563112 2.587344 0.3791238 0.09165568 2.278221 -0.07572228 0.1448516 2.702244 -0.1253922 -0.2757556 2.60173 -0.2172531 -0.6075928 2.704959 0.1100638 0.06091733 2.726797 0.1220577 -0.3845537 2.697494 0.09959951 -0.7502345 2.705223 
0.2398352 0.7175413 2.891387 0.1688737 0.5185308 2.828402 0.09310782 0.3148639 2.776568 0.01355977 0.5775308 2.823601 -0.2072324 0.356694 2.755417 -0.2996134 0.283632 2.497261 0.3241877 0.4595307 2.833202 0.3802136 0.175265 2.573416 0.3657633 0.08651184 2.267303 -0.07843003 0.1475784 2.721775 -0.1073041 -0.2191907 2.511585 -0.1612837 -0.5106213 2.600669 0.1131138 0.07481547 2.727695 0.1094452 -0.3714862 2.714165 0.09855574 -0.74897 2.701373 
0.2150608 0.7268589 2.87848 0.1508013 0.5251114 2.825057 0.08244023 0.3172144 2.780694 -0.007650993 0.5762867 2.829403 -0.2164099 0.3412098 2.795255 -0.3392834 0.2460774 2.549578 0.3092537 0.4739361 2.820711 0.3699003 0.1972159 2.576128 0.3509907 0.08481456 2.274382 -0.08321109 0.1407392 2.738999 -0.09097607 -0.08882974 2.432569 -0.1074658 -0.4090451 2.495611 0.1113693 0.0778956 2.733662 0.09977311 -0.3687299 2.720553 0.09190536 -0.7593529 2.703197 
0.1883692 0.7199504 2.850595 0.131916 0.5127375 2.813582 0.07176674 0.3004223 2.781404 -0.02877909 0.5566675 2.824107 -0.2269867 0.3194064 2.821698 -0.3656859 0.2052801 2.582482 0.2926111 0.4688073 2.803056 0.3522809 0.2001978 2.571105 0.3337048 0.0803549 2.272117 -0.08705045 0.1150806 2.75569 -0.08290293 0.01919891 2.392513 -0.04214782 -0.3359087 2.408534 0.1102854 0.06113382 2.742765 0.09327721 -0.3845057 2.713371 0.09370735 -0.7807774 2.704102 
0.1710444 0.7107637 2.816792 0.1193594 0.4996593 2.799721 0.06483029 0.284331 2.783216 -0.04250133 0.5395721 2.813763 -0.2353479 0.2950349 2.842643 -0.3861464 0.158369 2.613582 0.2812202 0.4597464 2.785678 0.3398715 0.1921591 2.56766 0.314697 0.06174618 2.270043 -0.089071 0.09350657 2.775333 -0.08675494 0.1227965 2.381092 0.04112261 -0.2562574 2.344603 0.1096733 0.0444987 2.758091 0.1027601 -0.3988324 2.705332 0.09493719 -0.778976 2.709176 
0.1534218 0.6948228 2.798024 0.1047413 0.4835647 2.790041 0.05469013 0.266358 2.781833 -0.05803262 0.5205256 2.804521 -0.2426535 0.2735071 2.847771 -0.3889437 0.1161261 2.625403 0.2675153 0.4466037 2.77556 0.3219506 0.2016098 2.580489 0.2902739 0.0508423 2.296702 -0.09537236 0.07186083 2.782522 -0.1072648 0.1784968 2.371354 0.117174 -0.1795301 2.291109 0.1046502 0.02644183 2.764728 0.1064615 -0.4127696 2.686171 0.09247126 -0.7805766 2.69572 
0.1407914 0.6814505 2.778097 0.09393989 0.4699098 2.777327 0.04634872 0.2517565 2.776142 -0.06934302 0.5054548 2.79129 -0.2504255 0.2470482 2.844092 -0.3869677 0.07322723 2.6256 0.2572228 0.4343648 2.763364 0.30367 0.1944025 2.58611 0.2770834 0.0141729 2.322578 -0.1016265 0.05545573 2.783541 -0.1272283 0.2036647 2.36155 0.1799911 -0.1268487 2.260428 0.09914166 0.01175058 2.766372 0.1132729 -0.4237613 2.669769 0.09468203 -0.7814365 2.690216 
0.1246221 0.6661911 2.738713 0.0822577 0.455202 2.757687 0.04032151 0.2371027 2.774519 -0.08204187 0.4874315 2.765953 -0.2519757 0.2338178 2.836007 -0.3799797 0.04641829 2.627553 0.2465573 0.4229726 2.74942 0.2940653 0.1861573 2.585152 0.269356 -0.008222504 2.331309 -0.1027441 0.03884117 2.796439 -0.1360836 0.1909229 2.359635 0.2025261 -0.1183338 2.253573 0.09951471 -0.0008344269 2.786263 0.1232959 -0.4348879 2.683076 0.09796079 -0.7774619 2.711178 
0.1137339 0.6718321 2.728415 0.07412625 0.4549049 2.743574 0.03514151 0.2355231 2.756546 -0.09067266 0.48473 2.752706 -0.2518905 0.2265689 2.826087 -0.3733235 0.0309659 2.622735 0.2389252 0.4250798 2.734442 0.2895294 0.1630683 2.573541 0.2544242 -0.0009838562 2.306235 -0.1051597 0.03447736 2.775133 -0.1504468 0.1670209 2.310641 0.179858 -0.1706075 2.19761 0.0974732 -0.002194855 2.763905 0.116836 -0.4341989 2.65447 0.09552507 -0.7681283 2.675392 
