0.1501568 0.7593061 2.806525 0.1170202 0.5416307 2.77871 0.08220779 0.3227924 2.748092 -0.04867886 0.5668237 2.787044 -0.1706662 0.24757 2.705287 -0.2466594 0.09583552 2.45104 0.2827192 0.5164376 2.770376 0.3523743 0.1687476 2.653078 0.3827728 -0.03939829 2.390957 -0.0545729 0.1194574 2.722603 -0.1555261 -0.3135004 2.698321 -0.3040974 -0.749895 2.763381 0.1493637 0.08845067 2.712346 0.1118701 -0.3573275 2.712547 0.1169653 -0.7926803 2.666488 
0.1534674 0.7603341 2.813459 0.1231684 0.5415045 2.78378 0.09042312 0.3225319 2.751708 -0.04270536 0.5647544 2.794396 -0.1694183 0.2481428 2.722574 -0.2625802 0.09477138 2.47486 0.2890421 0.5182546 2.773163 0.3613409 0.1746884 2.64676 0.3654247 -0.01442972 2.377703 -0.04437991 0.1178643 2.726169 -0.153703 -0.3011593 2.626338 -0.2858797 -0.7251399 2.701587 0.1597356 0.08925423 2.713105 0.1274103 -0.3570383 2.709413 0.1205646 -0.7915619 2.65988 
0.1587996 0.7632329 2.817781 0.1283368 0.5448956 2.788228 0.0959365 0.3259094 2.7557 -0.03755362 0.5677621 2.799525 -0.1687118 0.2500701 2.738793 -0.2712389 0.09451846 2.500226 0.2942272 0.5220292 2.776931 0.3616675 0.1843457 2.645377 0.362442 -0.001455765 2.375709 -0.03853418 0.1209927 2.730123 -0.1504218 -0.2827053 2.584848 -0.2459005 -0.678521 2.653209 0.1656066 0.09285376 2.716222 0.1323387 -0.3533149 2.721075 0.1197659 -0.7893695 2.66586 
0.1631236 0.7635044 2.819937 0.1339439 0.544673 2.791404 0.102984 0.3253642 2.759591 -0.032002 0.5662365 2.804248 -0.1688541 0.2500317 2.763387 -0.2803561 0.08400679 2.535723 0.2998899 0.5231094 2.778561 0.3613366 0.1836778 2.635681 0.3570389 -0.0056306 2.366019 -0.03008925 0.1193243 2.735681 -0.1407409 -0.2573477 2.534512 -0.180924 -0.6139941 2.581186 0.1741375 0.0927865 2.719875 0.1346413 -0.3527966 2.729236 0.1209798 -0.7945508 2.666021 
0.1674988 0.7645778 2.822023 0.1376583 0.5461785 2.794439 0.1060316 0.3268128 2.76364 -0.02808102 0.5679829 2.809332 -0.1654208 0.2540102 2.783699 -0.2951267 0.07913946 2.574647 0.3033977 0.5243742 2.779547 0.3621751 0.1938417 2.636341 0.3451315 0.001895416 2.368288 -0.02757988 0.1208639 2.742004 -0.1259099 -0.2232384 2.486617 -0.1161841 -0.5176259 2.499146 0.1763895 0.09403019 2.723677 0.1279024 -0.3506844 2.727517 0.1134807 -0.7939972 2.669494 
0.1705295 0.7644092 2.822066 0.1400635 0.5463697 2.796255 0.1079711 0.3269131 2.766579 -0.02549972 0.5683444 2.812795 -0.1637046 0.2585003 2.800853 -0.3027577 0.08259723 2.599136 0.3056268 0.524395 2.779715 0.3590937 0.1909236 2.625169 0.3333528 -0.001207169 2.356987 -0.02599386 0.1209777 2.74708 -0.1371307 -0.1182763 2.412221 -0.05326776 -0.40997 2.409486 0.177751 0.09393529 2.726726 0.115885 -0.3490142 2.728253 0.1144699 -0.7932113 2.666391 
0.1711137 0.7636915 2.82264 0.1370551 0.545808 2.798866 0.1013706 0.3266716 2.771249 -0.02748425 0.5698252 2.820899 -0.1578221 0.2717178 2.82449 -0.308057 0.08427534 2.616043 0.3015945 0.5217909 2.776833 0.3500805 0.1804697 2.612631 0.3196692 -0.004127548 2.342324 -0.0356158 0.1223218 2.757198 -0.1749836 0.03564745 2.38519 -0.01055215 -0.2891994 2.342823 0.166988 0.0927486 2.730068 0.1043594 -0.3502311 2.72811 0.1062826 -0.8002412 2.663511 
0.1686222 0.7617545 2.832884 0.1333412 0.5443508 2.804558 0.09628323 0.3260069 2.772929 -0.03084378 0.5686671 2.829062 -0.1257434 0.2918499 2.828862 -0.2526351 0.09796951 2.650137 0.2975262 0.5200346 2.780054 0.3350084 0.1742141 2.60133 0.3028287 -0.008557312 2.326511 -0.04177747 0.1226219 2.756375 -0.1804342 0.1384601 2.363172 0.04878148 -0.1899633 2.285488 0.160228 0.09270419 2.726226 0.1149488 -0.3518171 2.713481 0.1077906 -0.7975556 2.662175 
0.1669084 0.7465826 2.815999 0.1311041 0.5287871 2.79758 0.0919773 0.3099139 2.773978 -0.03269294 0.5553855 2.822456 -0.1091492 0.2729243 2.820503 -0.2250898 0.06121906 2.655057 0.294901 0.5021886 2.772704 0.3220012 0.1716142 2.600626 0.2871927 -0.009097168 2.320856 -0.04792362 0.1074053 2.76568 -0.1871995 0.1883676 2.379781 0.09790827 -0.123344 2.26444 0.1536247 0.07467639 2.73507 0.1169858 -0.3708214 2.721941 0.1096467 -0.8137925 2.67535 
0.1675478 0.7384204 2.819557 0.1302785 0.5202646 2.798965 0.08984969 0.3016917 2.774012 -0.03341866 0.5477145 2.823743 -0.09483288 0.261612 2.82103 -0.2003802 0.03515125 2.668685 0.2939757 0.4928148 2.774188 0.3249066 0.1935596 2.618548 0.2734888 0.002284592 2.357988 -0.05128992 0.1000066 2.764302 -0.1898904 0.2293886 2.372383 0.1401635 -0.07446724 2.235212 0.1501316 0.06623088 2.733814 0.1212214 -0.3787001 2.702766 0.1116254 -0.8023236 2.669972 
0.1703565 0.7353911 2.820837 0.1321996 0.5174263 2.799932 0.09125298 0.2989544 2.774499 -0.03141226 0.5451677 2.825042 -0.08065448 0.2567227 2.822136 -0.1764651 0.0180993 2.682447 0.2958114 0.4896847 2.774822 0.3235784 0.2050344 2.627028 0.26684 0.01317952 2.371513 -0.05035842 0.097551 2.764517 -0.1858258 0.2374387 2.36759 0.1487012 -0.06298926 2.224505 0.1509712 0.06341416 2.733618 0.125328 -0.3823113 2.707783 0.1148867 -0.7952544 2.673919 
0.1692785 0.7326022 2.821973 0.1309498 0.5151673 2.80008 0.09000967 0.2968238 2.773374 -0.03246047 0.5425325 2.826853 -0.107733 0.2371346 2.825497 -0.232044 -0.01016161 2.649214 0.29436 0.4878021 2.773307 0.3217816 0.1900139 2.617512 0.2662923 0.006118103 2.362182 -0.05148041 0.09531865 2.763141 -0.1895038 0.2177183 2.355308 0.1302597 -0.0994956 2.228266 0.1496195 0.06164177 2.730193 0.1218547 -0.3843096 2.708076 0.1141654 -0.7949914 2.672126 
