0.2263235 0.7365127 2.84429 0.1747928 0.5260681 2.805216 0.1208865 0.3128892 2.763748 0.01248102 0.5682571 2.799328 -0.1462719 0.2784093 2.75084 -0.2313116 0.132372 2.473154 0.3371046 0.4838792 2.811104 0.3877215 0.161313 2.623835 0.4015865 -0.002726868 2.341607 -0.03287328 0.1256648 2.718657 -0.1394214 -0.3038314 2.678678 -0.3072118 -0.749384 2.718311 0.1668337 0.07375589 2.725902 0.1411355 -0.3728859 2.715908 0.1105292 -0.7789469 2.67381 
0.2257166 0.7402484 2.833693 0.1746131 0.5278312 2.801562 0.121622 0.3135231 2.765405 0.01194732 0.5688419 2.796885 -0.1456174 0.2806858 2.749399 -0.2399051 0.1303301 2.473411 0.3372789 0.4868204 2.806239 0.3838857 0.1621668 2.622925 0.40148 -0.00572879 2.336235 -0.03145277 0.1244479 2.726371 -0.1462152 -0.3027596 2.672371 -0.3094945 -0.746733 2.713466 0.1687146 0.07398233 2.732126 0.1416756 -0.3726612 2.725674 0.1103604 -0.7814081 2.678973 
0.2222561 0.7429182 2.82787 0.1746481 0.529089 2.800908 0.1240522 0.3135081 2.769342 0.01134728 0.5675712 2.799841 -0.1417633 0.2822981 2.757642 -0.2520777 0.14048 2.485528 0.337949 0.4906069 2.801974 0.3830052 0.1676121 2.618956 0.3900241 0.005283569 2.330537 -0.02705198 0.1216122 2.737121 -0.1495909 -0.2891039 2.626588 -0.2845829 -0.7005978 2.665624 0.1739645 0.07424222 2.738434 0.1425849 -0.3720895 2.730306 0.1134723 -0.7810448 2.677198 
0.2208388 0.7430923 2.824956 0.1757787 0.5278212 2.801623 0.1279738 0.3111351 2.773416 0.01191273 0.5636592 2.804033 -0.1453496 0.2781192 2.762267 -0.2687048 0.1365177 2.496766 0.3396446 0.4919832 2.799212 0.3805465 0.1783284 2.622464 0.3799768 0.01423224 2.336026 -0.02067315 0.1165036 2.746693 -0.1494848 -0.2633024 2.568616 -0.2312021 -0.6274971 2.607024 0.1810112 0.07239459 2.743726 0.143016 -0.3732922 2.731698 0.1136393 -0.7824765 2.676785 
0.2184807 0.7456797 2.823048 0.1756115 0.5293074 2.803456 0.1306858 0.3114603 2.779358 0.01133287 0.5622164 2.812219 -0.1510629 0.2792534 2.781286 -0.2943019 0.1421543 2.528613 0.3398901 0.4963982 2.794692 0.3756711 0.1751012 2.603101 0.3594695 0.02398146 2.314852 -0.01532202 0.1138625 2.760652 -0.1664245 -0.117156 2.438474 -0.1491724 -0.4850155 2.504637 0.1868421 0.07336392 2.749868 0.1339069 -0.37028 2.726557 0.1074929 -0.779784 2.675991 
0.2190506 0.7489722 2.823075 0.1766975 0.5317221 2.804618 0.1324255 0.3136354 2.781304 0.01240032 0.5638712 2.815876 -0.1525271 0.285121 2.793138 -0.3035626 0.1398371 2.551217 0.3409947 0.499573 2.793359 0.3753418 0.1840553 2.606544 0.3447991 0.0238803 2.325018 -0.01292955 0.1153284 2.764918 -0.1724693 0.003457565 2.392639 -0.09634329 -0.3789722 2.43872 0.1892367 0.07576915 2.751065 0.1309854 -0.3672332 2.727346 0.1084289 -0.7781497 2.672422 
0.2152174 0.7432681 2.812589 0.174654 0.5257369 2.80174 0.1316327 0.3069568 2.783702 0.01019861 0.5571272 2.813245 -0.1577604 0.3005565 2.807056 -0.3066157 0.1468299 2.567591 0.3391095 0.4943466 2.790235 0.3631763 0.1855301 2.604277 0.3294699 0.01428221 2.32878 -0.01256414 0.1074885 2.772742 -0.1755602 0.09715103 2.378017 -0.05099716 -0.2745638 2.373057 0.1897868 0.0688649 2.758586 0.1271798 -0.3731543 2.728638 0.1060514 -0.7866758 2.678641 
0.2145312 0.7444365 2.817358 0.1741738 0.5251998 2.803405 0.131605 0.3063951 2.784181 0.009659141 0.556147 2.815462 -0.1211473 0.2944724 2.808405 -0.2493361 0.127736 2.604934 0.3386885 0.4942525 2.791348 0.3535825 0.1782676 2.598642 0.3190882 0.004391327 2.329413 -0.01218385 0.1066313 2.772376 -0.1745766 0.175135 2.363227 -0.01029504 -0.2002224 2.311247 0.1902563 0.06854973 2.757539 0.1265779 -0.3726245 2.718987 0.1077055 -0.7796962 2.673023 
0.207009 0.7329239 2.819737 0.1649641 0.5006765 2.803555 0.1227513 0.283328 2.773237 0.0002471657 0.5312928 2.813408 -0.1434132 0.2717865 2.812238 -0.2902706 0.09960292 2.583427 0.329681 0.4700602 2.793701 0.3383713 0.1721744 2.591314 0.295797 -0.0007126007 2.318974 -0.02090065 0.0848342 2.748987 -0.1751242 0.2302492 2.355893 0.05201656 -0.1469295 2.243403 0.1819779 0.04712472 2.736851 0.1216497 -0.3899511 2.696379 0.1018941 -0.8027481 2.655496 
0.2091341 0.7257625 2.821978 0.1638767 0.4998362 2.805903 0.1178595 0.2825177 2.781005 8.811188E-05 0.5328032 2.820874 -0.168118 0.2524313 2.823239 -0.3152344 0.08746486 2.589695 0.3276652 0.4668692 2.790932 0.3290056 0.1867939 2.602652 0.2763218 -0.0001834107 2.34478 -0.02972764 0.08564305 2.76539 -0.174 0.2897122 2.394415 0.1070703 -0.0753772 2.24617 0.1734122 0.04475554 2.746822 0.1217274 -0.3962236 2.715043 0.09904639 -0.7805002 2.683053 
0.2110356 0.7197493 2.82356 0.1630746 0.4978027 2.807184 0.1149536 0.2805823 2.784592 -0.000168148 0.5321043 2.825085 -0.1742721 0.253534 2.829725 -0.3247519 0.09160776 2.596682 0.3263174 0.463501 2.789284 0.3239617 0.1970867 2.614174 0.2595564 0.002397217 2.366016 -0.03399712 0.08454885 2.773055 -0.1671806 0.3024948 2.390705 0.1513546 -0.0570499 2.228583 0.167662 0.04217494 2.750943 0.1288537 -0.3994498 2.703311 0.1022323 -0.7852384 2.677519 
0.211548 0.713513 2.82383 0.1626019 0.4939071 2.805668 0.1127792 0.2770765 2.782385 -0.0004973221 0.5295771 2.822491 -0.1743897 0.2544199 2.832404 -0.3293547 0.09711273 2.598927 0.3257011 0.4582372 2.788845 0.3164878 0.1825405 2.605088 0.2498223 0.00198616 2.347751 -0.0375878 0.08223508 2.769472 -0.1650555 0.29198 2.36843 0.1507121 -0.07479236 2.201369 0.1635008 0.03825681 2.74873 0.1319076 -0.4038288 2.693833 0.102802 -0.783734 2.673959 
