0.5648176 0.6949209 2.70648 0.5447519 0.4947078 2.660096 0.5186868 0.277329 2.62269 0.3860173 0.5193101 2.627733 0.2157675 0.329414 2.625693 0.1885578 0.3287545 2.339688 0.7034864 0.4701055 2.69246 0.8029618 0.1525074 2.602261 0.7981457 0.1042013 2.288633 0.3936129 0.07529569 2.565098 0.2576263 -0.3095005 2.704103 0.05426175 -0.7963418 2.748963 0.5916307 0.04460489 2.605471 0.5336818 -0.3866034 2.519564 0.5406163 -0.8077036 2.566865 
0.5659759 0.6909506 2.70222 0.5451767 0.485766 2.657861 0.5209657 0.2678058 2.622544 0.3862327 0.5088558 2.624324 0.2163796 0.3137134 2.619847 0.1890831 0.3284538 2.336425 0.7041209 0.4626763 2.691398 0.8084732 0.1492485 2.60014 0.8024442 0.1048798 2.283549 0.3976959 0.06423575 2.566325 0.2453411 -0.3271181 2.687437 0.04586537 -0.7960871 2.758204 0.5958133 0.03545535 2.608127 0.5395352 -0.3963051 2.521645 0.5407435 -0.7947873 2.569802 
0.5758359 0.7019629 2.71502 0.5530465 0.4934931 2.666168 0.5281439 0.2763135 2.626637 0.3932593 0.5172141 2.636506 0.2215829 0.3254392 2.633961 0.18516 0.3361477 2.347029 0.7128338 0.4697721 2.695831 0.820102 0.1598028 2.604541 0.8031924 0.1260293 2.288951 0.4035594 0.07393193 2.5686 0.2315473 -0.3270455 2.63262 0.03328628 -0.7736997 2.724038 0.6029233 0.04433562 2.60561 0.548387 -0.3910132 2.538218 0.5419635 -0.7821377 2.570118 
0.5816889 0.714646 2.726563 0.5564251 0.5055502 2.673451 0.5279102 0.2895693 2.630231 0.3958984 0.5312281 2.651041 0.227723 0.3302643 2.646544 0.1807467 0.3540622 2.367137 0.7169518 0.4798723 2.695861 0.8249627 0.174346 2.594862 0.8026794 0.1519482 2.280287 0.3991345 0.08962618 2.573016 0.2235118 -0.3134651 2.588149 0.04384409 -0.7303071 2.667036 0.599656 0.05755068 2.601009 0.540994 -0.3798201 2.556745 0.5350381 -0.7741185 2.563161 
0.5882578 0.7284216 2.742296 0.560994 0.5188881 2.684449 0.530726 0.303818 2.637969 0.3997431 0.5449055 2.66907 0.2282998 0.3506817 2.673805 0.1714804 0.371594 2.395176 0.722245 0.4928706 2.699828 0.8344036 0.1931257 2.584975 0.7998738 0.1773068 2.272245 0.3997991 0.1049891 2.581888 0.2357481 -0.294365 2.522948 0.0977838 -0.6695855 2.593082 0.6011169 0.072507 2.601089 0.5462109 -0.3668449 2.582967 0.5402852 -0.7732522 2.566906 
0.5942123 0.742967 2.755305 0.5641126 0.5354091 2.695443 0.5324321 0.3208881 2.647163 0.4019722 0.5603548 2.690996 0.2273071 0.3709334 2.723716 0.1576253 0.390228 2.44874 0.726253 0.5104634 2.69989 0.8380792 0.213266 2.561016 0.7884862 0.2015164 2.25656 0.399567 0.1219347 2.596108 0.262646 -0.2581458 2.429873 0.2003659 -0.5547436 2.457876 0.6019362 0.09079959 2.601659 0.5365335 -0.3477389 2.61548 0.5399538 -0.7869982 2.55606 
0.5971974 0.7489618 2.767142 0.5652351 0.5431849 2.702528 0.5328154 0.3298475 2.649863 0.4029424 0.5677174 2.703056 0.2210933 0.3805234 2.738874 0.1376015 0.3928153 2.463748 0.7275278 0.5186525 2.702 0.8364646 0.2180894 2.54852 0.7743908 0.2058876 2.248561 0.3991326 0.1318172 2.597527 0.276945 -0.1739022 2.332488 0.2775066 -0.4462205 2.358915 0.6016587 0.1012031 2.596868 0.5302472 -0.3360999 2.621852 0.5402239 -0.7847613 2.552411 
0.5973907 0.7517572 2.762551 0.5645084 0.5459936 2.703235 0.5313863 0.3321042 2.653266 0.4021577 0.5702987 2.706813 0.2100689 0.3822382 2.743939 0.1244696 0.3954459 2.471652 0.7268591 0.5216885 2.699657 0.8282603 0.2180584 2.538269 0.7587335 0.2007151 2.241734 0.3969852 0.1333769 2.605528 0.2876317 -0.02081047 2.285523 0.3459125 -0.3149697 2.276737 0.599543 0.1030526 2.601064 0.5302567 -0.3332821 2.642714 0.5391809 -0.7927681 2.559782 
0.5951791 0.7396551 2.750293 0.557864 0.535739 2.698507 0.5165623 0.3223796 2.6534 0.3965962 0.5655754 2.705042 0.206554 0.3810741 2.75507 0.1173665 0.3969297 2.486388 0.7191317 0.5059026 2.691972 0.8166566 0.2090491 2.527617 0.7441073 0.1892258 2.232242 0.3751185 0.1275476 2.612352 0.2715252 0.1239744 2.268576 0.4046656 -0.1976052 2.202683 0.5754026 0.0904927 2.604236 0.5219936 -0.3482121 2.627096 0.5181742 -0.8051162 2.562901 
0.5950507 0.7171984 2.737585 0.554162 0.5131101 2.689319 0.5074115 0.3011152 2.642925 0.3936972 0.5473477 2.69457 0.2012826 0.371037 2.755984 0.1001492 0.3839299 2.489085 0.7146268 0.4788726 2.684067 0.7988386 0.1870365 2.515786 0.7278075 0.1663864 2.22037 0.3607973 0.1104276 2.599799 0.2843297 0.2226847 2.253299 0.4934 -0.09660513 2.143852 0.5605249 0.06781281 2.593263 0.5436633 -0.3730069 2.589888 0.5297787 -0.8163358 2.552333 
0.5984372 0.6920499 2.729256 0.5561866 0.4860293 2.682249 0.5085206 0.2740969 2.636059 0.3959396 0.5217584 2.683682 0.1991388 0.3575225 2.768483 0.09567926 0.3678841 2.502886 0.7164336 0.4503002 2.680817 0.7843701 0.1979563 2.553844 0.7221144 0.1814625 2.270529 0.3609941 0.0844296 2.590762 0.3015395 0.2823819 2.268418 0.5750746 -0.008263 2.134195 0.5607152 0.0398992 2.588977 0.5717118 -0.401256 2.571232 0.5454853 -0.820731 2.561912 
0.5979753 0.6619105 2.721526 0.5519446 0.4527937 2.675143 0.5018705 0.2422366 2.625126 0.3923099 0.4912734 2.672972 0.1910586 0.331104 2.767613 0.08639704 0.3458183 2.498804 0.7115794 0.414314 2.677315 0.7605641 0.1830955 2.508337 0.7009004 0.1224416 2.230531 0.3522483 0.05567543 2.573756 0.289714 0.3432091 2.293837 0.6123859 0.08655027 2.152514 0.5513443 0.007683609 2.576464 0.5732883 -0.4351981 2.56525 0.5350895 -0.8003364 2.56296 
0.5959137 0.6570877 2.723206 0.5447983 0.4506621 2.670976 0.4906321 0.245417 2.607249 0.386295 0.4934524 2.667885 0.1921125 0.3250127 2.765131 0.08868324 0.3359527 2.492965 0.7033017 0.4078718 2.674067 0.7685276 0.07042944 2.380646 0.6987575 0.02762051 2.101275 0.3370938 0.06699897 2.541585 0.2869096 0.3513537 2.273129 0.5687455 0.1050243 2.150468 0.5358381 0.01334502 2.545461 0.5582132 -0.4330269 2.54277 0.5263605 -0.7862353 2.542469 
