0.1896731 0.7121649 2.770844 0.1337173 0.500042 2.7556 0.07675803 0.2840408 2.744521 -0.0270931 0.5434764 2.735539 -0.2375842 0.2885429 2.686309 -0.3250119 0.1671693 2.430012 0.2945276 0.4566077 2.775661 0.3318044 0.1599161 2.558396 0.3190688 0.05455381 2.253304 -0.07911994 0.09475727 2.721102 -0.2028303 -0.3201765 2.822141 -0.3735372 -0.7726841 2.89637 0.1187175 0.04132202 2.745782 0.08069139 -0.3956665 2.658147 0.1055188 -0.7870974 2.681635 
0.1959114 0.7189347 2.785997 0.1375124 0.5038216 2.76182 0.08001245 0.2884844 2.743795 -0.02373902 0.5479256 2.749321 -0.2359112 0.2854227 2.691166 -0.3317314 0.1705408 2.439911 0.298764 0.4597175 2.77432 0.3432191 0.1663852 2.574223 0.3123325 0.0497443 2.275177 -0.07678879 0.1003072 2.718073 -0.2059613 -0.3205674 2.769982 -0.3812533 -0.7542689 2.854318 0.1218137 0.04598723 2.733468 0.0856542 -0.3910205 2.644547 0.1108085 -0.7778538 2.657594 
0.1989055 0.72794 2.79406 0.1413242 0.5116748 2.768615 0.08376329 0.2964437 2.748677 -0.02036494 0.5551686 2.765893 -0.2259987 0.2887661 2.719585 -0.337889 0.1799659 2.468739 0.3030133 0.4681808 2.771338 0.3500444 0.1696661 2.574617 0.3157197 0.05067953 2.278729 -0.0733959 0.1080042 2.727063 -0.2076838 -0.3136896 2.72875 -0.3693242 -0.7161566 2.809632 0.1258007 0.05442097 2.730417 0.08898794 -0.3858799 2.662899 0.1115702 -0.7719601 2.668397 
0.1997152 0.7390303 2.808082 0.1436915 0.5220522 2.777866 0.08656143 0.3071259 2.753762 -0.01809941 0.5642543 2.785034 -0.2165963 0.3005066 2.751288 -0.3439444 0.1885653 2.510411 0.3054824 0.47985 2.770699 0.3568782 0.1812748 2.5683 0.3192843 0.06243558 2.2731 -0.07018159 0.1181831 2.734071 -0.2006218 -0.295769 2.665501 -0.3296512 -0.650719 2.731327 0.1290443 0.06621622 2.725246 0.0896566 -0.376021 2.673774 0.1131504 -0.7729589 2.666049 
0.1957297 0.7405868 2.815076 0.1431262 0.5273417 2.783493 0.08729677 0.3123796 2.756621 -0.01887696 0.5677732 2.79664 -0.2053385 0.3108054 2.782126 -0.3502969 0.1962571 2.563748 0.3051293 0.4869101 2.770346 0.3578807 0.1966153 2.571124 0.3090658 0.08293447 2.279714 -0.06813812 0.1222764 2.737832 -0.1900236 -0.2760288 2.602262 -0.2752604 -0.5768312 2.635431 0.1310728 0.07255876 2.721666 0.09020542 -0.3710976 2.685677 0.111594 -0.7766243 2.666532 
0.1925467 0.7533759 2.829543 0.1414327 0.5386129 2.794087 0.08726633 0.3235337 2.76476 -0.01983211 0.5759345 2.81823 -0.2047374 0.3099877 2.807514 -0.3681557 0.1851987 2.606496 0.3026976 0.5012915 2.769944 0.3558456 0.2062773 2.550505 0.3075421 0.09739529 2.264703 -0.06625406 0.131448 2.750307 -0.1681273 -0.1775499 2.491904 -0.2081049 -0.4698101 2.546827 0.1324539 0.0854611 2.720558 0.08829737 -0.3587833 2.695874 0.1145996 -0.7780915 2.664475 
0.1883149 0.7513909 2.826324 0.1412551 0.5370332 2.796329 0.09095269 0.3206277 2.770362 -0.02084978 0.5718152 2.820484 -0.2003721 0.3144958 2.831728 -0.3633041 0.1903986 2.628248 0.3033599 0.5022513 2.772174 0.3534264 0.219634 2.545269 0.2978107 0.1108709 2.26562 -0.05893731 0.1255901 2.759235 -0.1552631 -0.0311719 2.418219 -0.1362519 -0.355802 2.44968 0.140238 0.08285416 2.729556 0.1003804 -0.3619162 2.703497 0.1201304 -0.7937054 2.675317 
0.1838019 0.7413334 2.813735 0.140789 0.5281719 2.793552 0.09315764 0.3105047 2.774997 -0.02197689 0.5619109 2.815588 -0.2022257 0.3287927 2.840861 -0.3599662 0.1889038 2.646262 0.3035548 0.4944329 2.771517 0.3471629 0.2207867 2.52917 0.2959639 0.1123067 2.246554 -0.0545456 0.1135809 2.76999 -0.1491797 0.09378879 2.39236 -0.0721741 -0.2470263 2.365091 0.1455982 0.07209407 2.742895 0.1047773 -0.3712109 2.70098 0.1153147 -0.7967615 2.680552 
0.1798218 0.7299194 2.818439 0.1357869 0.5180381 2.796714 0.08962364 0.3000931 2.776743 -0.02741103 0.5506735 2.817795 -0.21411 0.3093032 2.85234 -0.3717684 0.1680262 2.654479 0.2989848 0.4854027 2.775633 0.3525803 0.2243998 2.636595 0.3090134 0.1468509 2.346993 -0.05691109 0.1022199 2.769737 -0.1531013 0.191054 2.371522 -0.008098495 -0.1483535 2.284888 0.1438318 0.06207645 2.743806 0.1054041 -0.378152 2.678392 0.1082509 -0.7940489 2.667513 
0.1792146 0.7214612 2.829782 0.1332057 0.5087408 2.802219 0.08617377 0.2915453 2.776959 -0.02999187 0.5416313 2.823272 -0.2208103 0.2947188 2.860066 -0.38065 0.1547067 2.66097 0.2964032 0.4758502 2.781166 0.3392138 0.2413837 2.611827 0.2973411 0.118981 2.342688 -0.06124907 0.09458243 2.76465 -0.1531974 0.2575653 2.382789 0.08380397 -0.06513843 2.249472 0.1395328 0.05411722 2.738749 0.1118701 -0.3846346 2.659109 0.1037064 -0.7889688 2.659734 
0.1797155 0.7045025 2.826437 0.1322961 0.4940149 2.801324 0.08419289 0.2770003 2.77603 -0.03106435 0.528239 2.818364 -0.2280945 0.2789824 2.867285 -0.3821929 0.149066 2.656756 0.2956564 0.4597908 2.784283 0.332161 0.2496672 2.610492 0.2857518 0.1008388 2.355383 -0.06444705 0.08104821 2.761223 -0.1501255 0.280567 2.392506 0.1438752 -0.02878488 2.232847 0.1366265 0.03892325 2.740249 0.123735 -0.3985231 2.650221 0.1065912 -0.797697 2.667396 
0.1825663 0.6970413 2.834781 0.1333617 0.485169 2.804134 0.08348758 0.2690614 2.774918 -0.0298008 0.5205334 2.821079 -0.2272195 0.2673692 2.859565 -0.3867191 0.1335843 2.654937 0.2965243 0.4498046 2.787189 0.3290921 0.2466015 2.605639 0.2798055 0.08103078 2.360324 -0.06676292 0.07470971 2.756126 -0.147313 0.2937171 2.386885 0.1721873 -0.01745877 2.217556 0.1339898 0.03119788 2.735278 0.1283247 -0.4053328 2.638924 0.1071425 -0.7894844 2.662988 
0.1907237 0.6933021 2.839954 0.1366398 0.4817048 2.806257 0.08297684 0.2667926 2.775059 -0.02585742 0.5197347 2.82379 -0.2270993 0.2619604 2.849841 -0.3876795 0.132473 2.642852 0.2991371 0.443675 2.788724 0.3315486 0.238293 2.635838 0.2778336 0.09079187 2.386616 -0.07067497 0.07528111 2.754649 -0.1483862 0.2875944 2.382001 0.167864 -0.03699353 2.214836 0.1293027 0.02847958 2.733073 0.1242532 -0.4101741 2.646159 0.1091688 -0.7905905 2.668782 
