0.4836612 0.7171918 2.719638 0.4662502 0.5024234 2.68745 0.4471967 0.2827276 2.660463 0.3030225 0.5175833 2.679279 0.1524457 0.3039698 2.69183 0.1239879 0.3397894 2.416413 0.6294779 0.4872636 2.695621 0.7219449 0.1992698 2.661833 0.8372477 0.1411882 2.367234 0.3263705 0.07248398 2.628381 0.1950208 -0.3467219 2.656555 0.02111798 -0.7804483 2.731455 0.529916 0.05357956 2.63857 0.5188876 -0.3803624 2.546335 0.531228 -0.7748164 2.576755 
0.4925734 0.7257329 2.729303 0.4751488 0.5110964 2.692983 0.4551539 0.2920104 2.662214 0.3118065 0.5268486 2.686968 0.157701 0.3075044 2.703416 0.1316552 0.3437959 2.42889 0.6384911 0.4953443 2.698998 0.7389466 0.2111183 2.655429 0.8373607 0.1504145 2.35629 0.3332707 0.08275023 2.627693 0.1962902 -0.3327011 2.598125 0.04211845 -0.7432308 2.674441 0.5370471 0.06309868 2.635197 0.5282969 -0.3748373 2.566105 0.5383344 -0.774073 2.572474 
0.4992573 0.7376321 2.733619 0.4838418 0.5217097 2.696667 0.4647091 0.3026205 2.665249 0.3202936 0.5363802 2.693961 0.1658441 0.3247593 2.734699 0.1318604 0.349682 2.453157 0.6473899 0.5070392 2.699374 0.7539663 0.2190555 2.645705 0.8283122 0.1596686 2.338651 0.3435226 0.09268574 2.632141 0.2127727 -0.3145944 2.542087 0.09938811 -0.6798035 2.592501 0.5476304 0.07437697 2.635519 0.5379287 -0.3663872 2.589061 0.5417056 -0.77053 2.575243 
0.5064662 0.7513564 2.727317 0.4941675 0.5341235 2.698002 0.4784742 0.3142518 2.67081 0.3305123 0.5449364 2.705021 0.1832717 0.3243967 2.77909 0.1153308 0.3388148 2.5023 0.6578227 0.5233107 2.690983 0.7678114 0.2253101 2.610908 0.8094503 0.1652924 2.304644 0.3606331 0.101129 2.647998 0.2393856 -0.2659476 2.444898 0.2062773 -0.559349 2.4696 0.5649288 0.08763099 2.639236 0.5416476 -0.3547685 2.611629 0.5436674 -0.7833435 2.579376 
0.5101718 0.7531318 2.733127 0.4973916 0.5354393 2.702385 0.482415 0.3156931 2.673563 0.3340573 0.544862 2.715417 0.1976062 0.3177246 2.800035 0.1010332 0.3328425 2.531202 0.6607259 0.5260167 2.689354 0.765374 0.2236369 2.595939 0.7943193 0.1532194 2.289195 0.3654839 0.1018285 2.652875 0.2441109 -0.1707157 2.357028 0.2665288 -0.4536703 2.383043 0.5693929 0.09006509 2.636606 0.5350074 -0.3518408 2.61117 0.5373163 -0.7842687 2.570309 
0.5134602 0.7554803 2.746544 0.5000035 0.5382854 2.708414 0.4846449 0.3193686 2.674291 0.3369654 0.5470557 2.725531 0.2167386 0.3129165 2.820529 0.08921717 0.3140585 2.566322 0.6630417 0.5295153 2.691297 0.7626165 0.2187729 2.57747 0.7614471 0.1393691 2.268749 0.367568 0.1059233 2.650847 0.2372301 -0.006102127 2.304563 0.321439 -0.3175794 2.29807 0.5710046 0.09497998 2.629488 0.5309866 -0.3467882 2.607638 0.5350832 -0.7789551 2.564862 
0.5137696 0.7455792 2.732258 0.4992684 0.5270866 2.702252 0.4835635 0.3074483 2.67349 0.3368955 0.5357502 2.724754 0.2114538 0.306886 2.836767 0.06984033 0.2993301 2.591498 0.6616413 0.518423 2.67975 0.7479006 0.2119444 2.555242 0.7332232 0.1228314 2.246758 0.3665185 0.09321716 2.658772 0.2301325 0.10572 2.300715 0.383237 -0.2225186 2.240969 0.5691988 0.08240295 2.630685 0.5283548 -0.3590256 2.602735 0.5304562 -0.7935454 2.57568 
0.5126876 0.7345182 2.726603 0.4988391 0.515891 2.698121 0.4833219 0.2960687 2.670267 0.3369946 0.5239668 2.724548 0.1952373 0.2929343 2.837878 0.05634195 0.2863307 2.60437 0.6606835 0.5078151 2.671693 0.7244624 0.1929798 2.532622 0.6923492 0.1062812 2.222823 0.3668241 0.08128533 2.658903 0.2257825 0.190749 2.297022 0.4563348 -0.1268703 2.182648 0.5687853 0.07120763 2.625925 0.5323171 -0.3692905 2.583641 0.5311546 -0.7936329 2.566477 
0.5140277 0.7247503 2.732276 0.499516 0.506988 2.697763 0.4836662 0.2884399 2.662077 0.3387411 0.513357 2.730165 0.2020393 0.2698397 2.84844 0.04892782 0.2772484 2.61341 0.6602908 0.5006189 2.665361 0.7048391 0.2346338 2.557276 0.672157 0.1524242 2.28053 0.3674488 0.07386786 2.646618 0.2188764 0.2489171 2.299658 0.5076526 -0.04239259 2.149971 0.568184 0.06591571 2.606163 0.5363699 -0.3741997 2.55607 0.5296468 -0.7860038 2.551364 
0.5141717 0.7108156 2.737044 0.4987859 0.4962449 2.696815 0.4835018 0.2790275 2.65318 0.3390457 0.4999356 2.734396 0.2329301 0.2446924 2.823869 0.06542417 0.2162128 2.588187 0.6585261 0.4925543 2.659233 0.7012021 0.1936805 2.554089 0.6725059 0.1540804 2.389038 0.3684869 0.06411429 2.633009 0.2012897 0.2837788 2.32792 0.5419837 0.01170132 2.143749 0.5679483 0.05950595 2.586083 0.5344503 -0.3823209 2.555796 0.5296773 -0.7892908 2.563783 
0.5150379 0.7108175 2.737993 0.4975162 0.4957338 2.699501 0.4801831 0.2778349 2.660283 0.3384867 0.5010943 2.740003 0.2480135 0.2335113 2.80804 0.08475481 0.1629139 2.578306 0.6565458 0.4903733 2.658998 0.7331336 0.2068619 2.689548 0.6720242 0.1987522 2.47194 0.3636364 0.06328034 2.646333 0.1864624 0.2746162 2.340822 0.5283094 -0.001422546 2.163736 0.5620635 0.0565918 2.595797 0.5271799 -0.3856518 2.573734 0.5270109 -0.7911639 2.582937 
