0.619638 0.711854 2.712764 0.5848832 0.5075722 2.659433 0.5445361 0.2927042 2.619999 0.4271578 0.5421047 2.632648 0.2526127 0.3328164 2.570529 0.26917 0.4218713 2.298563 0.7426085 0.4730396 2.686218 0.8665443 0.1908004 2.536199 0.8656133 0.1940137 2.248198 0.405713 0.09939664 2.563843 0.2852831 -0.293927 2.661494 0.07189356 -0.7729747 2.730482 0.6026652 0.05627567 2.59729 0.5794364 -0.3833956 2.547558 0.5416872 -0.7964159 2.589404 
0.618032 0.6886625 2.695368 0.5850828 0.4850654 2.649124 0.5450029 0.2691676 2.61597 0.4291997 0.5195651 2.612908 0.2451473 0.3225726 2.547294 0.2761559 0.4033569 2.279327 0.7409658 0.4505655 2.68534 0.8575669 0.1643032 2.547086 0.8734388 0.1637682 2.255954 0.4076663 0.0747946 2.560221 0.2909788 -0.3138076 2.705657 0.07354831 -0.8010685 2.774455 0.6021798 0.03174521 2.605412 0.582527 -0.4075971 2.547139 0.5385989 -0.8002918 2.596466 
0.6228576 0.6744959 2.687157 0.5877975 0.4697281 2.643438 0.5473108 0.2534482 2.613175 0.4326374 0.5043865 2.603323 0.2395427 0.313819 2.53665 0.2811854 0.3961016 2.269992 0.7429577 0.4350697 2.683553 0.8547456 0.1436336 2.545531 0.8740773 0.1430303 2.255843 0.4101445 0.05876384 2.557916 0.2864826 -0.3296473 2.716765 0.07001904 -0.8057266 2.786748 0.6035035 0.01557285 2.607907 0.5840501 -0.4224571 2.538889 0.5399867 -0.791158 2.593636 
0.6360638 0.6787833 2.692586 0.5965229 0.4723598 2.645267 0.5534216 0.2570853 2.611676 0.4408619 0.5092266 2.608731 0.2362462 0.3239312 2.54534 0.271598 0.3977028 2.278399 0.7521839 0.4354931 2.681803 0.8528301 0.1423008 2.536808 0.8636871 0.1390488 2.250367 0.4132487 0.0648013 2.5553 0.2667863 -0.3300624 2.678743 0.06554919 -0.7808328 2.771956 0.607392 0.01882034 2.600868 0.5869944 -0.4208151 2.542348 0.5426141 -0.7712376 2.584996 
0.6499847 0.6913695 2.706372 0.6066515 0.4858496 2.652418 0.5601739 0.2729246 2.610441 0.4500054 0.5254945 2.624763 0.2384516 0.3426407 2.582226 0.2503747 0.4022596 2.306044 0.7632977 0.4462046 2.680073 0.8511524 0.1525305 2.52555 0.8474477 0.1492639 2.237716 0.4158483 0.08476362 2.551189 0.2575316 -0.3179088 2.612163 0.08385689 -0.7294636 2.722635 0.6115441 0.03523575 2.585738 0.5809918 -0.4056882 2.548631 0.5425478 -0.7578418 2.578869 
0.6611814 0.7034009 2.723883 0.6120868 0.4999199 2.665116 0.5599965 0.2899972 2.615756 0.4548539 0.5425603 2.649699 0.2445146 0.3650121 2.631277 0.2254925 0.4143094 2.353167 0.7693197 0.4572794 2.680532 0.8557604 0.1671063 2.504544 0.8254485 0.1622355 2.218006 0.4096062 0.1067328 2.556759 0.2496019 -0.2981815 2.550048 0.115006 -0.654148 2.64379 0.606206 0.05341623 2.576035 0.5641637 -0.3868392 2.575873 0.5346746 -0.7575992 2.582748 
0.6617906 0.7087587 2.720957 0.6127759 0.5066997 2.671201 0.5592051 0.2953939 2.629925 0.4544583 0.5474764 2.667926 0.2495004 0.3737113 2.681615 0.197621 0.4273117 2.409293 0.7710936 0.465923 2.674476 0.843742 0.1896928 2.478868 0.7886958 0.1787857 2.197652 0.4070283 0.1094854 2.586611 0.2613002 -0.2902804 2.504301 0.1721281 -0.5678135 2.540793 0.6042402 0.05869092 2.59069 0.5589136 -0.3808398 2.615815 0.5384026 -0.7737774 2.602706 
0.6584798 0.7096435 2.721745 0.6069683 0.5081574 2.679675 0.5509185 0.2958008 2.647045 0.4487678 0.5475584 2.694999 0.2615037 0.3790119 2.755654 0.154546 0.4140143 2.500187 0.7651687 0.4687564 2.664351 0.8108855 0.2017435 2.436041 0.7379096 0.185549 2.158541 0.3962697 0.1080011 2.623967 0.2873848 -0.0690048 2.31917 0.2530124 -0.3906743 2.360027 0.5934676 0.05888748 2.604865 0.5468384 -0.3823101 2.617479 0.5366619 -0.7850336 2.585754 
0.6536415 0.7005588 2.719869 0.6012478 0.4980851 2.680484 0.5437123 0.2857168 2.650254 0.4434298 0.5380476 2.700112 0.2642741 0.3674732 2.777842 0.1382378 0.4102897 2.529235 0.7590658 0.4581227 2.660856 0.7904791 0.1888827 2.424541 0.7181736 0.1700755 2.146405 0.387825 0.09825294 2.632255 0.3044583 0.06618752 2.269388 0.3002721 -0.2536472 2.272317 0.5845284 0.04844398 2.607791 0.5454762 -0.3937701 2.612436 0.5321234 -0.7948624 2.582304 
0.6495125 0.6826792 2.719957 0.5913163 0.4818802 2.679622 0.5269202 0.2723917 2.64453 0.4349301 0.5262323 2.701831 0.2596057 0.3532678 2.793401 0.1200691 0.3880408 2.543402 0.7477025 0.4375281 2.657413 0.7637109 0.1689082 2.412874 0.6923397 0.1509615 2.134118 0.3651533 0.09051814 2.623265 0.3023187 0.1842117 2.241529 0.3507256 -0.1447057 2.185494 0.5598949 0.03528822 2.595609 0.5331957 -0.4073387 2.585886 0.5182679 -0.8001381 2.563319 
0.6494494 0.6602919 2.719446 0.5893609 0.4593459 2.676855 0.5236307 0.2513185 2.635881 0.4328657 0.5049714 2.696259 0.2493428 0.3395814 2.800668 0.1059702 0.364383 2.550029 0.745856 0.4137203 2.65745 0.7617219 0.1833458 2.481124 0.6898177 0.1725554 2.199827 0.3603784 0.07172342 2.606999 0.3259052 0.2491533 2.244391 0.4491086 -0.08080529 2.102373 0.5554227 0.01485899 2.582815 0.5641968 -0.4273713 2.569583 0.5378537 -0.8028932 2.562978 
0.651573 0.6364433 2.730201 0.5889076 0.4378822 2.678882 0.5227638 0.2321512 2.628615 0.4322354 0.4846847 2.693486 0.2387776 0.3271506 2.796793 0.1065935 0.3458045 2.539386 0.7455797 0.3910797 2.664277 0.7498336 0.1501332 2.501976 0.6922477 0.15933 2.217346 0.358891 0.05561456 2.587458 0.3253212 0.290347 2.245793 0.5314229 -0.01413239 2.058285 0.554349 -0.002774399 2.569238 0.5754972 -0.4452852 2.554451 0.540516 -0.8013178 2.563336 
0.6527678 0.6223469 2.733919 0.5866964 0.4237757 2.680349 0.5191875 0.2197607 2.624824 0.430253 0.4720597 2.693147 0.2354137 0.3180458 2.775865 0.1197271 0.3435879 2.518005 0.7431399 0.3754916 2.66755 0.746075 0.1328728 2.50773 0.6916254 0.1558018 2.223258 0.3541059 0.04586025 2.577281 0.3124361 0.3009596 2.254497 0.572987 0.02421997 2.048743 0.5492512 -0.01436861 2.561317 0.5749124 -0.4572614 2.557535 0.5351052 -0.794341 2.573063 
