0.02391921 0.7030166 3.063485 0.02197848 0.4841534 3.063108 0.02256357 0.2631837 3.051878 -0.1344376 0.4860687 3.017272 -0.3903548 0.4306975 2.882169 -0.5072916 0.5967687 2.678839 0.1783946 0.4822383 3.108945 0.178983 0.1927019 3.107735 0.3016611 -0.06884048 3.088271 -0.07432116 0.0434073 3.012085 -0.1346742 -0.3888548 3.07922 -0.2171589 -0.8369499 3.024554 0.1206185 0.0410204 3.069211 0.1768126 -0.3913114 3.000397 0.2939624 -0.8044547 2.941792 
0.02759212 0.7006456 3.059746 0.02251321 0.4820527 3.061217 0.02100229 0.2609754 3.051405 -0.1330715 0.4852725 3.012623 -0.3745665 0.4703416 2.856103 -0.4434233 0.6817681 2.67886 0.178098 0.478833 3.109811 0.1785639 0.1892955 3.10884 0.2895436 -0.07748608 3.090287 -0.07772878 0.04190997 3.01123 -0.1280512 -0.3933638 3.06917 -0.2109555 -0.8391464 3.028373 0.1167115 0.03788617 3.071959 0.1861545 -0.3919708 2.996931 0.2991529 -0.8035319 2.94656 
0.02711866 0.6982226 3.060344 0.0227642 0.4787307 3.059349 0.0205444 0.2577151 3.047404 -0.1297726 0.4833517 3.002196 -0.3322428 0.5121383 2.821027 -0.3431672 0.7540937 2.677472 0.175301 0.4741097 3.116503 0.1756708 0.1845716 3.115725 0.2759516 -0.0864813 3.098197 -0.07716253 0.0395923 2.999681 -0.123702 -0.3960896 3.060633 -0.2087072 -0.8411163 3.01459 0.1138118 0.0338069 3.071236 0.1858674 -0.3941014 2.986085 0.2986482 -0.8022668 2.946202 
0.0305234 0.6965922 3.05104 0.02523692 0.4762386 3.054782 0.02285669 0.2550454 3.048206 -0.1208358 0.4799509 2.982781 -0.2538014 0.5612938 2.774066 -0.1878809 0.8197489 2.68325 0.1713096 0.4725263 3.126782 0.184323 0.1431801 3.118553 0.2294274 0.08319185 3.083145 -0.07093139 0.03617522 2.996574 -0.1137101 -0.3975889 3.072938 -0.2040288 -0.8384052 3.017708 0.1118843 0.03152914 3.086686 0.1955356 -0.3913776 2.987332 0.304518 -0.7973564 2.952589 
0.03071238 0.6934011 3.054477 0.02885372 0.47445 3.055986 0.02874292 0.2532702 3.047606 -0.1153749 0.4774026 2.979954 -0.1848812 0.5771188 2.741571 -0.07555 0.8251618 2.663947 0.1730824 0.4714974 3.132017 0.1984933 0.1465351 3.126997 0.2757623 0.03984306 3.026062 -0.06152748 0.03393617 2.991698 -0.1164576 -0.397283 3.074131 -0.2018664 -0.8386918 3.018127 0.1187917 0.03024467 3.086755 0.1990716 -0.3934264 2.986994 0.3105232 -0.805555 2.946417 
0.02596537 0.6949915 3.070641 0.02939557 0.4774035 3.06272 0.03289202 0.2567041 3.047626 -0.1157431 0.4802054 2.988128 -0.1289786 0.5540876 2.725773 0.01655853 0.7750862 2.636462 0.1745342 0.4746016 3.137312 0.2098281 0.1432838 3.136549 0.2947748 0.006153855 2.972385 -0.0543404 0.0377563 2.985904 -0.1279896 -0.3874955 3.081348 -0.2038946 -0.8319222 3.016719 0.1271174 0.03425327 3.079161 0.1964936 -0.390578 2.976351 0.3115359 -0.7996068 2.938005 
0.01986031 0.692583 3.063835 0.02942785 0.4752215 3.060966 0.03868395 0.2544317 3.051867 -0.1127535 0.4725509 2.98113 -0.07408008 0.5095704 2.719458 0.1154096 0.6972097 2.642802 0.1716093 0.4778922 3.140803 0.2131324 0.1563878 3.146472 0.289724 0.00386969 2.947805 -0.041075 0.03196983 2.992785 -0.1226737 -0.3924468 3.087021 -0.1987089 -0.8421391 3.028669 0.1369551 0.03531384 3.092752 0.1958769 -0.3913147 2.990858 0.3104509 -0.8002639 2.958387 
0.01270965 0.6898991 3.060549 0.03216156 0.4760441 3.060638 0.05147463 0.2559232 3.056083 -0.1056208 0.4657395 2.974418 -0.02165512 0.4527531 2.727975 0.1938107 0.599722 2.631255 0.1699439 0.4863487 3.146858 0.2176488 0.1677936 3.160446 0.2824101 0.005180557 2.942392 -0.0155213 0.02934724 2.997518 -0.1148716 -0.3873418 3.106142 -0.186425 -0.8377688 3.026953 0.1570967 0.0422572 3.105538 0.2060337 -0.3845159 2.999097 0.3211507 -0.7917312 2.959662 
0.007958634 0.6838213 3.045074 0.02925798 0.4699242 3.05251 0.05292241 0.2500229 3.056404 -0.1004731 0.4542378 2.955086 0.02425775 0.3649606 2.746294 0.2721862 0.436882 2.634768 0.158989 0.4856106 3.149934 0.2163964 0.1724307 3.197463 0.2695865 -0.0102296 2.956439 -0.004425339 0.02032604 2.999461 -0.1504896 -0.388942 3.076782 -0.20855 -0.8404759 3.028385 0.157599 0.03991714 3.121136 0.1859776 -0.3851245 3.001501 0.3004174 -0.801473 2.960815 
0.005220505 0.6820378 3.035623 0.02794859 0.4644298 3.046835 0.05195366 0.2445349 3.054839 -0.09827305 0.4469378 2.944827 0.04979274 0.2877498 2.752561 0.3058198 0.3049658 2.623752 0.1541702 0.4819219 3.148843 0.2195647 0.1678414 3.211872 0.277426 -0.02224092 2.958209 -0.002962994 0.01370279 2.999061 -0.1573182 -0.3949725 3.068336 -0.2063371 -0.8339918 3.029733 0.1548804 0.03557703 3.126625 0.1866749 -0.3861882 2.995999 0.3031367 -0.8034089 2.954513 
0.002717468 0.6793956 3.034231 0.02413888 0.4609372 3.048145 0.04711834 0.2409781 3.057875 -0.1033859 0.4431726 2.947728 0.04890822 0.2328662 2.760785 0.3057593 0.2203149 2.624305 0.1516637 0.4787018 3.148562 0.2213001 0.1954322 3.23293 0.2818933 -0.02519592 2.97979 -0.009645481 0.009910522 3.004812 -0.1674757 -0.3978424 3.073226 -0.2148973 -0.8384929 3.032033 0.1498411 0.0321275 3.130397 0.1855726 -0.3876891 2.994538 0.3031951 -0.8124813 2.949877 
-0.002491898 0.6817262 3.03251 0.0208507 0.4621569 3.048841 0.04677195 0.2425581 3.059286 -0.1086055 0.4422396 2.95136 0.02995156 0.1884387 2.769867 0.2761011 0.1291372 2.627383 0.1503069 0.4820742 3.146322 0.258855 0.1908448 3.232944 0.2868301 -0.02791547 2.989783 -0.008290909 0.01049963 3.008749 -0.1652763 -0.3993916 3.065012 -0.2027591 -0.8317673 3.03159 0.1536773 0.03541904 3.130712 0.1963181 -0.3825405 2.991198 0.3089302 -0.7997209 2.949356 
-0.01039711 0.6897972 3.048968 0.01887743 0.4700457 3.059973 0.05159847 0.25124 3.067146 -0.1135364 0.4472026 2.967186 -0.03305689 0.1423821 2.786191 0.1934939 0.03525815 2.61978 0.1512913 0.4928887 3.152761 0.2613361 0.2209503 3.264052 0.3044353 -0.004706787 3.032026 0.001489693 0.01814503 3.016276 -0.1603565 -0.3913067 3.062396 -0.2024048 -0.8301706 3.027897 0.1671493 0.04672347 3.132359 0.1947502 -0.3709894 2.989017 0.3108681 -0.7954971 2.950298 
-0.009681902 0.6853806 3.039911 0.01865766 0.4673446 3.057749 0.051208 0.2486964 3.06902 -0.117636 0.4426121 2.971572 -0.08591656 0.1396442 2.79809 0.09888759 0.009747833 2.598082 0.1549513 0.4920769 3.143927 0.2622488 0.2020489 3.244032 0.3114353 -0.01240295 3.005939 -0.001578091 0.01456279 3.026333 -0.1610741 -0.3962846 3.068465 -0.2103187 -0.8367265 3.03557 0.1690948 0.0455338 3.134248 0.1886234 -0.3739564 2.994576 0.3057507 -0.8028279 2.952811 
-0.01124623 0.6886671 3.06038 0.01753109 0.4680215 3.06533 0.05089824 0.249352 3.068255 -0.1213968 0.4457173 2.982701 -0.1425539 0.13388 2.811996 -0.02017999 0.006632088 2.567299 0.156459 0.4903259 3.147959 0.2505035 0.1914336 3.218551 0.3162511 -0.02049886 2.992507 -0.002618645 0.01673355 3.019504 -0.1561406 -0.397095 3.052749 -0.2058328 -0.8324671 3.022872 0.1711494 0.04463127 3.122854 0.1877882 -0.3728248 2.976648 0.3054315 -0.8026828 2.941122 
-0.01337584 0.696097 3.070787 0.01232436 0.4758179 3.068591 0.03992398 0.256395 3.06315 -0.1337867 0.4591872 2.998116 -0.2279227 0.1920387 2.855073 -0.1817988 0.06313953 2.598847 0.1584354 0.4924485 3.139066 0.2404767 0.1777727 3.191508 0.3215891 -0.02269217 2.978909 -0.02385985 0.02657056 3.013631 -0.1514755 -0.3932236 3.068047 -0.2134454 -0.8292589 3.02067 0.1589071 0.04737349 3.101786 0.1829208 -0.3794338 2.98864 0.3055463 -0.8059788 2.930857 
-0.01204628 0.7005528 3.050976 0.01736639 0.4549466 3.071932 0.03788078 0.2358152 3.053783 -0.1319783 0.4463009 3.00751 -0.2701382 0.2076182 2.882019 -0.2759903 0.1093963 2.61551 0.1667111 0.4635922 3.136354 0.2409457 0.171222 3.190034 0.3207154 -0.02125771 2.973491 -0.03335274 0.01137245 2.996057 -0.1495377 -0.4096766 3.064435 -0.2172693 -0.8515729 3.006791 0.1501431 0.02199516 3.075211 0.1736654 -0.4009965 2.976977 0.3004803 -0.8242105 2.921416 
-0.005804426 0.7033934 3.05344 0.0145804 0.4685577 3.06534 0.0335422 0.2486507 3.053904 -0.1363868 0.4587052 3.004474 -0.3079787 0.2367583 2.892014 -0.3712675 0.1948269 2.625161 0.1655476 0.4784102 3.126205 0.2445454 0.1641798 3.183561 0.3187681 -0.01832187 2.962908 -0.04147561 0.02261038 3.004579 -0.1444836 -0.4006716 3.084066 -0.2145272 -0.8226718 3.029317 0.1464836 0.03487701 3.080359 0.1875008 -0.3994259 3.002265 0.2996932 -0.7889939 2.951065 
-0.001844152 0.6976101 3.056736 0.01585354 0.474066 3.061875 0.03528101 0.2537322 3.054971 -0.1384873 0.462072 3.010345 -0.3424533 0.2866684 2.901987 -0.4596903 0.322234 2.651693 0.1701944 0.48606 3.113406 0.2461738 0.1675734 3.180883 0.3172905 -0.01635385 2.954574 -0.04175378 0.02590225 3.01586 -0.1287486 -0.4021876 3.084259 -0.2111199 -0.8374249 3.022565 0.1511708 0.04089462 3.080273 0.1955913 -0.3912536 2.99444 0.3031008 -0.7962312 2.944911 
0.002266403 0.6998257 3.056295 0.01788979 0.477196 3.061345 0.03648321 0.2567201 3.054919 -0.1370651 0.4655871 3.011284 -0.3547213 0.3248352 2.886006 -0.4699851 0.4218377 2.658212 0.1728447 0.488805 3.111405 0.2511004 0.1697864 3.175929 0.3166786 -0.0170323 2.956942 -0.04174987 0.02899005 3.017212 -0.1296705 -0.3999866 3.080642 -0.2111053 -0.8321874 3.019389 0.1519031 0.04349821 3.079775 0.1961201 -0.3897901 3.000019 0.3029656 -0.8002313 2.941691 
