0.04483831 0.6988969 3.047785 0.04172597 0.4792859 3.047389 0.04289119 0.2580147 3.04245 -0.1110817 0.479763 2.989953 -0.3577506 0.398093 2.857354 -0.4702282 0.5401708 2.634423 0.1945336 0.4788087 3.104825 0.2382439 0.1644992 3.15413 0.2741816 -0.01814151 2.920015 -0.05148477 0.0370419 3.0016 -0.1454176 -0.3920737 3.056407 -0.2165509 -0.8346587 3.01778 0.1395976 0.03644522 3.073423 0.1910371 -0.3939462 2.984149 0.2949407 -0.7977113 2.944624 
0.04587067 0.6971887 3.039264 0.04104798 0.4772524 3.043713 0.03844384 0.2559568 3.041373 -0.1102912 0.4796799 2.98256 -0.3369082 0.4490823 2.821142 -0.3731753 0.654521 2.626029 0.1923871 0.4748248 3.104866 0.2365978 0.1622148 3.156003 0.2751318 -0.02020078 2.924097 -0.05882776 0.03617964 3.000779 -0.145142 -0.3933082 3.063965 -0.2164209 -0.8372431 3.022302 0.1305072 0.03314266 3.077285 0.1924847 -0.3979213 2.999335 0.2979487 -0.8090312 2.947455 
0.04408895 0.695057 3.036124 0.04175979 0.47581 3.041978 0.04224266 0.2544729 3.041445 -0.1064479 0.4756503 2.973871 -0.2914974 0.4915477 2.780639 -0.2586595 0.7262945 2.620008 0.1899675 0.4759697 3.110084 0.2372535 0.1455989 3.144075 0.2743864 -0.02404944 2.898261 -0.05006113 0.03303571 2.998275 -0.1287971 -0.3976784 3.063252 -0.1997692 -0.8383127 3.022105 0.1355122 0.03323566 3.083551 0.2033956 -0.3956386 2.998237 0.3135785 -0.808794 2.946612 
0.04480438 0.6894684 3.033429 0.04458222 0.4724055 3.042025 0.04716708 0.2510366 3.043272 -0.1007777 0.4702895 2.967765 -0.2011365 0.5298885 2.730915 -0.08354656 0.7723595 2.615264 0.1899422 0.4745214 3.116284 0.2375437 0.1423965 3.158288 0.2804198 -0.03336902 2.902843 -0.0411504 0.02834448 2.998081 -0.1334324 -0.3995 3.064462 -0.202862 -0.8379793 3.025234 0.1406543 0.03099097 3.090959 0.2031191 -0.3966822 2.995354 0.3059452 -0.8030088 2.949107 
0.04539196 0.6915094 3.045128 0.0475079 0.4739464 3.047931 0.05037988 0.2525966 3.046018 -0.09539543 0.4727736 2.969078 -0.1500135 0.5149102 2.712457 0.004996643 0.7409323 2.606676 0.1904112 0.4751191 3.126783 0.2388174 0.1517322 3.157158 0.2822409 -0.03369087 2.913642 -0.03615172 0.03051321 2.994773 -0.1325844 -0.3968668 3.05846 -0.2030142 -0.8323483 3.025245 0.1426554 0.03198056 3.093436 0.2055436 -0.3951465 2.995349 0.3063228 -0.8054983 2.946483 
0.04200052 0.6900885 3.038016 0.04695235 0.473897 3.046881 0.05207942 0.2526291 3.049308 -0.0937933 0.4697303 2.964355 -0.09655492 0.4894784 2.702737 0.103053 0.6709753 2.599422 0.187698 0.4780637 3.129407 0.2368406 0.1588406 3.170122 0.284364 -0.03307256 2.930454 -0.03083923 0.0287547 3.000111 -0.1351237 -0.3962019 3.067257 -0.2037669 -0.8360385 3.032089 0.1452522 0.0339678 3.103361 0.2044875 -0.3940706 3.006866 0.3087302 -0.8047351 2.952438 
0.03829405 0.6798297 3.020159 0.04650247 0.4648787 3.038041 0.05384297 0.2440408 3.049644 -0.08839815 0.4555977 2.946743 -0.01973781 0.4339299 2.687417 0.2219492 0.5502736 2.589114 0.1814031 0.4741597 3.129338 0.2330609 0.1566434 3.177598 0.2830532 -0.03157161 2.944679 -0.02321365 0.01739652 3.004129 -0.1432008 -0.4041766 3.066161 -0.2001884 -0.8409713 3.033817 0.1455806 0.02900931 3.118365 0.2030651 -0.3963356 3.009829 0.3041763 -0.8043104 2.956826 
0.03694814 0.6790874 3.013549 0.04636735 0.4647185 3.033206 0.05513678 0.2441036 3.048314 -0.07928637 0.4527059 2.930727 0.01397271 0.3915278 2.691761 0.2683513 0.4627709 2.588826 0.1720211 0.4767311 3.135685 0.2293704 0.1582531 3.189362 0.2859043 -0.03218791 2.958601 -0.01496744 0.01594835 2.999095 -0.1439172 -0.4030454 3.060414 -0.196869 -0.836687 3.021492 0.1427798 0.03102907 3.127749 0.1953452 -0.3910289 3.005557 0.2994736 -0.7994847 2.955579 
0.03494245 0.6727154 3.00972 0.04637353 0.459618 3.028246 0.05659428 0.2391197 3.04472 -0.07228552 0.4458732 2.917891 0.04792522 0.3372698 2.706943 0.305451 0.3620726 2.58476 0.1650326 0.4733629 3.138602 0.2096545 0.1746213 3.19671 0.2894899 -0.02454623 2.986408 -0.007392718 0.01002541 2.992178 -0.1425106 -0.4067577 3.05548 -0.1970903 -0.838024 3.023066 0.1410228 0.02721712 3.130208 0.1980639 -0.3937787 3.005935 0.303806 -0.8075767 2.947222 
0.03399824 0.671945 3.006162 0.04460989 0.4563969 3.022534 0.05487615 0.2358179 3.038288 -0.07110637 0.4428766 2.908633 0.06547005 0.2761289 2.715477 0.3224892 0.2494614 2.581175 0.1603261 0.4699172 3.136436 0.2022379 0.1728728 3.210779 0.2915626 -0.02470927 3.003503 -0.007105926 0.00679747 2.982926 -0.1480973 -0.4065932 3.054659 -0.2033557 -0.8347602 3.02083 0.1373908 0.02368047 3.125156 0.1952506 -0.3963825 2.997864 0.3015512 -0.8064378 2.942145 
0.03346468 0.6710528 3.006259 0.04285046 0.4544891 3.022744 0.05282704 0.2339169 3.038991 -0.07389697 0.4408746 2.909604 0.04322956 0.2215613 2.722745 0.2881061 0.1318709 2.595094 0.1595979 0.4681036 3.135884 0.2278945 0.1663803 3.236983 0.293916 -0.03351218 3.024732 -0.01013005 0.00483963 2.984559 -0.1528161 -0.4045408 3.072683 -0.2047302 -0.8377128 3.031801 0.1357373 0.02184988 3.125918 0.2005507 -0.3980355 3.001467 0.3028026 -0.8047922 2.950232 
0.03435243 0.6750371 3.006132 0.04373362 0.4567479 3.025188 0.05449178 0.2363448 3.043148 -0.07676493 0.4419844 2.916185 -0.002854774 0.1817713 2.743357 0.2148938 0.04966718 2.594665 0.1642322 0.4715114 3.134192 0.2664737 0.1711989 3.272477 0.2958401 -0.02875998 3.042948 -0.01012012 0.006707321 2.992927 -0.1469361 -0.4036049 3.086551 -0.2023292 -0.8335077 3.040992 0.14062 0.02517604 3.129286 0.2092142 -0.3951631 3.008348 0.3085844 -0.7961556 2.950575 
0.02923668 0.6814389 3.00808 0.04274559 0.461651 3.030018 0.05920953 0.2415238 3.046816 -0.08703738 0.4445276 2.932832 -0.09248671 0.1504863 2.763995 0.06531317 -0.0355368 2.585229 0.1725286 0.4787744 3.127205 0.268108 0.1689882 3.275025 0.2908891 -0.02230318 3.013816 -0.005537273 0.01068172 3.002801 -0.1421098 -0.4022719 3.085034 -0.202864 -0.8321355 3.038875 0.1568842 0.03211137 3.124429 0.2103794 -0.391894 3.008982 0.3128462 -0.800359 2.941061 
0.02694787 0.6828701 3.007405 0.04160935 0.4631615 3.03168 0.05966208 0.2432089 3.049227 -0.09476556 0.4450326 2.944739 -0.1502128 0.1477486 2.778929 -0.05593019 -0.05303882 2.568227 0.1779843 0.4812905 3.118621 0.2595754 0.187482 3.257461 0.2914244 -0.02066792 3.010755 -0.007746845 0.0118954 3.012291 -0.1424448 -0.4037463 3.082785 -0.2057856 -0.8322977 3.042633 0.1631764 0.03461699 3.121258 0.2070741 -0.3921952 3.012679 0.3121828 -0.8024469 2.934485 
0.02610617 0.6876611 3.019087 0.04128892 0.4678546 3.037854 0.06078699 0.2477389 3.050591 -0.1005179 0.4507833 2.959915 -0.2197596 0.1809727 2.901393 -0.1768752 0.04207803 2.659435 0.1830957 0.484926 3.115792 0.2546276 0.1941119 3.233222 0.2890296 -0.01906992 2.99192 -0.008436867 0.01694231 3.014565 -0.1366991 -0.4013569 3.081624 -0.2041425 -0.8307188 3.033313 0.169007 0.03830379 3.11209 0.209841 -0.388556 3.002084 0.3093883 -0.7957727 2.931316 
0.02612263 0.6940789 3.027897 0.0413056 0.4749928 3.042834 0.06153408 0.2547142 3.051699 -0.106528 0.4587328 2.976136 -0.330991 0.2332753 2.996825 -0.3205239 0.1463212 2.728391 0.1891392 0.4912527 3.109531 0.2456032 0.1762344 3.170307 0.2836504 -0.02314624 2.931877 -0.01068093 0.02426788 3.018856 -0.1251167 -0.3987558 3.081065 -0.2074638 -0.8336219 3.025186 0.174206 0.04460327 3.102271 0.20596 -0.3842877 2.997076 0.3058448 -0.799032 2.944675 
0.0252112 0.6962525 3.02986 0.04111722 0.4773725 3.043864 0.06252228 0.2571583 3.05173 -0.1085953 0.4605862 2.981322 -0.3830128 0.2741491 3.011898 -0.3856717 0.2078671 2.736434 0.1908298 0.4941587 3.106406 0.2437885 0.1776005 3.166137 0.2830478 -0.02173741 2.925498 -0.009652684 0.02645166 3.020503 -0.1231499 -0.3983002 3.071224 -0.2037603 -0.8313549 3.030936 0.1775074 0.04743665 3.098689 0.2061104 -0.3809812 2.990617 0.3056612 -0.7958871 2.946486 
0.02458719 0.6947936 3.032443 0.03748894 0.4759745 3.043398 0.05434293 0.2553318 3.047134 -0.1148514 0.4633764 2.986621 -0.374576 0.3101005 2.960019 -0.4561049 0.2994917 2.708504 0.1898293 0.4885726 3.100175 0.2423119 0.1787668 3.150682 0.2799213 -0.01954254 2.904753 -0.02412714 0.02680606 3.015343 -0.1380419 -0.3975296 3.06949 -0.2213007 -0.8373975 3.020522 0.166521 0.04257213 3.086397 0.1916137 -0.3850674 2.974444 0.2936559 -0.8067371 2.934735 
0.0290065 0.6967636 3.031519 0.03611689 0.4772705 3.04077 0.04693297 0.2561896 3.042974 -0.1178082 0.4692035 2.98697 -0.3918857 0.3715343 2.887036 -0.5125864 0.4777688 2.665846 0.190042 0.4853376 3.09457 0.238591 0.1906838 3.151937 0.2815676 -0.01560959 2.914729 -0.03849145 0.03006476 3.01154 -0.1290763 -0.398941 3.071466 -0.2162935 -0.8342316 3.017595 0.1539896 0.04015246 3.078816 0.2038068 -0.3877979 2.977867 0.2974105 -0.8012701 2.949095 
0.03377622 0.6976023 3.031179 0.03809672 0.4785231 3.039967 0.04697533 0.2573367 3.042194 -0.1156556 0.4718013 2.98535 -0.3859233 0.4167808 2.859007 -0.4836623 0.5751323 2.655087 0.1918491 0.4852449 3.094583 0.2403118 0.1853288 3.143968 0.2793663 -0.01483466 2.899603 -0.04029456 0.03194688 3.010267 -0.1265073 -0.397184 3.07606 -0.2117381 -0.8329503 3.015903 0.1520024 0.04035379 3.078576 0.2083621 -0.388354 2.984235 0.3015666 -0.8002937 2.948704 
