0.07744661 0.7092264 3.058913 0.07462713 0.4927529 3.050155 0.07627364 0.2718593 3.035895 -0.07670019 0.4955878 2.98877 -0.3353093 0.4620247 2.856945 -0.4337111 0.6932696 2.677807 0.2259544 0.4899181 3.111541 0.2259543 0.2003786 3.111541 0.2259592 -0.08916064 3.111541 -0.01673576 0.05273882 2.983238 -0.1011026 -0.3729161 3.059531 -0.2156614 -0.815565 3.041206 0.1725761 0.04919237 3.060031 0.1959775 -0.3864124 2.984379 0.293653 -0.7877476 2.943669 
0.08115481 0.7055764 3.057372 0.07625515 0.4893098 3.048722 0.07484907 0.268423 3.034252 -0.07458886 0.494359 2.986298 -0.310145 0.5090215 2.825463 -0.3473107 0.767899 2.671821 0.2270992 0.4842607 3.111145 0.227099 0.1947212 3.111145 0.2271039 -0.094818 3.111145 -0.02091438 0.05069458 2.980736 -0.09654576 -0.3803308 3.03604 -0.204347 -0.8015711 3.079852 0.1678004 0.04437787 3.058831 0.2007831 -0.3913836 2.988379 0.2988963 -0.7974044 2.946445 
0.08284554 0.7024119 3.057095 0.07862329 0.4859124 3.049764 0.07667703 0.2648763 3.03768 -0.06945941 0.4909579 2.981321 -0.2591182 0.5515473 2.783217 -0.2364849 0.8297462 2.675784 0.226706 0.4808669 3.118207 0.2267058 0.1913274 3.118207 0.2267108 -0.09821185 3.118207 -0.01796468 0.04699866 2.982753 -0.09228208 -0.3820421 3.056197 -0.2001461 -0.823454 3.050706 0.1674262 0.04068195 3.06844 0.2073166 -0.3955544 3.004985 0.3019541 -0.7994967 2.948942 
0.08219296 0.6961914 3.038999 0.0830248 0.4793242 3.04436 0.08573648 0.2580925 3.044049 -0.05857306 0.4777023 2.963546 -0.1601885 0.594967 2.726114 -0.06247009 0.8767323 2.660156 0.2246227 0.4809462 3.125175 0.2246225 0.1914067 3.125175 0.2246274 -0.09813257 3.125175 -0.0001586106 0.03584575 2.993167 -0.08592071 -0.3961877 3.028681 -0.18209 -0.8089802 3.101983 0.1770549 0.03787566 3.094308 0.2146107 -0.3929058 3.001454 0.3125785 -0.7907917 2.956572 
0.08541957 0.6759945 3.050536 0.0884041 0.4610705 3.04824 0.09225119 0.2399022 3.042845 -0.046804 0.4609297 2.957606 -0.1044063 0.5958522 2.711097 0.03992065 0.8545055 2.657273 0.2236122 0.4612112 3.138875 0.223612 0.1716717 3.138875 0.223617 -0.1178675 3.138875 0.01138178 0.01864571 2.980661 -0.09257504 -0.4093539 3.0173 -0.1817393 -0.8213528 3.090897 0.1808148 0.0188221 3.094237 0.2095415 -0.4102962 2.990844 0.3050102 -0.809333 2.948673 
0.1021914 0.6542743 3.061441 0.09754499 0.4405818 3.053305 0.09299031 0.219713 3.043496 -0.03285606 0.4475819 2.956231 -0.04610787 0.5649412 2.699865 0.1417018 0.7882227 2.65169 0.227946 0.4335816 3.150378 0.2279459 0.1440421 3.150378 0.2279508 -0.1454971 3.150378 0.006836512 0.003224518 2.972942 -0.1121184 -0.4146298 3.045861 -0.2069867 -0.8395803 3.046849 0.1700348 -0.005536255 3.094431 0.1983944 -0.435274 2.992477 0.2907827 -0.8164161 2.945607 
0.09204161 0.6692616 3.049174 0.1118976 0.4035614 3.061741 0.09370967 0.184048 3.042695 -0.01228456 0.4228341 2.958199 0.04656839 0.5187613 2.689534 0.2898093 0.681286 2.65628 0.2360797 0.3842886 3.165283 0.2360795 0.09474912 3.165283 0.2360845 -0.1947901 3.165283 -0.002212074 -0.02340132 2.958836 -0.1088903 -0.4269133 3.099346 -0.2262189 -0.8533319 2.998174 0.1532556 -0.0475295 3.088464 0.2100402 -0.4769634 2.999373 0.2883064 -0.8040221 2.948637 
0.08257321 0.6840777 3.041804 0.1019404 0.4467926 3.056297 0.1030605 0.2270365 3.053914 -0.01288055 0.4474382 2.942798 0.09053474 0.4738768 2.691087 0.352669 0.5969085 2.646495 0.2167614 0.4461471 3.169796 0.2167612 0.1566076 3.169796 0.2167661 -0.1329316 3.169796 0.03054628 0.007694397 2.978744 -0.09378812 -0.4120946 3.120983 -0.2120609 -0.8339942 2.998993 0.1778151 0.006866455 3.124318 0.2288498 -0.4630236 3.006953 0.3044334 -0.7712935 2.960691 
0.08090701 0.6877111 3.037469 0.09506249 0.4627289 3.048916 0.09946343 0.2423069 3.052404 -0.0110948 0.4586765 2.926774 0.1160088 0.415513 2.701712 0.3915248 0.4818336 2.642789 0.2012198 0.4667812 3.171058 0.2012196 0.1772417 3.171058 0.2012245 -0.1122975 3.171058 0.03666565 0.01931982 2.978574 -0.1028631 -0.3864815 3.117952 -0.2303838 -0.8423945 2.976341 0.1710631 0.02445016 3.133209 0.1940037 -0.4220571 3.009271 0.2882042 -0.7932595 2.94427 
0.07806747 0.6915774 3.046723 0.0937959 0.4703914 3.047813 0.1020701 0.2496501 3.048997 -0.009353136 0.4658518 2.922252 0.1375246 0.3487067 2.71192 0.416778 0.3556132 2.631595 0.196945 0.4749309 3.173374 0.1969448 0.1853914 3.173374 0.1969497 -0.1041479 3.173374 0.04555522 0.02605743 2.971314 -0.09889676 -0.3824055 3.075491 -0.2205627 -0.8422642 2.973859 0.1751335 0.0317601 3.129046 0.1964643 -0.3982439 2.988461 0.3021798 -0.7906237 2.935389 
0.07822543 0.6902387 3.038843 0.08848535 0.4716744 3.038764 0.09403041 0.2506073 3.040002 -0.01858986 0.468301 2.916064 0.1302657 0.2798294 2.728 0.3993273 0.235397 2.616019 0.1955606 0.4750479 3.161464 0.1955604 0.1855084 3.161464 0.1955653 -0.1040309 3.161464 0.03244965 0.02742531 2.96432 -0.1168956 -0.370403 3.091218 -0.239249 -0.845651 2.978657 0.1667013 0.03165495 3.118162 0.18444 -0.3954147 2.984618 0.2934652 -0.7970421 2.9312 
0.07794785 0.6902655 3.035396 0.08605739 0.4717538 3.036355 0.0900602 0.2505313 3.038536 -0.02643122 0.4685564 2.918485 0.1021603 0.2223866 2.75003 0.3392536 0.118334 2.602906 0.198546 0.4749513 3.154225 0.1985458 0.1854118 3.154225 0.1985507 -0.1041274 3.154225 0.02359419 0.02730577 2.966877 -0.1149926 -0.3767391 3.083804 -0.2379393 -0.8486449 2.983835 0.1645318 0.0313119 3.114557 0.1955222 -0.3969024 2.998318 0.299791 -0.7967982 2.934403 
0.07622956 0.6923594 3.033592 0.08416913 0.4730646 3.035982 0.08964604 0.2518219 3.039181 -0.03582601 0.4685049 2.926067 0.03912051 0.1867022 2.778457 0.2240387 0.02292827 2.605895 0.2041643 0.4776243 3.145897 0.2041641 0.1880848 3.145897 0.204169 -0.1014544 3.145897 0.01991404 0.02772128 2.973488 -0.1061335 -0.3807133 3.08849 -0.23227 -0.8488674 2.990189 0.1703319 0.03343704 3.11127 0.2058352 -0.3969021 3.009943 0.3092855 -0.7905847 2.935711 
0.07704315 0.6907915 3.035137 0.08464038 0.4719074 3.037975 0.09298521 0.2507075 3.039952 -0.04390521 0.4661635 2.937904 -0.07625409 0.1552231 2.789297 0.02120595 -0.06438649 2.594503 0.2131859 0.4776514 3.138047 0.2131858 0.1881119 3.138047 0.2131907 -0.1014273 3.138047 0.02092038 0.02591461 2.979331 -0.09615851 -0.3857651 3.092566 -0.2238807 -0.8535462 2.98202 0.1817397 0.03310071 3.104528 0.2110766 -0.3965341 3.001115 0.3110339 -0.7898672 2.938827 
0.07612617 0.6913154 3.033941 0.08463775 0.4726812 3.038939 0.09556776 0.2516064 3.042247 -0.049637 0.4646689 2.947126 -0.1265853 0.1696238 2.824561 -0.09893204 -0.05044368 2.611664 0.2189125 0.4806935 3.130753 0.2189123 0.191154 3.130753 0.2189173 -0.09838525 3.130753 0.02242115 0.02551468 2.988065 -0.09619531 -0.3853273 3.102892 -0.2281581 -0.8496501 2.986893 0.1905744 0.03554854 3.103044 0.2132078 -0.3932441 2.994993 0.309783 -0.7881715 2.943083 
0.0751989 0.6942061 3.032347 0.08579259 0.4750445 3.039774 0.09801119 0.2540343 3.043862 -0.05354175 0.4657922 2.956023 -0.1727647 0.2218145 2.933731 -0.1995274 0.04397571 2.718811 0.2251269 0.4842968 3.123524 0.2251268 0.1947573 3.123524 0.2251317 -0.09478192 3.123524 0.0230517 0.02723514 2.995549 -0.09544113 -0.3864087 3.099481 -0.2303189 -0.848402 2.987083 0.1974079 0.03881302 3.10035 0.2131023 -0.3895534 2.98957 0.3068506 -0.7900478 2.942731 
0.07235367 0.6975502 3.03308 0.08292169 0.479791 3.040104 0.09572311 0.2587906 3.043515 -0.06135859 0.4702798 2.965349 -0.190899 0.2779261 2.955834 -0.2941722 0.1133792 2.789474 0.227202 0.4893021 3.114859 0.2272018 0.1997626 3.114859 0.2272067 -0.08977661 3.114859 0.01823992 0.03183858 3.000147 -0.1001055 -0.3824946 3.101811 -0.2367827 -0.8449552 2.978446 0.1988091 0.04374196 3.093704 0.2075262 -0.384777 2.982789 0.2998627 -0.78623 2.941096 
0.07182655 0.6989203 3.032986 0.08215202 0.4804547 3.039379 0.09410305 0.2593902 3.041842 -0.06657013 0.4716845 2.973874 -0.2284721 0.3109717 2.972429 -0.3887673 0.1945495 2.812194 0.2308742 0.4892249 3.104883 0.230874 0.1996853 3.104883 0.2308789 -0.08985388 3.104883 0.01300643 0.03283868 3.003323 -0.09933711 -0.383964 3.101579 -0.2377166 -0.8507661 2.978598 0.1991017 0.04381279 3.085289 0.2052041 -0.3865402 2.981623 0.3010648 -0.7960184 2.936493 
0.07533699 0.6993335 3.037689 0.08125111 0.4809242 3.03974 0.08873323 0.2597239 3.036974 -0.07236815 0.4764085 2.985324 -0.3181558 0.3502548 2.957391 -0.5278848 0.3310505 2.774781 0.2348704 0.4854399 3.094157 0.2348702 0.1959004 3.094157 0.2348751 -0.09363885 3.094157 0.0002175632 0.03570168 3.000202 -0.09746527 -0.3841141 3.10103 -0.2371327 -0.8522028 2.97884 0.1922131 0.04134547 3.068212 0.1992327 -0.3927058 2.982094 0.2999415 -0.7971656 2.938934 
0.07962145 0.699928 3.039629 0.07933725 0.480103 3.03932 0.08116518 0.2588607 3.034988 -0.07653873 0.4797606 2.99103 -0.3630191 0.3965283 2.924446 -0.5687028 0.4805454 2.741427 0.2352132 0.4804454 3.087611 0.2352131 0.1909059 3.087611 0.235218 -0.0986333 3.087611 -0.01451109 0.03740424 3.000449 -0.1175027 -0.3892594 3.050503 -0.2116065 -0.8153772 3.074008 0.1804973 0.03783258 3.060863 0.1950895 -0.397275 2.980542 0.2918815 -0.8026915 2.946194 
