0.02388036 0.7120279 3.056997 0.03122828 0.4940859 3.053356 0.04434367 0.2733119 3.043038 -0.1205616 0.4878671 2.993477 -0.3770767 0.4387163 2.829081 -0.4552163 0.6490756 2.672167 0.1830182 0.5003048 3.113235 0.2293023 0.1205994 3.090497 0.2230892 -0.008142441 2.78449 -0.03750893 0.048647 2.995256 -0.1289147 -0.3801232 3.050837 -0.2129851 -0.8268498 3.038644 0.1524271 0.05642868 3.070183 0.1806933 -0.3789957 2.994934 0.3056194 -0.802259 2.944903 
0.026043 0.7140768 3.056923 0.03311074 0.4955608 3.053359 0.04600775 0.2747596 3.04327 -0.1164448 0.4898019 2.988217 -0.3495414 0.4783618 2.798534 -0.3681879 0.7233149 2.681258 0.1826663 0.5013196 3.118502 0.2286466 0.1232953 3.115746 0.2235299 -0.01724916 2.814744 -0.034683 0.05035459 2.992415 -0.1274016 -0.3776091 3.054807 -0.207096 -0.8327623 3.028314 0.1524925 0.05756204 3.073944 0.1872069 -0.3774814 2.999346 0.3058564 -0.7963781 2.947688 
0.03070763 0.7069026 3.057811 0.03622502 0.4893597 3.054404 0.04520908 0.2683556 3.044712 -0.1074075 0.4869113 2.977099 -0.2801414 0.5271129 2.752084 -0.232056 0.796248 2.675574 0.1798576 0.4918082 3.13171 0.2336613 0.1563048 3.140377 0.2241502 -0.01380223 2.865968 -0.03560498 0.04582068 2.986688 -0.1233409 -0.3811754 3.063303 -0.2195538 -0.8445042 3.00481 0.1439913 0.0488822 3.08335 0.1870237 -0.3838291 3.00022 0.3061313 -0.8064818 2.951059 
0.03308721 0.7056316 3.058817 0.03769913 0.4882236 3.054787 0.04571886 0.267159 3.045551 -0.1042852 0.4864344 2.974322 -0.2155728 0.525564 2.723529 -0.1381961 0.7918451 2.655012 0.1796834 0.4900129 3.135252 0.2343262 0.1571448 3.143679 0.2217293 -0.01962967 2.867967 -0.03503516 0.04497571 2.986005 -0.1225872 -0.3810664 3.068361 -0.2232424 -0.8451409 3.002297 0.1425124 0.04721307 3.086625 0.187095 -0.3842986 2.998162 0.3043252 -0.8008743 2.951667 
0.03201068 0.706975 3.059837 0.0390628 0.4903556 3.056143 0.04789738 0.2693269 3.046722 -0.101325 0.4882948 2.972841 -0.1497836 0.5092767 2.703269 -0.02239804 0.752153 2.632957 0.1794506 0.4924165 3.139446 0.2341608 0.1550762 3.153352 0.2294572 -0.01483829 2.880406 -0.0310601 0.04700938 2.985208 -0.1206317 -0.3782736 3.069643 -0.2214096 -0.8451094 2.999213 0.144524 0.04958696 3.089395 0.1885378 -0.3816966 2.999344 0.3093988 -0.7982335 2.950968 
0.03193815 0.7029958 3.046826 0.03990216 0.4879668 3.049214 0.04852995 0.2668495 3.04675 -0.09952618 0.4834721 2.964357 -0.09741061 0.46616 2.695598 0.07804684 0.6617451 2.601442 0.1793305 0.4924615 3.134071 0.2215265 0.1710127 3.158199 0.2351422 -0.01713365 2.901068 -0.03004421 0.04292107 2.991214 -0.1258547 -0.380549 3.077831 -0.2231713 -0.851162 3.005503 0.1443596 0.04854326 3.097357 0.1859175 -0.3826431 3.005622 0.3030236 -0.7948439 2.959052 
0.031352 0.7022721 3.03934 0.03880598 0.4884545 3.044327 0.04776226 0.2673056 3.045105 -0.0927295 0.4827908 2.948623 -0.04883634 0.4116507 2.701303 0.1607012 0.5548245 2.593156 0.1703414 0.4941181 3.140032 0.2201279 0.1714241 3.160113 0.235539 -0.02032967 2.903988 -0.02582135 0.04260275 2.985827 -0.1249124 -0.3818657 3.063018 -0.2203212 -0.8478382 2.992351 0.1392584 0.04971072 3.105938 0.1819542 -0.3807232 3.011218 0.2995159 -0.7967457 2.95865 
0.03100929 0.707365 3.047731 0.04157262 0.4909222 3.04442 0.05138152 0.2698119 3.041785 -0.0843578 0.4865643 2.941342 -0.01182203 0.365259 2.711684 0.2198114 0.4463661 2.587903 0.1675031 0.49528 3.147499 0.2201611 0.1677849 3.162578 0.2380641 -0.02406683 2.915485 -0.01756841 0.04597623 2.974682 -0.1200309 -0.3748329 3.065429 -0.2161524 -0.8443443 2.985518 0.1399492 0.05142716 3.103616 0.1897586 -0.3766247 3.002267 0.3093991 -0.8017707 2.946901 
0.03020662 0.7080777 3.064826 0.04587593 0.490895 3.048784 0.05931293 0.2704569 3.037042 -0.07821038 0.4889628 2.943057 0.01971374 0.310562 2.720846 0.2587562 0.3465396 2.579038 0.1699622 0.4928271 3.15451 0.2322329 0.1768174 3.177745 0.2398402 -0.019465 2.938396 -0.004757703 0.04881198 2.95926 -0.1102549 -0.3652036 3.072613 -0.2108443 -0.8445638 2.984492 0.1502576 0.05122574 3.091339 0.2004894 -0.3760795 2.986869 0.3164215 -0.7999109 2.940698 
0.03110854 0.7042359 3.048368 0.04661958 0.4861754 3.040627 0.06071968 0.2654992 3.035619 -0.08058161 0.4803601 2.938744 0.0259935 0.260237 2.733879 0.2652919 0.2577902 2.570854 0.1738208 0.4919907 3.142511 0.2456941 0.1569681 3.178395 0.2568768 -0.01927704 2.943151 -0.004725821 0.04118646 2.966898 -0.1168656 -0.3651071 3.09961 -0.2237634 -0.8558705 3.009121 0.1543654 0.04845972 3.094324 0.199098 -0.3820378 3.001877 0.3134469 -0.808081 2.950865 
0.03351998 0.7044425 3.036188 0.04855819 0.4841038 3.034865 0.06307347 0.2632838 3.033994 -0.08250047 0.4758711 2.937983 0.000499855 0.2023034 2.761982 0.2343006 0.1442569 2.578745 0.1796168 0.4923365 3.131747 0.2441398 0.1578887 3.166358 0.2566906 -0.0309258 2.949234 -0.004380074 0.03731471 2.972529 -0.1227606 -0.3751356 3.079624 -0.2302744 -0.8491362 2.989742 0.1595576 0.04761281 3.093716 0.1947774 -0.3805197 2.987449 0.3042468 -0.8011475 2.946987 
0.03130807 0.7080026 3.036057 0.04815704 0.4874403 3.034601 0.06479071 0.266722 3.034196 -0.08691326 0.477428 2.943717 -0.03274328 0.1791662 2.777944 0.1840957 0.09362135 2.577709 0.1832273 0.4974526 3.125486 0.2478656 0.1728089 3.161593 0.2630631 -0.01729997 2.94586 -0.003107101 0.03973756 2.976912 -0.1060504 -0.3753119 3.089633 -0.222965 -0.8453695 2.999785 0.1659559 0.05226967 3.09067 0.2110885 -0.3773439 2.995047 0.3135374 -0.7976229 2.947309 
0.0286687 0.7066959 3.034553 0.05114552 0.4871925 3.036811 0.07353503 0.2670333 3.037943 -0.08815549 0.472598 2.953556 -0.0778446 0.1581235 2.788823 0.09207489 0.04726533 2.555362 0.1904465 0.5017869 3.120067 0.2531659 0.1858594 3.156651 0.2706147 -0.008774932 2.941414 0.008697588 0.03773544 2.986942 -0.08661238 -0.3788568 3.101547 -0.2153719 -0.8513936 3.002246 0.1831515 0.05601291 3.091207 0.2253185 -0.3754986 3.002428 0.3258048 -0.7969025 2.949794 
0.028387 0.7094197 3.031236 0.05315729 0.48883 3.039456 0.07787326 0.2689268 3.045046 -0.09118748 0.4707303 2.965661 -0.1531484 0.1470085 2.815921 -0.05666183 0.01430131 2.54752 0.1975021 0.5069297 3.113251 0.2676389 0.1949323 3.168006 0.2776318 0.0002047272 2.950116 0.01234645 0.0377079 3.004501 -0.08917032 -0.3811572 3.104984 -0.2302271 -0.8522468 2.998723 0.192832 0.06033931 3.096772 0.2129433 -0.372212 3.005571 0.3106535 -0.7949595 2.953001 
0.03041616 0.7087764 3.031179 0.05619913 0.4889725 3.040642 0.08213916 0.2691603 3.045766 -0.09145653 0.4699868 2.973678 -0.2090463 0.1895064 2.883228 -0.1963857 0.04916715 2.603628 0.2038548 0.5079583 3.107607 0.2741657 0.1892995 3.150759 0.275146 -0.006312973 2.923882 0.0157406 0.037475 3.009012 -0.0810966 -0.3830862 3.107779 -0.2370072 -0.8529946 2.98363 0.2004178 0.06122104 3.092767 0.2145958 -0.369385 2.991237 0.3077381 -0.7981836 2.947102 
0.03027528 0.7096406 3.031506 0.05688745 0.4911307 3.041471 0.08385486 0.2714215 3.045818 -0.09187075 0.4715974 2.977058 -0.2420357 0.2222574 2.903114 -0.2918143 0.09819463 2.626314 0.2056457 0.5106639 3.105885 0.280577 0.1821424 3.143366 0.2746843 -0.01133814 2.899602 0.01779197 0.03949669 3.009882 -0.07982039 -0.3820565 3.10362 -0.2301583 -0.8499238 2.991071 0.2038526 0.06392802 3.090448 0.2164618 -0.3671274 2.990246 0.3075757 -0.8009109 2.947198 
0.03385 0.7067998 3.032182 0.05769116 0.489304 3.042337 0.08380476 0.2694881 3.046699 -0.09205263 0.4702781 2.980021 -0.2710174 0.2441291 2.903572 -0.4061821 0.1907701 2.649563 0.207435 0.5083298 3.104652 0.2827957 0.182071 3.14368 0.2742888 -0.008515152 2.886667 0.01626465 0.03777299 3.012087 -0.08167912 -0.3845168 3.102213 -0.234615 -0.8551899 2.988821 0.2035721 0.06157152 3.090035 0.2142231 -0.3704833 2.993884 0.3012912 -0.8031688 2.955844 
0.03728078 0.704955 3.032037 0.05765643 0.4859808 3.041297 0.08082543 0.265833 3.044321 -0.09317853 0.4692778 2.980984 -0.3050126 0.2785695 2.893312 -0.4875741 0.3116564 2.674736 0.2084914 0.5026837 3.10161 0.2823972 0.1870298 3.14986 0.2740217 -0.006787125 2.89224 0.009641722 0.0352368 3.009618 -0.08797184 -0.3887321 3.091605 -0.2411684 -0.8572688 2.98434 0.1983471 0.05613341 3.085074 0.209549 -0.3768157 2.993021 0.2985549 -0.8123451 2.947155 
0.04208865 0.7083096 3.04393 0.05657081 0.4898011 3.045002 0.07507774 0.2693666 3.041188 -0.0942671 0.4781988 2.983648 -0.3394586 0.3302791 2.877094 -0.5197423 0.4504825 2.684321 0.2074087 0.5014035 3.106356 0.2636876 0.223678 3.165807 0.2663161 0.05509334 2.930423 -0.0007985763 0.04167212 2.998983 -0.09406205 -0.3836354 3.079224 -0.2457205 -0.8489283 2.971246 0.1879679 0.0561919 3.075765 0.203696 -0.3779798 2.990637 0.2955228 -0.8073969 2.937727 
0.04424525 0.7089339 3.049855 0.05515641 0.4903973 3.047786 0.06938834 0.2697169 3.040506 -0.09495844 0.4828171 2.984102 -0.3441916 0.3866361 2.851 -0.4863206 0.5846814 2.700602 0.2052713 0.4979775 3.11147 0.2733588 0.178473 3.173021 0.2708173 -0.001052612 2.909092 -0.01028704 0.04429451 2.993387 -0.1021434 -0.3847169 3.046453 -0.2219469 -0.8205097 3.038538 0.1775276 0.05377846 3.073064 0.2023949 -0.3812601 2.995414 0.2935001 -0.8031361 2.949373 
