0.01596229 0.6889372 2.800525 0.0193036 0.4717112 2.817642 0.02787689 0.2479201 2.831679 -0.1349313 0.4625326 2.765511 -0.3841316 0.4435543 2.583197 -0.5302717 0.622315 2.408857 0.1735385 0.4808898 2.869774 0.2561782 0.1709371 2.906884 0.2801857 -0.04498965 2.663436 -0.06147666 0.01830136 2.812618 -0.185193 -0.4118713 2.780742 -0.2514046 -0.8010106 2.741851 0.134377 0.02995669 2.878816 0.1730154 -0.4023854 2.765183 0.2166467 -0.7846314 2.773686 
0.01767786 0.6894581 2.800764 0.02032944 0.4720527 2.818581 0.02831232 0.2482391 2.83275 -0.1305068 0.4628094 2.757558 -0.3270299 0.5046365 2.536801 -0.3872501 0.7518287 2.400224 0.1711657 0.4812959 2.879604 0.2587991 0.1617367 2.905967 0.2812623 -0.04275517 2.657758 -0.05952339 0.0185538 2.808154 -0.1804574 -0.4126108 2.778581 -0.2484075 -0.803194 2.737944 0.1321138 0.0302973 2.885684 0.1773072 -0.4023793 2.775575 0.2177143 -0.7836149 2.776723 
0.01401001 0.6920582 2.80585 0.02141832 0.4742054 2.823415 0.03137418 0.2505319 2.838124 -0.1257626 0.4631101 2.754313 -0.2530185 0.5411631 2.501466 -0.2369217 0.8081721 2.386083 0.1685993 0.4853007 2.892516 0.2594337 0.159682 2.910519 0.28387 -0.04285814 2.664571 -0.05212147 0.01981345 2.808957 -0.1808122 -0.4094611 2.785447 -0.2486526 -0.807758 2.741271 0.1347815 0.03390323 2.896708 0.1775811 -0.3964104 2.776901 0.2177074 -0.7832634 2.780691 
0.01829358 0.69699 2.813498 0.02520834 0.479501 2.829295 0.03376913 0.2556569 2.842246 -0.1197109 0.4696859 2.755445 -0.1899799 0.5235696 2.483711 -0.1114391 0.780332 2.386839 0.1701276 0.4893161 2.903146 0.2537443 0.1553527 2.912238 0.2853083 -0.04728771 2.670352 -0.04971199 0.02557889 2.808292 -0.1880671 -0.399481 2.77196 -0.2487235 -0.7930115 2.742645 0.1343718 0.03804654 2.902102 0.1741142 -0.3889184 2.770364 0.2156352 -0.7757349 2.776861 
0.01074897 0.6981515 2.819927 0.02344006 0.4823025 2.833434 0.03692954 0.2586775 2.845157 -0.1188752 0.4696141 2.755155 -0.1324802 0.489253 2.476957 0.009394287 0.6993789 2.365021 0.1657554 0.4949908 2.911713 0.2413998 0.1622193 2.926675 0.2884976 -0.05098309 2.693291 -0.03997088 0.02699379 2.807162 -0.1854414 -0.3952417 2.765286 -0.2388739 -0.7939823 2.740036 0.1408089 0.04311151 2.906598 0.1800716 -0.3834106 2.772926 0.2229512 -0.778365 2.775763 
0.005002911 0.6914386 2.823394 0.02273242 0.4756586 2.835403 0.04040622 0.2523471 2.848214 -0.1116452 0.459834 2.744946 -0.06539981 0.4160605 2.4733 0.139754 0.5332892 2.319782 0.15711 0.4914832 2.92586 0.2343318 0.1765604 2.944712 0.2926286 -0.04753821 2.72371 -0.0273225 0.01897838 2.803535 -0.1908653 -0.3966292 2.762325 -0.2430286 -0.7981578 2.736611 0.1434825 0.03909271 2.918514 0.168139 -0.3823664 2.766919 0.2149547 -0.7880428 2.773202 
0.01033173 0.6940544 2.822654 0.02250855 0.4767206 2.83476 0.03616193 0.2532066 2.848543 -0.1059863 0.4627871 2.736092 -0.03124567 0.3635899 2.47204 0.191589 0.4262691 2.308281 0.1510034 0.4906541 2.933429 0.2356594 0.1717028 2.948216 0.2942245 -0.04794537 2.731522 -0.0318587 0.02083618 2.79961 -0.2024026 -0.3920648 2.758664 -0.2522916 -0.7910864 2.736237 0.1314893 0.03854907 2.925042 0.1584226 -0.3835934 2.775417 0.2049132 -0.7849586 2.773401 
0.004883913 0.6898853 2.833055 0.02076886 0.4706286 2.836315 0.0350222 0.2469624 2.846361 -0.1009587 0.4580458 2.72888 0.007745262 0.2868663 2.472269 0.2321834 0.2603196 2.29441 0.1424964 0.4832115 2.943749 0.2262135 0.1619655 2.938065 0.2972315 -0.04831009 2.748155 -0.02796379 0.01531212 2.788238 -0.1977314 -0.3982648 2.74936 -0.2445196 -0.7897142 2.729882 0.1265149 0.03128044 2.924577 0.1701394 -0.388282 2.771697 0.2161287 -0.7807221 2.764329 
0.002702553 0.6954634 2.814394 0.01910297 0.4755842 2.830954 0.03634621 0.2528751 2.850881 -0.1027156 0.4566135 2.724346 0.007230957 0.22096 2.489294 0.2118001 0.1280184 2.302774 0.1409215 0.4945549 2.937562 0.2262946 0.2146269 2.998708 0.2791541 0.004107742 2.804341 -0.02374492 0.01812283 2.80313 -0.1994238 -0.3927372 2.763211 -0.2512249 -0.7928306 2.747797 0.1309238 0.04220929 2.938487 0.1669089 -0.3772512 2.783279 0.2145208 -0.7751923 2.780423 
0.001925169 0.6905033 2.819759 0.019028 0.4714679 2.831148 0.03773222 0.2484576 2.845712 -0.1060146 0.4542486 2.728067 -0.02545449 0.1975249 2.515605 0.1516221 0.06405417 2.322845 0.1440706 0.4886871 2.934229 0.2225603 0.2057528 2.995852 0.2841724 -0.005211578 2.796854 -0.0229794 0.01451117 2.794808 -0.196061 -0.3964879 2.745964 -0.2467467 -0.7957106 2.732783 0.1358523 0.03638347 2.925743 0.1723538 -0.3786522 2.759448 0.2219785 -0.7825555 2.759749 
0.001462603 0.693212 2.821455 0.01870397 0.4733619 2.832058 0.03795573 0.25022 2.844728 -0.1093162 0.4566704 2.73261 -0.07475372 0.1702784 2.530789 0.05307992 0.003605103 2.324616 0.1467241 0.4900535 2.931507 0.2242523 0.185855 2.976423 0.299197 -0.02318332 2.770218 -0.02408843 0.0164785 2.794246 -0.1982609 -0.3952444 2.757504 -0.2488037 -0.7885439 2.74248 0.1385034 0.0376776 2.92055 0.172843 -0.3818696 2.765681 0.2212717 -0.778593 2.766606 
-0.001241466 0.6965399 2.823288 0.0165198 0.4769591 2.8332 0.03756458 0.2538669 2.844268 -0.1145385 0.4598671 2.737884 -0.1184045 0.1596623 2.545865 -0.0318634 -0.02323648 2.32718 0.1475781 0.494051 2.928515 0.2261036 0.1773967 2.961685 0.3088199 -0.03457582 2.753987 -0.02462229 0.01992003 2.794804 -0.1996134 -0.3915652 2.757704 -0.2463482 -0.7877987 2.740088 0.141841 0.04162932 2.915869 0.173864 -0.3808588 2.768498 0.2211692 -0.7785016 2.767226 
-0.006577707 0.6979623 2.82924 0.01074604 0.4795091 2.833237 0.03026195 0.25607 2.837717 -0.1301236 0.4655967 2.753021 -0.2204363 0.1899518 2.606729 -0.2296008 0.00604068 2.376721 0.1516157 0.4934215 2.913454 0.2291691 0.1752989 2.937488 0.30535 -0.04800732 2.718877 -0.03967045 0.02379694 2.791262 -0.2015607 -0.393235 2.757402 -0.2522863 -0.7945359 2.745041 0.1392262 0.04146489 2.893132 0.1700615 -0.3867382 2.763669 0.2133369 -0.7775879 2.766607 
-0.005458626 0.6983207 2.826222 0.01095552 0.4802204 2.832582 0.03012147 0.2567471 2.838348 -0.1331199 0.4659449 2.758209 -0.2746866 0.2109597 2.626363 -0.3568951 0.04489348 2.405497 0.155031 0.4944959 2.906954 0.2311056 0.166171 2.927759 0.3075767 -0.04457808 2.694584 -0.04216884 0.02421193 2.796904 -0.195005 -0.3964578 2.766496 -0.2509842 -0.7940746 2.749038 0.1407437 0.04233558 2.891325 0.1715153 -0.3881349 2.769078 0.21671 -0.7793354 2.769162 
-0.005670876 0.7067806 2.822692 0.009216177 0.4878531 2.831229 0.02835994 0.2643603 2.837434 -0.1394807 0.4733166 2.766412 -0.3421549 0.2557318 2.646086 -0.515425 0.1481586 2.440464 0.1579131 0.5023896 2.896047 0.2522867 0.1575534 2.913448 0.3140787 -0.03365196 2.647734 -0.04693605 0.03163524 2.802472 -0.1909328 -0.3920771 2.769762 -0.2506085 -0.7940207 2.747344 0.1419435 0.05010001 2.884805 0.1673034 -0.3816691 2.765272 0.2195242 -0.7763886 2.771407 
-0.00581893 0.7052559 2.822951 0.008214499 0.4863701 2.830568 0.02616279 0.2627521 2.835768 -0.1421746 0.4728759 2.769357 -0.3695883 0.2983685 2.648553 -0.5685676 0.2490616 2.442263 0.1586035 0.4998643 2.891779 0.2521298 0.165773 2.912243 0.3108076 -0.02598752 2.649935 -0.05134921 0.03056871 2.802114 -0.1815352 -0.397105 2.765856 -0.2533808 -0.796515 2.740676 0.1395714 0.04769975 2.879823 0.1655659 -0.3860729 2.76803 0.2120185 -0.7786676 2.765397 
-0.002199434 0.7020037 2.818396 0.008896881 0.4823071 2.827651 0.02360868 0.2585474 2.83513 -0.1435017 0.4703964 2.771082 -0.3936659 0.3645989 2.628405 -0.5923432 0.4407147 2.426041 0.1612954 0.4942179 2.884219 0.2422599 0.1729357 2.915341 0.3055202 -0.01460643 2.653247 -0.05846713 0.02722324 2.806683 -0.1822231 -0.4022919 2.768016 -0.2519448 -0.7920992 2.745158 0.1351081 0.0423522 2.878536 0.1657586 -0.3911831 2.766975 0.2147129 -0.7811637 2.764825 
