0.00451938 0.7021252 2.807219 0.01050372 0.4825211 2.823587 0.02187687 0.258776 2.8358 -0.1419903 0.4716779 2.766944 -0.3871791 0.4186589 2.598342 -0.5254012 0.5961847 2.409338 0.1629977 0.4933642 2.88023 0.2403084 0.1694727 2.905064 0.3027519 -0.01092145 2.644679 -0.0635807 0.02814572 2.812045 -0.1844868 -0.4021415 2.771939 -0.2510234 -0.7951763 2.747577 0.1300807 0.04191611 2.88398 0.1675535 -0.3916208 2.774378 0.2144793 -0.7766382 2.778635 
0.005627611 0.7002643 2.807218 0.01256061 0.4811672 2.824826 0.02494435 0.2575327 2.838296 -0.1376029 0.4691099 2.762699 -0.3551135 0.4568402 2.564188 -0.438284 0.682223 2.404219 0.1627242 0.4932244 2.886954 0.2401314 0.1657253 2.898551 0.3028615 -0.01114452 2.638285 -0.05807634 0.02623782 2.812293 -0.1789568 -0.4046268 2.77912 -0.2433174 -0.797725 2.744763 0.1327325 0.04155867 2.891237 0.17038 -0.3902637 2.775172 0.2196428 -0.7773104 2.781085 
0.005581661 0.6967129 2.808915 0.0114944 0.4787783 2.827318 0.02303997 0.2551914 2.841508 -0.1330312 0.4666153 2.753261 -0.2828418 0.5090039 2.508015 -0.2688985 0.7712241 2.389418 0.15602 0.4909414 2.901376 0.2307193 0.1676283 2.906623 0.3048747 -0.01179355 2.647834 -0.05722593 0.02387765 2.808652 -0.1858412 -0.4050664 2.780565 -0.2508792 -0.7948188 2.74599 0.126397 0.03933112 2.902744 0.1627072 -0.3904178 2.778686 0.2108305 -0.7766977 2.784866 
0.00994188 0.6957377 2.818836 0.01433936 0.4786271 2.831437 0.02213701 0.2546633 2.842497 -0.1269254 0.4697205 2.750679 -0.2091885 0.5249949 2.480477 -0.1014982 0.7732846 2.384732 0.1556041 0.4875338 2.912194 0.2267022 0.1629128 2.914125 0.3137338 -0.01758102 2.657677 -0.05974786 0.02504503 2.802289 -0.1853904 -0.404613 2.770595 -0.2495737 -0.7949284 2.739024 0.1196172 0.03635387 2.904827 0.1629193 -0.3890198 2.76879 0.212827 -0.7807834 2.775484 
0.003588155 0.6933511 2.829612 0.01384668 0.4771533 2.838549 0.02573081 0.2532776 2.846511 -0.1231631 0.4667727 2.751167 -0.1470268 0.5084222 2.463857 0.005565552 0.7377017 2.385317 0.1508564 0.4875338 2.925932 0.2239293 0.1595472 2.921645 0.31921 -0.02033684 2.677554 -0.04945775 0.02280492 2.798939 -0.1764622 -0.4063391 2.76552 -0.2394668 -0.7987584 2.736994 0.1246876 0.03599907 2.910006 0.1679921 -0.3914617 2.780649 0.2236042 -0.7831391 2.777101 
-0.002496212 0.6966021 2.836426 0.01111476 0.4810121 2.841009 0.0248946 0.2571782 2.847759 -0.1210922 0.4700298 2.746731 -0.08498694 0.4826764 2.454987 0.1130467 0.6694251 2.372217 0.1433218 0.4919945 2.935287 0.2204986 0.1613153 2.930362 0.3252019 -0.0227265 2.708443 -0.04532381 0.02636659 2.79461 -0.1873983 -0.398098 2.766469 -0.244401 -0.792264 2.737705 0.1226727 0.04032199 2.91441 0.1574301 -0.3866351 2.781016 0.2137628 -0.7755183 2.775303 
-0.007025051 0.700708 2.840821 0.008281806 0.4846207 2.841399 0.02273558 0.2607808 2.847191 -0.118895 0.4737972 2.740481 -0.04497392 0.4523183 2.449519 0.1833639 0.6028985 2.370645 0.1354586 0.4954442 2.942316 0.213778 0.1561816 2.933692 0.3271354 -0.02315747 2.724607 -0.04358954 0.03006619 2.788883 -0.1918819 -0.392459 2.761864 -0.2470754 -0.791242 2.734237 0.1179682 0.04381572 2.917083 0.1516011 -0.3843492 2.787103 0.2111662 -0.7789052 2.774076 
-0.01026487 0.7043918 2.842594 0.00504117 0.4886397 2.843119 0.02100567 0.2648883 2.848703 -0.1069613 0.4777568 2.727266 0.0005034104 0.3886068 2.460879 0.2473803 0.4639571 2.355501 0.1170436 0.4995227 2.958971 0.2109126 0.1581497 2.962426 0.3199134 -0.02336595 2.768833 -0.03468468 0.03417438 2.78017 -0.187197 -0.3870229 2.754602 -0.2415237 -0.7868783 2.733256 0.108625 0.04809937 2.928406 0.1402939 -0.3814959 2.802647 0.2055676 -0.7774041 2.783502 
-0.01630226 0.7001446 2.844535 0.001409525 0.4839023 2.845537 0.01880601 0.2602677 2.85185 -0.1038233 0.4722337 2.722166 0.02759088 0.2966559 2.482494 0.2778649 0.2792874 2.343137 0.1066424 0.495571 2.968909 0.1764219 0.1672532 2.998361 0.3095417 -0.01864783 2.80998 -0.03040959 0.0292469 2.780069 -0.195583 -0.3873682 2.757959 -0.2493792 -0.7994878 2.738632 0.1028146 0.0440193 2.936257 0.1455483 -0.3780651 2.790504 0.2164219 -0.7848266 2.777276 
-0.01678832 0.6958257 2.844544 -0.001641987 0.4778098 2.842155 0.01289869 0.2539216 2.844581 -0.1113884 0.4693818 2.722133 -0.009151055 0.2301656 2.506152 0.2249726 0.1449167 2.343483 0.1081044 0.4862379 2.962176 0.1550045 0.1978624 2.989693 0.2709595 -0.003666565 2.810647 -0.0422458 0.02468184 2.770797 -0.2060801 -0.3923068 2.74632 -0.2607453 -0.7971997 2.735484 0.09712453 0.03538487 2.923216 0.1389768 -0.3881063 2.780825 0.2132401 -0.7902455 2.7643 
-0.01608081 0.6965983 2.855363 -0.002007547 0.4764279 2.843421 0.01243227 0.2527465 2.837352 -0.1166174 0.4721638 2.727895 -0.05970232 0.1971544 2.518038 0.1414757 0.07316473 2.330363 0.1126023 0.4806919 2.958947 0.1689729 0.1525648 2.993682 0.2893855 -0.04938468 2.81044 -0.04593612 0.02635634 2.757893 -0.1972788 -0.3952601 2.734779 -0.2548262 -0.7930697 2.726248 0.09968028 0.03177403 2.904673 0.1478852 -0.3946142 2.77395 0.2201353 -0.7838188 2.76032 
-0.02073779 0.6997696 2.835673 -0.00532654 0.4815372 2.838729 0.01174301 0.2580197 2.843862 -0.1283317 0.4697117 2.73283 -0.1536868 0.1809731 2.553676 -0.03391964 0.003031036 2.328002 0.1176786 0.4933626 2.944628 0.1777038 0.1580739 2.99086 0.3019047 -0.04186069 2.80669 -0.04933742 0.02698898 2.781713 -0.1947331 -0.3969134 2.764567 -0.2527438 -0.7993186 2.756134 0.1069625 0.04201534 2.916277 0.1513865 -0.3890201 2.800672 0.2195742 -0.7728775 2.782786 
-0.01881311 0.7015044 2.83155 -0.005643934 0.4824774 2.838907 0.01169302 0.2589806 2.847387 -0.1351853 0.4687214 2.741197 -0.2338305 0.1994569 2.600903 -0.1927537 0.01722673 2.355735 0.1238975 0.4962333 2.936618 0.1893921 0.1479039 2.982691 0.3164465 -0.04241078 2.788789 -0.05324969 0.02674657 2.793805 -0.1967243 -0.3975583 2.768246 -0.2524546 -0.7944235 2.753647 0.1113096 0.04422105 2.917929 0.1494474 -0.3854652 2.794481 0.2167113 -0.7792753 2.77683 
-0.0179225 0.7008231 2.827886 -0.004402522 0.4817784 2.837671 0.01200135 0.2582503 2.847846 -0.1386832 0.4677861 2.746764 -0.2823659 0.2176971 2.623969 -0.301287 0.05831183 2.371018 0.1298781 0.4957706 2.928579 0.1992351 0.1477816 2.967788 0.3231506 -0.03799274 2.769093 -0.05690869 0.02583241 2.800263 -0.1976246 -0.3983983 2.762506 -0.2528117 -0.7934842 2.752756 0.1137191 0.04361207 2.915777 0.1478447 -0.3848131 2.786858 0.2158124 -0.7797424 2.771168 
-0.01643239 0.7061614 2.838338 -0.002299185 0.4871446 2.840569 0.01516249 0.2634889 2.843843 -0.1435393 0.4749446 2.760466 -0.3526785 0.2604776 2.651711 -0.477112 0.1422974 2.40315 0.1389409 0.4993448 2.920671 0.2188856 0.1597264 2.938413 0.3256636 -0.02391338 2.726171 -0.05703985 0.03208821 2.796267 -0.1913207 -0.3944227 2.760448 -0.2471614 -0.7930084 2.744946 0.1222882 0.04757831 2.89797 0.1507045 -0.3851628 2.783129 0.2208799 -0.7776468 2.769699 
-0.01369274 0.7029966 2.827013 -0.001870173 0.4853592 2.835 0.01341412 0.2616059 2.841886 -0.1492761 0.4731959 2.766956 -0.4018593 0.309826 2.664464 -0.579181 0.2598911 2.422774 0.1455358 0.4975225 2.903044 0.2270202 0.1647355 2.927649 0.326931 -0.02613538 2.702335 -0.06493109 0.03012662 2.805552 -0.1926899 -0.3981684 2.766499 -0.2532251 -0.7992189 2.752403 0.1223279 0.0455784 2.891993 0.1463186 -0.3898399 2.786234 0.2154526 -0.7848478 2.76786 
-0.00631093 0.6999988 2.835138 -0.0001365576 0.482401 2.836671 0.0106638 0.2583727 2.83882 -0.1492265 0.4745891 2.771595 -0.4189691 0.3499251 2.659253 -0.6099194 0.3607239 2.429119 0.1489534 0.4902129 2.901748 0.2274512 0.1678504 2.922897 0.3208879 -0.02314883 2.680964 -0.07318045 0.02938532 2.799658 -0.1957398 -0.4003702 2.759418 -0.2584004 -0.7978185 2.738872 0.1161088 0.03930353 2.882282 0.1412473 -0.3968073 2.779531 0.2079334 -0.7862895 2.761995 
