0.07432599 0.702478 3.033046 0.0720217 0.4838829 3.038864 0.07437221 0.2625296 3.035142 -0.08082131 0.483228 2.981295 -0.323295 0.4124884 2.847255 -0.4440072 0.5895603 2.662828 0.2248647 0.484538 3.096433 0.3292631 0.2692978 3.259546 0.173504 0.1632638 3.039707 -0.01886995 0.04076659 2.995414 -0.1093471 -0.3872653 3.06344 -0.2053652 -0.8302311 3.022866 0.1723154 0.04158592 3.067425 0.2062128 -0.3918061 2.983412 0.2925427 -0.790477 2.943975 
0.07790086 0.7005197 3.034865 0.07309909 0.4828131 3.038403 0.0714734 0.2614957 3.033047 -0.07671119 0.4854813 2.973613 -0.3060372 0.5056161 2.811268 -0.354861 0.74336 2.657306 0.2229094 0.4801448 3.103192 0.3317937 0.2059913 3.236291 0.1724585 0.2790676 3.087546 -0.02390946 0.04184813 2.987144 -0.1042591 -0.3878958 3.057153 -0.2041836 -0.8318084 3.021608 0.1636049 0.03850841 3.068239 0.2070375 -0.3934465 2.981254 0.294274 -0.7971939 2.943386 
0.07726245 0.6996799 3.032842 0.07266824 0.4811128 3.036987 0.07004273 0.2597808 3.032326 -0.074659 0.4843369 2.966862 -0.2730297 0.5483221 2.787116 -0.2728869 0.8008528 2.65587 0.2199955 0.4778886 3.107112 0.320118 0.1479928 3.210509 0.1764309 0.3285486 3.116793 -0.0247657 0.04046623 2.983788 -0.1007579 -0.3884054 3.062893 -0.199336 -0.8330155 3.026232 0.1596002 0.0364315 3.071543 0.2098483 -0.3951188 2.986362 0.2966487 -0.799198 2.951674 
0.0806118 0.6987519 3.032312 0.07360414 0.480405 3.03667 0.06946992 0.2590761 3.0331 -0.07027402 0.4843304 2.959935 -0.2140392 0.5871893 2.744526 -0.1644238 0.8501266 2.665171 0.2174823 0.4764796 3.113406 0.281289 0.1244921 3.192958 0.2187842 0.3723475 3.128901 -0.02471249 0.04020392 2.981503 -0.1003668 -0.3895358 3.056405 -0.1986769 -0.8320702 3.027525 0.1553839 0.03529035 3.077555 0.2081492 -0.3961702 2.99326 0.297124 -0.7977107 2.948218 
0.08240432 0.6941104 3.032194 0.07500717 0.4787869 3.035537 0.06897644 0.2574862 3.032504 -0.06401621 0.4837446 2.950199 -0.1215126 0.618058 2.707111 -0.007495758 0.8701855 2.643709 0.2140305 0.4738291 3.120874 0.2649407 0.1456935 3.158446 0.2537045 0.4418166 3.181963 -0.02396794 0.03928494 2.976121 -0.1001072 -0.3884321 3.061421 -0.1988635 -0.8336823 3.026304 0.1498594 0.03308604 3.082823 0.208143 -0.3960491 2.990769 0.3061818 -0.8034654 2.943062 
0.1060128 0.6809511 3.031851 0.08967008 0.4672028 3.03713 0.0754067 0.246421 3.034979 -0.04528344 0.4768083 2.946102 -0.05529578 0.6056129 2.693928 0.09884106 0.8387688 2.642153 0.2246236 0.4575973 3.128158 0.2629761 0.1211761 3.1435 0.2593818 0.4179472 3.210892 -0.02334341 0.03165257 2.97584 -0.1048922 -0.395312 3.059949 -0.1989038 -0.8403493 3.025006 0.14563 0.01962566 3.089815 0.204568 -0.4088231 2.994895 0.3002698 -0.8154159 2.948265 
0.08940009 0.6889344 3.031376 0.08472377 0.4746668 3.037731 0.08045926 0.2534862 3.038077 -0.04621608 0.4770395 2.940594 0.01062465 0.5698832 2.694149 0.207396 0.7682516 2.652715 0.2156636 0.4722941 3.134869 0.2412597 0.1841593 3.14737 0.2676745 0.4374216 3.285187 -0.005718744 0.03378985 2.977656 -0.09023438 -0.3921126 3.064296 -0.1817374 -0.8311669 3.030104 0.1581082 0.03082126 3.09919 0.2244579 -0.3938726 2.993713 0.3148514 -0.7868414 2.951218 
0.07214218 0.6895016 3.031158 0.08611078 0.4762601 3.038969 0.09978365 0.255513 3.043145 -0.04212585 0.4664203 2.938699 0.08701952 0.487308 2.698829 0.3218818 0.6385832 2.646824 0.2143474 0.4861 3.139239 0.2299366 0.197146 3.149023 0.298405 0.3526267 3.383482 0.03339503 0.02862265 2.98472 -0.09697457 -0.3846664 3.06994 -0.1844742 -0.8341109 3.030056 0.193518 0.04090921 3.109922 0.2227925 -0.3846771 2.994436 0.3186698 -0.7967572 2.937243 
0.06873145 0.6897335 3.03086 0.08446258 0.4776876 3.039053 0.1008438 0.2570995 3.045212 -0.03557288 0.4657151 2.929511 0.1092738 0.4366266 2.715384 0.3598496 0.5429699 2.642188 0.2044981 0.48966 3.148595 0.2166943 0.2004969 3.156907 0.2974703 0.3007402 3.416251 0.04214147 0.02902252 2.982851 -0.1042772 -0.3803113 3.06209 -0.188089 -0.8269066 3.023057 0.1923084 0.04400026 3.11989 0.2038699 -0.3847371 3.013339 0.3039301 -0.7951672 2.948854 
0.0650052 0.690814 3.019641 0.08280737 0.4782208 3.032461 0.1015585 0.258135 3.045074 -0.03125476 0.4619 2.917247 0.1359476 0.367861 2.72819 0.3998312 0.4232914 2.631483 0.1968695 0.4945414 3.147674 0.2064361 0.2052435 3.154625 0.2946626 0.251757 3.426445 0.04907903 0.02785712 2.985737 -0.1061122 -0.3788757 3.063721 -0.1895769 -0.8268296 3.031108 0.1915401 0.04824132 3.129636 0.204441 -0.3790124 3.015922 0.3025531 -0.7888625 2.945729 
0.06464543 0.6852955 3.01281 0.08195268 0.4713877 3.029057 0.1004195 0.2515048 3.045727 -0.03113958 0.4530891 2.912975 0.1429992 0.3169365 2.739608 0.4075015 0.3239072 2.615267 0.1950449 0.4896863 3.145139 0.2025692 0.2003018 3.150888 0.2943211 0.1969079 3.425484 0.04829099 0.02019939 2.989935 -0.1126726 -0.3847409 3.066891 -0.1972825 -0.8359314 3.036336 0.1894816 0.04304434 3.134858 0.1997458 -0.384472 3.020903 0.3021637 -0.7942929 2.946075 
0.06317231 0.6874668 3.024097 0.07928269 0.469339 3.034829 0.09734746 0.2491168 3.047655 -0.03901506 0.4531595 2.923642 0.07996085 0.2127193 2.765683 0.3192757 0.1205987 2.605162 0.1975804 0.4855185 3.146016 0.2022702 0.1960426 3.149864 0.2927991 0.1083225 3.410523 0.04139077 0.01877066 2.990908 -0.1207914 -0.384981 3.072179 -0.2009091 -0.828943 3.029257 0.1894337 0.03901834 3.130053 0.2003334 -0.3855524 3.005185 0.3064102 -0.7969888 2.935478 
0.06535957 0.6879773 3.029604 0.07930307 0.4681107 3.037533 0.0957471 0.24756 3.046095 -0.04843986 0.4546852 2.937043 -0.001651123 0.169923 2.789955 0.1789122 0.01506526 2.599361 0.207046 0.4815363 3.138022 0.2099935 0.1920229 3.140553 0.2929123 0.04125104 3.373416 0.03225159 0.01860779 2.991772 -0.1257883 -0.3875333 3.069672 -0.208378 -0.8259105 3.028189 0.1921307 0.03541077 3.117542 0.197909 -0.3903616 2.996526 0.3015277 -0.7963739 2.937791 
0.06350347 0.6878514 3.018622 0.07563239 0.4682932 3.035565 0.09134272 0.2478162 3.047703 -0.05752663 0.4536834 2.942537 -0.0488204 0.1629183 2.80291 0.1028644 -0.006591705 2.598864 0.2087914 0.4829029 3.128593 0.2111337 0.1933802 3.130636 0.2891068 0.01815588 3.347546 0.02380213 0.01820523 3.001679 -0.1230076 -0.3924584 3.077142 -0.2034135 -0.8251105 3.037827 0.190304 0.03647327 3.118001 0.2044078 -0.3909465 3.003892 0.3037822 -0.7987983 2.939737 
0.06081156 0.69342 3.028453 0.07089768 0.4732859 3.040822 0.084965 0.2525168 3.048079 -0.07055495 0.4616336 2.960551 -0.1635732 0.1602241 2.83323 -0.1177125 -0.03522061 2.598691 0.2123503 0.4849381 3.121093 0.2138346 0.1954054 3.122418 0.2811896 -0.01726064 3.306998 0.01059762 0.02446295 3.005153 -0.1222097 -0.3911821 3.07973 -0.2052567 -0.8241653 3.028732 0.187467 0.03903264 3.105522 0.2045308 -0.3886543 2.992253 0.298979 -0.7893013 2.93584 
0.06406882 0.695321 3.029627 0.07271067 0.4748678 3.043097 0.08535522 0.2539787 3.049738 -0.07075947 0.4643414 2.966148 -0.2147744 0.1885942 2.870644 -0.2428612 0.01917532 2.623874 0.2161808 0.4853941 3.120044 0.217364 0.195859 3.121109 0.2794289 -0.03085608 3.290169 0.008348274 0.02651198 3.008296 -0.1169578 -0.3916561 3.081762 -0.1996664 -0.8272392 3.031584 0.1876513 0.03966742 3.104462 0.2072656 -0.3888036 2.994577 0.3023043 -0.7940791 2.945562 
0.06712158 0.6975008 3.050483 0.07835006 0.47865 3.052006 0.09350886 0.257885 3.049271 -0.0683301 0.4694569 2.981091 -0.2701883 0.248927 2.919675 -0.4027728 0.108793 2.694983 0.2250302 0.4878431 3.122922 0.2257837 0.1983055 3.123608 0.2778587 -0.04947459 3.264059 0.01692143 0.03136984 3.002179 -0.1068347 -0.3880579 3.071476 -0.1985991 -0.8277544 3.024508 0.2004139 0.04287015 3.090892 0.2066762 -0.3875758 2.988293 0.3052124 -0.7964839 2.936844 
0.06744777 0.6955198 3.040632 0.08145404 0.4774451 3.045871 0.0996412 0.2568959 3.047025 -0.06371886 0.4650891 2.97237 -0.3010983 0.2944745 2.932859 -0.4671838 0.1873042 2.714012 0.2266269 0.4898011 3.119373 0.2272287 0.2002628 3.119923 0.2747158 -0.05529176 3.247477 0.02698237 0.02861466 3.002183 -0.09861958 -0.3903762 3.070977 -0.1883805 -0.8328511 3.027458 0.2086744 0.04407884 3.094175 0.2152562 -0.3883554 3.000086 0.308544 -0.7916338 2.943974 
0.07160084 0.6957125 3.036253 0.07914373 0.4768754 3.040499 0.08931971 0.2557712 3.040076 -0.07323886 0.4699725 2.982779 -0.3419035 0.3533394 2.926568 -0.5410353 0.3742594 2.718562 0.2315263 0.4837783 3.098219 0.2319106 0.1942393 3.098572 0.2711493 -0.07284827 3.203251 0.004382197 0.0303584 3.003626 -0.1168218 -0.3897983 3.071337 -0.2058614 -0.8297471 3.023782 0.1946092 0.03897562 3.075681 0.2011251 -0.3941793 2.985394 0.2976356 -0.795309 2.935691 
0.07006647 0.6977336 3.032652 0.07453135 0.4782625 3.037181 0.07963201 0.2569718 3.037248 -0.08030946 0.4746779 2.985752 -0.3594478 0.4130604 2.911449 -0.5340495 0.5381055 2.715461 0.2293721 0.481847 3.088611 0.2296177 0.1923077 3.088837 0.2618442 -0.08243427 3.174344 -0.01209273 0.03343962 3.005155 -0.114833 -0.3925778 3.065431 -0.207186 -0.8298212 3.025292 0.1815581 0.03792267 3.069475 0.2020014 -0.3982976 2.998127 0.2945184 -0.7945647 2.933587 
