0.03057272 0.676556 3.016875 0.02189422 0.4595039 3.031187 0.01691193 0.2382527 3.033625 -0.1308142 0.4623083 2.973628 -0.3597712 0.4956808 2.822418 -0.4060687 0.7285504 2.680415 0.1746027 0.4566995 3.088746 0.2347902 0.1514419 3.146258 0.2639827 -0.04052898 2.934088 -0.08360082 0.018756 3.000057 -0.1368791 -0.4144614 3.074008 -0.2150349 -0.8346695 3.011302 0.1074601 0.01524727 3.072071 0.2064944 -0.4082414 2.989268 0.2996206 -0.7966986 2.957548 
0.03111911 0.6736561 3.01341 0.02406271 0.4565538 3.030262 0.02091863 0.2352787 3.034941 -0.1255077 0.4573046 2.965274 -0.3209399 0.5398669 2.781249 -0.3024908 0.7949365 2.681728 0.1736331 0.4558029 3.095249 0.2333356 0.1521965 3.146678 0.2622912 -0.04306016 2.93449 -0.07586599 0.01447363 2.998934 -0.1290343 -0.4186017 3.074145 -0.2057907 -0.8385217 3.006563 0.1114151 0.01353348 3.080307 0.2128584 -0.4078699 2.99022 0.3103417 -0.804835 2.957574 
0.03261048 0.6789564 3.009021 0.02802698 0.460097 3.032023 0.02672063 0.2389044 3.041011 -0.1153693 0.4577889 2.954382 -0.2372973 0.5755009 2.733834 -0.1344865 0.8331234 2.689834 0.1714232 0.462405 3.109663 0.2362692 0.1467665 3.150946 0.2593973 -0.04451285 2.93479 -0.06421249 0.01626924 3.001471 -0.1332386 -0.4147911 3.074184 -0.2073242 -0.8327032 3.01177 0.1150411 0.01915444 3.098526 0.2073559 -0.4015982 2.996532 0.3110595 -0.8053547 2.950839 
0.04563873 0.6492592 3.055851 0.044134 0.4343213 3.052482 0.04337537 0.2136728 3.042912 -0.09478469 0.4384953 2.96725 -0.1531587 0.5486761 2.709046 -0.001204163 0.7843872 2.665317 0.1830527 0.4301473 3.137713 0.2377955 0.1341366 3.147146 0.2567905 -0.04601831 2.924529 -0.04438626 -0.004361572 2.979964 -0.1286711 -0.4302621 3.061362 -0.1963389 -0.8509713 2.99753 0.1296197 -0.009589783 3.086722 0.2142687 -0.4269558 2.981482 0.3114106 -0.8218744 2.939366 
0.06362693 0.620869 3.080786 0.05688315 0.4081818 3.062838 0.05007851 0.1886289 3.041245 -0.07868917 0.4211696 2.973504 -0.1158058 0.501251 2.709789 0.06981046 0.703234 2.662825 0.1924554 0.3951938 3.152173 0.2365372 0.1146563 3.144576 0.2548187 -0.0563634 2.916609 -0.04163264 -0.02278978 2.963703 -0.1432186 -0.441998 3.058694 -0.2079746 -0.8513932 2.99976 0.1281804 -0.03905797 3.0756 0.2086646 -0.4606282 2.975584 0.299401 -0.8207522 2.940085 
0.04218729 0.6476449 3.055784 0.05806422 0.3936289 3.07248 0.04854495 0.1747912 3.043687 -0.07321417 0.4118005 2.977772 -0.05772384 0.4480528 2.707789 0.1565216 0.5994073 2.63127 0.1893426 0.3754573 3.167188 0.2274062 0.1079034 3.148761 0.2482294 -0.05549931 2.918927 -0.04310736 -0.03267764 2.95564 -0.1517789 -0.4449879 3.07084 -0.2120528 -0.8434173 3.005455 0.1211587 -0.05541537 3.074147 0.2084607 -0.4798732 2.990185 0.2996995 -0.8169534 2.945375 
0.03005074 0.6693851 3.038251 0.04384759 0.4436893 3.049558 0.05522124 0.2235758 3.047556 -0.08315744 0.4380485 2.948219 -0.0022323 0.362592 2.719502 0.241993 0.4335761 2.616088 0.1708526 0.4493301 3.150897 0.2156102 0.1446364 3.175966 0.2534039 -0.0471114 2.952621 -0.01388934 -0.0001123657 2.981334 -0.1467339 -0.4141377 3.087528 -0.2056617 -0.8272318 3.01613 0.1470791 0.007036896 3.109773 0.2115345 -0.4359846 3.015907 0.3078982 -0.7976553 2.94575 
0.02895135 0.6748935 3.033546 0.03964473 0.4510353 3.044993 0.05041884 0.2304422 3.047444 -0.0847639 0.4437934 2.940078 0.009328262 0.323835 2.731243 0.254632 0.3373514 2.607211 0.1640534 0.4582772 3.149909 0.2062397 0.1567753 3.187985 0.247066 -0.04298244 2.960789 -0.01713012 0.005289841 2.983844 -0.1541301 -0.4090588 3.069407 -0.2135994 -0.8252193 3.017407 0.139516 0.01440828 3.115946 0.1912947 -0.4196433 3.010126 0.2993119 -0.8048899 2.948601 
0.02694979 0.6755653 3.03121 0.03379713 0.4523709 3.041552 0.04213473 0.2314303 3.045048 -0.09229831 0.4459784 2.938276 0.003670326 0.267407 2.739143 0.2419021 0.23475 2.601206 0.1598926 0.4587634 3.144828 0.2193271 0.184212 3.242905 0.2381129 -0.006683853 3.00151 -0.02863826 0.006479172 2.98375 -0.1587538 -0.410342 3.062241 -0.2231063 -0.8326 3.017345 0.1295829 0.01450032 3.113337 0.1888151 -0.4166119 3.014833 0.2990443 -0.8095561 2.93812 
0.02664245 0.6746656 3.031573 0.03075079 0.4528423 3.043358 0.03660865 0.2317264 3.048357 -0.09902608 0.4471729 2.944674 -0.02313873 0.216669 2.748119 0.1991923 0.1469089 2.590355 0.1605277 0.4585117 3.142042 0.220372 0.2115654 3.2579 0.2070773 0.01719527 3.017544 -0.03887293 0.007057114 2.991505 -0.156493 -0.4137741 3.064488 -0.2205304 -0.8323221 3.027483 0.1238059 0.01416393 3.115208 0.1926218 -0.4128799 3.013422 0.3036872 -0.803157 2.943696 
0.02432766 0.6700616 3.019742 0.02735522 0.4501763 3.040803 0.03220594 0.2293408 3.052854 -0.1083623 0.4422995 2.951088 -0.07481122 0.1856885 2.764061 0.1121116 0.07330853 2.577201 0.1630728 0.4580531 3.130517 0.2146775 0.2251248 3.251085 0.1938062 0.02168398 3.016338 -0.04805736 0.003565506 3.008641 -0.1534171 -0.4194122 3.086047 -0.2189042 -0.8364671 3.03543 0.1221707 0.01344521 3.121168 0.194305 -0.4095108 3.009139 0.3071132 -0.801607 2.950351 
0.02290427 0.6755119 3.028498 0.02941507 0.4543023 3.046201 0.04035995 0.2334231 3.055092 -0.113012 0.4440752 2.967458 -0.1510022 0.1699766 2.793437 -0.04853204 0.01887143 2.573508 0.1718421 0.4645293 3.124944 0.2042543 0.198929 3.203697 0.2183691 -0.02217445 2.988443 -0.03774008 0.006150101 3.014752 -0.1408789 -0.4197404 3.076323 -0.206622 -0.8274702 3.020119 0.1403497 0.01893794 3.113212 0.2055634 -0.4009192 2.988955 0.3098864 -0.7913435 2.947693 
0.02569267 0.6727011 3.024786 0.03075497 0.4538535 3.046384 0.03976986 0.2329946 3.057323 -0.1156171 0.4443343 2.97482 -0.220992 0.1754904 2.84286 -0.1764077 0.02428825 2.591806 0.177127 0.4633726 3.117948 0.2177266 0.1944833 3.187572 0.229013 -0.02739728 2.974432 -0.04274715 0.00618309 3.023511 -0.1499281 -0.4205876 3.066822 -0.2114281 -0.8321398 3.018972 0.1403167 0.01808845 3.113014 0.1984077 -0.4051824 2.996988 0.3040261 -0.796617 2.938378 
0.0227749 0.6757703 3.02787 0.02689087 0.4572743 3.047008 0.03367963 0.2361904 3.05496 -0.1224244 0.4503403 2.981699 -0.2610553 0.1992723 2.877469 -0.2722804 0.06737638 2.620442 0.1762061 0.4642083 3.112316 0.2277979 0.1852135 3.173846 0.2240867 -0.03336276 2.962054 -0.05298556 0.01076652 3.022036 -0.1520479 -0.4176137 3.070766 -0.2196311 -0.8312562 3.019572 0.1339223 0.01944627 3.103787 0.1954287 -0.4061554 2.998995 0.298306 -0.7961097 2.936467 
0.02629826 0.6783594 3.028876 0.02916602 0.4585205 3.046518 0.03470739 0.2373194 3.052892 -0.1211403 0.4529284 2.983125 -0.3000351 0.2281442 2.89525 -0.3663556 0.1122919 2.644737 0.1794723 0.4641126 3.109911 0.2348937 0.1710985 3.159434 0.2194095 -0.03619504 2.935437 -0.05371408 0.01262238 3.019637 -0.142462 -0.4171339 3.075889 -0.2104276 -0.8310496 3.016538 0.1342116 0.01961407 3.098896 0.2034571 -0.4068116 3.00284 0.3022668 -0.7955793 2.938443 
0.02801978 0.6842371 3.028867 0.03081757 0.4641489 3.047442 0.03559012 0.2428831 3.05345 -0.1217739 0.4592844 2.989503 -0.3450128 0.2665367 2.916078 -0.4835407 0.2142125 2.67565 0.183409 0.4690135 3.105381 0.2372267 0.1690231 3.141353 0.2160098 -0.03183492 2.907715 -0.05506658 0.01857501 3.023224 -0.1376523 -0.4117561 3.08503 -0.212673 -0.8313652 3.017839 0.1357919 0.02465952 3.095692 0.2034048 -0.401618 2.99696 0.302076 -0.7903342 2.946849 
0.0309185 0.6741327 3.006372 0.03157604 0.4572199 3.038805 0.0344457 0.2366519 3.054845 -0.1216678 0.4511439 2.982672 -0.3664372 0.3047251 2.925022 -0.5242029 0.3076563 2.689248 0.1848198 0.463296 3.094937 0.2386607 0.1665573 3.133707 0.2135439 -0.02892502 2.891853 -0.05853118 0.01228369 3.035778 -0.1385678 -0.4183853 3.099555 -0.2147747 -0.8446511 3.028931 0.1331619 0.01988422 3.105994 0.2020684 -0.4082451 3.016998 0.3008438 -0.8009962 2.957067 
