0.04083448 0.6943302 3.038226 0.03669417 0.4756514 3.047571 0.03728781 0.2544078 3.047349 -0.1123747 0.4753181 2.981074 -0.3410007 0.4624835 2.787006 -0.4154051 0.6630236 2.630816 0.185763 0.4759848 3.114068 0.2437881 0.1607611 3.157251 0.2816714 -0.01440849 2.930799 -0.055333 0.0329558 3.005545 -0.1332432 -0.3981418 3.063857 -0.2205404 -0.8414134 3.021943 0.1310959 0.0333727 3.088708 0.1890448 -0.3959991 3.000437 0.2933796 -0.8155572 2.939531 
0.04286133 0.690106 3.039679 0.03749225 0.4709575 3.048626 0.03723149 0.2496427 3.049594 -0.1069776 0.4707955 2.972714 -0.286786 0.5076528 2.760474 -0.2758961 0.7549943 2.639617 0.1819621 0.4711194 3.124539 0.2418963 0.156657 3.162311 0.2834882 -0.01711449 2.938213 -0.05340432 0.02822665 3.003075 -0.1241881 -0.4028558 3.073237 -0.2067859 -0.8445222 3.029883 0.1273458 0.02842935 3.098051 0.2029531 -0.3990086 3.012042 0.2992298 -0.809652 2.956555 
0.04207985 0.689056 3.035263 0.03810192 0.469706 3.04744 0.03883933 0.2483813 3.050704 -0.1055501 0.4680831 2.969869 -0.238904 0.5163273 2.739225 -0.1831356 0.7691025 2.640833 0.1817539 0.4713289 3.125012 0.2404262 0.1518261 3.165163 0.2845037 -0.01949452 2.94143 -0.05024526 0.02604179 3.005465 -0.1262698 -0.405526 3.067099 -0.2037036 -0.8379706 3.026609 0.1293987 0.0280713 3.102473 0.2068159 -0.397506 3.00877 0.3086809 -0.8103688 2.950062 
0.04936754 0.6875319 3.045171 0.0450776 0.4676134 3.054374 0.04292627 0.2462613 3.055298 -0.09512252 0.4686268 2.970766 -0.1561631 0.4945618 2.712516 -0.04049908 0.7403037 2.63218 0.1852777 0.4666 3.137981 0.2371517 0.1439741 3.170778 0.2853982 -0.02253009 2.942819 -0.04695954 0.0255434 3.003902 -0.1316183 -0.4041657 3.068552 -0.2038224 -0.8331987 3.024107 0.1285094 0.02427506 3.108542 0.2015245 -0.4014243 3.011247 0.3060526 -0.8063695 2.953105 
0.03830769 0.6871569 3.044678 0.04124063 0.4678781 3.054948 0.04557236 0.2466838 3.056347 -0.09848948 0.4646077 2.970511 -0.08655835 0.4561536 2.703106 0.07597955 0.676072 2.619293 0.1809707 0.4711485 3.139385 0.228992 0.1492283 3.177968 0.2860262 -0.0200415 2.952924 -0.03750429 0.0234438 3.004925 -0.135261 -0.4023792 3.076026 -0.2074866 -0.8357878 3.037437 0.1373125 0.02753538 3.110565 0.2033127 -0.4012882 3.023196 0.3053808 -0.8007805 2.95622 
0.03433422 0.6890714 3.037775 0.03913966 0.472828 3.05034 0.04410772 0.2516324 3.055022 -0.09555841 0.4678594 2.958547 -0.04886367 0.4121231 2.706559 0.1460358 0.5855825 2.606803 0.1738377 0.4777966 3.142132 0.2314006 0.1500634 3.194008 0.2851194 -0.006548447 2.951807 -0.03529364 0.02732455 3.00221 -0.1345468 -0.400145 3.058991 -0.2060083 -0.832199 3.028435 0.1334452 0.03354883 3.1172 0.198082 -0.3931131 3.018995 0.2992892 -0.7961476 2.953993 
0.02846122 0.6915762 3.046985 0.03680533 0.4745669 3.053029 0.04533638 0.2534352 3.056505 -0.08440448 0.4682058 2.94585 0.00611882 0.3669219 2.707531 0.2258312 0.4918605 2.5856 0.1580151 0.480928 3.160208 0.2272741 0.1721809 3.218208 0.287056 0.00373851 2.985608 -0.02249244 0.02829605 2.992461 -0.1205471 -0.3983744 3.057412 -0.1948253 -0.8355398 3.01973 0.1302273 0.03631082 3.127502 0.1967366 -0.3900786 3.028795 0.3020571 -0.8028426 2.953047 
0.02476827 0.6856832 3.054551 0.04007503 0.4673071 3.052263 0.0540487 0.2463991 3.052311 -0.07322706 0.4601143 2.935521 0.05455231 0.3026738 2.730222 0.3079799 0.3536547 2.588612 0.1533771 0.4744999 3.169005 0.197812 0.1858467 3.23466 0.2869879 0.01614713 3.012521 -0.002677192 0.02100298 2.979514 -0.1244895 -0.3962921 3.061669 -0.1978543 -0.8373021 3.034787 0.138722 0.02997945 3.125206 0.1992253 -0.395317 3.018595 0.3095076 -0.8010077 2.946254 
0.02210028 0.68625 3.055756 0.03913886 0.4681526 3.053231 0.05511327 0.247358 3.053353 -0.07273832 0.4599926 2.934848 0.04927016 0.2638273 2.745623 0.3144715 0.2681316 2.608818 0.1510161 0.4763125 3.171613 0.1924792 0.1672413 3.237415 0.3013825 0.01180754 3.014442 0.00121018 0.02146684 2.979535 -0.1272103 -0.3952223 3.055022 -0.200069 -0.8300242 3.035658 0.1409651 0.03166017 3.127416 0.2007301 -0.394209 3.022252 0.3095471 -0.8004749 2.944846 
0.02181654 0.6889349 3.055359 0.03949828 0.469967 3.054114 0.05666631 0.2492479 3.05496 -0.07427916 0.4606701 2.937481 0.03063213 0.2239127 2.755305 0.2937219 0.1723036 2.62058 0.1532757 0.479264 3.170747 0.2066328 0.1731263 3.242065 0.3125262 0.009160049 3.023082 0.002713392 0.02271742 2.9829 -0.1233904 -0.3945737 3.05981 -0.2039484 -0.831496 3.036692 0.1449553 0.03434023 3.128712 0.2045924 -0.3916157 3.023593 0.3116308 -0.7983935 2.94408 
0.02056097 0.6908336 3.056694 0.03621723 0.470185 3.051794 0.05273209 0.2494673 3.048488 -0.08184644 0.4630345 2.939409 -0.0007508774 0.1879841 2.776658 0.2357539 0.08936936 2.611561 0.1542809 0.4773355 3.16418 0.1992652 0.1759043 3.247641 0.3180245 0.006733353 3.039622 -0.004625122 0.02427551 2.974863 -0.1287316 -0.3930433 3.055166 -0.2115716 -0.8318151 3.026137 0.143119 0.03322363 3.115501 0.199258 -0.3921463 3.006193 0.3054875 -0.801153 2.927694 
0.02234261 0.6947301 3.055194 0.03602161 0.4729409 3.05274 0.05081425 0.2520762 3.049821 -0.08694062 0.4661182 2.945807 -0.05386429 0.165968 2.789368 0.1514652 0.02665703 2.60166 0.1589839 0.4797635 3.159672 0.2032062 0.1740178 3.255959 0.3172845 0.007299057 3.042849 -0.01133838 0.0269422 2.979989 -0.127345 -0.3885328 3.077932 -0.2102961 -0.8294953 3.039648 0.1425522 0.035481 3.113817 0.2007639 -0.3940326 3.025992 0.3067096 -0.7977725 2.939303 
0.02258904 0.6953673 3.036926 0.03494827 0.4745038 3.048346 0.04974998 0.2537445 3.054241 -0.09729515 0.4631096 2.953708 -0.1332891 0.1651683 2.813306 -0.01241388 -0.0100013 2.588879 0.1671917 0.4858981 3.142983 0.1983479 0.1809349 3.245934 0.313998 0.009902328 3.036734 -0.01815636 0.02585899 3.000948 -0.121934 -0.397095 3.078861 -0.2069566 -0.8299488 3.043958 0.1472598 0.04011143 3.119325 0.2042321 -0.3905948 3.03448 0.3080858 -0.797177 2.950483 
0.02352417 0.6969777 3.046885 0.03442815 0.4750383 3.052357 0.04945812 0.254278 3.053473 -0.104894 0.465129 2.968495 -0.1900179 0.1661503 2.827807 -0.1482212 0.01577061 2.558391 0.1737503 0.4849476 3.13622 0.208054 0.1692615 3.239077 0.3126863 0.008581406 3.017021 -0.02279384 0.02730977 3.002051 -0.1256204 -0.3982849 3.06674 -0.2116466 -0.8294005 3.02548 0.15177 0.03972566 3.107127 0.1978742 -0.388314 3.004568 0.3058136 -0.8001961 2.932195 
0.02266208 0.6984959 3.051373 0.03342165 0.4778319 3.053757 0.04798465 0.2570019 3.051681 -0.1087601 0.4692012 2.974416 -0.2335566 0.2021009 2.853403 -0.2540075 0.07985073 2.573695 0.1756034 0.4864627 3.133097 0.222894 0.1645969 3.217836 0.3114736 0.006205216 2.987504 -0.02631883 0.03077745 3.000016 -0.1246588 -0.3938234 3.07664 -0.2096158 -0.8296276 3.029074 0.1514141 0.04156625 3.099195 0.1991283 -0.3894247 3.011325 0.3069423 -0.8004516 2.940062 
0.02394883 0.6983364 3.054644 0.03272382 0.4781105 3.054875 0.04512675 0.2571726 3.050048 -0.1121479 0.4716088 2.980223 -0.2893178 0.252564 2.863731 -0.3474779 0.1791983 2.581542 0.1775955 0.4846123 3.129527 0.225901 0.1577787 3.194963 0.3096905 0.006373856 2.961224 -0.03306104 0.03216904 2.998539 -0.1256769 -0.3928053 3.080506 -0.2145958 -0.8291246 3.027141 0.1481204 0.04030037 3.091901 0.1987 -0.3915687 3.009341 0.2992661 -0.8004358 2.94212 
0.02766983 0.6986479 3.056864 0.03202255 0.480801 3.054446 0.03931563 0.2597062 3.046775 -0.1176416 0.4781148 2.989578 -0.3326121 0.3138898 2.863256 -0.4354132 0.3569661 2.595851 0.1816867 0.4834873 3.119314 0.2239416 0.1561882 3.171565 0.3091054 0.009896988 2.940505 -0.04700787 0.03693109 2.998527 -0.1302855 -0.3901972 3.079969 -0.2207811 -0.831926 3.024522 0.1402253 0.04029163 3.079679 0.1924094 -0.3936715 3.009458 0.2973884 -0.8008429 2.935081 
0.03038103 0.7014065 3.056376 0.03237005 0.4834664 3.053163 0.037995 0.2623662 3.043857 -0.1187363 0.4822173 2.991499 -0.3458205 0.3619514 2.845649 -0.4373532 0.4711111 2.599364 0.1834764 0.4847155 3.114826 0.2239568 0.152584 3.163301 0.3069407 0.006537537 2.930712 -0.0508613 0.04048499 2.995995 -0.1205555 -0.3900731 3.070628 -0.2149219 -0.8320023 3.019082 0.1381012 0.042047 3.073107 0.2013868 -0.3903869 3.003062 0.3009952 -0.7948899 2.938277 
0.03404163 0.6989408 3.056588 0.03420449 0.4804038 3.053043 0.03744528 0.2592488 3.043679 -0.1160012 0.4809111 2.989078 -0.3374023 0.420485 2.820304 -0.4112718 0.5911991 2.61159 0.1844102 0.4798965 3.117008 0.222984 0.1522841 3.159634 0.3076269 0.007135574 2.930635 -0.05324276 0.03841095 2.994314 -0.1194397 -0.3927198 3.069692 -0.2093628 -0.8383448 3.025122 0.1346149 0.03777649 3.074314 0.2010935 -0.3956849 3.014495 0.2995489 -0.8095969 2.944595 
