0.08003049 0.7011306 3.047723 0.07780208 0.4815064 3.041941 0.07741153 0.2603571 3.033654 -0.07762855 0.4836493 2.992072 -0.3694806 0.4462541 2.901198 -0.5466485 0.584406 2.719721 0.2332327 0.4793635 3.09181 0.2332325 0.1898239 3.09181 0.2332375 -0.09971527 3.09181 -0.02016748 0.04054765 2.994185 -0.1143493 -0.3897562 3.030371 -0.2018783 -0.8073826 3.085005 0.1742094 0.03786772 3.05655 0.2006325 -0.3973808 2.980799 0.29413 -0.7956032 2.938207 
0.08183074 0.6999178 3.041329 0.0790448 0.4832374 3.039377 0.08030973 0.2619853 3.03294 -0.0746159 0.4839667 2.984107 -0.3616321 0.53032 2.845044 -0.4698575 0.7391999 2.677329 0.2327055 0.4825081 3.094646 0.2327053 0.1929685 3.094646 0.2327103 -0.09657068 3.094646 -0.01452708 0.04118935 2.991937 -0.09473673 -0.3811404 3.090245 -0.2145452 -0.8441291 3.01911 0.1776764 0.04027712 3.06107 0.2083544 -0.3961041 2.993171 0.3004403 -0.797942 2.946828 
0.08134391 0.6967785 3.033986 0.07540272 0.4812004 3.035805 0.07371227 0.259871 3.031541 -0.07466169 0.483577 2.971936 -0.3181672 0.5875847 2.808527 -0.3522187 0.8363961 2.664836 0.2254672 0.478824 3.099674 0.225467 0.1892845 3.099674 0.2254719 -0.1002548 3.099674 -0.02196955 0.04002998 2.987274 -0.08914851 -0.3853136 3.087279 -0.2265842 -0.8517116 2.979327 0.1660132 0.03705299 3.067281 0.2108348 -0.3972352 2.995944 0.2993845 -0.7980016 2.952779 
0.08620645 0.7003999 3.044924 0.08123607 0.4857245 3.041758 0.07964213 0.264522 3.033576 -0.06442914 0.48947 2.968879 -0.2649618 0.6157084 2.777265 -0.2470941 0.8732845 2.650732 0.2269013 0.4819791 3.114638 0.2269011 0.1924396 3.114638 0.226906 -0.09709961 3.114638 -0.01317316 0.04566492 2.979753 -0.09204776 -0.3824806 3.053076 -0.206286 -0.8204414 3.035508 0.1692696 0.04097388 3.071033 0.2124998 -0.3932933 2.997317 0.3052141 -0.7928231 2.949246 
0.08625747 0.702234 3.050433 0.08460805 0.4882275 3.045589 0.08552499 0.2669996 3.037655 -0.05799043 0.4904669 2.966669 -0.1979921 0.6378396 2.736193 -0.1189379 0.8924248 2.633846 0.2272065 0.4859881 3.12451 0.2272064 0.1964485 3.12451 0.2272113 -0.0930907 3.12451 -0.002717334 0.04717186 2.980376 -0.09454606 -0.3805261 3.042392 -0.1918034 -0.8032162 3.080686 0.1756012 0.04437144 3.079065 0.2143207 -0.3898236 3.002016 0.3057319 -0.7879229 2.954801 
0.09280358 0.6967806 3.054458 0.09356657 0.4817673 3.049612 0.09437247 0.2604922 3.042204 -0.04338137 0.4842339 2.961026 -0.0822545 0.6557162 2.693543 0.07278198 0.893236 2.622148 0.2305145 0.4793006 3.138197 0.2305143 0.1897611 3.138197 0.2305193 -0.09977808 3.138197 0.009524352 0.04075997 2.979391 -0.09292299 -0.3784587 3.075206 -0.2124187 -0.8405917 3.009201 0.1808324 0.03767445 3.090202 0.206944 -0.3969302 3.010036 0.3004539 -0.7944435 2.954259 
0.08990583 0.6711841 3.059239 0.09211232 0.4571514 3.052289 0.0943757 0.2359284 3.043769 -0.03897087 0.4595363 2.955548 -0.02709842 0.6273168 2.677322 0.1623143 0.8422449 2.605624 0.2231955 0.4547665 3.14903 0.2231953 0.165227 3.14903 0.2232003 -0.1243122 3.14903 0.01454886 0.01619884 2.974664 -0.09102854 -0.3993403 3.083087 -0.218604 -0.8703996 2.990043 0.1787293 0.01321184 3.095832 0.200441 -0.4215809 3.015171 0.2991815 -0.8143787 2.954704 
0.09804112 0.6598822 3.054152 0.09656299 0.4462699 3.049075 0.09507737 0.2249971 3.043068 -0.03047569 0.4498936 2.946998 0.02739169 0.5807242 2.673096 0.2511303 0.7593121 2.597758 0.2236017 0.4426461 3.151152 0.2236015 0.1531066 3.151152 0.2236064 -0.1364326 3.151152 0.01416164 0.005990112 2.973239 -0.1030184 -0.4064511 3.082102 -0.2263359 -0.8581493 2.988843 0.1730218 0.001458649 3.100884 0.2027605 -0.4314756 3.01354 0.2980039 -0.8006865 2.955615 
0.09964126 0.6744164 3.030078 0.104568 0.4342022 3.045065 0.1003694 0.212915 3.042542 -0.02076135 0.4377706 2.940655 0.08466879 0.5278911 2.67352 0.3361493 0.6559253 2.589111 0.2298975 0.4306339 3.149476 0.2298973 0.1410944 3.149476 0.2299022 -0.1484448 3.149476 0.01784759 -0.006142166 2.974769 -0.09796331 -0.4120986 3.105718 -0.2226625 -0.8620666 2.991817 0.174494 -0.01060213 3.10527 0.2147021 -0.4433486 3.021538 0.3032999 -0.8020675 2.955172 
0.09784528 0.6797433 3.020272 0.1039032 0.4519299 3.039995 0.1053185 0.2312605 3.050467 -0.006034967 0.4456092 2.92167 0.1275546 0.4597208 2.678479 0.3950413 0.5381366 2.579403 0.2138414 0.4582506 3.158319 0.2138412 0.1687111 3.158319 0.2138462 -0.1208281 3.158319 0.03569078 0.006506531 2.984478 -0.08833027 -0.3999612 3.11469 -0.2102421 -0.8379362 2.997073 0.1777768 0.01467551 3.137403 0.2215377 -0.4289352 3.035316 0.3064099 -0.7803489 2.967865 
0.09924192 0.6840556 3.014596 0.10738 0.4617797 3.031989 0.1106763 0.2412972 3.048017 -3.09062E-06 0.4513498 2.910599 0.1462072 0.3889005 2.68976 0.4275686 0.4118204 2.604222 0.2147632 0.4722096 3.153378 0.214763 0.18267 3.153378 0.2147679 -0.1068692 3.153378 0.04608061 0.01422061 2.987297 -0.09031853 -0.3879514 3.114961 -0.2185591 -0.8435497 2.986161 0.1818644 0.027409 3.140792 0.2217438 -0.4032699 3.018536 0.3082702 -0.7826254 2.951982 
0.1040899 0.6922331 3.026821 0.11309 0.4740132 3.032712 0.1181957 0.2530861 3.044666 0.007693262 0.4648624 2.908603 0.1540492 0.2904738 2.702195 0.4309601 0.2237805 2.618632 0.2184868 0.4831641 3.156821 0.2184866 0.1936246 3.156821 0.2184915 -0.09591461 3.156821 0.05720798 0.02642043 2.978791 -0.09205092 -0.370304 3.107125 -0.2255999 -0.847383 2.978843 0.1893948 0.03789729 3.134447 0.209545 -0.3891293 3.013273 0.3065909 -0.7925554 2.939383 
0.1024591 0.6909092 3.016858 0.1096271 0.4745125 3.027997 0.1148077 0.2538052 3.043736 0.0005008912 0.4633405 2.907251 0.1265925 0.245211 2.729587 0.3825184 0.1184021 2.647293 0.2187532 0.4856846 3.148742 0.218753 0.1961451 3.148742 0.218758 -0.0933941 3.148742 0.05161095 0.0260975 2.983817 -0.09998353 -0.3712474 3.107193 -0.230578 -0.8492197 2.99142 0.1883659 0.04009816 3.135133 0.2046349 -0.387041 3.016674 0.3043941 -0.7943506 2.948012 
0.1016724 0.6944692 3.024284 0.109564 0.4755592 3.029705 0.1187271 0.2547116 3.039485 -0.00540185 0.4656877 2.914511 0.07165685 0.2007213 2.748177 0.298096 0.02664343 2.654652 0.2245298 0.4854307 3.144898 0.2245296 0.1958912 3.144898 0.2245345 -0.09364804 3.144898 0.0558658 0.02767963 2.977099 -0.09022553 -0.3745117 3.090384 -0.2208205 -0.8458892 2.975947 0.1999147 0.04004834 3.121433 0.2126704 -0.3842601 2.994445 0.3177297 -0.794805 2.931504 
0.1033102 0.7009781 3.029481 0.1079311 0.4810389 3.034235 0.1170208 0.2599611 3.040876 -0.01708224 0.472764 2.929888 -0.02063065 0.1542037 2.78879 0.1229033 -0.08518676 2.664599 0.2329444 0.4893138 3.138581 0.2329443 0.1997743 3.138581 0.2329492 -0.08976495 3.138581 0.047922 0.03370776 2.982255 -0.09628832 -0.3680514 3.099429 -0.2302479 -0.8477746 2.985182 0.2042992 0.04405865 3.112781 0.2039051 -0.3841354 3.000277 0.3031188 -0.7885846 2.944749 
0.101128 0.702751 3.032237 0.1037452 0.4836209 3.036846 0.1105457 0.2624194 3.042322 -0.02661009 0.477197 2.939247 -0.08834136 0.1470916 2.794953 -0.01330067 -0.1095891 2.639969 0.2341005 0.4900447 3.134444 0.2341004 0.2005052 3.134444 0.2341053 -0.089034 3.134444 0.03575765 0.03719731 2.986712 -0.1041673 -0.3666505 3.102114 -0.2394301 -0.8466517 2.9867 0.1989349 0.04523863 3.108885 0.1975675 -0.3842147 3.001214 0.2973408 -0.7913225 2.945132 
0.09548152 0.704981 3.031704 0.09743877 0.4869766 3.037433 0.1036018 0.2656941 3.041093 -0.04161215 0.4817005 2.952592 -0.175365 0.1970399 2.852986 -0.194869 -0.06282336 2.673242 0.2364897 0.4922528 3.122273 0.2364895 0.2027133 3.122273 0.2364945 -0.08682596 3.122273 0.02276357 0.0411105 2.99167 -0.09974519 -0.3714682 3.094916 -0.2350218 -0.8512415 2.980174 0.1967662 0.04771286 3.097836 0.200219 -0.3822083 2.991915 0.3021462 -0.7887979 2.941132 
0.09288641 0.7068481 3.032329 0.09361243 0.4882548 3.038044 0.09883945 0.2669196 3.039404 -0.05163299 0.484369 2.963927 -0.2363687 0.2367738 2.892004 -0.3384135 0.0130973 2.705843 0.2388579 0.4921406 3.112161 0.2388577 0.202601 3.112161 0.2388626 -0.08693817 3.112161 0.01328517 0.04315574 2.99444 -0.1046771 -0.3756452 3.07204 -0.2116065 -0.8330312 3.02196 0.1948478 0.04801311 3.087089 0.2028277 -0.3830767 2.986267 0.3002512 -0.7901475 2.943124 
0.09158225 0.708882 3.032096 0.09172943 0.4906987 3.038167 0.09692666 0.2693558 3.03852 -0.05513425 0.4871367 2.967082 -0.2791955 0.2583934 2.907505 -0.4411495 0.08264798 2.722157 0.2385931 0.4942607 3.109251 0.238593 0.2047212 3.109251 0.2385979 -0.08481802 3.109251 0.01030807 0.04578595 2.994433 -0.1089836 -0.3756594 3.053803 -0.2005295 -0.8113673 3.060696 0.1939397 0.05023975 3.083314 0.2023332 -0.3811413 2.983721 0.3005159 -0.7922389 2.944643 
0.08902489 0.7078184 3.033992 0.08924713 0.4898222 3.0379 0.09384647 0.2684795 3.036157 -0.06083434 0.4872056 2.97414 -0.3001467 0.2957251 2.927764 -0.5028179 0.1760161 2.74576 0.2393286 0.4924389 3.10166 0.2393284 0.2028994 3.10166 0.2393334 -0.08663983 3.10166 0.004498384 0.04549884 2.994503 -0.106536 -0.3804723 3.031318 -0.2007624 -0.797421 3.092545 0.1923933 0.04877478 3.074327 0.2031369 -0.3830158 2.976766 0.2991617 -0.7942019 2.940713 
0.08763207 0.7050728 3.033407 0.08608255 0.4871009 3.038281 0.08842731 0.2657254 3.035695 -0.06661795 0.4861577 2.980561 -0.3332893 0.3536832 2.939464 -0.5620449 0.3691936 2.747432 0.238783 0.4880441 3.096001 0.2387829 0.1985046 3.096001 0.2387878 -0.09103467 3.096001 -0.004697782 0.04376023 2.997022 -0.1005113 -0.3801299 3.075639 -0.2156225 -0.8323644 3.02148 0.186242 0.04493961 3.069196 0.2061412 -0.3895555 2.986822 0.2960605 -0.7892368 2.945256 
0.08812312 0.7055976 3.032636 0.08516385 0.4869767 3.039079 0.08614316 0.2655832 3.037529 -0.06826611 0.4866891 2.983186 -0.3401362 0.3923374 2.925745 -0.5393097 0.4966385 2.738244 0.2385938 0.4872642 3.094972 0.2385937 0.1977247 3.094972 0.2385986 -0.09181448 3.094972 -0.008825358 0.04400998 3.001027 -0.0931104 -0.3800151 3.09251 -0.2275669 -0.8395098 3.001436 0.1830703 0.04436966 3.070933 0.2086877 -0.3902949 2.990915 0.2976389 -0.7916676 2.948785 
