0.04325242 0.6920335 3.040321 0.04046054 0.4719808 3.05016 0.04288182 0.2506252 3.049398 -0.1155263 0.4704408 3.001856 -0.3774583 0.400808 2.881307 -0.5036819 0.541418 2.694019 0.1964474 0.4735208 3.098464 0.2386305 0.1587586 3.127587 0.2164263 -0.01860985 2.859181 -0.0522665 0.02830623 3.018422 -0.1439557 -0.4021763 3.06618 -0.2055668 -0.8262326 3.023275 0.1428727 0.03023277 3.07885 0.1971099 -0.4004548 2.991777 0.2948721 -0.7993581 2.942266 
0.04703951 0.6962792 3.047555 0.04405506 0.4769124 3.052927 0.04515471 0.2555702 3.049523 -0.1092198 0.4770096 2.997088 -0.3541598 0.4488669 2.841614 -0.4392945 0.6408921 2.672439 0.1973299 0.4768153 3.108766 0.2393779 0.158917 3.135772 0.2161635 -0.0164145 2.864248 -0.0497249 0.03428876 3.011153 -0.1339096 -0.3972265 3.062945 -0.1988549 -0.8235729 3.015866 0.1422336 0.03416708 3.081085 0.2029057 -0.397631 3.005219 0.3016478 -0.7988452 2.944976 
0.04686665 0.6972611 3.043896 0.05150394 0.4781594 3.052626 0.06001674 0.2570685 3.052185 -0.09505504 0.4726578 2.981564 -0.2883821 0.507744 2.792762 -0.3006874 0.7439224 2.648276 0.1980629 0.483661 3.123688 0.2402435 0.1684438 3.14557 0.2160091 -0.01988097 2.888359 -0.02314026 0.03253656 3.007297 -0.1190791 -0.39353 3.076694 -0.1914403 -0.8353605 3.031147 0.1601993 0.03941882 3.096193 0.2025938 -0.3939153 3.018435 0.3068586 -0.799565 2.954041 
0.05457225 0.6964418 3.052851 0.05146537 0.4786882 3.052784 0.05085497 0.2575698 3.04547 -0.09468631 0.4814899 2.980285 -0.2110738 0.5446845 2.735924 -0.1521745 0.7985588 2.633343 0.1976171 0.4758864 3.125284 0.2403228 0.1723616 3.156893 0.2244982 -0.02204413 2.902208 -0.04115618 0.03820372 2.992815 -0.1401989 -0.3870292 3.063341 -0.2138899 -0.8290752 3.017227 0.1416453 0.0346994 3.083494 0.1805975 -0.3976134 2.998039 0.2920101 -0.8064482 2.927405 
0.06030218 0.6925687 3.053804 0.05408828 0.4755906 3.052402 0.04987384 0.2544937 3.044062 -0.09017867 0.4812101 2.976326 -0.1500224 0.5603508 2.71892 -0.04197265 0.801281 2.622742 0.1983552 0.4699712 3.128478 0.2401778 0.1696743 3.157399 0.2369775 -0.01966615 2.905441 -0.04457061 0.03691142 2.988142 -0.1325451 -0.3915767 3.054134 -0.2033048 -0.8301809 3.023471 0.1358894 0.02988225 3.083303 0.1921194 -0.4028018 3.012497 0.300325 -0.8077174 2.930903 
0.1019643 0.6653588 3.074061 0.07872514 0.4511479 3.061995 0.05653765 0.2320105 3.045251 -0.05730393 0.4715718 2.974948 -0.05497456 0.5477504 2.702188 0.120313 0.7521219 2.628087 0.2147542 0.4307239 3.149042 0.2425517 0.15874 3.157131 0.2447333 -0.02013931 2.90628 -0.05082342 0.02566142 2.974003 -0.1327687 -0.4014793 3.047269 -0.1998268 -0.8438625 3.011297 0.1195238 8.479309E-05 3.083011 0.1957127 -0.4251876 3.005682 0.2965242 -0.8215373 2.933462 
0.1113689 0.6306115 3.086473 0.08501996 0.4190236 3.065018 0.05850573 0.2009969 3.04067 -0.04695813 0.4453152 2.973305 0.001672722 0.5233068 2.696464 0.215669 0.6954336 2.64525 0.2169981 0.3927321 3.156731 0.2424036 0.1454263 3.156019 0.2466642 -0.02384721 2.90716 -0.05051798 -0.0005930023 2.958986 -0.1389362 -0.4251785 3.043001 -0.2024914 -0.8559757 3.012956 0.114501 -0.03346669 3.07366 0.1971502 -0.4594759 2.996132 0.2988212 -0.8341188 2.926467 
0.1164472 0.6061909 3.098878 0.08878373 0.3960752 3.07147 0.0603338 0.1787864 3.041926 -0.03661022 0.4260007 2.972121 0.004996262 0.4790688 2.742654 0.2147994 0.5685937 2.66636 0.2141777 0.3661497 3.170818 0.2423673 0.127274 3.151466 0.247961 -0.02567561 2.907697 -0.04660094 -0.01977193 2.950201 -0.1429624 -0.4378442 3.055124 -0.1980268 -0.849588 3.019822 0.1103687 -0.05723299 3.074566 0.2059563 -0.4804399 2.992281 0.2985474 -0.8209893 2.941871 
0.06203524 0.6653482 3.054327 0.07389192 0.4181697 3.059426 0.06377203 0.1999236 3.040836 -0.04930766 0.4327199 2.955674 0.01951891 0.4078051 2.768412 0.2569954 0.4131851 2.686827 0.1970915 0.4036196 3.163179 0.2600469 0.08527099 3.204716 0.2542991 -0.01273368 2.943219 -0.02530223 -0.008997925 2.955754 -0.1461243 -0.4312745 3.086773 -0.193664 -0.8195485 3.029897 0.1326065 -0.02764734 3.088737 0.2268958 -0.497823 2.998246 0.3103189 -0.7864434 2.946161 
0.04623829 0.6741403 3.038371 0.0574122 0.45058 3.043548 0.06268283 0.2302254 3.044039 -0.06244601 0.4474686 2.93374 0.05407075 0.3255227 2.772976 0.3094988 0.2676878 2.683551 0.1772704 0.4536914 3.153356 0.2576486 0.08799554 3.209608 0.2538942 -0.01418768 2.948403 -0.007502056 0.007911988 2.975401 -0.1522381 -0.4002601 3.081147 -0.1979131 -0.8293557 3.035372 0.143409 0.01182947 3.113657 0.1942994 -0.4286472 3.018775 0.2996119 -0.7870725 2.95181 
0.04062462 0.6743287 3.022552 0.05136038 0.4541108 3.036637 0.06030963 0.2337146 3.045136 -0.07202295 0.4450214 2.930848 0.03971177 0.268236 2.776395 0.293514 0.1748722 2.690964 0.1747437 0.4632002 3.142426 0.2542454 0.2049802 3.246517 0.2433925 0.07314337 2.988962 -0.008235103 0.007609558 2.987191 -0.157149 -0.4011016 3.076019 -0.1998927 -0.8304126 3.042773 0.1467529 0.01902725 3.120078 0.1920629 -0.4123437 3.008982 0.3012059 -0.788229 2.945731 
0.0368217 0.6802383 3.026559 0.04836093 0.4578088 3.04065 0.0611067 0.2373484 3.050356 -0.08171317 0.4460189 2.943667 -0.004102143 0.2166552 2.790557 0.2395022 0.1060139 2.679842 0.178435 0.4695987 3.137634 0.3264692 0.2260042 3.319469 0.2669189 0.0805291 3.086259 -0.007797214 0.009487183 2.999184 -0.1547772 -0.4011456 3.078435 -0.1958309 -0.8267198 3.042954 0.1555022 0.0242887 3.120941 0.193956 -0.4037352 3.004678 0.3115917 -0.7924214 2.941643 
0.03420972 0.6820668 3.023983 0.04428666 0.4611888 3.040379 0.05887838 0.240675 3.050616 -0.09813435 0.4481739 2.963033 -0.1038102 0.1782146 2.808283 0.05854947 0.02025858 2.637487 0.1867077 0.4742036 3.117725 0.2666133 0.2189507 3.228604 0.225968 0.02474695 3.017735 -0.01564919 0.01201721 3.012454 -0.1552877 -0.4044505 3.066804 -0.1964967 -0.8258815 3.030813 0.1625894 0.02830524 3.109252 0.1906898 -0.3985434 2.992682 0.3048719 -0.794816 2.931739 
0.03540812 0.6855928 3.026933 0.04447521 0.4647913 3.043163 0.05835837 0.2441047 3.052492 -0.1011804 0.4525926 2.971357 -0.1704184 0.1721119 2.830644 -0.08826629 0.02818658 2.618124 0.1901309 0.4769899 3.114969 0.2532367 0.2095783 3.206302 0.2203988 -0.00165036 3.011015 -0.01875559 0.01579713 3.016961 -0.1543888 -0.4013309 3.076621 -0.2000699 -0.8217452 3.031065 0.1632387 0.03103911 3.106682 0.1877271 -0.3984125 3.000997 0.301404 -0.7931365 2.941255 
0.03501197 0.6887888 3.028901 0.04458836 0.4685732 3.044791 0.05798974 0.2477669 3.052921 -0.1034111 0.4571086 2.977381 -0.236726 0.1945642 2.865326 -0.2229739 0.0689831 2.625802 0.1925878 0.480038 3.1122 0.2424089 0.2047364 3.186765 0.2160012 -0.0206497 3.006941 -0.0210996 0.01979588 3.018924 -0.1515141 -0.3995318 3.074903 -0.1986754 -0.8217489 3.028284 0.1638818 0.03412535 3.103178 0.1900156 -0.3941639 2.99358 0.3009053 -0.7888625 2.940837 
0.03424001 0.690117 3.030641 0.04284535 0.4706373 3.045544 0.05446888 0.249614 3.050773 -0.1100155 0.4612707 2.989429 -0.3024659 0.2454071 2.907601 -0.4123027 0.1486621 2.682893 0.1957062 0.4800039 3.101659 0.2268434 0.1963291 3.150569 0.2099899 -0.0504174 3.00002 -0.02951493 0.02273224 3.020905 -0.1488322 -0.4009829 3.06785 -0.1995339 -0.8239192 3.027957 0.1616997 0.03444894 3.0911 0.2015929 -0.3953732 2.993355 0.2965248 -0.7912956 2.938102 
0.0365313 0.6881115 3.018254 0.04370777 0.4688089 3.039284 0.05355442 0.2478725 3.048682 -0.1099326 0.4596502 2.984945 -0.3357056 0.2746854 2.917808 -0.5058959 0.2224248 2.719247 0.1973481 0.4779678 3.093623 0.2220145 0.1921869 3.133044 0.2086407 -0.06248221 2.995939 -0.03263687 0.02121106 3.024113 -0.1455903 -0.4042329 3.071334 -0.1985003 -0.8294756 3.030337 0.159439 0.03266107 3.092046 0.2032912 -0.3996447 3.008654 0.294939 -0.7914165 2.944218 
0.04000539 0.6900029 3.028205 0.04655903 0.4707278 3.042845 0.05679014 0.2496332 3.047469 -0.1098858 0.4625283 2.996936 -0.3869727 0.326201 2.923204 -0.6016737 0.3617288 2.758242 0.2030039 0.4789274 3.088755 0.2185485 0.1909298 3.114226 0.2102507 -0.07553009 3.001252 -0.03081298 0.02341086 3.023382 -0.1379397 -0.4032097 3.074079 -0.1949475 -0.8265188 3.026846 0.1648555 0.03366623 3.080802 0.2074393 -0.3985054 2.994662 0.3039796 -0.800839 2.94052 
0.04035974 0.6900617 3.017524 0.04647091 0.4709896 3.038208 0.05544534 0.2500115 3.047303 -0.1100947 0.4627499 2.992508 -0.3984804 0.3540977 2.926094 -0.6103566 0.4253768 2.762415 0.2030365 0.4792292 3.083907 0.2153996 0.1906769 3.104347 0.2089189 -0.08010867 3.002043 -0.03348141 0.02388113 3.027823 -0.1377147 -0.4032136 3.0806 -0.2010289 -0.8258783 3.030713 0.1623209 0.0341857 3.084975 0.1964724 -0.397944 2.995181 0.2998792 -0.7993252 2.948822 
0.04461488 0.6931953 3.024686 0.04668805 0.4732157 3.041155 0.05194491 0.252053 3.048275 -0.1098347 0.468005 2.994865 -0.3942264 0.4095546 2.90454 -0.5734153 0.5492621 2.755705 0.2032108 0.4784264 3.087445 0.2130536 0.1895189 3.103835 0.2080264 -0.08479092 3.011305 -0.04070756 0.0276308 3.026439 -0.1386739 -0.401352 3.075387 -0.2023899 -0.8244247 3.028266 0.1551111 0.03414969 3.08435 0.1957399 -0.3970357 2.992635 0.2944694 -0.8019577 2.9427 
