0.04845934 0.6924485 3.033089 0.05607843 0.4742607 3.050113 0.06796397 0.2533087 3.057335 -0.09074145 0.4640548 2.979496 -0.3040915 0.4676885 2.794306 -0.3212342 0.7021504 2.646168 0.2028983 0.4844667 3.120729 0.2088372 0.1951145 3.129283 0.2328966 -0.08987976 3.0842 -0.01199618 0.02597215 3.020382 -0.1197959 -0.400332 3.071522 -0.197389 -0.8302942 3.018433 0.1716952 0.03874121 3.108732 0.2057902 -0.3894438 3.001649 0.2995386 -0.7950309 2.94869 
0.04765922 0.6932662 3.031974 0.05568489 0.4749827 3.050702 0.06780548 0.254047 3.058347 -0.08956742 0.4644605 2.976904 -0.256548 0.5063454 2.76315 -0.2330713 0.7591103 2.660129 0.2009372 0.485505 3.124499 0.2056923 0.1960854 3.13134 0.2274109 -0.08977066 3.090748 -0.01091963 0.0265303 3.019836 -0.1217775 -0.3980162 3.078448 -0.196609 -0.8266466 3.02443 0.1707717 0.03969225 3.112147 0.2030814 -0.3883358 3.003631 0.30112 -0.7929962 2.946872 
0.04973057 0.6956313 3.043403 0.05921623 0.4777935 3.056718 0.07105498 0.2567904 3.062632 -0.08332718 0.4680465 2.977824 -0.1922395 0.532156 2.729068 -0.1251422 0.7907686 2.65642 0.2017596 0.4875403 3.135612 0.2055664 0.1980776 3.141083 0.2251641 -0.08847702 3.104539 -0.006300143 0.02968848 3.019179 -0.1183005 -0.3951493 3.073773 -0.1931999 -0.8249413 3.023834 0.1720876 0.04188637 3.117911 0.2046032 -0.3858755 3.008267 0.3023242 -0.7897812 2.949986 
0.06563422 0.6643531 3.058725 0.06858169 0.4489246 3.06049 0.07246491 0.2278467 3.058502 -0.07039075 0.447248 2.975452 -0.1229139 0.5385347 2.712321 -0.008838089 0.7845165 2.646853 0.2075541 0.4506012 3.145528 0.2106012 0.1611109 3.149904 0.2282792 -0.12601 3.117008 -0.009665436 0.005731079 3.003883 -0.1265285 -0.412058 3.066236 -0.1996362 -0.8488029 3.012833 0.1623617 0.007806458 3.109147 0.193762 -0.4089665 3.006539 0.3004583 -0.8224753 2.936234 
0.04820038 0.6898268 3.044804 0.0766426 0.4254889 3.064244 0.07953724 0.2044201 3.057054 -0.06032944 0.4265736 2.975746 -0.05437964 0.5162334 2.703631 0.1043298 0.7364385 2.656559 0.2136146 0.4244041 3.152741 0.2160534 0.1348961 3.156241 0.2319951 -0.1526839 3.126632 -0.002712393 -0.01597437 2.994852 -0.1189637 -0.4360889 3.058685 -0.1889129 -0.8446496 3.018746 0.1675762 -0.01732297 3.104875 0.2143634 -0.4390769 3.003258 0.3086785 -0.8108136 2.936854 
0.0586887 0.6908607 3.053293 0.07706802 0.4639904 3.061745 0.09004504 0.2431334 3.062142 -0.04649235 0.4565401 2.95616 0.03796293 0.4643164 2.696133 0.2571701 0.6364264 2.655307 0.2006284 0.4714406 3.16733 0.20219 0.181914 3.169569 0.2151447 -0.1063393 3.145584 0.0254436 0.01759863 2.996248 -0.1254033 -0.3920169 3.090399 -0.18828 -0.8151 3.030618 0.1806005 0.02695404 3.128833 0.2127404 -0.4109991 3.027143 0.3054658 -0.7815797 2.947618 
0.06224824 0.6861185 3.054621 0.07841458 0.464474 3.060191 0.09318956 0.2436694 3.062466 -0.0345909 0.4557149 2.943977 0.0858713 0.4166602 2.707665 0.327932 0.5481066 2.652252 0.1914201 0.4732331 3.176406 0.1926696 0.1837018 3.178198 0.2043444 -0.1047957 3.156612 0.03695099 0.0173606 2.991711 -0.1206001 -0.3912464 3.066071 -0.1837991 -0.825431 3.025889 0.1789781 0.0283692 3.137771 0.2000162 -0.4015034 3.019683 0.3031876 -0.7921364 2.949269 
0.06141167 0.6896574 3.055292 0.07933159 0.470924 3.057389 0.09446395 0.250102 3.060345 -0.02926566 0.4618643 2.936541 0.1189096 0.3508326 2.727349 0.3809066 0.4218447 2.655817 0.1879288 0.4799839 3.178237 0.1889286 0.1904497 3.17967 0.1994483 -0.09824567 3.160244 0.04172827 0.02361806 2.987777 -0.1246654 -0.3807988 3.061029 -0.1894813 -0.8188456 3.024501 0.1774644 0.03494194 3.138826 0.2019713 -0.3904589 3.012457 0.301675 -0.7796858 2.94534 
0.05906045 0.6890429 3.037797 0.07753371 0.4723478 3.049361 0.09545969 0.2522413 3.063174 -0.03151213 0.4559235 2.929159 0.1269963 0.2609538 2.766823 0.4011798 0.251642 2.67459 0.1865796 0.488772 3.169564 0.1872196 0.1992347 3.170481 0.1957573 -0.08975083 3.154747 0.04518965 0.0218633 3.001813 -0.1217539 -0.3829478 3.064921 -0.1883193 -0.8207818 3.042609 0.1815817 0.04240637 3.15216 0.2094765 -0.3837382 3.03375 0.3091881 -0.7831508 2.950453 
0.06155913 0.6870236 3.033813 0.07168422 0.465833 3.040171 0.0810472 0.2449181 3.046672 -0.04529915 0.4575459 2.927031 0.1048485 0.1952298 2.787381 0.3777649 0.1286027 2.68472 0.1886676 0.4741201 3.153311 0.1890773 0.1845816 3.153898 0.1960035 -0.1045945 3.141156 0.01710796 0.01881049 2.982278 -0.1448821 -0.3871891 3.050971 -0.2130051 -0.8298731 3.019142 0.1637124 0.02919598 3.124066 0.1881995 -0.3918544 2.98979 0.2945811 -0.8059879 2.921221 
0.06072446 0.6859398 3.034193 0.06957092 0.4652707 3.041363 0.07897279 0.2442372 3.047141 -0.05492428 0.4572427 2.936831 0.07340684 0.1686274 2.81418 0.3202596 0.05342489 2.69342 0.1940661 0.4732987 3.145896 0.1943939 0.1837599 3.146365 0.2006315 -0.1054851 3.134898 0.01040219 0.01817577 2.987449 -0.1331093 -0.3931136 3.063397 -0.2018085 -0.8272743 3.039685 0.1663471 0.02823183 3.118389 0.2076932 -0.3974847 3.008016 0.3075596 -0.7968638 2.933177 
0.06172224 0.6828563 3.033061 0.06882045 0.4638788 3.043102 0.07790412 0.2427993 3.049523 -0.06267546 0.4557056 2.947716 0.009238578 0.1507965 2.830585 0.2162246 -0.009781097 2.691705 0.2003163 0.4720522 3.138489 0.2005788 0.1825132 3.138864 0.206196 -0.1067877 3.128545 0.004678964 0.0166037 2.996238 -0.1340465 -0.3956866 3.077062 -0.2007785 -0.8298829 3.043518 0.1692966 0.02683572 3.11565 0.2097274 -0.4008762 3.010754 0.3049666 -0.7958512 2.939216 
0.06126544 0.6826025 3.032664 0.06698414 0.4636547 3.04655 0.07553913 0.2425451 3.053812 -0.07257612 0.4555044 2.962797 -0.09441103 0.1391823 2.851644 0.04676373 -0.0490781 2.662359 0.2065444 0.4718051 3.130304 0.2067127 0.1822658 3.130544 0.2112673 -0.1071171 3.122187 -0.003135882 0.01634117 3.008724 -0.1317381 -0.4002568 3.085254 -0.200789 -0.8273693 3.039083 0.1713241 0.02652968 3.113422 0.2080012 -0.4018431 3.008129 0.3028277 -0.7957121 2.948082 
0.05913012 0.6888381 3.031746 0.06485701 0.4683483 3.048745 0.0737054 0.2473748 3.058906 -0.07856049 0.4590719 2.971902 -0.1511276 0.1395517 2.844302 -0.06571378 -0.04203116 2.617131 0.2082745 0.4776247 3.125587 0.2084091 0.1880854 3.12578 0.2125101 -0.1013273 3.118258 -0.007155888 0.0205988 3.021001 -0.129121 -0.3996735 3.086937 -0.2025912 -0.824541 3.041147 0.1722635 0.03220381 3.117133 0.208889 -0.3946951 3.005814 0.3008264 -0.7898747 2.948026 
0.0559664 0.6912605 3.031824 0.06144794 0.4714893 3.049302 0.06936245 0.2504036 3.057764 -0.08551464 0.4635482 2.979287 -0.2251002 0.1717926 2.979165 -0.1777342 0.05800632 2.724322 0.2084105 0.4794303 3.119316 0.2085183 0.1898909 3.11947 0.2122106 -0.0995459 3.112701 -0.01464608 0.02435086 3.022434 -0.1336224 -0.3980737 3.079772 -0.2058732 -0.8271771 3.030852 0.1692 0.03428488 3.11002 0.2044599 -0.3940888 3.003923 0.2993375 -0.7991675 2.93008 
0.05371399 0.694451 3.031342 0.05874194 0.4750994 3.050347 0.06647561 0.254021 3.059418 -0.09095602 0.4672313 2.986219 -0.2865361 0.2223872 3.057082 -0.2672646 0.140718 2.78901 0.2084399 0.4829674 3.114475 0.2085261 0.193428 3.114598 0.2118504 -0.09602835 3.108507 -0.01939478 0.0280228 3.028392 -0.1289117 -0.3965434 3.088695 -0.2028937 -0.8267801 3.031641 0.1678134 0.03786235 3.108588 0.2045116 -0.3907391 3.00371 0.2988461 -0.7925571 2.938645 
0.05570402 0.6953109 3.033591 0.0601273 0.4761647 3.053111 0.06819725 0.2550759 3.061758 -0.09245478 0.4683715 2.996252 -0.3397774 0.2757016 3.092529 -0.3334348 0.2204711 2.816521 0.2127094 0.4839579 3.10997 0.2127783 0.1944185 3.110068 0.215771 -0.09505365 3.104586 -0.01919298 0.02911148 3.034832 -0.119758 -0.3990187 3.083295 -0.1978488 -0.8266416 3.03179 0.1717274 0.03886285 3.105978 0.2104767 -0.3888562 2.998222 0.3039839 -0.7945629 2.938413 
0.05741349 0.6920264 3.032226 0.06108502 0.4735434 3.05246 0.06909367 0.2524388 3.060836 -0.09281084 0.4659369 2.998814 -0.3448924 0.3298523 3.072769 -0.3818704 0.3131112 2.809724 0.2149809 0.4811499 3.106106 0.2150359 0.1916104 3.106185 0.2177301 -0.09787451 3.101252 -0.01908305 0.02658005 3.035683 -0.1180819 -0.4025636 3.0797 -0.1979381 -0.8283916 3.027017 0.1732877 0.03608819 3.102741 0.2095891 -0.3929689 2.999598 0.3016388 -0.7985591 2.937299 
0.05995263 0.6911376 3.031709 0.06238871 0.4721901 3.051534 0.07002565 0.2510045 3.057845 -0.09121455 0.4653176 2.996545 -0.3304669 0.3869653 2.952447 -0.4268066 0.5099073 2.744478 0.215992 0.4790626 3.106524 0.216027 0.189523 3.106574 0.2182103 -0.09998065 3.102578 -0.01839897 0.025521 3.029766 -0.1179938 -0.4035463 3.074576 -0.1956998 -0.8292127 3.022398 0.1737241 0.03411691 3.098545 0.2133267 -0.3955235 2.999004 0.3011204 -0.8016838 2.940526 
0.06375422 0.6898172 3.043254 0.06218833 0.4714468 3.055337 0.06623028 0.2501672 3.05645 -0.09046142 0.4683677 2.997527 -0.3301709 0.443461 2.882665 -0.4056104 0.6317074 2.709752 0.2148381 0.4745257 3.113148 0.214866 0.1849862 3.113188 0.2168314 -0.1045243 3.109592 -0.02523525 0.0269612 3.021392 -0.1243861 -0.4014513 3.072842 -0.2045714 -0.8284141 3.017143 0.1657797 0.03081404 3.093732 0.202299 -0.3989158 2.993386 0.292662 -0.7996535 2.938363 
