0.05205985 0.6934322 3.030041 0.04857055 0.4738937 3.042076 0.04907021 0.2525808 3.045259 -0.107072 0.4728319 2.992688 -0.3737758 0.4848889 2.86185 -0.4787035 0.7112564 2.740814 0.2042131 0.4749554 3.091465 0.2104676 0.1856749 3.101988 0.2075198 -0.09383475 3.026498 -0.04781253 0.03060351 3.01754 -0.1335011 -0.4003299 3.071902 -0.2030453 -0.8268896 3.017323 0.1469523 0.03193216 3.079343 0.1942666 -0.3992611 2.990649 0.2946101 -0.7992291 2.939915 
0.05143467 0.6963754 3.04293 0.04883448 0.4783184 3.04575 0.04866577 0.2570944 3.041816 -0.1040242 0.4794471 2.988827 -0.3327005 0.5288268 2.824881 -0.387162 0.7825569 2.720513 0.2016932 0.4771897 3.102673 0.2066837 0.187816 3.1111 0.2044646 -0.09358817 3.042985 -0.04722409 0.03657725 3.002237 -0.1250567 -0.3944952 3.06566 -0.1964851 -0.8210461 3.010405 0.1442182 0.03516368 3.073528 0.2027448 -0.3965841 2.996222 0.2994715 -0.793259 2.939265 
0.04747662 0.6961097 3.038363 0.04542005 0.4774584 3.044376 0.04422044 0.2561549 3.043755 -0.1048837 0.4784509 2.981068 -0.2714183 0.5664666 2.781919 -0.2591626 0.8336949 2.707115 0.1957238 0.4764659 3.107685 0.1997079 0.1870325 3.114433 0.198063 -0.09591012 3.053001 -0.05101109 0.0354724 3.003526 -0.1319225 -0.3937086 3.075436 -0.1995838 -0.8266876 3.0251 0.1370527 0.03423057 3.08274 0.193986 -0.3994022 3.015122 0.2953463 -0.8016057 2.948818 
0.04979204 0.6953648 3.046592 0.04894917 0.4777073 3.048458 0.04765609 0.2563759 3.045831 -0.09754313 0.4794107 2.977041 -0.1901544 0.5851961 2.74696 -0.1148854 0.8452236 2.679466 0.1954415 0.4760038 3.119875 0.1986233 0.1865322 3.125277 0.1974291 -0.097659 3.069897 -0.04533583 0.03611087 2.998499 -0.129484 -0.3927064 3.069402 -0.190114 -0.826119 3.021916 0.1380619 0.03397824 3.087908 0.204165 -0.3982103 3.019145 0.3012942 -0.7986214 2.945981 
0.04851111 0.6836139 3.03984 0.05234795 0.466579 3.047469 0.05537689 0.2453101 3.049643 -0.09108949 0.4638517 2.969746 -0.07832299 0.5765433 2.710814 0.08828106 0.7958701 2.673148 0.1957854 0.4693062 3.125193 0.1978168 0.1797945 3.128653 0.1972466 -0.1062314 3.083688 -0.031307 0.02233557 3.003205 -0.1313355 -0.4057529 3.05304 -0.1820017 -0.8305305 3.032739 0.1481186 0.02574707 3.10043 0.2136146 -0.4057538 3.026251 0.3184403 -0.8100193 2.927058 
0.04576611 0.6895207 3.03738 0.05172613 0.4724119 3.046832 0.05647937 0.2511548 3.050741 -0.08802294 0.4679263 2.962867 -0.02170078 0.5412823 2.706443 0.1836997 0.7293103 2.676491 0.1914752 0.4768976 3.130797 0.193099 0.1873759 3.133566 0.1927383 -0.09931619 3.093062 -0.02622177 0.02709053 3.002105 -0.1430622 -0.3954048 3.060278 -0.1902414 -0.8239735 3.029975 0.148687 0.03270476 3.107195 0.2002702 -0.3987975 3.024063 0.301609 -0.7898291 2.939291 
0.04496715 0.6877936 3.03415 0.05895479 0.4740871 3.048025 0.07191084 0.2534028 3.058411 -0.06945157 0.4618785 2.948791 0.04893552 0.470075 2.715799 0.3000448 0.5848995 2.659039 0.1873612 0.4862958 3.147259 0.188399 0.1967636 3.149032 0.1883185 -0.09090637 3.116183 0.004418965 0.02506961 3.006625 -0.1329774 -0.3917897 3.061546 -0.1836346 -0.828457 3.025394 0.1653148 0.04036735 3.130968 0.1947284 -0.3863364 3.020113 0.3055873 -0.7896858 2.955328 
0.04519681 0.6849068 3.032522 0.06111046 0.4709036 3.046799 0.07567229 0.2503593 3.058773 -0.06252414 0.4570334 2.941687 0.07292227 0.4150431 2.732443 0.3287273 0.4753999 2.646343 0.1847451 0.4847737 3.151911 0.1855751 0.1952389 3.153329 0.1855838 -0.09278589 3.123753 0.01295795 0.02114571 3.005048 -0.1403384 -0.3907522 3.054127 -0.1871151 -0.830398 3.028524 0.1675103 0.03848441 3.136446 0.1904625 -0.3854243 3.013038 0.3037249 -0.7989738 2.950448 
0.04668103 0.6843399 3.030616 0.0615895 0.4690373 3.04223 0.07662521 0.2484223 3.05269 -0.06292431 0.4555964 2.937723 0.07744759 0.3530275 2.75824 0.3297037 0.3581918 2.652972 0.1861033 0.4824782 3.146738 0.1867671 0.1929417 3.147873 0.1868407 -0.09537072 3.121245 0.01389075 0.01941226 2.997875 -0.1476236 -0.3888946 3.051953 -0.1942371 -0.8294529 3.028446 0.1694311 0.03620236 3.128424 0.188246 -0.3868912 3.000464 0.3041043 -0.7988435 2.932821 
0.0462731 0.6910927 3.031328 0.058233 0.4717367 3.041266 0.07138875 0.2509748 3.051385 -0.06779704 0.4595052 2.93827 0.06222314 0.2895134 2.77514 0.3035858 0.2381717 2.653399 0.1842631 0.4839681 3.144261 0.1847939 0.1944305 3.14517 0.1849135 -0.09411477 3.121198 0.005761098 0.02256691 2.99712 -0.1549265 -0.3855112 3.056552 -0.2006221 -0.8226906 3.034117 0.1633279 0.0378591 3.125888 0.1832491 -0.3880777 3.007596 0.298914 -0.8016365 2.930798 
0.03847514 0.6872618 3.012706 0.04887868 0.4690123 3.032816 0.06190503 0.2485207 3.047839 -0.08464196 0.4548102 2.940144 0.02462883 0.2083415 2.797033 0.23023 0.0877751 2.650951 0.1823993 0.4832145 3.125489 0.1827389 0.1936759 3.12607 0.1829099 -0.09521112 3.106645 -0.008583779 0.01914578 3.004896 -0.1484712 -0.3957322 3.069384 -0.2013668 -0.8249314 3.03446 0.1584465 0.03691226 3.120826 0.1891263 -0.3888155 3.003445 0.303734 -0.7980604 2.938488 
0.03812611 0.6885027 3.022308 0.04700598 0.4675981 3.038341 0.05935206 0.2468186 3.047863 -0.09195792 0.4561918 2.954054 -0.02134383 0.1687565 2.807014 0.1446654 0.0278165 2.628475 0.1859699 0.4790043 3.122628 0.1862416 0.1894654 3.123093 0.186424 -0.09954547 3.105608 -0.015346 0.01889447 3.00459 -0.1459829 -0.3988376 3.07025 -0.2020216 -0.8237624 3.030415 0.1587423 0.03318381 3.110181 0.1997973 -0.3933317 2.999383 0.3024858 -0.8021175 2.932026 
0.03316197 0.6898573 3.027022 0.04442034 0.4694297 3.042743 0.05875859 0.2486904 3.050961 -0.09912451 0.4572769 2.966758 -0.09571203 0.1519185 2.816442 0.02130517 -0.001252533 2.602069 0.1879652 0.4815824 3.118729 0.1881827 0.1920433 3.119101 0.18837 -0.09706796 3.103363 -0.01672622 0.02034659 3.01163 -0.1417385 -0.3994209 3.075776 -0.1949564 -0.8222454 3.043281 0.1629199 0.03555569 3.106726 0.2080335 -0.3927291 3.00461 0.3045558 -0.7913629 2.938945 
0.03083616 0.6954363 3.030139 0.04344665 0.4744662 3.04795 0.05825911 0.2537656 3.05727 -0.105404 0.4617131 2.982528 -0.1796567 0.1709691 2.855601 -0.1507147 0.0207601 2.603138 0.1922973 0.4872193 3.113371 0.1924367 0.19768 3.113609 0.1926206 -0.09157843 3.10086 -0.01997588 0.02509286 3.025695 -0.1441544 -0.3944472 3.093645 -0.1967499 -0.8230416 3.036814 0.166119 0.04103691 3.107486 0.2024993 -0.3890188 3.008842 0.2996056 -0.7900957 2.943195 
0.02720432 0.6959943 3.032966 0.04047938 0.475665 3.049261 0.05670744 0.2550006 3.056884 -0.1110593 0.46249 2.990484 -0.2213689 0.1955146 2.890769 -0.2608044 0.06603204 2.636038 0.1920181 0.48884 3.108038 0.1921297 0.1993006 3.108228 0.1923077 -0.09001117 3.096753 -0.02186852 0.02609373 3.027735 -0.137609 -0.3971644 3.08554 -0.1971439 -0.8280782 3.030247 0.1677395 0.04257854 3.101278 0.2030892 -0.3867742 2.999099 0.3005798 -0.7881811 2.940579 
0.02807519 0.6968377 3.033411 0.04176379 0.4764936 3.049851 0.05830421 0.2558281 3.057034 -0.1105381 0.4632174 2.992711 -0.2711924 0.2232582 2.905395 -0.4013319 0.1321814 2.688167 0.1940657 0.4897698 3.106991 0.194155 0.2002303 3.107144 0.1943254 -0.08912469 3.096815 -0.02034435 0.02686507 3.028505 -0.1338619 -0.3973475 3.084521 -0.1941083 -0.8272465 3.029882 0.1700336 0.04346034 3.09993 0.2052061 -0.3880123 3.007407 0.3028571 -0.7939931 2.940094 
0.02971532 0.6985012 3.036988 0.04083556 0.4781165 3.05094 0.05407999 0.2572443 3.055799 -0.1120146 0.4677061 2.994364 -0.3245505 0.2570727 2.92984 -0.5269401 0.2494507 2.74523 0.1936857 0.4885269 3.107515 0.1937427 0.1989874 3.107613 0.1938946 -0.09043109 3.099247 -0.02826106 0.02986191 3.02528 -0.1351292 -0.3952255 3.087761 -0.2009184 -0.8293171 3.033015 0.1629099 0.04288229 3.096039 0.1981196 -0.3913925 3.019259 0.2951137 -0.7974957 2.943557 
0.03322168 0.6963141 3.034411 0.0431514 0.476017 3.050307 0.05552716 0.2550767 3.056131 -0.1084621 0.465947 2.990473 -0.3462823 0.2905453 2.925404 -0.5588222 0.3447826 2.768564 0.1947649 0.486087 3.110141 0.1948104 0.1965474 3.110219 0.1949523 -0.09289404 3.102689 -0.02694309 0.02783682 3.024525 -0.1300758 -0.3999409 3.070861 -0.195477 -0.8291437 3.030397 0.1627489 0.04043594 3.099387 0.2019578 -0.3920382 3.014233 0.3000109 -0.7971875 2.941648 
0.03649655 0.693481 3.035245 0.04489827 0.4743184 3.051187 0.05736701 0.2533433 3.056877 -0.1082691 0.4642392 2.995398 -0.3745761 0.3506362 2.907366 -0.566006 0.5036664 2.780445 0.1980657 0.4843976 3.106976 0.1980945 0.194858 3.107026 0.1982169 -0.09461716 3.100927 -0.0259782 0.02606329 3.027668 -0.1240735 -0.4035311 3.070339 -0.1946222 -0.8308694 3.03558 0.1656497 0.03867342 3.097466 0.20832 -0.3915839 3.002407 0.3006277 -0.7952365 2.939037 
