0.06923073 0.6906465 3.03387 0.06822709 0.4721009 3.045156 0.07198031 0.250754 3.047707 -0.08367641 0.4688348 2.985251 -0.3421916 0.4420974 2.854486 -0.4525449 0.6107752 2.671664 0.2201306 0.4753669 3.105062 0.2201298 0.1858273 3.105062 0.2202879 -0.1037118 3.104775 -0.01926754 0.02736455 3.012793 -0.1158048 -0.3999468 3.076781 -0.1984737 -0.8294718 3.032508 0.1707346 0.03144972 3.087722 0.2127312 -0.4013057 3.004335 0.2997083 -0.7973474 2.946728 
0.07124538 0.6923634 3.044845 0.06959349 0.4742678 3.049783 0.07132369 0.2529259 3.048179 -0.08128404 0.4735411 2.987313 -0.3165493 0.4875327 2.827213 -0.3669192 0.7044422 2.671667 0.220471 0.4749946 3.112254 0.2204703 0.185455 3.112254 0.220613 -0.1040841 3.111996 -0.02133646 0.0311293 3.007493 -0.1163548 -0.3967318 3.070374 -0.1995772 -0.8247731 3.024972 0.1674442 0.03203867 3.085657 0.2106683 -0.4020747 3.010486 0.2970195 -0.7969674 2.936595 
0.07537632 0.6912791 3.050355 0.07388033 0.4735401 3.053396 0.075953 0.2521775 3.051287 -0.07231206 0.4728576 2.981346 -0.2752575 0.5222515 2.795618 -0.2616765 0.7642156 2.66938 0.2200727 0.4742226 3.125446 0.220072 0.184683 3.125446 0.2202008 -0.1048562 3.125213 -0.01359945 0.03038728 3.004021 -0.1080475 -0.3976818 3.066525 -0.1905713 -0.8290212 3.025654 0.1696508 0.03124278 3.094335 0.2143427 -0.4030425 3.020658 0.3018399 -0.7975637 2.94404 
0.07709304 0.6887236 3.042212 0.07401968 0.4719171 3.05034 0.07478685 0.2505628 3.051789 -0.06860087 0.4709037 2.971036 -0.191565 0.5515676 2.733883 -0.09764335 0.80687 2.66237 0.2166402 0.4729306 3.129645 0.2166395 0.183391 3.129645 0.2167446 -0.1061482 3.129456 -0.01356925 0.02857507 3.003681 -0.1208288 -0.3951054 3.074224 -0.1986235 -0.8284012 3.031157 0.1646773 0.02984167 3.102795 0.2039356 -0.4026272 3.016559 0.3001832 -0.7986919 2.939923 
0.08318553 0.6855513 3.046969 0.0785571 0.4685841 3.053061 0.07612973 0.2472501 3.052058 -0.06088705 0.4704968 2.96842 -0.1227312 0.5517759 2.71738 0.007780456 0.7958604 2.652485 0.2180012 0.4666713 3.137702 0.2180005 0.1771317 3.137702 0.2180955 -0.1124075 3.137532 -0.01355403 0.02711304 2.998091 -0.1243777 -0.397209 3.057935 -0.1978036 -0.8253692 3.02361 0.1609588 0.02471924 3.104018 0.19785 -0.4052057 3.005566 0.2970171 -0.7972193 2.943109 
0.08025293 0.6889868 3.051439 0.0787591 0.4713113 3.055656 0.07812648 0.2499419 3.054467 -0.05673073 0.4721858 2.964893 -0.0458651 0.5323693 2.693234 0.127677 0.7541502 2.650786 0.2142489 0.470437 3.146419 0.2142482 0.1808974 3.146419 0.214334 -0.1086419 3.146266 -0.007284822 0.02911964 2.996487 -0.1209578 -0.3949264 3.053499 -0.191263 -0.8214508 3.034009 0.1622726 0.02802534 3.110071 0.2047673 -0.4029951 3.018844 0.3047062 -0.7922373 2.946599 
0.07953355 0.6864583 3.03602 0.08352731 0.4688759 3.049665 0.08804315 0.2477963 3.058409 -0.04601961 0.4623183 2.950768 0.02969605 0.4643867 2.684823 0.2563429 0.6369196 2.645295 0.2130742 0.4754334 3.148562 0.2130735 0.1858939 3.148562 0.2131438 -0.1036454 3.148438 0.01155983 0.02261667 3.005317 -0.1232729 -0.3966174 3.043866 -0.1927065 -0.8254275 3.031708 0.1735581 0.03081689 3.128988 0.1987985 -0.3955764 3.013922 0.3010599 -0.7929752 2.949427 
0.07971407 0.686367 3.033945 0.0835615 0.4706005 3.046334 0.0887702 0.2494753 3.054938 -0.03857512 0.463542 2.938859 0.06084868 0.41018 2.702942 0.3046113 0.5355945 2.634834 0.2056981 0.477659 3.153809 0.2056973 0.1881195 3.153809 0.2057611 -0.1014197 3.153698 0.01745234 0.02392747 2.9962 -0.1224304 -0.3932881 3.041455 -0.1901499 -0.8264679 3.026308 0.1705055 0.03277272 3.130881 0.1979673 -0.3945896 3.019161 0.301174 -0.7970133 2.941524 
0.08091246 0.6854912 3.032777 0.0856389 0.4696575 3.042858 0.09042935 0.2485107 3.051867 -0.0323667 0.4625307 2.930663 0.08241276 0.3490974 2.732467 0.332334 0.4295607 2.633434 0.2036445 0.4767843 3.155053 0.2036438 0.1872448 3.155053 0.2037015 -0.1022945 3.154953 0.0214675 0.02290978 2.990755 -0.1247833 -0.3898816 3.052234 -0.1931571 -0.8289244 3.031121 0.1689721 0.03181813 3.130996 0.1989406 -0.3949378 3.017179 0.3012227 -0.7954228 2.938528 
0.08064163 0.6859145 3.032058 0.08684316 0.4694519 3.040294 0.09249185 0.2483128 3.049316 -0.02883456 0.4618141 2.925515 0.09320629 0.3035436 2.751241 0.3410313 0.3396581 2.627917 0.2025209 0.4770896 3.155073 0.2025201 0.1875501 3.155073 0.2025726 -0.1019892 3.154983 0.02584881 0.02240053 2.986609 -0.1235272 -0.3896894 3.047335 -0.1905731 -0.826949 3.031264 0.1704323 0.03194679 3.130069 0.2018518 -0.3941086 3.013816 0.3042213 -0.7936173 2.938668 
0.08041523 0.6863358 3.031176 0.08616193 0.4690129 3.040552 0.09255971 0.2478881 3.049595 -0.03111034 0.4609875 2.927287 0.08209243 0.2502718 2.773123 0.3176185 0.2155959 2.638519 0.2034342 0.4770383 3.153817 0.2034334 0.1874987 3.153817 0.2034811 -0.1020405 3.153736 0.02564491 0.02174625 2.987831 -0.1257917 -0.3876473 3.060415 -0.195142 -0.8248745 3.034455 0.1722701 0.03178037 3.129447 0.2027785 -0.3948142 3.014807 0.3066829 -0.7990387 2.93463 
0.07985549 0.6846646 3.031017 0.08007202 0.4655995 3.036694 0.08186339 0.2442793 3.041467 -0.04612185 0.4623506 2.933415 0.03821925 0.1818167 2.783601 0.2351286 0.05995185 2.625067 0.2062659 0.4688484 3.139974 0.2062651 0.1793088 3.139974 0.2063047 -0.1102304 3.139908 0.004696957 0.02092624 2.98162 -0.1313479 -0.3926479 3.060575 -0.2032526 -0.8270499 3.031406 0.1626125 0.02499179 3.110861 0.1994407 -0.4047952 3.011789 0.3005622 -0.7980362 2.930246 
0.07707591 0.6859996 3.030932 0.07661629 0.4665433 3.035784 0.07884184 0.245189 3.037338 -0.0532232 0.4645449 2.937055 0.009556892 0.1594434 2.807289 0.1864059 0.01171584 2.629351 0.2064558 0.4685417 3.134513 0.206455 0.1790022 3.134513 0.2064912 -0.110537 3.134454 -0.0001392524 0.02258481 2.977142 -0.1246216 -0.3937676 3.060416 -0.1990514 -0.8247463 3.027457 0.162274 0.02508459 3.10064 0.2054344 -0.4043338 3.002215 0.3041018 -0.7926396 2.93389 
0.07758974 0.6827081 3.012435 0.07430531 0.4634652 3.030344 0.07300153 0.2423336 3.03994 -0.06580771 0.4606877 2.947306 -0.0966891 0.1457368 2.839372 -0.03469025 -0.03879688 2.622494 0.2144183 0.4662428 3.113381 0.2144176 0.1767032 3.113381 0.2144479 -0.112836 3.113333 -0.01599637 0.01946353 2.997565 -0.1240119 -0.4009632 3.083366 -0.2033687 -0.8277439 3.035834 0.1593919 0.02294034 3.101508 0.2121731 -0.4049168 3.001546 0.3019351 -0.79749 2.941249 
0.07762235 0.6854894 3.026232 0.07513563 0.4662642 3.038183 0.07470585 0.2449434 3.043182 -0.07108383 0.4649183 2.966029 -0.1829806 0.1877271 2.962573 -0.1761181 0.0405441 2.71714 0.2213551 0.4676101 3.110337 0.2213544 0.1780705 3.110337 0.2213799 -0.1114687 3.110298 -0.01716936 0.02278091 3.003057 -0.1155802 -0.402881 3.073889 -0.1975769 -0.8237745 3.028207 0.1657215 0.02446442 3.093306 0.2189017 -0.4022782 2.988208 0.306487 -0.7921612 2.942709 
0.07914712 0.6839294 3.019452 0.07728674 0.4661885 3.036189 0.07700136 0.2449576 3.043459 -0.07092576 0.4641304 2.967751 -0.2334655 0.2411591 2.942146 -0.3092836 0.1140928 2.7 0.2254992 0.4682466 3.104626 0.2254985 0.178707 3.104626 0.2255201 -0.1108322 3.104595 -0.01596172 0.02243973 3.007936 -0.1167485 -0.4016144 3.085307 -0.1989129 -0.828437 3.033019 0.1693937 0.02501358 3.093524 0.2167425 -0.4063766 3.006351 0.3032673 -0.7950407 2.947553 
0.07978644 0.6877145 3.025149 0.07799646 0.4696653 3.038016 0.07926891 0.2483595 3.042862 -0.07105056 0.467348 2.971327 -0.2667545 0.2690907 2.929577 -0.4069545 0.1952741 2.699976 0.2270434 0.4719827 3.104706 0.2270427 0.1824431 3.104706 0.2270627 -0.1070961 3.104677 -0.01266913 0.02560448 3.006002 -0.1135684 -0.3999614 3.074249 -0.1942895 -0.8257941 3.0248 0.1737519 0.02850292 3.089414 0.2190543 -0.4023751 2.998372 0.3081088 -0.7921687 2.937834 
0.08387616 0.6896001 3.016011 0.07932812 0.4710939 3.035259 0.07919955 0.2499381 3.044341 -0.0709004 0.4685536 2.971272 -0.3018373 0.3085154 2.921297 -0.477796 0.3070834 2.70582 0.2295566 0.4736343 3.099247 0.2295559 0.1840947 3.099247 0.2295744 -0.1054445 3.099221 -0.01489861 0.0271933 3.013398 -0.117188 -0.3975505 3.085056 -0.1999975 -0.8278828 3.037771 0.1730406 0.03037134 3.093448 0.2116171 -0.4008262 3.000829 0.3011788 -0.7914674 2.949001 
0.08728185 0.6891808 3.009878 0.08080675 0.4713248 3.032801 0.08065241 0.2502021 3.043705 -0.07041917 0.4683892 2.971128 -0.3367087 0.3803729 2.906578 -0.5120242 0.4918802 2.705264 0.2320327 0.4742605 3.094474 0.2320319 0.1847209 3.094474 0.2320479 -0.1048183 3.094454 -0.0140891 0.0272432 3.016034 -0.1156711 -0.3998653 3.073028 -0.1994493 -0.8287409 3.028286 0.1750852 0.03091553 3.093183 0.2115015 -0.401255 3.004491 0.3004489 -0.78923 2.941041 
