0.009177026 0.6929108 2.81365 0.01264296 0.4745255 2.831527 0.02123205 0.2506835 2.843535 -0.1419594 0.4658547 2.780477 -0.3686063 0.4324543 2.573498 -0.5161977 0.609827 2.396027 0.1672453 0.4831963 2.882577 0.2419714 0.1578931 2.904448 0.2744944 -0.05997021 2.658903 -0.06832358 0.02133722 2.823135 -0.1890583 -0.4083307 2.777706 -0.2490214 -0.8033234 2.747132 0.1279659 0.03234604 2.88795 0.1700476 -0.3986316 2.770191 0.2147553 -0.7844811 2.773983 
0.00889158 0.6947244 2.818489 0.01560897 0.4763187 2.833376 0.02698924 0.2525105 2.843945 -0.1358072 0.4658339 2.77439 -0.3312682 0.4731889 2.538334 -0.4394833 0.6975822 2.396265 0.1670252 0.4868034 2.892363 0.2435235 0.1619953 2.909287 0.2772472 -0.06091338 2.671728 -0.05790478 0.02203597 2.817009 -0.1811806 -0.406761 2.769363 -0.2378761 -0.7929145 2.735491 0.1346438 0.03536893 2.892019 0.1809954 -0.3930196 2.766865 0.2223925 -0.7776365 2.770022 
0.007662175 0.6942517 2.820873 0.01696032 0.4755545 2.834243 0.03028836 0.2518011 2.844131 -0.1319533 0.463819 2.769404 -0.2706238 0.5165786 2.509214 -0.3286606 0.7704815 2.3904 0.165874 0.48729 2.899081 0.2367771 0.1610186 2.917673 0.2777731 -0.06718007 2.684035 -0.05094584 0.02059543 2.812846 -0.1873265 -0.4046801 2.7716 -0.2413629 -0.7947893 2.737525 0.1381786 0.03549989 2.895192 0.1776251 -0.3928546 2.767578 0.2184937 -0.7796671 2.766121 
0.009782165 0.6894134 2.812522 0.0198999 0.471628 2.832343 0.03310501 0.2481355 2.846727 -0.1265085 0.4584653 2.762237 -0.2228931 0.5348398 2.489594 -0.2293495 0.8005175 2.381443 0.1663083 0.4847907 2.902448 0.2368077 0.1614504 2.925344 0.2802592 -0.0571266 2.685058 -0.04665143 0.01628548 2.816598 -0.1849488 -0.4079235 2.769865 -0.2438188 -0.7984943 2.745588 0.1392717 0.03300069 2.905624 0.1757451 -0.3938863 2.772296 0.2159992 -0.7783934 2.776837 
0.04272809 0.6869346 2.82144 0.04014865 0.4707015 2.838871 0.03963139 0.246986 2.853154 -0.09918028 0.4656702 2.755022 -0.1060343 0.5190451 2.464698 -0.007487808 0.7628887 2.349977 0.1794776 0.4757328 2.922719 0.2279191 0.1600022 2.936599 0.2900948 -0.05821388 2.701621 -0.04920984 0.02008115 2.814284 -0.1863819 -0.4031846 2.759451 -0.247078 -0.8057871 2.734469 0.1274381 0.02646011 2.920591 0.175545 -0.3866418 2.768447 0.2128524 -0.7930059 2.756509 
0.02882454 0.6784585 2.819578 0.05742632 0.4339626 2.853255 0.05140295 0.2098532 2.85539 -0.07648231 0.4366796 2.760699 -0.03911646 0.4749544 2.455076 0.1391361 0.6624395 2.328288 0.191335 0.4312456 2.945811 0.2403398 0.1545559 2.956597 0.2954271 -0.05699342 2.719794 -0.03963657 -0.01253122 2.798764 -0.190774 -0.4325353 2.754913 -0.2421275 -0.8088099 2.738158 0.1303957 -0.01598114 2.916288 0.1815988 -0.4375897 2.776348 0.21547 -0.8036819 2.759629 
0.01873441 0.6838171 2.82172 0.04317632 0.4534469 2.845153 0.05151751 0.2301535 2.85555 -0.08573779 0.4440589 2.746956 -0.02328743 0.4434688 2.453924 0.1788444 0.5844594 2.314101 0.1720904 0.4628349 2.94335 0.2420018 0.152306 2.953095 0.2980231 -0.05649129 2.732457 -0.02427951 0.0007327881 2.801857 -0.1873359 -0.4180534 2.762403 -0.2329481 -0.781153 2.750783 0.1439969 0.0129873 2.930037 0.1919189 -0.4255668 2.782406 0.2230377 -0.7644765 2.77148 
0.01377426 0.6813486 2.811628 0.03122466 0.4582644 2.834078 0.0433645 0.235443 2.852211 -0.08696473 0.4429136 2.72457 0.001474815 0.3953674 2.454623 0.2218824 0.478223 2.300975 0.1494141 0.4736153 2.943586 0.2446267 0.1510164 2.965743 0.2990741 -0.05669034 2.748588 -0.02086241 0.002702759 2.799587 -0.1989066 -0.4077692 2.755138 -0.2473405 -0.7939254 2.739022 0.1318711 0.02254034 2.941101 0.16982 -0.4070228 2.790193 0.2030946 -0.7770023 2.7768 
0.01238679 0.6808773 2.80644 0.02776812 0.4604734 2.828933 0.04180024 0.237948 2.851422 -0.08673741 0.4417758 2.715369 0.02015487 0.3337189 2.448849 0.2407785 0.3619173 2.271155 0.1422736 0.4791712 2.942499 0.2282494 0.1544735 2.965406 0.3017088 -0.0586908 2.760122 -0.01723376 0.003491623 2.801445 -0.1978767 -0.405278 2.756007 -0.2450509 -0.7916592 2.745465 0.1288985 0.02735362 2.946377 0.17508 -0.3929216 2.78495 0.2121941 -0.7759603 2.772327 
0.007727118 0.6791291 2.802289 0.02372853 0.459793 2.82558 0.03975829 0.2375691 2.850828 -0.0914062 0.4386484 2.712573 0.008588241 0.2728644 2.457418 0.2241146 0.253273 2.265795 0.1388633 0.4809376 2.938586 0.2183675 0.1759539 2.969066 0.2934454 -0.0561665 2.787631 -0.01746565 0.001891998 2.804177 -0.2046242 -0.4033497 2.756194 -0.2476999 -0.7947739 2.741758 0.1290417 0.02879822 2.947977 0.1756539 -0.3861944 2.778717 0.2170013 -0.7799925 2.770328 
0.008339693 0.6807411 2.800231 0.02310805 0.4610292 2.824674 0.039033 0.2388547 2.851169 -0.09441517 0.4394076 2.714006 -0.01968873 0.2294271 2.476707 0.1660877 0.1500316 2.273236 0.1406313 0.4826508 2.935341 0.2193436 0.1637618 2.97825 0.2965862 -0.0575228 2.783656 -0.01975442 0.002934814 2.807312 -0.2088213 -0.4016941 2.762486 -0.2499937 -0.7910385 2.739684 0.1296703 0.0304256 2.948019 0.174255 -0.3822875 2.775114 0.2160119 -0.7755973 2.770875 
0.01054326 0.6797248 2.800211 0.02400739 0.4612107 2.824508 0.0396868 0.2388374 2.849825 -0.09841635 0.4405853 2.719162 -0.06886748 0.195223 2.492853 0.07619567 0.07021099 2.282056 0.1464311 0.4818362 2.929855 0.2206419 0.146869 2.968637 0.294681 -0.07725269 2.772033 -0.02248018 0.003348862 2.808154 -0.2080361 -0.4018461 2.755516 -0.2506001 -0.7886345 2.740605 0.1332126 0.02957936 2.942129 0.1782196 -0.3820008 2.767776 0.2182306 -0.7814535 2.765036 
0.0103671 0.6822199 2.800695 0.02279944 0.4632671 2.82466 0.03848711 0.2407911 2.849272 -0.1040827 0.443253 2.724618 -0.1294454 0.1666184 2.50992 -0.03826876 0.01074979 2.285828 0.1496816 0.4832813 2.924702 0.2238932 0.1655694 2.971087 0.2785651 -0.07072069 2.78196 -0.0264441 0.005598328 2.810319 -0.2086619 -0.401504 2.760815 -0.2519357 -0.7937769 2.742485 0.1347936 0.03103168 2.937449 0.1757668 -0.3811832 2.764209 0.2150128 -0.7753469 2.763332 
0.007348316 0.6821973 2.790402 0.02019041 0.4655192 2.820157 0.03683768 0.2434887 2.847868 -0.1131832 0.4442329 2.729729 -0.1910998 0.1832639 2.594413 -0.1508842 0.03243108 2.364987 0.153564 0.4868055 2.910584 0.2260534 0.1742163 2.960131 0.2675748 -0.06672385 2.772219 -0.03137486 0.007914658 2.818045 -0.2110857 -0.4005672 2.770659 -0.2548928 -0.7931892 2.746891 0.1383447 0.03500175 2.933115 0.1766927 -0.3770286 2.759112 0.2177735 -0.7749351 2.764167 
0.009346044 0.6834196 2.796867 0.01975237 0.4661849 2.821142 0.03415623 0.2433981 2.842742 -0.1192255 0.4492086 2.738721 -0.2382169 0.2127057 2.619729 -0.2614164 0.05324806 2.400565 0.1587302 0.4831612 2.903563 0.2271727 0.1827388 2.948314 0.2722217 -0.05956535 2.761837 -0.03974273 0.009825058 2.811973 -0.2119565 -0.4013601 2.760887 -0.258091 -0.7933994 2.73195 0.1368629 0.03139763 2.91671 0.171994 -0.3845148 2.751941 0.213153 -0.7835066 2.749983 
0.01164553 0.6879325 2.798061 0.02015138 0.4696084 2.820625 0.03330399 0.2464596 2.839496 -0.1235618 0.4548455 2.746218 -0.2886786 0.240384 2.634876 -0.3883227 0.09891903 2.4262 0.1638646 0.4843713 2.895031 0.2325195 0.1855463 2.940965 0.2761557 -0.05089996 2.746457 -0.0447902 0.01393742 2.811124 -0.2053629 -0.4023692 2.765243 -0.2536759 -0.7934808 2.73858 0.1377034 0.03268407 2.905609 0.1758035 -0.3886982 2.756992 0.2152985 -0.7747172 2.757525 
0.01188568 0.6862169 2.788174 0.01823975 0.4680959 2.814779 0.02972389 0.2450828 2.836651 -0.1319185 0.4543618 2.753584 -0.3598679 0.2865634 2.645478 -0.5422189 0.2125551 2.43531 0.168398 0.4818301 2.875974 0.2411658 0.1641796 2.92703 0.2853042 -0.04786726 2.692809 -0.05402967 0.01335887 2.81971 -0.1961519 -0.4088418 2.767402 -0.2519215 -0.7987859 2.744356 0.1364457 0.03078059 2.897336 0.1723685 -0.3955071 2.762201 0.2164955 -0.7847657 2.764336 
0.01311339 0.6889024 2.79294 0.01798562 0.4702512 2.815667 0.0280531 0.2468357 2.833387 -0.1348343 0.4589693 2.760246 -0.3909991 0.3434102 2.645607 -0.605859 0.351152 2.441768 0.1708056 0.481533 2.871089 0.2424955 0.1645237 2.925043 0.2858911 -0.04799137 2.677593 -0.05887945 0.01625917 2.815929 -0.1887294 -0.4105732 2.768466 -0.2510289 -0.7969905 2.73758 0.1351206 0.03058113 2.886284 0.1738184 -0.3976858 2.758371 0.2158082 -0.7753702 2.759955 
0.01570657 0.6922246 2.798868 0.019512 0.47398 2.817327 0.02851244 0.2502395 2.831697 -0.1343034 0.4643757 2.764127 -0.3972609 0.4011086 2.613395 -0.5918244 0.5142757 2.418197 0.1733273 0.4835843 2.870527 0.2503608 0.1658738 2.910763 0.2777253 -0.04800791 2.663222 -0.06015277 0.0204007 2.812287 -0.1858696 -0.4089694 2.778242 -0.2489754 -0.7928234 2.745344 0.1351785 0.03259729 2.879846 0.1742189 -0.3986865 2.762757 0.2172897 -0.7765279 2.765569 
