0.06332196 0.6919222 3.031027 0.06408801 0.4754496 3.039601 0.06860024 0.2541935 3.041595 -0.08693068 0.4718118 2.977704 -0.3225897 0.4693067 2.824636 -0.4159105 0.6918643 2.643492 0.2151067 0.4790874 3.101497 0.2151067 0.1895479 3.101498 0.2163813 -0.09996985 3.104808 -0.02137034 0.03066145 3.004865 -0.1150849 -0.3969247 3.07026 -0.201263 -0.8297485 3.020963 0.1675953 0.03521336 3.082314 0.2028853 -0.402779 3.03016 0.2997852 -0.7955532 2.937017 
0.06575771 0.6914902 3.030583 0.06713099 0.4738417 3.040713 0.07089706 0.2525509 3.043047 -0.08096357 0.470598 2.972148 -0.2763453 0.5340306 2.783418 -0.3128456 0.7944893 2.627248 0.2152255 0.4770854 3.109278 0.2152254 0.1875459 3.109278 0.2162581 -0.1019793 3.111959 -0.01800123 0.02923041 3.00248 -0.1120287 -0.3968668 3.077298 -0.1976749 -0.8254445 3.027047 0.1673275 0.03328967 3.088284 0.2062511 -0.404144 3.032291 0.3012592 -0.7972788 2.947718 
0.06639963 0.6883243 3.018153 0.06663851 0.4714704 3.035793 0.0694674 0.2503788 3.044037 -0.07888757 0.4668642 2.962196 -0.2287218 0.5665581 2.744196 -0.2222968 0.8450892 2.613186 0.2121646 0.4760767 3.109389 0.2121644 0.1865372 3.109389 0.2130938 -0.1029908 3.111802 -0.01882208 0.02640302 3.006199 -0.1159269 -0.3988872 3.081922 -0.2002568 -0.8313066 3.02619 0.1634147 0.03217126 3.098361 0.2017096 -0.4039216 3.032728 0.2977709 -0.791415 2.957367 
0.07106263 0.6846702 3.009366 0.07159212 0.4684401 3.032591 0.07424576 0.2475403 3.045664 -0.06959695 0.4619204 2.951086 -0.1409322 0.587862 2.713567 -0.06394868 0.8609069 2.597343 0.2127812 0.4749597 3.114097 0.212781 0.1854202 3.114097 0.2135336 -0.1041117 3.116051 -0.01147017 0.02255985 3.007723 -0.1087888 -0.4043968 3.073097 -0.1921353 -0.8300456 3.025766 0.165269 0.03072107 3.109751 0.2097937 -0.4035748 3.036134 0.3053906 -0.7940903 2.94775 
0.08407919 0.6697845 2.997012 0.07979788 0.4551195 3.029628 0.07816193 0.2349497 3.050536 -0.05791529 0.4478808 2.942628 -0.08155365 0.5765492 2.695721 0.04551749 0.8337481 2.599251 0.217511 0.4623581 3.116627 0.2175109 0.1728186 3.116627 0.2181882 -0.1167148 3.118387 -0.009706167 0.01024727 3.016968 -0.114765 -0.4152535 3.079473 -0.1984884 -0.8371583 3.035411 0.1627581 0.01931258 3.125921 0.2007663 -0.4140584 3.044133 0.300657 -0.8069093 2.951975 
0.07985508 0.6771627 3.013909 0.08150731 0.4621005 3.035728 0.08329917 0.2413273 3.04992 -0.05335269 0.455118 2.944135 -0.01670546 0.5472608 2.685883 0.1597215 0.7699261 2.592739 0.2163673 0.469083 3.127322 0.2163671 0.1795434 3.127322 0.2169768 -0.1099911 3.128905 0.000737834 0.01618663 3.006822 -0.1133178 -0.4071951 3.067612 -0.1885462 -0.817886 3.013999 0.1694442 0.02492152 3.121403 0.2118564 -0.4036742 3.020762 0.3089459 -0.7867057 2.936997 
0.0777017 0.6773711 2.995557 0.08400055 0.4638976 3.026715 0.09059884 0.243947 3.049564 -0.04792668 0.4500686 2.931692 0.06533529 0.4765972 2.684978 0.2935701 0.631408 2.584165 0.2159278 0.4777266 3.121738 0.2159276 0.1881871 3.121738 0.2164213 -0.1013491 3.12302 0.01464182 0.01534271 3.012951 -0.1205524 -0.399078 3.088997 -0.1917569 -0.8272895 3.029929 0.1797525 0.03265012 3.131875 0.2116826 -0.3970357 3.030519 0.3063152 -0.7875406 2.952221 
0.07549509 0.6768699 2.997708 0.08591536 0.4638917 3.026156 0.09578054 0.2440334 3.049805 -0.03139573 0.446629 2.914603 0.1118502 0.4160257 2.692491 0.3550809 0.4673166 2.55961 0.2032265 0.4811545 3.137709 0.2032263 0.191615 3.137709 0.2036264 -0.09792224 3.138748 0.03208113 0.01334984 3.003499 -0.1204975 -0.3964028 3.071787 -0.1875877 -0.8267699 3.012468 0.1792103 0.03500047 3.143407 0.1964937 -0.392406 3.029635 0.2986276 -0.7956532 2.948061 
0.07623922 0.6771257 3.002184 0.0878769 0.4641987 3.026975 0.09770238 0.244332 3.050537 -0.02324381 0.4466065 2.909152 0.1338751 0.35697 2.71271 0.3800547 0.3587323 2.566272 0.1989976 0.481791 3.144799 0.1989974 0.1922515 3.144799 0.1993577 -0.09728613 3.145734 0.03827254 0.01350105 3.000666 -0.1207303 -0.3936889 3.070182 -0.1923419 -0.8231938 3.021518 0.1767832 0.03542961 3.147532 0.1986803 -0.3902325 3.028026 0.3026738 -0.7948081 2.941063 
0.07671184 0.6806658 3.016577 0.09023767 0.4646643 3.032972 0.1025377 0.2444403 3.051309 -0.01827218 0.4485551 2.912289 0.136008 0.2899686 2.726374 0.3673073 0.2408161 2.558656 0.1987475 0.4807734 3.153656 0.1987474 0.1912339 3.153656 0.1990718 -0.09830414 3.154497 0.04716488 0.01416978 2.994381 -0.116164 -0.3910278 3.06592 -0.1880667 -0.8214192 3.02072 0.1825107 0.03426293 3.144911 0.2044377 -0.3899179 3.020086 0.3094623 -0.7912989 2.940013 
0.08178511 0.6768287 2.996981 0.08751866 0.462132 3.025326 0.09706244 0.2425412 3.051321 -0.02706639 0.4435704 2.910597 0.1028517 0.2061976 2.756855 0.3142481 0.0853908 2.585099 0.2021037 0.4806936 3.140054 0.2021035 0.1911541 3.140054 0.2023667 -0.09838443 3.140735 0.03497335 0.01134653 3.005594 -0.1335444 -0.3910986 3.080137 -0.204848 -0.8258218 3.035275 0.1782391 0.03455414 3.149039 0.1981384 -0.3893984 3.022931 0.3037936 -0.7948054 2.940459 
0.08067019 0.6733328 2.99132 0.08572867 0.4589298 3.02502 0.09525081 0.2395732 3.053043 -0.03504084 0.4398909 2.917028 0.05141789 0.1655421 2.769865 0.2248862 0.009731033 2.588703 0.2064982 0.4779688 3.133012 0.206498 0.1884293 3.133012 0.2067349 -0.1011094 3.133625 0.02921552 0.008305191 3.013504 -0.1300267 -0.3980296 3.087244 -0.2032169 -0.8276331 3.038496 0.1803304 0.03212801 3.148631 0.20339 -0.39317 3.027737 0.3106829 -0.8018013 2.929012 
0.0790146 0.6734508 2.998346 0.08307698 0.4565443 3.030161 0.09383842 0.2368741 3.054366 -0.0467853 0.4395317 2.9335 -0.02511042 0.1372786 2.791751 0.09399834 -0.04929778 2.598782 0.2129392 0.4735568 3.126822 0.2129391 0.1840173 3.126822 0.2131524 -0.1055215 3.127374 0.0232555 0.006547424 3.018023 -0.1311538 -0.4036437 3.078797 -0.2033225 -0.8255702 3.033238 0.1859442 0.02786038 3.139118 0.2068895 -0.3924243 3.002367 0.3129274 -0.7989086 2.922769 
0.08060557 0.6823853 3.00199 0.08233187 0.4615563 3.033905 0.09116708 0.2416528 3.057097 -0.05451533 0.446888 2.946959 -0.1047293 0.146592 2.81784 -0.06275167 -0.06122176 2.613856 0.2191791 0.4762245 3.12085 0.2191789 0.186685 3.12085 0.219371 -0.102854 3.121347 0.01454182 0.01258916 3.025993 -0.1322905 -0.4008472 3.084122 -0.2064238 -0.8192216 3.036201 0.1854627 0.03090965 3.134587 0.2032442 -0.3919719 3.005284 0.3045442 -0.7937273 2.932817 
0.08074389 0.6819481 3.003963 0.08242308 0.4632848 3.035662 0.09038298 0.2431397 3.057308 -0.06097917 0.4506832 2.960232 -0.1829116 0.1803227 2.866937 -0.1982886 -0.01204355 2.641445 0.2258253 0.4758864 3.111093 0.2474167 0.1446092 3.129616 0.2480995 0.06477696 3.072139 0.008657735 0.01511342 3.031778 -0.1301116 -0.4011856 3.089623 -0.2035941 -0.8230815 3.033887 0.188028 0.03087575 3.126128 0.210628 -0.3909821 2.993947 0.3050028 -0.7954075 2.931576 
0.08039411 0.6833666 3.006636 0.08278352 0.4662449 3.038142 0.09086255 0.2458787 3.057843 -0.06596239 0.454913 2.972387 -0.2654966 0.2160943 2.895473 -0.3332726 0.1055603 2.74272 0.2315294 0.4775768 3.103897 0.2719831 0.135456 3.149399 0.2833279 -0.01807155 2.981408 0.006067944 0.01843723 3.036488 -0.1189285 -0.4040574 3.078249 -0.1981654 -0.8252395 3.030439 0.1918152 0.03258801 3.1186 0.2127191 -0.3940106 3.002456 0.3015624 -0.789911 2.937692 
0.07890508 0.6893927 3.02512 0.07725492 0.4707004 3.044063 0.07930334 0.2495656 3.051228 -0.07555 0.4674387 2.987079 -0.2872282 0.2998394 2.967878 -0.4454103 0.2070289 2.789399 0.2300598 0.4739621 3.101048 0.2834 0.1402516 3.161588 0.2994995 -0.04294872 2.9513 -0.01413234 0.0263927 3.022784 -0.1270571 -0.3991963 3.067628 -0.2077034 -0.8252206 3.021437 0.1768358 0.03046899 3.094 0.1999312 -0.3979696 2.98625 0.2929411 -0.7974648 2.924928 
0.07856425 0.6907961 3.028506 0.07571276 0.471186 3.044596 0.07652164 0.2499202 3.049464 -0.07849208 0.4694479 2.991225 -0.3236392 0.3264355 2.962951 -0.509697 0.2948414 2.771712 0.2299176 0.472924 3.097967 0.2903436 0.1398416 3.160325 0.3057021 -0.04810716 2.942096 -0.01908182 0.02756772 3.020963 -0.1199129 -0.3997182 3.075764 -0.2031965 -0.8287063 3.022266 0.1737429 0.02974106 3.087701 0.2071121 -0.4006154 2.991023 0.296133 -0.7984737 2.929543 
0.07537543 0.688582 3.032327 0.06869924 0.4696087 3.043396 0.06459641 0.2482906 3.043943 -0.0887273 0.4724213 3.000551 -0.3674531 0.3903821 2.935538 -0.5579405 0.4827075 2.746301 0.2261258 0.4667961 3.086241 0.2990979 0.1499338 3.155446 0.3186439 -0.0461953 2.927309 -0.03792292 0.02873084 3.017704 -0.1227511 -0.4004294 3.084275 -0.2061496 -0.8285666 3.023559 0.1589101 0.0252142 3.071274 0.2046414 -0.4074917 2.991144 0.2952551 -0.8007301 2.934328 
