0.08443481 0.675509 2.983727 0.08156168 0.4614126 3.01928 0.08471136 0.2413998 3.043902 -0.06790198 0.4519947 2.954245 -0.3037951 0.5007235 2.791477 -0.3340597 0.7437763 2.622978 0.2310253 0.4708305 3.084316 0.2310246 0.181291 3.084316 0.2310303 -0.1082483 3.084315 -0.005624976 0.01549626 3.027846 -0.1198395 -0.4089461 3.08095 -0.1968581 -0.8326074 3.029571 0.1813471 0.0272776 3.109202 0.2070492 -0.39939 2.993737 0.298077 -0.7962334 2.945157 
0.08829016 0.6741633 2.985325 0.08471602 0.4604083 3.020871 0.08686741 0.2404574 3.046133 -0.06271661 0.4509744 2.951288 -0.2416911 0.5479311 2.747361 -0.2016378 0.8210837 2.625705 0.2321486 0.4698422 3.090454 0.2321479 0.1803026 3.090454 0.2321536 -0.1092366 3.090453 -0.003210033 0.01460507 3.027866 -0.1157834 -0.4100205 3.083442 -0.1932043 -0.8289677 3.029733 0.1812477 0.02640811 3.114923 0.2130953 -0.3996136 2.998502 0.3031322 -0.7939226 2.945244 
0.08807955 0.6760144 2.996088 0.08615861 0.4616 3.024699 0.08797998 0.2411884 3.045019 -0.05934761 0.4536107 2.951079 -0.1782698 0.5674234 2.718167 -0.09579196 0.8402535 2.624075 0.2316648 0.4695894 3.098318 0.231664 0.1800498 3.098318 0.2316698 -0.1094894 3.098317 -0.001236531 0.01577814 3.019277 -0.1189704 -0.4085528 3.064272 -0.1949388 -0.8243362 3.019466 0.1808393 0.02577545 3.111399 0.2125629 -0.3991197 2.990908 0.2987733 -0.7890238 2.939852 
0.1022749 0.6799009 2.998815 0.09515337 0.4647668 3.027821 0.09116586 0.2444497 3.048778 -0.04507057 0.4593864 2.944578 -0.07184643 0.5791507 2.687952 0.08157711 0.8340324 2.636019 0.2353773 0.4701472 3.111064 0.2353765 0.1806076 3.111064 0.2353822 -0.1089316 3.111064 -0.0005907455 0.02076491 3.017632 -0.1260125 -0.4004186 3.070927 -0.1951108 -0.8208887 3.02873 0.1749475 0.02750029 3.121839 0.2071222 -0.3986316 3.005887 0.2959419 -0.7887011 2.950661 
0.0984574 0.6746691 2.990821 0.09202598 0.4605947 3.023749 0.08759907 0.2406979 3.048623 -0.04489445 0.4533521 2.935351 -0.01749268 0.550124 2.678952 0.1817873 0.7658601 2.639313 0.2289464 0.4678373 3.112148 0.2289456 0.1782978 3.112148 0.2289513 -0.1112415 3.112147 -0.002487001 0.01627007 3.018193 -0.1334174 -0.4028033 3.074924 -0.1984342 -0.8305234 3.025633 0.1688313 0.0253322 3.128799 0.2018704 -0.3994722 3.008349 0.2930949 -0.7952328 2.952259 
0.09111191 0.6737728 2.997913 0.09094364 0.4605502 3.025923 0.08986507 0.2404399 3.049259 -0.04103967 0.4511022 2.930705 0.01078359 0.5025109 2.724082 0.1937875 0.6294995 2.643486 0.2229269 0.4699981 3.121142 0.2229262 0.1804585 3.121142 0.2229319 -0.1090807 3.121142 0.00616743 0.01441537 3.012989 -0.1290842 -0.4042125 3.062193 -0.1870195 -0.8248365 3.025344 0.1714056 0.02624384 3.132199 0.2037761 -0.397248 3.007063 0.3012354 -0.7886511 2.948061 
0.08791289 0.6675456 2.990396 0.08993006 0.4541566 3.022037 0.09040556 0.2345172 3.049395 -0.03945825 0.4416054 2.923519 0.02284314 0.4477805 2.750546 0.2125883 0.4978469 2.649892 0.2193184 0.4667079 3.120555 0.2193176 0.1771684 3.120555 0.2193233 -0.1123708 3.120555 0.009989465 0.007030899 3.01516 -0.1359431 -0.4070432 3.070824 -0.1896121 -0.8314251 3.035328 0.1717727 0.02272465 3.138344 0.1969194 -0.399835 3.008688 0.3002187 -0.7962678 2.946915 
0.08730306 0.6673524 2.98591 0.08911994 0.4521092 3.015813 0.09073586 0.2326053 3.044605 -0.03488244 0.4374091 2.910702 0.0719514 0.3394477 2.74914 0.3027412 0.3273412 2.630151 0.2131223 0.4668092 3.120923 0.2131216 0.1772696 3.120923 0.2131273 -0.1122696 3.120923 0.01481553 0.00390976 3.007673 -0.1397374 -0.4069383 3.065093 -0.1904708 -0.8262936 3.028064 0.169888 0.02229306 3.13912 0.2020998 -0.3997425 3.009162 0.296645 -0.7921087 2.946641 
0.08712849 0.6667622 2.983898 0.08715373 0.451153 3.015401 0.08767275 0.2316623 3.044396 -0.03855921 0.4372168 2.912154 0.04897581 0.2822219 2.764585 0.2800958 0.2307586 2.649064 0.2128667 0.4650892 3.118647 0.2128659 0.1755497 3.118647 0.2128716 -0.1139896 3.118647 0.009579621 0.003456848 3.008828 -0.1442713 -0.4070791 3.070537 -0.1989717 -0.8239497 3.033564 0.1668039 0.02088632 3.137954 0.2018802 -0.4016965 3.010494 0.2956326 -0.7936354 2.942266 
0.08464436 0.6649802 2.983889 0.08177643 0.4491847 3.015549 0.0802836 0.2294081 3.042277 -0.0515082 0.4387211 2.922066 0.02571208 0.1893162 2.787424 0.2375502 0.0835879 2.630425 0.2150611 0.4596485 3.109032 0.2150603 0.1701089 3.109032 0.215066 -0.1194303 3.109031 -0.004625626 0.003082794 3.010499 -0.1456238 -0.4116274 3.074501 -0.1991334 -0.8262576 3.035159 0.1622072 0.01618024 3.127512 0.2048831 -0.4056771 2.999953 0.300771 -0.793273 2.938482 
0.08369143 0.6671349 2.987861 0.07921384 0.4504435 3.019222 0.07784908 0.2304305 3.043654 -0.06207353 0.4423347 2.938309 -0.04679875 0.1488175 2.809591 0.1271981 0.002723084 2.622111 0.2205012 0.4585524 3.100135 0.2205004 0.1690128 3.100135 0.2205061 -0.1205264 3.100134 -0.01194068 0.005342575 3.017446 -0.1409872 -0.4115502 3.09072 -0.2002922 -0.8287033 3.038256 0.1649093 0.01549251 3.118726 0.2137782 -0.409622 3.005414 0.300807 -0.7918124 2.940102 
0.0816941 0.6671274 2.984848 0.07813469 0.4514883 3.020441 0.07714713 0.2317142 3.047036 -0.06700714 0.4432233 2.946752 -0.1113412 0.1488748 2.820279 0.006800293 -0.03519795 2.625539 0.2232765 0.4597534 3.094131 0.2232758 0.1702138 3.094131 0.2232815 -0.1193254 3.09413 -0.01464818 0.006768951 3.027528 -0.1397469 -0.4138264 3.082791 -0.1968402 -0.8260974 3.041802 0.1669673 0.01711102 3.119735 0.2155817 -0.4072446 3.003244 0.3003339 -0.7880053 2.940709 
0.07537572 0.669912 2.995225 0.07531025 0.4545214 3.024169 0.07854983 0.2342637 3.045236 -0.07401743 0.4461597 2.959709 -0.1738516 0.1575797 2.847506 -0.1289143 -0.0357503 2.629352 0.2246379 0.4628831 3.088629 0.2246372 0.1733435 3.088629 0.2246429 -0.1161957 3.088629 -0.01169116 0.00877153 3.02595 -0.1330628 -0.4139729 3.074314 -0.192655 -0.823777 3.029294 0.17527 0.01924059 3.106655 0.221827 -0.4056981 2.991303 0.3088786 -0.7901607 2.93028 
0.07221115 0.6735887 3.003446 0.07210384 0.4576845 3.027704 0.07571009 0.2369402 3.043837 -0.08169401 0.4512362 2.973853 -0.2505181 0.2046833 2.892614 -0.2976954 0.02818218 2.651791 0.2259017 0.4641328 3.081555 0.2259009 0.1745932 3.081555 0.2259066 -0.114946 3.081555 -0.01684888 0.01216392 3.026298 -0.134931 -0.4108892 3.081608 -0.1991323 -0.8273317 3.028517 0.1754816 0.02022774 3.093641 0.213981 -0.4073807 2.985541 0.2987635 -0.79091 2.939996 
0.0693493 0.6795812 3.004656 0.06883228 0.4630931 3.028021 0.07218952 0.2422024 3.042337 -0.08642697 0.4575015 2.978157 -0.2817823 0.2283574 2.90881 -0.3895611 0.08902982 2.67408 0.2240915 0.4686848 3.077885 0.2240908 0.1791452 3.077885 0.2240965 -0.110394 3.077885 -0.02152161 0.01781578 3.025479 -0.1357639 -0.4050781 3.089192 -0.203979 -0.8222654 3.021577 0.1726151 0.02480757 3.087829 0.2104735 -0.403779 2.983323 0.2988897 -0.7891278 2.936758 
0.06705519 0.6806807 2.991755 0.06646051 0.4645709 3.023666 0.06922448 0.2440944 3.042982 -0.08938453 0.4583912 2.975431 -0.3088622 0.2671585 2.926897 -0.4676725 0.1715234 2.706934 0.2223056 0.4707505 3.071901 0.2223048 0.181211 3.071901 0.2223105 -0.1083282 3.071901 -0.02544335 0.01975461 3.032142 -0.130762 -0.4061221 3.090839 -0.2030203 -0.8265085 3.031864 0.1694203 0.02748148 3.092454 0.2121923 -0.4035769 3.001888 0.2986757 -0.7961907 2.949897 
0.07185985 0.6812987 2.996846 0.06786256 0.4642092 3.025316 0.06791407 0.2435005 3.041549 -0.08916078 0.4608838 2.980602 -0.3379676 0.3187968 2.944462 -0.5442274 0.30599 2.735379 0.2248859 0.4675345 3.07003 0.2248851 0.177995 3.07003 0.2248908 -0.1115443 3.07003 -0.03025119 0.02071187 3.029814 -0.1259816 -0.409303 3.072848 -0.1998833 -0.829519 3.021494 0.1661824 0.02487184 3.085751 0.2106958 -0.4043624 2.987222 0.2973558 -0.7946652 2.932005 
0.07629616 0.6824464 3.001359 0.07046174 0.4649628 3.027153 0.06860222 0.2440652 3.040966 -0.08649979 0.4634633 2.982043 -0.3459717 0.3509039 2.94523 -0.5525751 0.3952063 2.744886 0.2274233 0.4664624 3.072263 0.2274225 0.1769228 3.072263 0.2274282 -0.1126164 3.072263 -0.03142773 0.02222966 3.026565 -0.1220847 -0.4079961 3.077636 -0.1979314 -0.8290375 3.024496 0.1649131 0.02410542 3.082993 0.2126801 -0.4062973 2.991192 0.2973379 -0.7966259 2.938406 
