0.06952845 0.7030287 3.063627 0.06041123 0.4816114 3.068655 0.05636127 0.2603863 3.064445 -0.0917643 0.4855165 3.009842 -0.3447578 0.4354137 2.852121 -0.4942489 0.5766758 2.648009 0.2125867 0.4777062 3.127469 0.3078481 0.1401077 3.255728 0.3665942 -0.01159494 2.978164 -0.04289889 0.04160448 3.023437 -0.10602 -0.3928307 3.077808 -0.2218478 -0.8449699 3.012771 0.1475215 0.03671788 3.097031 0.1987544 -0.3913223 2.997043 0.3023774 -0.8083314 2.939581 
0.07489169 0.7062212 3.07273 0.06527955 0.4845377 3.071542 0.0607665 0.2634206 3.063231 -0.08381824 0.4900561 3.005681 -0.3147784 0.4756424 2.81504 -0.3987194 0.6731085 2.625866 0.2143773 0.4790192 3.137402 0.3095181 0.1396156 3.256367 0.369595 -0.01770534 2.986949 -0.0370701 0.04575763 3.013696 -0.09424821 -0.3905045 3.060546 -0.2114429 -0.8402843 3.01194 0.149577 0.03884942 3.096143 0.2092351 -0.3880403 2.99564 0.3070904 -0.8028921 2.93915 
0.07965623 0.7082306 3.078769 0.06983511 0.4866255 3.073795 0.06415647 0.2656661 3.062173 -0.07683861 0.4941281 3.002817 -0.2613274 0.5127876 2.775993 -0.2799245 0.7386935 2.604293 0.2165088 0.4791228 3.144773 0.3093148 0.1398396 3.252675 0.3732393 -0.02093028 2.985657 -0.03325513 0.049399 3.006159 -0.09594275 -0.3849233 3.063082 -0.2104647 -0.8416135 3.017783 0.1502108 0.04001436 3.094942 0.2071483 -0.3887916 3.001007 0.3036005 -0.801308 2.938356 
0.08457531 0.7034222 3.067779 0.07271177 0.4828478 3.070424 0.0638054 0.2618301 3.064822 -0.07284109 0.4905749 2.996973 -0.1897111 0.5329364 2.73647 -0.1418813 0.7662427 2.584223 0.2182647 0.4751208 3.143876 0.3016083 0.138379 3.253804 0.3728184 -0.02087105 2.982991 -0.03609194 0.04564288 3.013302 -0.09995504 -0.3878638 3.075832 -0.2164885 -0.8484051 3.030336 0.14589 0.03598187 3.105137 0.2007509 -0.3959626 3.026505 0.3000569 -0.8102456 2.950478 
0.08529283 0.6932885 3.081383 0.07805285 0.4748468 3.076441 0.07171257 0.2539445 3.065536 -0.06274645 0.4829235 2.994691 -0.129205 0.525833 2.723807 -0.01196236 0.7467035 2.601147 0.2188522 0.4667701 3.158191 0.3049608 0.1373087 3.265988 0.3774472 -0.0235094 2.994732 -0.02281383 0.03810086 3.003429 -0.08274192 -0.3965096 3.062587 -0.2009503 -0.853344 3.013781 0.1535584 0.02798357 3.105833 0.2110981 -0.4030156 3.023154 0.3138563 -0.8146293 2.936841 
0.08595354 0.700188 3.081662 0.08151819 0.478867 3.080035 0.07656549 0.2577784 3.0711 -0.053374 0.4855634 2.989105 -0.06867203 0.5024408 2.713455 0.1129563 0.6813642 2.616797 0.2164104 0.4721705 3.170966 0.3184155 0.13713 3.288032 0.3780229 -0.02448944 3.007853 -0.01286744 0.0408836 3.005217 -0.0877312 -0.3883387 3.080607 -0.2029636 -0.8426819 3.030952 0.156093 0.03249596 3.119113 0.2053363 -0.4001985 3.039948 0.3121173 -0.8022234 2.937856 
0.08502284 0.7030698 3.081327 0.0830046 0.4835189 3.081405 0.08032916 0.2622728 3.075937 -0.04439926 0.4875543 2.980474 -0.02397718 0.4632655 2.718819 0.1944682 0.5929726 2.618454 0.2104085 0.4794835 3.182337 0.3255775 0.1330197 3.298089 0.3774745 -0.02478299 3.013885 -0.002152529 0.04355441 3.007244 -0.08981141 -0.3774301 3.107476 -0.2012196 -0.8425446 3.030033 0.15746 0.03849887 3.133692 0.2033424 -0.3933745 3.048066 0.3132721 -0.8023821 2.938854 
0.08315694 0.7019125 3.081763 0.08379607 0.4854628 3.082863 0.08507374 0.2641661 3.079672 -0.03263731 0.4864174 2.970028 0.01735809 0.4126028 2.726631 0.255865 0.5042155 2.618141 0.2002295 0.4845082 3.195698 0.3376972 0.1370314 3.308705 0.3762257 -0.02409848 3.018358 0.01331732 0.04346817 3.005704 -0.08532753 -0.3804412 3.077543 -0.1934259 -0.8431645 3.030332 0.1593855 0.04227054 3.147258 0.1988375 -0.3885798 3.053818 0.3155781 -0.8044501 2.94017 
0.08307119 0.6952085 3.068803 0.08363624 0.4779958 3.073099 0.08568933 0.256679 3.074094 -0.02909418 0.476423 2.955885 0.06010119 0.3638418 2.729829 0.3138577 0.4095529 2.622572 0.1963666 0.4795687 3.190312 0.3777791 0.06847718 3.327861 0.3776089 -0.02233719 3.025227 0.01744041 0.03438123 3.001991 -0.09365149 -0.3878256 3.069566 -0.2033677 -0.8516381 3.026399 0.1580444 0.03634294 3.148186 0.1948935 -0.3902855 3.037252 0.3137729 -0.8125181 2.931672 
0.08481225 0.6912618 3.063313 0.08461614 0.4733693 3.070668 0.08695055 0.2520372 3.073518 -0.0277428 0.4706639 2.95262 0.07704942 0.306416 2.741895 0.3364938 0.3067458 2.625766 0.1969751 0.4760746 3.188715 0.2874194 0.2099152 3.258084 0.2939723 0.09238455 2.993553 0.01915676 0.02901651 3.00269 -0.09949667 -0.3921403 3.066785 -0.204143 -0.8466144 3.034066 0.1594131 0.03239362 3.150047 0.1993598 -0.3911585 3.028547 0.315687 -0.8097723 2.933399 
0.07952005 0.6880457 3.058458 0.07955288 0.4685303 3.069571 0.08260533 0.2472814 3.076575 -0.03803253 0.4633312 2.956588 0.06377801 0.2333444 2.753469 0.3237268 0.1673729 2.633185 0.1971383 0.4737294 3.182554 0.3938763 -0.01005066 3.326058 0.3785526 -0.08681948 3.029127 0.01210366 0.0227803 3.012904 -0.1105809 -0.3982348 3.072971 -0.2117829 -0.845742 3.034723 0.1592119 0.02928476 3.154254 0.2024964 -0.3898393 3.019072 0.3163659 -0.8125108 2.929867 
0.07464238 0.6881117 3.057146 0.07480898 0.4671168 3.067443 0.07813323 0.2458393 3.073851 -0.04657122 0.4621388 2.958518 0.03537879 0.1996793 2.75923 0.2662746 0.0896073 2.614699 0.1961892 0.4720947 3.176368 0.403555 -0.01185361 3.327566 0.380226 -0.07184117 3.030964 0.005536606 0.02144817 3.012128 -0.1153621 -0.3999425 3.073861 -0.2134584 -0.8416199 3.029491 0.1573783 0.0276754 3.14839 0.2027737 -0.3929136 3.018133 0.3127208 -0.8097048 2.926613 
0.07045516 0.6890722 3.058498 0.07018081 0.4677593 3.06529 0.0735206 0.2464293 3.067841 -0.05619801 0.4646649 2.962281 -0.02089341 0.1743888 2.771106 0.1600191 0.01995962 2.597119 0.1965596 0.4708536 3.168299 0.4111297 -0.01203384 3.326999 0.3809514 -0.06191473 3.022078 -0.002238739 0.02316266 3.00592 -0.1170909 -0.3993558 3.071352 -0.2152042 -0.8394236 3.021434 0.1559595 0.02703604 3.134864 0.2034232 -0.395827 3.012949 0.3133622 -0.8086915 2.914212 
0.06638298 0.6914249 3.059669 0.06664903 0.470129 3.064897 0.07005501 0.2487766 3.065141 -0.064513 0.468004 2.968099 -0.07799729 0.1622255 2.786046 0.02035384 -0.0255954 2.583649 0.1978111 0.4722539 3.161695 0.4173506 -0.01067261 3.327705 0.382174 -0.05134851 3.018858 -0.00860648 0.02609463 3.004818 -0.1153037 -0.3971922 3.078034 -0.2145336 -0.8391046 3.02717 0.1555284 0.02875378 3.125951 0.2036271 -0.398447 3.02171 0.313594 -0.8068371 2.92 
0.06413028 0.6982901 3.058251 0.06517185 0.4755271 3.064797 0.06848565 0.2541687 3.06654 -0.07020488 0.4727854 2.973997 -0.1454611 0.169592 2.808018 -0.1156799 -0.03080333 2.58632 0.2005486 0.4782688 3.155598 0.4236 -0.008131592 3.329123 0.3833139 -0.04272223 3.00543 -0.01288065 0.03109528 3.011486 -0.1105528 -0.3941917 3.085715 -0.2147978 -0.8384959 3.035301 0.1564795 0.03452524 3.12508 0.2025326 -0.3968344 3.03949 0.3145151 -0.8020252 2.929588 
0.06198821 0.7026712 3.057595 0.06116001 0.4811704 3.061711 0.06323151 0.2598104 3.060259 -0.07981746 0.4803853 2.980249 -0.1998267 0.2018433 2.848539 -0.2433427 0.003186264 2.627689 0.2021375 0.4819554 3.143173 0.4256848 -0.002776154 3.342013 0.3721746 -0.01470896 2.977505 -0.02299508 0.03795871 3.007785 -0.1088016 -0.3901509 3.079985 -0.2228948 -0.8363976 3.02062 0.1536011 0.03894211 3.109829 0.1898601 -0.3938657 3.025756 0.3043545 -0.7959688 2.924971 
0.05921696 0.7065414 3.059232 0.05728183 0.4853895 3.060669 0.05922923 0.2640993 3.055441 -0.08823453 0.4858338 2.987655 -0.248514 0.2334889 2.872256 -0.3591836 0.05786911 2.662408 0.2027982 0.4849451 3.133684 0.4257216 -0.002959137 3.342034 0.3674556 -0.0157821 2.940229 -0.02985664 0.04308702 3.004536 -0.1060691 -0.3859417 3.081869 -0.2202549 -0.8379706 3.018291 0.1522099 0.04253111 3.09589 0.1841951 -0.3944684 3.040849 0.3089384 -0.8026321 2.911203 
0.05874792 0.7085224 3.058068 0.05535495 0.4879513 3.058651 0.05625368 0.2666761 3.051934 -0.09358755 0.4893478 2.992704 -0.2982868 0.2617581 2.895143 -0.4644728 0.1291188 2.691528 0.2042975 0.4865547 3.124597 0.425821 -0.0029953 3.342055 0.3660651 -0.01587785 2.930916 -0.03596538 0.04627397 3.003989 -0.1042637 -0.3844824 3.079417 -0.2201407 -0.8393171 3.023731 0.1502702 0.04452782 3.086448 0.17999 -0.3934442 3.033102 0.3042817 -0.7986556 2.923106 
0.05892311 0.7100835 3.056937 0.05661876 0.4903518 3.057535 0.05895777 0.2690748 3.050852 -0.09449191 0.4906037 2.996306 -0.3426435 0.3018859 2.898046 -0.5399314 0.2307058 2.687101 0.2077294 0.4900999 3.118764 0.3809092 0.04599524 3.281507 0.3595841 0.001555923 2.923369 -0.03314063 0.04795528 3.005903 -0.09650844 -0.3836421 3.081286 -0.2110989 -0.8415609 3.027043 0.1557342 0.04764046 3.082434 0.185747 -0.3913826 3.036329 0.308552 -0.7982211 2.934716 
0.05904029 0.7101736 3.056367 0.05844061 0.4915242 3.055453 0.06310845 0.2703269 3.047613 -0.09425519 0.4903378 2.998009 -0.3618416 0.3419606 2.899501 -0.5676629 0.349011 2.682648 0.2111364 0.4927105 3.112897 0.2916411 0.2252537 3.189179 0.2826807 0.1490553 2.90999 -0.02767895 0.04838803 3.003862 -0.09146705 -0.3833306 3.078587 -0.2129374 -0.8441837 3.01757 0.1632315 0.04987125 3.075682 0.1866966 -0.3884013 3.01953 0.3074801 -0.7919405 2.939114 
0.06254521 0.7073517 3.05776 0.06233931 0.4883413 3.054327 0.06695134 0.2672466 3.043717 -0.09091733 0.487851 2.997921 -0.3603227 0.3883968 2.908838 -0.5394099 0.4962372 2.684898 0.2155959 0.4888317 3.110733 0.3069148 0.1535322 3.200609 0.3295591 0.05169599 2.902237 -0.02427267 0.04584517 2.997835 -0.08764388 -0.3862004 3.071301 -0.2127108 -0.8463024 3.025172 0.1673994 0.04645851 3.06838 0.1820579 -0.39253 3.013106 0.3006173 -0.7997189 2.933573 
