0.077819 0.6893989 3.031583 0.0687087 0.469532 3.042466 0.06322479 0.2482224 3.043478 -0.08843972 0.4732243 2.998354 -0.368716 0.4366989 2.915254 -0.5315536 0.5823283 2.733346 0.2258571 0.4658398 3.086577 0.3000545 0.1499584 3.153221 0.3182927 -0.04818635 2.916133 -0.0405071 0.02922112 3.016912 -0.1181699 -0.4015329 3.0826 -0.2017647 -0.8296056 3.024287 0.1559889 0.02460442 3.072068 0.2090825 -0.4083057 2.997179 0.2968619 -0.795969 2.943957 
0.07567479 0.688397 3.031219 0.06702093 0.4684944 3.041828 0.06147067 0.2471693 3.04241 -0.08882498 0.4722751 2.993363 -0.3583507 0.487345 2.881124 -0.4636154 0.6844298 2.711953 0.2228668 0.4647138 3.090292 0.296032 0.1489827 3.157613 0.3182811 -0.05129253 2.911371 -0.0415728 0.0282093 3.012674 -0.1168363 -0.4032256 3.07738 -0.2011387 -0.828055 3.020313 0.1534136 0.02347917 3.073311 0.2103726 -0.408951 2.997743 0.298283 -0.798309 2.940829 
0.07460719 0.6867868 3.031557 0.06766156 0.4683487 3.041329 0.06300464 0.2469975 3.042161 -0.08568396 0.4713659 2.985756 -0.3241814 0.5301715 2.836082 -0.3790319 0.7619633 2.683546 0.2210071 0.4653315 3.096902 0.292009 0.1499921 3.159327 0.3183354 -0.05299574 2.908942 -0.037644 0.02753502 3.008205 -0.1114381 -0.403631 3.076582 -0.1956465 -0.8281971 3.021296 0.1543394 0.02375758 3.077781 0.2143391 -0.4087034 3.004392 0.3008816 -0.7963113 2.946776 
0.07470405 0.6850705 3.031216 0.06849197 0.4667935 3.041191 0.06416324 0.2454323 3.042324 -0.08036593 0.4693666 2.975192 -0.2786036 0.5600899 2.790058 -0.268419 0.8067601 2.65058 0.2173499 0.4642204 3.10719 0.2854956 0.1569919 3.163669 0.318841 -0.05138435 2.923274 -0.03344028 0.0256835 3.002101 -0.1130306 -0.4037776 3.074461 -0.1931433 -0.8326122 3.023234 0.1531093 0.02245883 3.084812 0.2123479 -0.4092578 3.006471 0.2958201 -0.7895942 2.952687 
0.07339752 0.686605 3.030055 0.0683854 0.4684467 3.04149 0.06493523 0.2470951 3.044525 -0.07702328 0.4697063 2.968069 -0.2113531 0.5620723 2.742055 -0.1424443 0.8111708 2.621354 0.2137941 0.4671871 3.114911 0.2782018 0.1579701 3.175849 0.3205502 -0.05115356 2.935167 -0.02944681 0.02653122 3.001646 -0.1123851 -0.4010195 3.081066 -0.1962955 -0.8285279 3.026648 0.1524169 0.02495581 3.093475 0.2113517 -0.405081 3.006433 0.29897 -0.7891555 2.958535 
0.07993328 0.6651679 3.046156 0.0761296 0.449619 3.047455 0.07286853 0.2283302 3.044718 -0.06609487 0.4527034 2.967527 -0.1105088 0.5447211 2.697999 0.04272809 0.7672254 2.597387 0.2183541 0.4465345 3.127383 0.2593573 0.1660359 3.19849 0.3198618 -0.03127911 2.953324 -0.01931585 0.008970001 2.992007 -0.1095704 -0.4180636 3.066318 -0.1921645 -0.8458902 3.020507 0.1585308 0.005113007 3.091955 0.2139122 -0.4237962 2.997039 0.303666 -0.8134491 2.941604 
0.0623354 0.6814533 3.056268 0.08136684 0.4292476 3.056733 0.07839583 0.2081476 3.046784 -0.05809774 0.434934 2.972014 -0.03433009 0.5024058 2.679744 0.1637169 0.6769978 2.572709 0.2208314 0.4235612 3.141453 0.2626189 0.1600304 3.212648 0.3190001 -0.01778934 2.968184 -0.01178083 -0.009396668 2.98386 -0.1217975 -0.4276673 3.076941 -0.1957673 -0.8356231 3.025277 0.1626305 -0.01650793 3.089808 0.2194498 -0.4457415 2.997045 0.3009453 -0.7968398 2.945208 
0.05595253 0.6898383 3.044172 0.07354253 0.4628221 3.049502 0.0833551 0.2419145 3.050792 -0.05649697 0.4564742 2.951609 0.02223307 0.4491294 2.673131 0.2591401 0.5659428 2.570695 0.203582 0.46917 3.147395 0.2649449 0.1552158 3.21914 0.3220112 -0.02243108 2.991013 0.01128308 0.01700967 2.990439 -0.1153187 -0.3967378 3.08682 -0.1887139 -0.8216454 3.032986 0.1750523 0.02500415 3.113724 0.2199059 -0.4116644 3.027506 0.30689 -0.7796314 2.947346 
0.05233027 0.6898152 3.025632 0.06911928 0.4687302 3.040434 0.0830233 0.2484425 3.051665 -0.05332882 0.4555884 2.934264 0.04430881 0.4011923 2.681642 0.2887509 0.4603085 2.560925 0.1915674 0.481872 3.146603 0.2660946 0.1604572 3.223261 0.3215927 -0.0223158 2.994815 0.01991243 0.01988907 2.99612 -0.1173388 -0.3931777 3.076548 -0.1909056 -0.8253663 3.031705 0.1739422 0.03642038 3.129673 0.2080142 -0.3969714 3.0352 0.3010367 -0.7840008 2.953997 
0.04976511 0.6906416 3.01567 0.06414393 0.4712593 3.032424 0.07833191 0.2510634 3.047652 -0.05521839 0.4559756 2.922629 0.04309779 0.3421276 2.694319 0.2820388 0.337088 2.562878 0.1835063 0.4865431 3.14222 0.2649871 0.1701931 3.220641 0.3217154 -0.02216098 2.996532 0.01783386 0.0213044 2.994179 -0.128324 -0.3906942 3.062613 -0.2006308 -0.8251409 3.023741 0.1672059 0.04043074 3.131579 0.1990011 -0.3889338 3.024529 0.2943074 -0.7882418 2.943993 
0.05014079 0.6881565 3.009537 0.06256741 0.4692965 3.029688 0.07677663 0.2492055 3.048405 -0.05907123 0.4522998 2.922171 0.02702745 0.2412733 2.706074 0.2476534 0.16346 2.542857 0.1842061 0.4862932 3.137206 0.2628657 0.1684262 3.198216 0.3211752 -0.02003049 2.992978 0.0149048 0.01848355 2.999874 -0.1241041 -0.3974895 3.05993 -0.1969869 -0.8282608 3.029018 0.1670669 0.03974533 3.134372 0.2047151 -0.385186 3.01516 0.3086101 -0.7975117 2.944611 
0.04937115 0.6920074 3.020596 0.06653952 0.4712867 3.034807 0.08725307 0.2514553 3.048338 -0.05905059 0.4531386 2.932224 -0.01161301 0.1947336 2.734924 0.1772588 0.06397402 2.556315 0.1921296 0.4894349 3.13739 0.2611594 0.1685885 3.202399 0.3218164 -0.02122566 2.995717 0.02935589 0.02026437 2.99766 -0.1124391 -0.3936578 3.064945 -0.184303 -0.8236557 3.024811 0.1865774 0.04298332 3.12608 0.2193009 -0.3807294 3.001628 0.3217158 -0.7867993 2.934925 
0.05013303 0.6958851 3.015886 0.06200333 0.4742592 3.031172 0.07728826 0.2537553 3.0418 -0.07230526 0.4605539 2.939983 -0.09432941 0.1596124 2.78808 -0.006219833 -0.04583086 2.588128 0.1963119 0.4879645 3.122361 0.2518452 0.175657 3.193663 0.3193712 -0.01942398 2.989685 0.008419771 0.02466411 2.995292 -0.1332481 -0.3823534 3.093068 -0.210965 -0.8276768 3.029625 0.1767266 0.04183867 3.109564 0.1996861 -0.385759 2.997972 0.3017388 -0.8009107 2.938604 
0.04980661 0.6934562 3.011447 0.05859298 0.4732353 3.028415 0.07189441 0.2525635 3.039318 -0.08217103 0.4607702 2.947862 -0.1531437 0.1647727 2.820107 -0.1193005 -0.05769652 2.612696 0.199357 0.4857003 3.108968 0.2474273 0.1693703 3.183417 0.3177579 -0.01713971 2.971349 -0.002997348 0.02408206 2.999753 -0.1287334 -0.3916717 3.079646 -0.2121814 -0.8273138 3.026917 0.173389 0.03970152 3.100691 0.2002464 -0.3895452 2.99622 0.2995393 -0.7981002 2.930177 
0.05381716 0.6924662 3.009719 0.06131099 0.4723577 3.02952 0.07210714 0.2515215 3.040286 -0.08386217 0.4617108 2.956703 -0.1896765 0.2657198 2.897799 -0.2164734 0.03974179 2.717406 0.2064841 0.4830047 3.102337 0.2482054 0.1682128 3.167787 0.3101893 -0.02106738 2.951801 -0.007852678 0.02402919 3.005529 -0.1200038 -0.3962795 3.083782 -0.2058167 -0.8289518 3.029391 0.1736593 0.03734126 3.096573 0.2066855 -0.3937167 3.001964 0.3052622 -0.800317 2.934371 
0.05347634 0.6897026 2.996802 0.05962721 0.4706615 3.025244 0.06994969 0.2501185 3.040843 -0.09062459 0.4593157 2.964263 -0.219628 0.2982377 2.938887 -0.3012709 0.1067736 2.771587 0.209879 0.4820073 3.086224 0.2637755 0.1517502 3.153427 0.3024679 -0.02291435 2.918326 -0.01383605 0.02246918 3.018249 -0.1198058 -0.4009425 3.089862 -0.2068336 -0.8295177 3.033518 0.1743804 0.03668178 3.094637 0.2077893 -0.394255 2.998984 0.3020901 -0.7946351 2.940178 
0.05469947 0.6916916 2.99884 0.0612954 0.4729078 3.026735 0.07319557 0.2524248 3.042529 -0.09209693 0.4607542 2.972647 -0.2931536 0.310557 2.932466 -0.4516418 0.2045949 2.745 0.2146877 0.4850613 3.080824 0.2746958 0.1661892 3.145354 0.3102885 -0.01778444 2.920137 -0.01071647 0.02435042 3.024538 -0.1093086 -0.4035058 3.079932 -0.1968262 -0.8245035 3.024483 0.1809079 0.03953316 3.092107 0.2135817 -0.3902274 2.990959 0.3073308 -0.7901963 2.944161 
0.05556571 0.6915573 3.002354 0.06230358 0.4731505 3.028543 0.0746287 0.2525804 3.042979 -0.09182068 0.4611104 2.976171 -0.3290893 0.3317843 2.922744 -0.5061315 0.2891686 2.717511 0.2164278 0.4851905 3.080914 0.2743409 0.1610876 3.139674 0.3119621 -0.01818176 2.909435 -0.009383794 0.0244845 3.02468 -0.1119218 -0.4023916 3.081395 -0.1999384 -0.8277495 3.023786 0.1832914 0.0395361 3.090152 0.2101224 -0.3917714 2.994051 0.2999933 -0.7999848 2.942145 
0.05751027 0.6914284 3.006009 0.06457169 0.4737232 3.030042 0.07713078 0.2530356 3.042586 -0.0891878 0.4619162 2.976266 -0.3597617 0.3849506 2.896966 -0.5404005 0.4627005 2.688254 0.2183312 0.4855302 3.083818 0.2745981 0.1540206 3.13519 0.3113776 -0.02540367 2.896804 -0.006476186 0.02496356 3.021497 -0.1112461 -0.4018549 3.075381 -0.19823 -0.8301207 3.020845 0.1858559 0.0397325 3.088764 0.2087239 -0.3928389 2.997059 0.3020527 -0.7970876 2.940926 
