0.04398879 0.7104347 3.054337 0.05308104 0.4934613 3.051043 0.06592085 0.2725683 3.044339 -0.09426975 0.4870218 2.980993 -0.3262932 0.4556682 2.811233 -0.3822057 0.7316858 2.702912 0.2004318 0.4999007 3.121092 0.2488374 0.1851085 3.159751 0.2706326 -0.01342586 2.910287 -0.01338751 0.04764828 2.993829 -0.09400318 -0.3799982 3.072851 -0.2235574 -0.8424463 3.010819 0.1709088 0.0557023 3.081443 0.2058793 -0.3763295 2.991743 0.2995847 -0.8058279 2.954003 
0.04194016 0.7092867 3.057586 0.05090681 0.492973 3.054009 0.06336919 0.2720571 3.046686 -0.09471098 0.4871987 2.980386 -0.2871353 0.4843316 2.778108 -0.2856348 0.7744513 2.698668 0.1965246 0.4987473 3.127633 0.2418959 0.1847936 3.164689 0.2714073 -0.01405547 2.917089 -0.01526062 0.04752896 2.993308 -0.09356724 -0.3790152 3.081083 -0.2287833 -0.8492548 3.004271 0.1669238 0.05475327 3.085419 0.2019349 -0.3777785 2.997706 0.3002177 -0.807046 2.951498 
0.04299785 0.7082862 3.058699 0.05010956 0.4913861 3.05573 0.06052807 0.2703588 3.048508 -0.09450763 0.4870432 2.980014 -0.2275603 0.4966756 2.746536 -0.1651712 0.7841271 2.68747 0.1947268 0.4957289 3.131447 0.241952 0.1783876 3.161332 0.265845 -0.02046889 2.9145 -0.01950264 0.04661537 2.99393 -0.09617412 -0.3805951 3.080786 -0.2347194 -0.8534839 2.997011 0.1613958 0.05204774 3.088642 0.1971903 -0.3797093 2.997324 0.3000793 -0.8072518 2.955998 
0.04089611 0.7022646 3.067794 0.04879544 0.4857115 3.060149 0.05834504 0.2648653 3.048772 -0.09511453 0.4834669 2.982926 -0.136387 0.4891685 2.712892 0.01020465 0.7389368 2.649275 0.1927054 0.487956 3.137372 0.243995 0.1635964 3.160832 0.2580429 -0.02851451 2.899559 -0.02210965 0.04261532 2.989098 -0.1064301 -0.383298 3.075315 -0.2240392 -0.8475803 2.990282 0.1578989 0.04542294 3.085691 0.2078618 -0.3830935 2.986611 0.3052326 -0.796831 2.946325 
0.0394852 0.7023854 3.062304 0.04878007 0.4867587 3.059155 0.05925721 0.2657875 3.051908 -0.0947379 0.4825076 2.981287 -0.09469562 0.4540841 2.714424 0.09571948 0.6594499 2.629116 0.192298 0.4910098 3.137023 0.2439795 0.165297 3.165423 0.2643313 -0.02702902 2.909362 -0.02003965 0.04215718 2.995953 -0.1099849 -0.3816415 3.086872 -0.2259811 -0.8527773 3.00354 0.1595084 0.04747554 3.09337 0.203571 -0.3839623 3.005197 0.3037888 -0.7976421 2.958639 
0.03442847 0.7029561 3.045707 0.04153904 0.4879594 3.050373 0.05203492 0.2668917 3.050689 -0.09240332 0.4814672 2.95773 -0.04959313 0.3833733 2.734333 0.1950264 0.4922962 2.621769 0.1754814 0.4944517 3.143015 0.2368099 0.1669539 3.177869 0.2500379 -0.01683855 2.923953 -0.02131905 0.04175966 2.993011 -0.1250212 -0.380724 3.074688 -0.2232921 -0.8480586 3.00335 0.1463806 0.04988814 3.109002 0.1908769 -0.3790774 3.009346 0.2944028 -0.7969486 2.956904 
0.02937758 0.7004966 3.041508 0.03855373 0.4824424 3.044281 0.04891958 0.2613293 3.045412 -0.08970861 0.4759145 2.94365 -0.001665512 0.3191049 2.737323 0.2518777 0.352364 2.614916 0.1668161 0.4889702 3.144912 0.2324227 0.1607234 3.165473 0.2578109 -0.01643654 2.932706 -0.02090987 0.03613468 2.983624 -0.1229603 -0.3843365 3.076821 -0.2184999 -0.8542194 3.001935 0.1394807 0.0442977 3.109462 0.1980456 -0.3815147 3.004746 0.2987548 -0.7958504 2.953438 
0.02761323 0.7019938 3.036161 0.03850561 0.4818349 3.041254 0.04972105 0.2607551 3.043815 -0.0881017 0.4742213 2.938498 0.02315807 0.2670526 2.746159 0.2810687 0.2578294 2.626404 0.1651129 0.4894485 3.144009 0.2451929 0.1373593 3.175245 0.254305 -0.01765771 2.923836 -0.01822191 0.03491507 2.982131 -0.1232541 -0.3857366 3.07153 -0.21586 -0.8460104 3.003866 0.1400949 0.04443552 3.110623 0.2009511 -0.3816599 3.0075 0.3048342 -0.7968764 2.950519 
0.0261684 0.6990243 3.021525 0.03864132 0.4788874 3.036137 0.05224834 0.2583041 3.046486 -0.08597204 0.4662912 2.931505 0.02454607 0.2170484 2.763554 0.2690414 0.1539771 2.634879 0.1632547 0.4914835 3.140769 0.258023 0.1430767 3.179314 0.2516156 -0.01747595 2.928541 -0.01211 0.02984 2.991372 -0.1168719 -0.3911637 3.07976 -0.2116255 -0.8509671 3.015429 0.1438207 0.04560178 3.1223 0.203666 -0.3794985 3.014242 0.3093269 -0.7953417 2.96034 
0.02592987 0.6974421 3.026155 0.04059323 0.47589 3.038971 0.05627222 0.2552862 3.047 -0.08695298 0.463147 2.937925 -0.002265671 0.1700521 2.78175 0.2221721 0.06403276 2.636908 0.1681394 0.4886329 3.140016 0.2604348 0.1355676 3.160267 0.2636787 -0.02514484 2.90781 -0.007824316 0.02671224 2.991829 -0.1176692 -0.3954859 3.066124 -0.2150341 -0.8500564 3.004982 0.1517267 0.04265273 3.118229 0.2081696 -0.3811401 3.0034 0.3127864 -0.7992126 2.9438 
0.02349669 0.7011204 3.028899 0.04167932 0.4795097 3.043385 0.06141831 0.2592795 3.052856 -0.0900939 0.4636231 2.948616 -0.05110906 0.1380457 2.792784 0.129099 -0.003755096 2.613168 0.1734525 0.4953962 3.138154 0.2517561 0.1557591 3.167532 0.2761533 -0.03017886 2.937304 -0.001337 0.02910381 3.003 -0.113522 -0.3908045 3.086442 -0.2101247 -0.8455465 3.021974 0.1636516 0.04899475 3.121656 0.2124795 -0.3779246 3.01562 0.3233858 -0.8003073 2.936876 
0.02171149 0.7029928 3.032338 0.04177174 0.4820779 3.048323 0.06416486 0.2620835 3.058787 -0.09474786 0.464015 2.960726 -0.1350238 0.1370136 2.815431 -0.03212693 -0.03611463 2.583648 0.1782914 0.5001407 3.135921 0.2432766 0.1764441 3.166052 0.2747318 -0.01845691 2.949698 0.001192398 0.03079442 3.014477 -0.116951 -0.3891274 3.090014 -0.2241573 -0.8459158 3.012095 0.1719236 0.05338382 3.124026 0.1975723 -0.3730807 3.008763 0.3088541 -0.8004966 2.945837 
0.02087312 0.6990869 3.031711 0.04031035 0.4789121 3.049396 0.06376956 0.2590154 3.060048 -0.101373 0.4599824 2.970652 -0.2017637 0.1697595 2.867847 -0.1802161 0.009101318 2.602651 0.1819937 0.4978417 3.128139 0.2430657 0.1726012 3.159497 0.2695119 -0.02032576 2.938718 -0.001411346 0.02727605 3.021436 -0.1089969 -0.3968043 3.089103 -0.222603 -0.8497533 3.006272 0.1758689 0.05096165 3.119964 0.1996064 -0.374077 2.998417 0.310213 -0.8024076 2.941644 
0.02219399 0.6993765 3.031292 0.04118625 0.4793902 3.049815 0.06400808 0.2594067 3.060141 -0.103048 0.4609492 2.975729 -0.2453869 0.1993794 2.886436 -0.272741 0.05933869 2.615838 0.1854205 0.4978312 3.123901 0.2435288 0.1758002 3.157758 0.2655036 -0.02452232 2.929902 -0.003394028 0.02788766 3.024123 -0.1084359 -0.3963685 3.094855 -0.2214214 -0.850942 3.008451 0.1770539 0.05095871 3.116811 0.2006782 -0.3758847 3.001719 0.3084356 -0.8010256 2.944359 
0.02499615 0.6997043 3.032081 0.04244754 0.4791639 3.050466 0.06469507 0.2590878 3.060078 -0.1030096 0.4613169 2.978509 -0.2857 0.2361935 2.893232 -0.3798895 0.1535388 2.62435 0.1879047 0.497011 3.122422 0.2422651 0.1763956 3.159879 0.2585016 -0.02162853 2.917874 -0.004007935 0.02785243 3.024697 -0.1045811 -0.39771 3.094125 -0.2238238 -0.8498109 2.999948 0.1778931 0.05017097 3.114682 0.202115 -0.3784218 3.006432 0.3089642 -0.8052994 2.940113 
0.03239073 0.7015364 3.049967 0.04410683 0.4801749 3.056936 0.06169372 0.2595626 3.056474 -0.1062082 0.4683227 2.994542 -0.3347698 0.3000991 2.876082 -0.4893048 0.3296948 2.626744 0.1944219 0.492027 3.119331 0.2404537 0.1777801 3.161307 0.2487536 -0.01914584 2.90906 -0.01470573 0.03153957 3.016998 -0.1098067 -0.394596 3.083008 -0.2191241 -0.8430009 3.020015 0.1732669 0.04636098 3.095024 0.1991815 -0.3853499 3.00051 0.3039898 -0.8055823 2.929566 
0.03419811 0.6997755 3.040919 0.04313526 0.4781464 3.053667 0.05749598 0.2573422 3.057345 -0.1078294 0.4673081 2.992449 -0.351368 0.3420378 2.865062 -0.491579 0.4408651 2.633328 0.1941 0.4889848 3.114885 0.2372511 0.1629065 3.144149 0.2431926 -0.01875531 2.879569 -0.0225277 0.02976175 3.022749 -0.110066 -0.3981739 3.091199 -0.2300354 -0.8515728 3.012525 0.1662411 0.04331418 3.099297 0.1958222 -0.3899675 3.013661 0.2992989 -0.8048928 2.947123 
0.03799284 0.7009628 3.033599 0.04332329 0.480017 3.050184 0.05493783 0.2590417 3.056514 -0.1055873 0.47029 2.983847 -0.354347 0.4190255 2.833736 -0.4501683 0.6105599 2.649495 0.1922338 0.4897439 3.116521 0.2380532 0.1629578 3.140021 0.240155 -0.0159658 2.871585 -0.02657628 0.03198317 3.021356 -0.101099 -0.39936 3.086007 -0.2318246 -0.8536832 2.997461 0.159681 0.04414967 3.10433 0.1995341 -0.3848391 3.002927 0.3096752 -0.8084718 2.947168 
