0.0388073 0.6882931 3.044188 0.04239869 0.47014 3.054032 0.05114708 0.2489477 3.054262 -0.1096353 0.4640652 2.994876 -0.3425456 0.4284163 2.847243 -0.4104183 0.5673954 2.619013 0.1944327 0.4762147 3.113187 0.22709 0.06702158 3.204894 0.2173394 -0.007122315 2.903283 -0.03525995 0.02395331 3.017468 -0.1119145 -0.4075975 3.080011 -0.2079666 -0.8353776 3.008304 0.1550509 0.03155743 3.091516 0.2100334 -0.4021032 3.021673 0.2985438 -0.791833 2.946862 
0.04599999 0.6904145 3.065912 0.04915526 0.4735053 3.063125 0.05588366 0.2524326 3.055455 -0.09922517 0.4713472 2.995165 -0.3010364 0.4953091 2.794763 -0.2772742 0.6981258 2.608171 0.1975357 0.4756633 3.131086 0.2116963 0.1893529 3.171815 0.2065782 0.05221033 2.916867 -0.0301889 0.03001015 3.00528 -0.1117258 -0.3975436 3.085877 -0.209944 -0.8319408 3.005668 0.155413 0.03270958 3.090289 0.2069455 -0.3993955 3.009959 0.3003359 -0.7978164 2.939629 
0.04464856 0.6901545 3.060381 0.04876172 0.4734628 3.060557 0.05599219 0.2523053 3.054773 -0.09835506 0.4705025 2.989831 -0.2440323 0.5136623 2.757375 -0.1722389 0.7364487 2.622233 0.1958785 0.4764232 3.131282 0.2071357 0.1889518 3.16394 0.2034541 0.02519624 2.925186 -0.02877874 0.02929643 3.004761 -0.1069615 -0.3976343 3.091847 -0.2124002 -0.8360056 3.009751 0.1552241 0.03299904 3.093219 0.2062684 -0.4003146 3.018671 0.3039303 -0.803117 2.947226 
0.04960784 0.6851633 3.058104 0.05421528 0.468105 3.060334 0.06096007 0.2468748 3.055945 -0.09043299 0.4651939 2.984769 -0.1820372 0.5188481 2.737176 -0.06110612 0.7409171 2.634871 0.1988636 0.471016 3.135899 0.2078217 0.1828008 3.162067 0.2052816 -0.003295914 2.940268 -0.02279811 0.0238232 3.004277 -0.1052249 -0.4040834 3.081887 -0.2063869 -0.8391123 3.016154 0.1582078 0.02746596 3.098836 0.2085953 -0.4046 3.016794 0.3070423 -0.8047411 2.94976 
0.08501617 0.6322296 3.091659 0.07493781 0.4199408 3.072784 0.06494685 0.2005891 3.051433 -0.06362946 0.4344008 2.989068 -0.08466359 0.5171718 2.71819 0.1051791 0.7084318 2.652164 0.2135051 0.4054809 3.156499 0.2191924 0.116484 3.173279 0.2182407 -0.1036656 2.98522 -0.02944553 -0.009954986 2.97909 -0.1383866 -0.4309914 3.054862 -0.2214584 -0.8463524 2.999717 0.1393573 -0.0275701 3.081073 0.1971664 -0.4500394 2.989534 0.2895928 -0.8229685 2.931502 
0.09271809 0.6148451 3.098651 0.07647746 0.4038724 3.073195 0.05979102 0.1853807 3.045846 -0.05935312 0.4251471 2.986103 -0.03424655 0.4900623 2.711976 0.1886682 0.6442144 2.652237 0.212308 0.3825977 3.160286 0.2168443 0.09340543 3.173718 0.2164215 -0.1394762 3.001675 -0.04066318 -0.01999083 2.964787 -0.1443058 -0.435591 3.070104 -0.2164885 -0.8420157 3.00458 0.1268723 -0.04623143 3.072207 0.2076527 -0.4713589 3.002307 0.2917104 -0.8160687 2.941056 
0.06167569 0.6497355 3.064825 0.0755836 0.3804882 3.074471 0.04966338 0.1638245 3.040596 -0.05914194 0.4101338 2.987945 -0.003116352 0.4435209 2.731952 0.2426662 0.5445848 2.660583 0.2103091 0.3508426 3.160996 0.2139293 0.06152536 3.171746 0.2139031 -0.181823 3.014856 -0.05995696 -0.03442139 2.952965 -0.1612817 -0.4448017 3.080016 -0.2264456 -0.8445143 3.005297 0.1074433 -0.07125687 3.060476 0.2043294 -0.4958685 2.996074 0.2845255 -0.8211478 2.941263 
0.04505116 0.6693466 3.061617 0.06119982 0.4278534 3.067776 0.05919679 0.2093646 3.051453 -0.06764039 0.4362549 2.971129 0.01939323 0.4012596 2.743243 0.2771559 0.4572714 2.662487 0.19004 0.4194519 3.164423 0.1929304 0.1300547 3.173026 0.1931957 -0.1218733 3.030318 -0.02534632 -0.003741806 2.973214 -0.1420377 -0.4355762 3.098177 -0.2009609 -0.8222158 3.023079 0.1397338 -0.01450649 3.097045 0.2312514 -0.4856383 3.015128 0.3074516 -0.7909427 2.958066 
0.02990589 0.6785399 3.038722 0.04684769 0.4557815 3.053734 0.0624782 0.2360619 3.057302 -0.08641307 0.4448049 2.961576 0.01485947 0.2991199 2.769148 0.2606827 0.2649856 2.66489 0.1801084 0.4667581 3.145893 0.2028895 0.1126437 3.176719 0.2125491 -0.1006614 2.962506 -0.005729702 0.009436462 3.002891 -0.1456407 -0.4059045 3.090652 -0.2143941 -0.8326122 3.024607 0.1619471 0.02324789 3.11885 0.202958 -0.4170149 3.021611 0.3014298 -0.7859843 2.956418 
0.01627064 0.6872824 3.045267 0.0351621 0.4646784 3.054957 0.05668187 0.2447213 3.055084 -0.1026302 0.4511475 2.9689 -0.01535572 0.2173442 2.807962 0.2178412 0.1263931 2.66455 0.1729544 0.4782092 3.141015 0.2209617 0.123839 3.179545 0.2291973 -0.07850581 2.945213 -0.008107944 0.01628882 3.001307 -0.14 -0.4016758 3.070438 -0.2129252 -0.8304636 3.005587 0.1645112 0.03323963 3.109116 0.1891236 -0.3944044 2.988862 0.305196 -0.7955896 2.936265 
0.01049467 0.6949498 3.0547 0.02938424 0.4726761 3.0636 0.0515792 0.252484 3.062811 -0.1141647 0.4584795 2.98742 -0.08409773 0.168842 2.828983 0.08980878 0.02256876 2.628721 0.1729332 0.4868727 3.13978 0.2392331 0.1324482 3.183565 0.2498579 -0.06982361 2.951785 -0.01605253 0.02340837 3.014352 -0.139179 -0.3968401 3.07918 -0.2113427 -0.8312777 3.024276 0.1636008 0.04117555 3.109692 0.1844002 -0.3887482 3.003989 0.3092862 -0.8011886 2.949905 
0.007475409 0.6878526 3.043269 0.02745202 0.4681408 3.059712 0.05005738 0.2480489 3.064242 -0.1183016 0.4517005 2.988276 -0.148948 0.1663756 2.838963 -0.0274902 -0.006884888 2.618832 0.1732057 0.4845811 3.131149 0.2653239 0.1419143 3.1846 0.2982516 -0.0686463 2.970215 -0.01852488 0.01767149 3.024078 -0.1395666 -0.4043994 3.080251 -0.2109641 -0.8374985 3.028684 0.1638504 0.03824259 3.113464 0.1857901 -0.3902312 3.00314 0.3053631 -0.8038414 2.952197 
0.007704754 0.6883315 3.052136 0.02462476 0.4671223 3.062762 0.04582473 0.2468663 3.061624 -0.1266453 0.4528613 3.004902 -0.2197267 0.1868152 2.875022 -0.1708887 0.0214818 2.635733 0.1758948 0.4813832 3.120622 0.2749156 0.1527802 3.181407 0.3112706 -0.06560382 2.975739 -0.0279406 0.01765741 3.024161 -0.1443194 -0.406428 3.0749 -0.2212362 -0.8319364 3.017062 0.16199 0.03556308 3.096809 0.1878383 -0.3926171 2.986598 0.3000994 -0.8096082 2.932079 
0.008867653 0.6876766 3.048728 0.02403761 0.4681055 3.062226 0.04148961 0.2474685 3.062069 -0.1319594 0.4557988 3.016639 -0.2869534 0.2396041 2.913517 -0.3578666 0.09225076 2.680462 0.1800346 0.4804121 3.107814 0.2837433 0.1459737 3.167921 0.3201126 -0.06704509 2.948553 -0.03848125 0.01914575 3.033441 -0.1364571 -0.4102019 3.075766 -0.2145189 -0.8266785 3.017069 0.1563645 0.03451715 3.090382 0.1965588 -0.3976346 3.004282 0.2990208 -0.7995206 2.941539 
0.009331772 0.6948547 3.05281 0.02339968 0.4742572 3.065954 0.03949827 0.2534793 3.065474 -0.1339721 0.4628718 3.024595 -0.3139795 0.273301 2.928277 -0.4280921 0.17749 2.691008 0.1807715 0.4856427 3.107313 0.2823692 0.1539867 3.162479 0.3162195 -0.06281407 2.943174 -0.04276834 0.02558499 3.039144 -0.1343015 -0.4042392 3.090699 -0.2136853 -0.8250271 3.02166 0.153962 0.0398179 3.090847 0.2002583 -0.3932445 3.012386 0.2973449 -0.7912061 2.948955 
0.01551795 0.6970641 3.055355 0.02593219 0.4756784 3.067504 0.03935271 0.2547138 3.067116 -0.1323403 0.4661333 3.028845 -0.3454846 0.3081484 2.924168 -0.4836226 0.2828292 2.685684 0.1842047 0.4852234 3.106163 0.2826924 0.1609956 3.157756 0.3168067 -0.05960187 2.938282 -0.04617602 0.02778191 3.042559 -0.128507 -0.4049462 3.083917 -0.2126077 -0.8310367 3.019373 0.1517225 0.03971672 3.090898 0.2007658 -0.3924318 3.008514 0.2986403 -0.797853 2.95128 
0.02129668 0.6989432 3.056475 0.02904673 0.4761336 3.067898 0.03908649 0.2549741 3.066516 -0.129242 0.469193 3.028627 -0.3803756 0.370795 2.903785 -0.5229586 0.4535793 2.679546 0.1873355 0.483074 3.107168 0.2821676 0.1672393 3.156185 0.3065257 -0.05656582 2.940365 -0.04988626 0.02947321 3.04057 -0.1129739 -0.4069734 3.077732 -0.2118737 -0.8368147 3.009853 0.1481388 0.03815599 3.0897 0.2009649 -0.3935525 3.006775 0.3012255 -0.799248 2.955616 
0.0284505 0.6961447 3.056636 0.03457585 0.4738237 3.067046 0.04363193 0.2526134 3.065747 -0.1210393 0.4677361 3.018819 -0.3771895 0.4119044 2.875865 -0.4975106 0.5597136 2.680126 0.190191 0.4799114 3.115273 0.2840829 0.1656122 3.156063 0.3016429 -0.05699394 2.94173 -0.04477596 0.0275903 3.034244 -0.1093137 -0.4089206 3.069719 -0.206794 -0.8395317 3.008792 0.150152 0.0352159 3.094654 0.2061362 -0.3956678 3.009471 0.3052592 -0.8041628 2.956236 
