0.01070799 0.7086545 3.057038 0.01988306 0.4900922 3.052545 0.03217337 0.269399 3.041586 -0.1329403 0.484422 2.995342 -0.3656003 0.3782208 2.879612 -0.4456121 0.4978648 2.650715 0.1727064 0.4957624 3.109749 0.2398248 0.1844768 3.1627 0.2615946 0.02342851 2.894048 -0.05108416 0.04516064 2.994863 -0.1303556 -0.383073 3.073366 -0.212384 -0.8354122 3.02635 0.1400115 0.05225085 3.066392 0.1963124 -0.3821025 3.005374 0.3022331 -0.8029116 2.947685 
0.01508794 0.7057022 3.056415 0.02072439 0.4875515 3.052549 0.02916384 0.2666512 3.041736 -0.1314274 0.4846358 2.993362 -0.3457958 0.4286236 2.841285 -0.3875312 0.606736 2.640645 0.1728762 0.4904672 3.111737 0.2389201 0.1717277 3.163818 0.2681251 0.01975218 2.898258 -0.0575629 0.04392719 2.993902 -0.134865 -0.3854693 3.068643 -0.2175304 -0.8386382 3.027357 0.1327695 0.04757452 3.067942 0.1903185 -0.3866692 3.005166 0.295663 -0.8058921 2.955263 
0.02147736 0.7048845 3.05645 0.02364706 0.486679 3.05344 0.02846915 0.2655808 3.043379 -0.125104 0.4864912 2.98627 -0.2837032 0.4916755 2.776283 -0.2617185 0.7273247 2.635836 0.1723981 0.4868669 3.12061 0.2384738 0.1639142 3.164918 0.2710918 0.01983455 2.915875 -0.05980365 0.04436504 2.991281 -0.1313071 -0.3862515 3.065197 -0.21016 -0.8386587 3.029054 0.1263861 0.04460014 3.075356 0.1942818 -0.3872818 3.00586 0.2975984 -0.8013901 2.955672 
0.02685359 0.7021055 3.057099 0.02691156 0.4838952 3.055245 0.02947781 0.262709 3.04632 -0.1188183 0.4851629 2.981926 -0.2323758 0.5148698 2.753098 -0.1547768 0.7501071 2.633037 0.1726414 0.4826275 3.128564 0.2352171 0.1654273 3.163405 0.2736418 0.01723082 2.913186 -0.05915497 0.04231613 2.99151 -0.1311815 -0.387659 3.06879 -0.2099065 -0.8400875 3.03179 0.1232431 0.0407294 3.083278 0.1900068 -0.389446 3.00325 0.3002763 -0.8085372 2.957328 
0.03161369 0.6926466 3.044465 0.02911585 0.4742655 3.050534 0.02964468 0.2529792 3.047522 -0.116281 0.4749282 2.976308 -0.1956985 0.5129468 2.730529 -0.07370797 0.7412344 2.62949 0.1745128 0.4736027 3.12476 0.2345894 0.1656995 3.163698 0.2733434 0.01649228 2.909653 -0.06071507 0.03210729 2.998111 -0.1347752 -0.3975129 3.075593 -0.2138345 -0.8467096 3.033422 0.1210621 0.03127873 3.090909 0.1894211 -0.3980668 3.007379 0.3015695 -0.8133048 2.956389 
0.02746606 0.7053198 3.066086 0.03417567 0.4888878 3.06316 0.0414076 0.2678652 3.054845 -0.1020414 0.4877889 2.973889 -0.1020093 0.4648476 2.712232 0.09141976 0.6381235 2.607772 0.1703927 0.4899867 3.152431 0.2155603 0.1708161 3.171524 0.275578 0.01744484 2.932395 -0.0367153 0.04615408 2.990592 -0.1275664 -0.3756498 3.085474 -0.1971337 -0.8293015 3.021507 0.1339944 0.04753122 3.102468 0.1993177 -0.3823985 3.01948 0.3128577 -0.8059503 2.941195 
0.02880686 0.7009997 3.060938 0.03457638 0.4856631 3.060531 0.04163943 0.2644992 3.056213 -0.09553981 0.4834169 2.962754 -0.05613504 0.4335015 2.70361 0.1661312 0.5595377 2.595913 0.1646926 0.4879094 3.158309 0.2066556 0.1768231 3.176749 0.2822339 0.01358804 2.95279 -0.03273482 0.0419293 2.990697 -0.1354914 -0.3788811 3.079065 -0.2054799 -0.836125 3.026641 0.1301398 0.04474101 3.113091 0.1880785 -0.3841626 3.020462 0.3040944 -0.8094358 2.947216 
0.02800714 0.7014729 3.058996 0.0349514 0.4866589 3.059532 0.04438277 0.2655431 3.059179 -0.08552326 0.4816936 2.950759 -0.02026028 0.4102987 2.698913 0.2208295 0.501383 2.588595 0.1554261 0.4916243 3.168304 0.2032836 0.1750545 3.187652 0.2852944 0.012569 2.964034 -0.02172528 0.04131383 2.990625 -0.1296962 -0.3803501 3.069313 -0.1980673 -0.8315114 3.026221 0.1293536 0.04754051 3.127028 0.1888276 -0.3792092 3.025736 0.3092899 -0.8090704 2.946228 
0.02854194 0.6961778 3.058 0.04131901 0.4764763 3.059115 0.05333388 0.2554899 3.063845 -0.06818473 0.4679491 2.938879 0.04783603 0.3255973 2.706528 0.3069187 0.3554204 2.579331 0.1508227 0.4850034 3.179352 0.2243955 0.1592469 3.254324 0.2884645 0.01494321 3.014079 -0.003017476 0.02917979 2.993508 -0.1374872 -0.3852024 3.07022 -0.2008786 -0.8364992 3.026416 0.133715 0.03982725 3.143642 0.186464 -0.3818574 3.020175 0.3082146 -0.8086059 2.942199 
0.03112178 0.6941984 3.058216 0.04365546 0.474689 3.058723 0.0573873 0.2537461 3.061822 -0.06475241 0.4662437 2.936984 0.06468876 0.2701451 2.729146 0.3284698 0.2345341 2.575866 0.1520633 0.4831344 3.180462 0.2491832 0.154383 3.272964 0.2902383 0.01259018 3.037206 0.003363191 0.02752473 2.988833 -0.1422133 -0.3815643 3.074625 -0.200015 -0.8335603 3.026848 0.1388751 0.0380816 3.141009 0.1913494 -0.3797826 3.004624 0.3081169 -0.7998514 2.940545 
0.0304021 0.6956929 3.057072 0.04248891 0.4756813 3.060065 0.05572816 0.2547468 3.065239 -0.06660283 0.4663066 2.938921 0.04435226 0.2350622 2.74456 0.302404 0.1545901 2.590041 0.1515806 0.485056 3.181208 0.279543 0.1591379 3.283985 0.2932473 0.01471416 3.041585 0.0007537355 0.02795044 2.994665 -0.1479092 -0.3803037 3.079619 -0.2055058 -0.8325579 3.035285 0.1371811 0.03967413 3.146163 0.1842719 -0.3801095 3.013703 0.3057119 -0.7996904 2.946974 
0.03088307 0.6956856 3.056963 0.04098982 0.47528 3.060906 0.05344174 0.2542768 3.065384 -0.07144767 0.4665532 2.942851 0.01266446 0.19603 2.754795 0.2523204 0.07840845 2.584781 0.1534273 0.4840069 3.178962 0.3339846 0.1925279 3.317637 0.3004546 0.04349853 3.080564 -0.00445133 0.02781374 2.996001 -0.1520097 -0.3824161 3.072874 -0.2061658 -0.8336348 3.034077 0.1362387 0.03873346 3.143721 0.1859446 -0.3776719 3.002051 0.3027538 -0.7985758 2.945983 
0.0281948 0.6973815 3.058294 0.04128356 0.4770555 3.063148 0.05763759 0.2563498 3.068259 -0.07763246 0.4656754 2.952237 -0.04716428 0.1765629 2.770788 0.1621335 0.02284833 2.586781 0.1601996 0.4884356 3.174059 0.3065184 0.2072118 3.307694 0.2772107 0.04285663 3.063158 -0.0005106831 0.02851439 3.003883 -0.1423838 -0.3842389 3.077999 -0.1985584 -0.8300501 3.040215 0.148494 0.04277391 3.142858 0.1997363 -0.3750698 3.005858 0.3181392 -0.7977741 2.946362 
0.02760484 0.6995235 3.056936 0.04127989 0.4809995 3.067985 0.0597889 0.2605555 3.07661 -0.08330535 0.4664557 2.963613 -0.1320117 0.1696339 2.788175 -0.01249941 -0.01670253 2.566039 0.1658651 0.4955434 3.172358 0.2816785 0.2110753 3.287143 0.2589046 0.01507098 3.035088 0.0003927231 0.03101698 3.019968 -0.1457417 -0.3820849 3.08318 -0.2043261 -0.8318541 3.034695 0.1562031 0.04920599 3.1505 0.1886156 -0.3722704 3.019204 0.313932 -0.8057378 2.938755 
0.02690179 0.6990985 3.056451 0.03852341 0.4792801 3.067695 0.05568572 0.2586918 3.075544 -0.09374761 0.4656501 2.973859 -0.1880308 0.1843097 2.808639 -0.1155624 0.009383407 2.56008 0.1707944 0.4929103 3.16153 0.2885908 0.2060345 3.282745 0.2682677 0.01512538 3.024779 -0.01011006 0.02955483 3.024542 -0.1539578 -0.3851067 3.082673 -0.2119444 -0.8342993 3.03369 0.1558061 0.04665193 3.142245 0.1876272 -0.3765756 3.016365 0.3084048 -0.8084124 2.923549 
0.02408339 0.6989848 3.058112 0.03726298 0.4795769 3.067729 0.05556716 0.2590134 3.073021 -0.1011787 0.4660644 2.983409 -0.2476001 0.2157164 2.840763 -0.2377151 0.05870801 2.574484 0.1757047 0.4930894 3.152048 0.2917609 0.201695 3.276739 0.2750058 0.01852371 3.016264 -0.01277381 0.02999292 3.025542 -0.1426605 -0.3899238 3.076313 -0.2070855 -0.834008 3.026835 0.1605165 0.0469068 3.131086 0.1888143 -0.3755924 3.001833 0.3103696 -0.8006454 2.927356 
0.02530623 0.7014381 3.056426 0.03780154 0.4810899 3.067395 0.05561292 0.2604285 3.070513 -0.1071404 0.4683514 2.99387 -0.3109248 0.2594422 2.852938 -0.3949216 0.1521682 2.588291 0.1827435 0.4938284 3.14092 0.2963764 0.204781 3.25292 0.2738642 0.02705206 2.971876 -0.01714218 0.03180743 3.027689 -0.1375391 -0.3915817 3.074802 -0.2085895 -0.8346462 3.026012 0.1639908 0.04772664 3.119573 0.1905117 -0.3796043 3.00715 0.3063735 -0.80651 2.934901 
0.02828219 0.7019055 3.057684 0.03795204 0.4816096 3.067744 0.05319822 0.260762 3.070596 -0.1096105 0.4705371 2.999181 -0.3419642 0.2972097 2.852515 -0.4585092 0.2380183 2.594462 0.1855145 0.4926821 3.136306 0.29118 0.1959853 3.237598 0.2741779 0.03071219 2.968077 -0.02382233 0.03299109 3.030577 -0.1411398 -0.3912604 3.078228 -0.2146771 -0.8333346 3.025178 0.1607112 0.04683775 3.116318 0.1871312 -0.3794843 2.999878 0.2999745 -0.806654 2.94225 
0.03251643 0.7023082 3.0593 0.03969292 0.4820336 3.068629 0.05282548 0.2610437 3.070823 -0.109954 0.4725023 3.004338 -0.3659894 0.3401018 2.85179 -0.4855809 0.3518967 2.596848 0.1893398 0.4915649 3.13292 0.2570688 0.1780682 3.191787 0.2610274 0.01916908 2.924876 -0.02761481 0.03409396 3.032816 -0.1384626 -0.3923739 3.075541 -0.2113004 -0.8326653 3.023834 0.1595309 0.04601364 3.113218 0.1925483 -0.3817051 3.004045 0.3014603 -0.804198 2.939615 
0.03532629 0.7007717 3.058082 0.04128848 0.480424 3.067405 0.05296869 0.2593445 3.069365 -0.1086755 0.4719339 3.003445 -0.3734709 0.3800713 2.849909 -0.4804233 0.4370826 2.593927 0.1912525 0.488914 3.131365 0.2485664 0.1750159 3.182392 0.2614616 0.01816519 2.926686 -0.02909838 0.03295761 3.031341 -0.1360894 -0.3946339 3.07308 -0.208214 -0.8350209 3.023298 0.1583962 0.04357243 3.111308 0.1943979 -0.3844727 3.00411 0.3021761 -0.806627 2.939409 
