0.0349794 0.7020311 3.043502 0.0393156 0.4845009 3.044672 0.04760322 0.263384 3.040742 -0.1120545 0.4799078 2.983879 -0.3583224 0.4623124 2.82347 -0.4154187 0.6704091 2.657554 0.1906857 0.4890939 3.105465 0.2397682 0.1822507 3.152503 0.2812312 -0.01851176 2.909076 -0.03886326 0.03939186 2.998757 -0.1251815 -0.390176 3.062153 -0.2085471 -0.826963 3.007582 0.1506449 0.04514217 3.074867 0.2096966 -0.3831787 2.979857 0.3008944 -0.7939679 2.94577 
0.03808613 0.6969423 3.035481 0.04165976 0.4775005 3.040408 0.04791245 0.2562172 3.040098 -0.1056329 0.4734368 2.970274 -0.3043692 0.5136092 2.772344 -0.273779 0.7719997 2.653021 0.1889524 0.4815643 3.110542 0.2399022 0.1760273 3.159355 0.2831412 -0.01898929 2.929417 -0.03798578 0.03239151 2.995909 -0.1255057 -0.3958223 3.066052 -0.2092414 -0.8403794 3.015293 0.1463161 0.03747635 3.083666 0.2082484 -0.3899137 2.985934 0.3008338 -0.8042014 2.954484 
0.03891136 0.6925486 3.033156 0.04308868 0.4740347 3.039776 0.04915909 0.2527286 3.04032 -0.1021946 0.469867 2.965521 -0.2556946 0.5238124 2.747165 -0.1822047 0.7846398 2.651269 0.1883719 0.4782023 3.114031 0.2409378 0.1715042 3.164177 0.2836288 -0.01796329 2.937358 -0.03563575 0.02881596 2.994422 -0.127709 -0.3978022 3.068586 -0.2072807 -0.8397431 3.019159 0.1460948 0.03402916 3.087305 0.2090724 -0.3901937 2.977803 0.300709 -0.7970481 2.957612 
0.04109324 0.6876161 3.032992 0.04584225 0.4704375 3.039889 0.05187441 0.2491231 3.04109 -0.09798187 0.4660989 2.96276 -0.1913505 0.5109096 2.714576 -0.07723179 0.7589746 2.62841 0.1896663 0.4747761 3.117018 0.2399595 0.1642474 3.165592 0.2835946 -0.01831819 2.941341 -0.03203486 0.02509564 2.994057 -0.1308774 -0.4010924 3.061432 -0.2051806 -0.8367972 3.025471 0.147848 0.03052194 3.090523 0.2094149 -0.3948079 2.984228 0.3042079 -0.8013127 2.952699 
0.04084287 0.6829739 3.064846 0.04913156 0.4692549 3.053839 0.05750195 0.2485881 3.040554 -0.09205552 0.4688357 2.971838 -0.1039762 0.4759249 2.698368 0.05890915 0.6859763 2.596771 0.1903186 0.469674 3.135839 0.2405567 0.1558686 3.172447 0.2849636 -0.02609139 2.9426 -0.02244905 0.02765916 2.975973 -0.1337012 -0.3942286 3.050681 -0.2062201 -0.8433747 3.018144 0.1541937 0.02818355 3.078566 0.2017728 -0.3992107 2.974438 0.3050813 -0.816308 2.942312 
0.03592669 0.6940299 3.047889 0.0539775 0.4453475 3.059682 0.06161354 0.2252181 3.039305 -0.08301594 0.4487813 2.97125 -0.06128773 0.4358711 2.694126 0.1338874 0.6011993 2.574994 0.1909709 0.4419136 3.148115 0.238426 0.153539 3.178253 0.2871666 -0.02928162 2.957523 -0.01653833 0.007238983 2.96355 -0.130477 -0.4133348 3.041873 -0.2013916 -0.8555902 3.015642 0.1550375 0.002938324 3.074306 0.2066181 -0.4262556 2.979671 0.3044301 -0.8263142 2.941567 
0.03442944 0.6873695 3.036384 0.04628513 0.4631747 3.044613 0.05636343 0.2423302 3.043356 -0.0809383 0.4579456 2.943219 -0.005344833 0.370642 2.697992 0.22444 0.4515953 2.562418 0.1735086 0.4684037 3.146007 0.2197302 0.1664302 3.191162 0.2898707 -0.0203053 2.988809 -0.01366435 0.01819333 2.978257 -0.1399958 -0.3948328 3.074178 -0.2038553 -0.8305551 3.030718 0.1465478 0.02477826 3.105942 0.2091523 -0.4056128 3.004685 0.2975375 -0.7975208 2.962024 
0.03134301 0.6838616 3.021152 0.04432488 0.4629246 3.034592 0.05682991 0.2424608 3.043486 -0.0773631 0.4516859 2.927108 0.02411651 0.3249324 2.703496 0.2600611 0.3623599 2.555074 0.1660129 0.4741633 3.142076 0.2095707 0.1685777 3.182202 0.2900069 -0.01536328 2.992918 -0.007012781 0.01494574 2.984944 -0.1355543 -0.3988482 3.075144 -0.2008296 -0.8381195 3.03263 0.1456826 0.02904819 3.119817 0.2101977 -0.3948805 3.003227 0.302338 -0.7990562 2.96423 
0.02987017 0.6835033 3.013481 0.04256611 0.4643486 3.030293 0.05610422 0.2440606 3.044245 -0.07615795 0.45004 2.919573 0.04599933 0.268496 2.718748 0.2812852 0.2601877 2.548875 0.1612902 0.4786572 3.141014 0.2172086 0.1507514 3.189629 0.3054805 -0.005940109 3.010947 -0.004648286 0.01481911 2.988914 -0.1397114 -0.3995884 3.064857 -0.2030636 -0.8324822 3.030849 0.1439329 0.03272609 3.127479 0.2044972 -0.3852122 2.993046 0.3035448 -0.7995396 2.95631 
0.02744268 0.680532 3.00958 0.04000933 0.463244 3.028165 0.0532726 0.2430527 3.045306 -0.07917822 0.4474777 2.917859 0.03801101 0.2222395 2.736858 0.2656245 0.1559512 2.559421 0.1591969 0.4790101 3.13847 0.2202019 0.1626579 3.200325 0.3156152 -0.01032295 3.014169 -0.00800006 0.01300174 2.993465 -0.1478559 -0.3979818 3.079044 -0.2084035 -0.8364628 3.034046 0.1410718 0.03272107 3.131428 0.2014578 -0.3846698 2.995818 0.3022595 -0.8036385 2.948191 
0.02879719 0.6844321 3.024904 0.04099959 0.4653095 3.036574 0.05421842 0.244683 3.048586 -0.08009549 0.452135 2.927862 0.003480393 0.1713262 2.760472 0.2118771 0.04691034 2.553926 0.1620947 0.4784839 3.145286 0.2238372 0.171303 3.214356 0.3168662 -0.0009816589 3.01454 -0.008324032 0.0158141 2.992585 -0.1457141 -0.3983693 3.066962 -0.2055453 -0.8316881 3.031899 0.1431985 0.03229893 3.128613 0.2047901 -0.3870195 3.000238 0.30735 -0.8051111 2.941492 
0.02658124 0.6868718 3.026777 0.03944343 0.4666199 3.037844 0.05401872 0.2459276 3.046804 -0.08487481 0.454144 2.932785 -0.05030711 0.1716939 2.778716 0.1146283 0.01415329 2.564138 0.1637617 0.4790957 3.142904 0.2282442 0.1706965 3.20379 0.3224339 -0.02127423 3.017362 -0.009190571 0.01742931 2.99003 -0.1420443 -0.3982686 3.06451 -0.2033544 -0.828455 3.028107 0.1463786 0.03304128 3.121499 0.2088586 -0.3889801 3.003256 0.3076014 -0.7980941 2.940418 
0.02351295 0.6901195 3.030278 0.03740269 0.4703201 3.041672 0.05513771 0.2497841 3.04933 -0.09535935 0.4563892 2.947957 -0.1318415 0.1704502 2.786622 -0.04156505 -0.0007186737 2.545683 0.1701647 0.4842509 3.135387 0.2180529 0.1791397 3.188141 0.3047475 -0.0115833 2.999775 -0.01019558 0.02053169 2.998352 -0.1361814 -0.3974719 3.071682 -0.2057632 -0.8315278 3.037194 0.155941 0.03796455 3.115625 0.2059467 -0.3890592 3.010476 0.312163 -0.798965 2.942176 
0.02437278 0.6940357 3.030454 0.03803672 0.4739685 3.046227 0.05554506 0.2534946 3.056306 -0.1000179 0.4590846 2.960465 -0.1884347 0.1820973 2.82391 -0.1630304 0.04610234 2.557229 0.1760913 0.4888525 3.131989 0.2315385 0.1620526 3.164784 0.2900154 -0.02193451 2.949127 -0.01326413 0.02371452 3.012764 -0.1384462 -0.3947102 3.084528 -0.2075568 -0.8334607 3.035344 0.1593709 0.04232666 3.120007 0.1975286 -0.3844725 3.008985 0.3056988 -0.7957252 2.949877 
0.02564399 0.6935897 3.030998 0.03930866 0.4738752 3.047833 0.05738556 0.2534167 3.057442 -0.1040011 0.4587852 2.97123 -0.2591161 0.2275278 2.829978 -0.2982365 0.09987488 2.578525 0.1826185 0.4889651 3.124437 0.2386304 0.1622571 3.159941 0.2870065 -0.02407732 2.944497 -0.01418224 0.02351903 3.019134 -0.138355 -0.3978051 3.074018 -0.2079619 -0.8372035 3.030936 0.1651072 0.04239746 3.114969 0.1979524 -0.3864844 3.010226 0.3076866 -0.8016183 2.944587 
0.02746631 0.6933629 3.03144 0.03940354 0.4742652 3.049762 0.05611195 0.2537635 3.060642 -0.1057663 0.4596531 2.976564 -0.2950419 0.2632507 2.846509 -0.3766849 0.159851 2.607982 0.1845734 0.4888774 3.12296 0.2438336 0.1536449 3.159979 0.2841362 -0.02649904 2.927097 -0.01796686 0.02412347 3.025746 -0.1389236 -0.3984036 3.079093 -0.2115701 -0.8375571 3.034266 0.1636076 0.04239992 3.1173 0.1937633 -0.3878926 3.017568 0.3069356 -0.8072078 2.943667 
0.03419425 0.6929626 3.032775 0.04224345 0.474597 3.04977 0.05605732 0.2537815 3.057775 -0.1055405 0.4628702 2.981314 -0.340774 0.3135735 2.837156 -0.4908463 0.3097886 2.608918 0.1900274 0.4863239 3.118226 0.2437001 0.1703992 3.163765 0.2740951 -0.001511337 2.935816 -0.02255908 0.02563147 3.022965 -0.134678 -0.4000721 3.069957 -0.210954 -0.8379034 3.021497 0.1623015 0.04030037 3.108595 0.1964509 -0.3885272 3.003903 0.3040042 -0.8051512 2.944099 
0.03779354 0.69415 3.033321 0.04275333 0.4748003 3.050504 0.05359415 0.2538224 3.058327 -0.1054242 0.4651243 2.982523 -0.3568767 0.3607951 2.835091 -0.5058803 0.4285927 2.615777 0.1909309 0.4844764 3.118485 0.242367 0.1711923 3.161882 0.2784944 -0.00472055 2.939958 -0.02824085 0.02679277 3.023632 -0.1334224 -0.4011556 3.065676 -0.2120123 -0.8368529 3.030731 0.1571108 0.0388963 3.108668 0.1962195 -0.3912142 3.011456 0.3022342 -0.807936 2.945702 
0.03994406 0.6984405 3.044656 0.03956805 0.480174 3.052579 0.0446265 0.2590666 3.052116 -0.1102412 0.4768818 2.987993 -0.3580025 0.4169407 2.816047 -0.4786345 0.552186 2.615341 0.1893773 0.4834662 3.117165 0.2445614 0.1655465 3.160579 0.280277 -0.007367096 2.932936 -0.044107 0.0358981 3.011218 -0.1409224 -0.3942277 3.050844 -0.2225401 -0.828897 3.018118 0.1434769 0.04002048 3.092089 0.184364 -0.3884189 2.988387 0.29156 -0.8026475 2.928222 
