0.02300898 0.6954429 3.035944 0.03068862 0.477202 3.048931 0.04179169 0.2561465 3.053322 -0.1156921 0.4684218 2.977049 -0.3245561 0.4275047 2.807478 -0.374308 0.6593524 2.62487 0.1770694 0.4859822 3.120814 0.2358714 0.1625208 3.180827 0.2877331 -0.01774039 2.953307 -0.03868512 0.02959781 3.012742 -0.1312848 -0.3983063 3.077865 -0.2111402 -0.8356616 3.022014 0.1444746 0.04058408 3.102685 0.2028953 -0.3862047 3.000661 0.3049838 -0.8027073 2.950865 
0.0257224 0.6915447 3.033376 0.03281146 0.473287 3.048707 0.04327039 0.2522494 3.055295 -0.1085662 0.4641931 2.96804 -0.2898459 0.4637992 2.778214 -0.2883797 0.7168676 2.623595 0.1741891 0.4823808 3.129375 0.2348693 0.172205 3.184395 0.2877103 -0.01557962 2.967914 -0.03486267 0.02551335 3.011334 -0.1287189 -0.4023389 3.075654 -0.206454 -0.839297 3.019072 0.1423213 0.03691036 3.112431 0.2033402 -0.3883649 3.005578 0.3046106 -0.8095152 2.95475 
0.02823988 0.6913894 3.032101 0.03440757 0.4724537 3.049294 0.04409089 0.2514361 3.057683 -0.104864 0.4631466 2.964849 -0.2444454 0.4904167 2.753093 -0.1823135 0.7456172 2.629801 0.1736791 0.4817609 3.13374 0.2319117 0.1680817 3.186187 0.2880846 -0.01797597 2.975263 -0.03328415 0.02460054 3.013285 -0.1357998 -0.4017195 3.074122 -0.206642 -0.8349925 3.027126 0.1408325 0.03623628 3.118859 0.2069674 -0.3843709 2.998328 0.3031096 -0.8046129 2.955539 
0.03882542 0.6813427 3.054152 0.03960662 0.4641584 3.057095 0.04222667 0.2429486 3.053625 -0.09902161 0.4638677 2.97096 -0.1553182 0.5161008 2.710484 -0.02150911 0.7557655 2.618958 0.1782348 0.4644493 3.14323 0.229721 0.1640245 3.186084 0.2894449 -0.02151535 2.979806 -0.04184501 0.02155692 2.996289 -0.1440536 -0.4039217 3.063126 -0.2146871 -0.8390461 3.016081 0.1315385 0.02192059 3.10402 0.2056558 -0.3978053 2.98462 0.3041451 -0.8175369 2.937935 
0.02871202 0.6860805 3.054989 0.03533115 0.4682042 3.059243 0.04174662 0.2470159 3.058537 -0.1029684 0.4644694 2.972584 -0.1111673 0.4990453 2.709241 0.06640465 0.7038562 2.624601 0.1736307 0.4719391 3.145903 0.2318479 0.1595158 3.196047 0.2896723 -0.02318364 2.986789 -0.03832649 0.02349191 3.003638 -0.1388215 -0.4014731 3.076354 -0.2052121 -0.8321979 3.031751 0.1346507 0.02816327 3.112026 0.2131326 -0.3929937 3.000727 0.3099902 -0.8005016 2.953648 
0.02949318 0.6810887 3.043407 0.03649327 0.4650728 3.053886 0.04347254 0.2439483 3.058498 -0.1026814 0.4589041 2.968722 -0.05854403 0.4660036 2.705094 0.1541907 0.6290869 2.618053 0.1756679 0.4712414 3.139051 0.23394 0.1577773 3.211032 0.2902728 -0.02448872 2.990073 -0.03658952 0.01896594 3.009846 -0.1423586 -0.4061406 3.073257 -0.2066069 -0.8425938 3.034412 0.1374931 0.02668189 3.116372 0.2086393 -0.3938316 2.998009 0.3087808 -0.8048505 2.947659 
0.03379798 0.6744893 3.035347 0.04574551 0.4603806 3.049085 0.06041418 0.2397492 3.058275 -0.0808922 0.447737 2.947668 0.001491203 0.4020154 2.712653 0.2516569 0.4915679 2.624608 0.1723832 0.4730242 3.150503 0.2396321 0.1594236 3.230613 0.2912288 -0.02348926 2.99957 -0.004275774 0.01119458 3.003909 -0.14003 -0.3989465 3.091241 -0.1965672 -0.8408118 3.023355 0.1544414 0.02704102 3.131018 0.2024667 -0.3895217 2.990762 0.3070768 -0.8086547 2.956822 
0.0370113 0.6736255 3.033868 0.0476888 0.4583008 3.044455 0.0597104 0.237452 3.053784 -0.06928797 0.4471628 2.931532 0.04536033 0.3367714 2.721631 0.3050924 0.3554567 2.613238 0.1646656 0.4694389 3.157377 0.2431654 0.158334 3.239104 0.2915691 -0.02154785 3.005444 -0.001340761 0.009645401 2.992574 -0.1464433 -0.4009925 3.068314 -0.202329 -0.8350047 3.026531 0.1448048 0.02356075 3.133655 0.1981281 -0.3904538 2.986567 0.3043278 -0.8032541 2.945909 
0.03692423 0.6771463 3.044996 0.04905966 0.4592761 3.048031 0.0607876 0.238295 3.053301 -0.0657641 0.4504272 2.932513 0.0507337 0.2913676 2.732808 0.3106715 0.2539913 2.626465 0.1638834 0.4681251 3.163549 0.2551141 0.1421891 3.250563 0.2913336 -0.0233812 2.999284 0.0007548151 0.01178363 2.986377 -0.1435541 -0.4000967 3.058985 -0.2017945 -0.8312434 3.02533 0.1442763 0.02284418 3.130766 0.2036704 -0.3902777 2.98327 0.3015008 -0.7980928 2.941719 
0.0365536 0.6761675 3.039008 0.04872137 0.4590198 3.047561 0.06179932 0.2382816 3.057214 -0.0696606 0.447126 2.93596 0.04494982 0.2391607 2.747868 0.2895077 0.1488185 2.629956 0.1671033 0.4709134 3.159163 0.3063807 0.1431234 3.264027 0.2959065 -0.02294455 3.011156 0.0008305731 0.01010411 2.99706 -0.1451104 -0.4006956 3.073509 -0.2043898 -0.8343847 3.042457 0.148924 0.02498286 3.136671 0.207214 -0.3897202 2.993046 0.3080979 -0.7990391 2.951695 
0.03623864 0.6790066 3.032832 0.04679695 0.4599257 3.044186 0.05964575 0.2391242 3.053729 -0.07665488 0.4481538 2.938029 0.003982506 0.1840427 2.763725 0.2177416 0.02676187 2.630227 0.1702488 0.4716977 3.150342 0.2943438 0.1712771 3.297011 0.3098046 -0.02663875 3.030333 -0.004699694 0.01096172 2.996892 -0.1507253 -0.4023102 3.058911 -0.2110774 -0.8308812 3.021746 0.1496888 0.02568367 3.129651 0.1991073 -0.3903851 2.986546 0.3057223 -0.806312 2.935316 
0.03919 0.6802995 3.035287 0.04991304 0.4608552 3.046093 0.06496421 0.2401419 3.054406 -0.07938945 0.4483283 2.947612 -0.04605206 0.171067 2.773799 0.1430224 -0.004711395 2.620694 0.1792155 0.4733821 3.144573 0.2891384 0.1750822 3.304442 0.3108524 -0.02349974 3.029857 -0.0009787797 0.01158194 3.001031 -0.1420112 -0.4024592 3.069188 -0.2019556 -0.8320929 3.033876 0.1610095 0.02727548 3.124407 0.2106375 -0.3902989 2.985805 0.3202164 -0.8050555 2.936589 
0.03926531 0.6902039 3.043089 0.04913714 0.4685861 3.049747 0.06353389 0.2477418 3.054976 -0.08321186 0.4577153 2.955032 -0.1100663 0.1745534 2.790404 0.0341259 -0.02045966 2.614852 0.1814861 0.4794569 3.144461 0.3115421 0.1588022 3.284941 0.3078761 -0.02407347 3.012881 -0.004809709 0.02010142 3.000994 -0.1452322 -0.3949542 3.064364 -0.2092597 -0.825312 3.029798 0.160671 0.03369356 3.119418 0.197046 -0.385869 2.983307 0.3077768 -0.7964199 2.939089 
0.0399824 0.6932232 3.052675 0.04993727 0.4737095 3.054301 0.06402229 0.2527975 3.053603 -0.09007671 0.4650443 2.971251 -0.1806309 0.1896991 2.811605 -0.1261399 -0.0101855 2.589448 0.1899512 0.4823747 3.13735 0.2679987 0.1713864 3.245772 0.2934554 -0.02588029 2.980536 -0.009544219 0.02646092 3.000916 -0.144679 -0.3916516 3.054937 -0.2102904 -0.8325939 3.024557 0.1657588 0.03731009 3.104897 0.1947776 -0.3848976 2.975299 0.3051284 -0.7997829 2.933787 
0.03989378 0.6923826 3.04184 0.04777236 0.473125 3.048973 0.05827182 0.2520292 3.050339 -0.09613526 0.4658204 2.97278 -0.222763 0.2192891 2.847893 -0.2273826 0.03137236 2.609315 0.19168 0.4804295 3.125166 0.2555517 0.1707611 3.210464 0.284122 -0.02286635 2.964204 -0.02126044 0.02636362 3.004036 -0.1521366 -0.3932125 3.057445 -0.2188154 -0.8361488 3.03491 0.158803 0.03550339 3.099372 0.1911737 -0.3893657 2.97972 0.292865 -0.7979463 2.948004 
0.0389671 0.6933579 3.036363 0.04553162 0.473629 3.046493 0.0544209 0.2524605 3.049563 -0.1004939 0.4667552 2.974116 -0.2573569 0.2506236 2.872468 -0.326389 0.0892721 2.629179 0.1915571 0.4805028 3.11887 0.2448003 0.1629039 3.186249 0.2839661 -0.02464482 2.945204 -0.02796269 0.02699556 3.007394 -0.1492738 -0.3956948 3.058063 -0.2142832 -0.8344362 3.033186 0.154583 0.03558842 3.097872 0.1930266 -0.3891066 2.979108 0.2961171 -0.7964498 2.950662 
0.04293947 0.6976612 3.046154 0.04606295 0.4763038 3.05063 0.05243034 0.25505 3.050114 -0.1028204 0.4721741 2.984187 -0.294243 0.2808402 2.884773 -0.4240801 0.1688471 2.642116 0.1949463 0.4804336 3.117073 0.2428248 0.1659172 3.172693 0.2795684 -0.02107759 2.937455 -0.03435261 0.03121237 3.008027 -0.1477141 -0.393514 3.060084 -0.2121279 -0.8318286 3.030068 0.1519481 0.03638003 3.091168 0.1955077 -0.3886039 2.975068 0.297932 -0.7959669 2.939318 
0.04263718 0.701114 3.050511 0.04510514 0.4815643 3.05006 0.05038396 0.2603516 3.04511 -0.1055264 0.4793719 2.98739 -0.3281705 0.3104515 2.88139 -0.4944164 0.280016 2.64044 0.1957367 0.4837568 3.11273 0.2408519 0.1629215 3.161378 0.2777347 -0.01953331 2.926448 -0.03851862 0.03776799 3.000977 -0.1427398 -0.3892546 3.053173 -0.2120163 -0.8294464 3.021078 0.1498442 0.04050957 3.079344 0.1950023 -0.3881075 2.97926 0.3028008 -0.796764 2.930169 
0.04319772 0.698651 3.040704 0.04392436 0.4789202 3.045648 0.04762845 0.2576184 3.044345 -0.1087589 0.4767031 2.988137 -0.3545217 0.3471772 2.876719 -0.5131494 0.4087567 2.636835 0.1966077 0.4811373 3.103158 0.2394887 0.1640118 3.156213 0.275459 -0.01861556 2.922139 -0.04417083 0.03492995 3.007069 -0.1418782 -0.3926547 3.066589 -0.2139663 -0.8403139 3.030652 0.1468359 0.03770351 3.079015 0.1947249 -0.3938132 2.994281 0.3024425 -0.8037724 2.946136 
