0.02569396 0.7059199 2.841623 0.02971156 0.4881417 2.848398 0.03907864 0.264036 2.854521 -0.1221147 0.4801832 2.789378 -0.3756833 0.4308021 2.633186 -0.5375088 0.5819821 2.439615 0.1815378 0.4961003 2.907418 0.2652834 0.1531639 2.928396 0.3321769 -0.09334488 2.721255 -0.0479603 0.03487672 2.823168 -0.1695447 -0.3961504 2.795872 -0.2519771 -0.799097 2.735099 0.1448517 0.04498372 2.898121 0.183039 -0.3835305 2.770406 0.2223041 -0.775187 2.77714 
0.0262485 0.7037944 2.843379 0.0286729 0.485717 2.848179 0.0361553 0.2615063 2.852851 -0.1218685 0.4793949 2.785872 -0.350325 0.480396 2.594071 -0.4583608 0.6946462 2.426826 0.1792143 0.4920392 2.910486 0.2621564 0.1560873 2.93068 0.3324812 -0.08837311 2.722937 -0.05198307 0.03327999 2.817946 -0.1783528 -0.3964826 2.791803 -0.2563219 -0.8071973 2.729012 0.1392585 0.04131136 2.897099 0.1763265 -0.3875452 2.770129 0.2131877 -0.7799436 2.772861 
0.02698753 0.7033753 2.843261 0.02904416 0.4854663 2.848427 0.03554338 0.2612035 2.852465 -0.1192129 0.479955 2.780969 -0.2992551 0.5207981 2.557744 -0.3282295 0.7663057 2.402359 0.1773012 0.4909776 2.915884 0.2610896 0.1580462 2.934822 0.3335245 -0.08704548 2.730069 -0.05214633 0.03343927 2.813647 -0.1780573 -0.3968385 2.795195 -0.251855 -0.8061456 2.727825 0.1362316 0.04044202 2.899359 0.1795406 -0.3895077 2.778465 0.2163744 -0.7800006 2.774234 
0.0228994 0.6997438 2.833726 0.02637346 0.4826017 2.84638 0.03335556 0.2585648 2.855677 -0.1206153 0.4751138 2.776327 -0.2326675 0.5399274 2.519858 -0.188757 0.7995467 2.382953 0.1733623 0.4900897 2.916434 0.2609905 0.1519917 2.936933 0.3342591 -0.09144324 2.728702 -0.05298929 0.02977357 2.820496 -0.1811163 -0.3998945 2.801831 -0.2507306 -0.8078209 2.741414 0.1336646 0.03928218 2.909453 0.1790097 -0.3893928 2.784739 0.2151532 -0.7797229 2.783611 
0.01477156 0.7008874 2.854445 0.0239323 0.4844934 2.855512 0.03471661 0.2605695 2.856456 -0.1232644 0.4771105 2.785769 -0.169842 0.5139707 2.513421 -0.05600594 0.7447775 2.378614 0.171129 0.4918763 2.925256 0.2599857 0.1394878 2.935963 0.3299249 -0.09719284 2.717827 -0.04794398 0.0319586 2.813124 -0.1821488 -0.3948314 2.781118 -0.2433114 -0.7988706 2.732912 0.1389458 0.0413324 2.901674 0.1840551 -0.3838437 2.765813 0.2221483 -0.7827502 2.764971 
0.007443569 0.7043725 2.848807 0.02916313 0.4658399 2.858248 0.03970801 0.2418927 2.853969 -0.1166317 0.4603649 2.785495 -0.09585723 0.4799542 2.50769 0.07773332 0.669731 2.374015 0.174958 0.471315 2.931 0.2560367 0.1482806 2.939994 0.3180553 -0.1005203 2.735926 -0.04234161 0.01446814 2.803486 -0.1838659 -0.4094784 2.765378 -0.2435453 -0.8145118 2.730518 0.1428474 0.02142261 2.895896 0.1764985 -0.4064788 2.765706 0.2188224 -0.8013153 2.764593 
0.0054825 0.7032982 2.845218 0.02393689 0.4811287 2.851635 0.04249956 0.2577198 2.856869 -0.1111195 0.4678135 2.762266 -0.02388445 0.417796 2.51178 0.2057213 0.5140476 2.358891 0.1589932 0.4944438 2.941004 0.2465834 0.1474903 2.942381 0.2978568 -0.100507 2.743901 -0.0256868 0.02575848 2.804699 -0.1897171 -0.3887523 2.757523 -0.2503006 -0.7935768 2.738234 0.1478113 0.04286359 2.919505 0.1660465 -0.3872078 2.782299 0.2104661 -0.7755365 2.779364 
-0.004663671 0.7076506 2.856205 0.01654701 0.4883867 2.85664 0.03860585 0.2651837 2.860505 -0.111375 0.4740192 2.757025 -0.000736145 0.3489412 2.529735 0.2359031 0.3614911 2.369477 0.144469 0.5027541 2.956255 0.2416484 0.1586285 2.94761 0.297203 -0.09837116 2.752066 -0.02063862 0.03284923 2.801059 -0.1826194 -0.3826504 2.751785 -0.2493249 -0.79853 2.735957 0.141968 0.05111223 2.927683 0.1683869 -0.3672251 2.766052 0.217949 -0.7828257 2.772493 
-0.007080149 0.7032973 2.861179 0.01502571 0.4855061 2.857414 0.03791963 0.2623386 2.857944 -0.1151298 0.4719233 2.760407 0.0006014786 0.29999 2.53635 0.2366551 0.2579446 2.380938 0.1451812 0.4990889 2.954421 0.243286 0.137287 2.935805 0.2920856 -0.09937234 2.75906 -0.02188704 0.03054066 2.796837 -0.1909037 -0.3824348 2.749996 -0.2541261 -0.8008709 2.732677 0.1435142 0.04780167 2.920113 0.1648759 -0.3698767 2.756736 0.2190459 -0.7891958 2.765485 
-0.01296952 0.6987423 2.852157 0.009973421 0.4813323 2.853537 0.03439095 0.2583841 2.858221 -0.1222601 0.46488 2.759786 -0.0006364975 0.2534808 2.541642 0.2246649 0.1739074 2.384403 0.142207 0.4977845 2.947287 0.2486986 0.1295015 2.941716 0.2851847 -0.100727 2.759206 -0.02520359 0.02498337 2.803343 -0.1935478 -0.3883225 2.756321 -0.2572325 -0.8038209 2.74645 0.1428206 0.04588863 2.922468 0.1612483 -0.3750393 2.767859 0.216102 -0.7873654 2.771906 
-0.01728957 0.6921116 2.83765 0.005133844 0.4739441 2.846883 0.03044761 0.2512012 2.855333 -0.1310188 0.455159 2.759584 -0.02621766 0.2067067 2.556786 0.1833395 0.09616341 2.389467 0.1412864 0.4927292 2.934181 0.2511723 0.1341663 2.936784 0.2801087 -0.1020527 2.763379 -0.03078395 0.01651756 2.808292 -0.2001965 -0.3968469 2.765713 -0.2595978 -0.8076175 2.74442 0.1423067 0.04039903 2.919275 0.1587516 -0.3803392 2.76392 0.2163418 -0.7907062 2.76712 
-0.02254196 0.7040362 2.851398 0.003763443 0.480924 2.852893 0.03337912 0.2586361 2.857125 -0.1327753 0.461082 2.766183 -0.07612589 0.1728632 2.569393 0.09165267 0.03214331 2.38329 0.1403022 0.5007661 2.939602 0.2420852 0.1415731 2.934871 0.2784272 -0.101684 2.762028 -0.02365391 0.02375626 2.80633 -0.1889795 -0.3908066 2.759637 -0.2445225 -0.7883827 2.739248 0.1496435 0.04894009 2.916383 0.1672595 -0.3728957 2.764189 0.2232337 -0.7780399 2.770336 
-0.02394087 0.7033343 2.848308 0.00137175 0.4830506 2.852803 0.03023554 0.2606329 2.85814 -0.1395537 0.4628682 2.773864 -0.1365274 0.1539096 2.592714 -0.03730518 -0.01305853 2.381659 0.1422972 0.5032331 2.931743 0.2415677 0.1518172 2.927958 0.2817352 -0.1002012 2.75987 -0.03049435 0.02538422 2.813291 -0.2049584 -0.3860115 2.773541 -0.2575636 -0.7906621 2.752147 0.148693 0.05104631 2.913663 0.1585505 -0.3739266 2.770197 0.2134129 -0.7837045 2.767334 
-0.02499253 0.7038321 2.845809 -0.002111048 0.4845811 2.851939 0.02465308 0.2618909 2.857704 -0.1476491 0.4652786 2.781985 -0.2077429 0.1689269 2.621418 -0.1692424 -0.006557113 2.39539 0.143427 0.5038835 2.921893 0.2492923 0.156443 2.927049 0.2835563 -0.09818882 2.749284 -0.04109631 0.02693079 2.819001 -0.2019251 -0.3889952 2.771798 -0.2611215 -0.7926384 2.750205 0.1439307 0.05147058 2.907936 0.1543684 -0.3755005 2.770437 0.2110168 -0.7874499 2.763857 
-0.02385599 0.706004 2.844545 -0.003765083 0.4871473 2.851651 0.02093682 0.2642091 2.857468 -0.1527409 0.4690034 2.788909 -0.2718642 0.2019473 2.643751 -0.3046003 0.03749582 2.415734 0.1452107 0.5052912 2.914392 0.2521432 0.1597406 2.925583 0.2842721 -0.09613321 2.734489 -0.04894483 0.02975148 2.823451 -0.1992093 -0.3900519 2.775277 -0.2576611 -0.7937998 2.751113 0.1402223 0.05279025 2.903119 0.1567302 -0.3761536 2.772649 0.2107045 -0.7815958 2.76543 
-0.01788247 0.7080897 2.854948 -0.002508551 0.4886782 2.854384 0.01822003 0.2653499 2.854675 -0.154505 0.4744974 2.798177 -0.3220408 0.2435154 2.658924 -0.4257735 0.1273697 2.431994 0.1494879 0.5028591 2.910592 0.245444 0.1613047 2.923423 0.284761 -0.09446342 2.720401 -0.05756669 0.03301688 2.819274 -0.200346 -0.3898609 2.77459 -0.2604607 -0.7960489 2.74013 0.1354639 0.05102609 2.890656 0.1580681 -0.3787163 2.76368 0.2108764 -0.7877207 2.759083 
-0.01393396 0.7083412 2.849092 -0.001040552 0.4899167 2.851408 0.01653974 0.2662839 2.852549 -0.1543414 0.4775923 2.79786 -0.3625141 0.2947448 2.643995 -0.5135792 0.2509067 2.423252 0.1522603 0.5022411 2.904957 0.2437295 0.1606687 2.919235 0.2815867 -0.09337743 2.710618 -0.06312506 0.03483321 2.819721 -0.1994169 -0.3907513 2.780392 -0.2568574 -0.7942954 2.746983 0.1313651 0.05046901 2.887657 0.1612 -0.3825824 2.775046 0.2113345 -0.7860568 2.767714 
-0.009312697 0.7084399 2.846638 0.002059547 0.4902271 2.85005 0.01862654 0.2664832 2.851887 -0.1515847 0.4784151 2.796998 -0.381257 0.3618705 2.614 -0.5479476 0.3970883 2.408279 0.1557038 0.5020391 2.903103 0.2448647 0.1628369 2.92362 0.2815625 -0.09286322 2.709202 -0.06230064 0.03524396 2.82006 -0.1943657 -0.3921083 2.784983 -0.2487308 -0.796148 2.746116 0.1326877 0.0502345 2.887388 0.1674599 -0.3825526 2.774549 0.2184311 -0.785985 2.77252 
-0.004408009 0.7090986 2.861037 0.007185876 0.4912032 2.854664 0.02311008 0.2674156 2.851388 -0.1458044 0.4811291 2.799174 -0.3787991 0.4529598 2.576744 -0.5096509 0.6052327 2.389448 0.1601762 0.5012773 2.910153 0.2467265 0.1624686 2.925658 0.2823334 -0.09169597 2.705192 -0.0581052 0.03723149 2.812879 -0.1836832 -0.3921736 2.779016 -0.2475828 -0.7996185 2.738166 0.1361738 0.0500244 2.883344 0.1681856 -0.3848611 2.77762 0.2200866 -0.7858147 2.763055 
