0.02471964 0.699278 2.838704 0.02864154 0.4813536 2.842561 0.0367921 0.2572244 2.847163 -0.1270319 0.4747126 2.79485 -0.3677684 0.4099055 2.62778 -0.5367057 0.5524989 2.435104 0.1843149 0.4879945 2.890271 0.2616545 0.1414125 2.91036 0.3148234 -0.09730329 2.679881 -0.05386973 0.02887985 2.821482 -0.1790428 -0.4006485 2.788882 -0.2615837 -0.8075756 2.722539 0.143755 0.03731041 2.88205 0.1693935 -0.3947197 2.764225 0.2166399 -0.7974951 2.759446 
0.0272168 0.6933046 2.837566 0.03164125 0.4754893 2.84166 0.0398486 0.2513353 2.847572 -0.1205371 0.468397 2.784014 -0.3299408 0.4829726 2.57721 -0.4279638 0.7149015 2.424047 0.1838196 0.4825817 2.899306 0.2639172 0.1386079 2.914347 0.326145 -0.09738191 2.682985 -0.04864663 0.02267433 2.816852 -0.1679749 -0.409293 2.795183 -0.2501859 -0.811558 2.72409 0.1447586 0.03168803 2.890115 0.1818728 -0.4005854 2.775731 0.224994 -0.7892314 2.771171 
0.03185799 0.6944905 2.847506 0.03736432 0.4768707 2.847108 0.04431854 0.2526477 2.849921 -0.1113978 0.4714255 2.78082 -0.2694607 0.544232 2.527535 -0.2937323 0.8167842 2.40347 0.1861264 0.482316 2.913396 0.2627488 0.1344144 2.916079 0.3332935 -0.09651013 2.686274 -0.04315379 0.02496834 2.810657 -0.1760297 -0.4032635 2.795469 -0.2488091 -0.8054473 2.742123 0.1456993 0.03188104 2.894809 0.1812146 -0.4008174 2.781393 0.222217 -0.7941382 2.773854 
0.03152433 0.6973119 2.845857 0.03897834 0.4794711 2.84822 0.04722048 0.2553174 2.853324 -0.1071489 0.472466 2.776546 -0.2126036 0.556308 2.507986 -0.180705 0.8287184 2.388038 0.1851056 0.4864762 2.919895 0.2633316 0.133685 2.924565 0.333207 -0.09659511 2.696073 -0.03735682 0.0267142 2.812901 -0.173561 -0.4002382 2.791432 -0.2451908 -0.7995441 2.742748 0.148282 0.03561342 2.903955 0.1839619 -0.3948707 2.782562 0.2239206 -0.7899363 2.774414 
0.05681335 0.6775587 2.850052 0.05788049 0.4609118 2.85445 0.05837246 0.2367183 2.859757 -0.08162211 0.4586232 2.770711 -0.1131429 0.5526228 2.472842 0.00132103 0.8098617 2.381592 0.1973831 0.4632003 2.938189 0.2608767 0.1343678 2.937679 0.335214 -0.09422493 2.71735 -0.02981826 0.01106992 2.811831 -0.1814181 -0.4100309 2.780715 -0.2508007 -0.8096686 2.739847 0.1475471 0.01397958 2.918298 0.1765101 -0.4113598 2.778656 0.2185538 -0.8080611 2.772576 
0.0652293 0.6546644 2.857814 0.06373123 0.4392316 2.859728 0.06209673 0.2148873 2.861801 -0.07034902 0.4393538 2.767229 -0.03825544 0.5143923 2.467192 0.1321552 0.7210613 2.360607 0.1978115 0.4391095 2.952227 0.2630059 0.1231059 2.938643 0.3355477 -0.09743303 2.722973 -0.02460516 -0.009379516 2.805187 -0.1900487 -0.425148 2.772476 -0.250531 -0.8124338 2.737879 0.1455296 -0.009534515 2.92256 0.1813188 -0.4318779 2.77526 0.2213141 -0.7996759 2.764095 
0.04690332 0.6764761 2.850548 0.06408861 0.4151791 2.860973 0.06145589 0.1908239 2.863217 -0.06780757 0.41577 2.765287 0.002868118 0.4682018 2.470087 0.2046786 0.6291496 2.352615 0.1959848 0.4145883 2.956659 0.255503 0.1095469 2.938307 0.3327267 -0.1005382 2.721374 -0.02490397 -0.0331562 2.804719 -0.1970238 -0.4458869 2.768237 -0.2524214 -0.8198788 2.7393 0.1425503 -0.0339063 2.926201 0.1787513 -0.4576432 2.782981 0.2192671 -0.8065482 2.770282 
0.02782126 0.6843721 2.84742 0.04488016 0.4567344 2.852981 0.05762018 0.2330698 2.861601 -0.06935672 0.4458095 2.738338 0.06024382 0.3739685 2.482483 0.2845941 0.4566024 2.330425 0.159117 0.4676593 2.967625 0.2487524 0.120231 2.962424 0.3182731 -0.09800694 2.76246 -0.00206738 0.002478714 2.797534 -0.2063141 -0.406105 2.777628 -0.2523542 -0.7951294 2.738948 0.1427878 0.01633177 2.942905 0.1825822 -0.4152985 2.785417 0.2189872 -0.7829271 2.772828 
0.01967476 0.688637 2.84375 0.04021088 0.468836 2.850969 0.05910828 0.2458571 2.866158 -0.07229099 0.4513719 2.734562 0.07829189 0.2895058 2.501387 0.3045681 0.2873592 2.326468 0.1527127 0.4863001 2.967375 0.2474234 0.1330468 2.97237 0.3110184 -0.1006828 2.779757 0.006608824 0.01179503 2.807472 -0.2118229 -0.380121 2.76723 -0.2476972 -0.7897731 2.740906 0.1494025 0.0339614 2.955222 0.1815717 -0.3786811 2.774659 0.2209694 -0.7849303 2.76611 
0.01780212 0.6884438 2.844452 0.03779175 0.4689078 2.849575 0.05760545 0.2457791 2.861508 -0.07751471 0.4525757 2.735647 0.05611508 0.2282716 2.517174 0.2780998 0.1779851 2.343482 0.1530982 0.4852399 2.963501 0.2381689 0.1514952 2.970683 0.3083158 -0.1007894 2.79413 0.004203095 0.01227997 2.8011 -0.2194989 -0.375977 2.76445 -0.2536966 -0.7980381 2.733412 0.1506352 0.03302069 2.945781 0.1782356 -0.3756229 2.759104 0.2202221 -0.7888963 2.756876 
0.01411535 0.6877068 2.8463 0.0337811 0.4681636 2.849119 0.05397311 0.2449054 2.857991 -0.08905646 0.4528638 2.743673 0.003954483 0.1831883 2.552564 0.2054125 0.08904502 2.367719 0.1566187 0.4834634 2.954565 0.2422997 0.148748 2.97429 0.3036783 -0.1120201 2.800958 -0.004001516 0.01191124 2.799763 -0.2138366 -0.3830823 2.76115 -0.2603254 -0.7981132 2.737042 0.1523318 0.0313831 2.933962 0.1799498 -0.3805677 2.756609 0.2207403 -0.792623 2.753373 
0.009962674 0.687485 2.828993 0.02413413 0.4677578 2.842076 0.04201863 0.2445002 2.855373 -0.1117069 0.4516568 2.754447 -0.08563261 0.1462316 2.595403 0.05704055 -0.00753389 2.382583 0.1599751 0.4838588 2.929705 0.2464077 0.1450245 2.966379 0.2995296 -0.1248345 2.796529 -0.02631326 0.01102353 2.813053 -0.2086987 -0.3960403 2.767751 -0.2580833 -0.7966928 2.74221 0.1461195 0.0314617 2.924287 0.1801251 -0.3888316 2.771107 0.2198942 -0.7876232 2.771164 
0.01101589 0.6896035 2.826581 0.02502771 0.4701109 2.843459 0.04306611 0.2471268 2.860459 -0.1138978 0.4525612 2.760676 -0.1432374 0.1415848 2.619181 -0.07027414 -0.03615505 2.388181 0.1639532 0.4876606 2.926242 0.2487551 0.1420541 2.960702 0.2882489 -0.1300249 2.78409 -0.02699742 0.01301326 2.824961 -0.1956808 -0.3989632 2.772223 -0.2545932 -0.79452 2.74856 0.1492064 0.03527215 2.929957 0.1812511 -0.3854749 2.777338 0.221203 -0.7849128 2.780275 
0.009657954 0.6957325 2.838548 0.02269376 0.4767808 2.847153 0.03907407 0.2532531 2.857307 -0.122665 0.4628573 2.775134 -0.2251425 0.178187 2.661293 -0.2341364 -0.01732849 2.422561 0.1680525 0.4907042 2.919171 0.2492674 0.1809998 2.959421 0.2827157 -0.09668445 2.796564 -0.0367768 0.02089084 2.821764 -0.1932638 -0.3948884 2.760078 -0.2575583 -0.7935891 2.734383 0.1476855 0.03855994 2.913157 0.1762235 -0.3822813 2.760297 0.2173825 -0.7858673 2.763309 
0.01283304 0.695491 2.842526 0.0245416 0.4777669 2.84839 0.03967544 0.2539787 2.854388 -0.1248769 0.4659512 2.784543 -0.2785787 0.2143204 2.69157 -0.3838717 0.0397941 2.458668 0.1739601 0.4895826 2.912237 0.2471933 0.189488 2.950284 0.2866351 -0.08816934 2.790131 -0.04006889 0.0226877 2.819844 -0.1882701 -0.3982963 2.7748 -0.2539982 -0.7968834 2.73633 0.1496874 0.03769324 2.900928 0.1821028 -0.3871605 2.760293 0.2217948 -0.7851825 2.767277 
0.01409397 0.7020842 2.843365 0.02421829 0.4831901 2.84881 0.03811871 0.2592834 2.853516 -0.1265925 0.4725486 2.787962 -0.3148013 0.2466643 2.692794 -0.4708175 0.109663 2.467401 0.1750291 0.4938314 2.909659 0.2530824 0.171239 2.937659 0.3021838 -0.09558704 2.76078 -0.04371717 0.02862146 2.819595 -0.1861591 -0.3949508 2.780177 -0.2573251 -0.8005239 2.734626 0.1477554 0.04213197 2.896849 0.177193 -0.3856209 2.764735 0.2163774 -0.7788842 2.773844 
0.01823432 0.7053918 2.844724 0.02622869 0.4863896 2.849505 0.03858319 0.2623506 2.852437 -0.1244178 0.4772744 2.787758 -0.3594482 0.2984149 2.695447 -0.566022 0.2578571 2.476426 0.1768752 0.4955048 2.911253 0.2602717 0.1523114 2.932165 0.3157494 -0.09951077 2.726759 -0.0447066 0.03252449 2.816165 -0.1793371 -0.3948448 2.794013 -0.2536856 -0.8065854 2.733392 0.146582 0.04409877 2.894571 0.1804866 -0.3860673 2.771407 0.2175613 -0.7837029 2.776585 
0.02407786 0.7017011 2.833958 0.02891215 0.4839963 2.845582 0.03808123 0.2599952 2.85345 -0.1220444 0.4756699 2.784445 -0.3747174 0.3271995 2.68674 -0.5874776 0.3358384 2.469136 0.1798686 0.4923227 2.90672 0.2621494 0.1526652 2.93258 0.3252063 -0.09850176 2.724809 -0.04860191 0.03070705 2.822497 -0.1787587 -0.3983639 2.80708 -0.2593337 -0.8096238 2.739196 0.1431025 0.04128107 2.900137 0.1768503 -0.3892528 2.778074 0.2147913 -0.7839841 2.785674 
0.02495142 0.7009414 2.839069 0.02914609 0.4828777 2.84754 0.0379546 0.2587891 2.85434 -0.122596 0.4751156 2.788311 -0.3843652 0.3766034 2.665371 -0.5843381 0.4523025 2.451788 0.1808883 0.4906398 2.906768 0.2645674 0.1503285 2.930793 0.329395 -0.0954228 2.71815 -0.04959866 0.02977121 2.823528 -0.171454 -0.4012204 2.799018 -0.2552294 -0.8063455 2.736962 0.1431249 0.03962962 2.898753 0.1813605 -0.3886195 2.77033 0.218151 -0.7837297 2.778156 
