0.07108934 0.704081 3.059979 0.08011081 0.4838296 3.062047 0.09188159 0.2631884 3.051737 -0.07105536 0.4786422 3.000477 -0.335853 0.4834417 2.893597 -0.4107894 0.7384771 2.738502 0.231277 0.4890171 3.123617 0.2312941 0.1994776 3.12365 0.2312818 -0.09005637 3.121863 0.009106232 0.0393026 3.002918 -0.08982559 -0.3856667 3.075214 -0.1997363 -0.8203884 3.061211 0.1981985 0.04579149 3.079935 0.213744 -0.3916422 3.013864 0.3035241 -0.7912424 2.94445 
0.06809426 0.7025549 3.0604 0.07895491 0.4844138 3.059307 0.09387258 0.26374 3.050887 -0.07072677 0.4767711 2.994422 -0.297473 0.5396023 2.839904 -0.2833553 0.8261372 2.722183 0.2286366 0.4920565 3.124193 0.2286475 0.202517 3.124214 0.2286391 -0.08701886 3.122766 0.01515387 0.03828515 3.001875 -0.08145468 -0.3883834 3.062172 -0.1893419 -0.8198603 3.051664 0.2024266 0.04784723 3.083057 0.2133053 -0.3870471 3.001478 0.3122729 -0.7925954 2.94217 
0.06677344 0.7076036 3.07066 0.07880615 0.4910674 3.065314 0.09452296 0.27053 3.054511 -0.06494425 0.4845562 2.989096 -0.2511374 0.5682337 2.792484 -0.1828228 0.8554637 2.706 0.2225565 0.4975787 3.141531 0.2225652 0.2080391 3.141547 0.2225584 -0.08149734 3.140244 0.02005308 0.04590758 2.995891 -0.08729843 -0.3806312 3.035025 -0.1905077 -0.7976072 3.078775 0.2004265 0.05407768 3.091525 0.2042318 -0.3811834 3.011013 0.3006699 -0.7880007 2.94894 
0.06275149 0.7063603 3.063264 0.07568083 0.4904097 3.062338 0.09226458 0.269786 3.055679 -0.06620888 0.482155 2.982456 -0.2046157 0.5896443 2.75574 -0.09701783 0.8706327 2.68535 0.2175705 0.4986644 3.142219 0.2175774 0.2091248 3.142232 0.2175719 -0.0804122 3.14106 0.02020297 0.04400523 2.999115 -0.09070149 -0.3784474 3.063299 -0.1989053 -0.8205788 3.053926 0.1974937 0.05431938 3.098926 0.199588 -0.3791036 3.009101 0.3010693 -0.7953214 2.950744 
0.08787344 0.6741855 3.083707 0.09228724 0.4599594 3.074402 0.09807812 0.239297 3.062554 -0.03702651 0.4617617 2.977634 -0.1139487 0.5924341 2.735722 0.04455349 0.8433226 2.676527 0.221601 0.458157 3.17117 0.2216065 0.1686175 3.171181 0.2216021 -0.12092 3.170126 0.02311754 0.01976009 2.990277 -0.08524916 -0.3991213 3.075189 -0.2154487 -0.8606533 2.991062 0.1846205 0.01750905 3.111133 0.1898007 -0.4011148 3.011857 0.2944894 -0.8197005 2.948413 
0.06466926 0.7029456 3.069764 0.1025498 0.4419217 3.077595 0.1062795 0.2215901 3.059147 -0.02333289 0.4483452 2.975427 -0.03333633 0.5646492 2.720311 0.1685171 0.7685864 2.652713 0.2284324 0.4354981 3.179763 0.2284367 0.1459586 3.179772 0.2284332 -0.1435793 3.178822 0.03182207 0.005248367 2.977241 -0.09208711 -0.4126871 3.045999 -0.19915 -0.8474877 3.047912 0.1881963 -0.002731125 3.104156 0.2129148 -0.4245594 2.99646 0.3068036 -0.8062683 2.929219 
0.06329423 0.7079946 3.062934 0.09291014 0.4702801 3.06996 0.1062687 0.2500163 3.061988 -0.030164 0.4666498 2.964024 -0.003774771 0.5163626 2.750756 0.2084606 0.6391023 2.657221 0.2159843 0.4739104 3.175896 0.2159877 0.1843709 3.175903 0.2159849 -0.1051673 3.175048 0.04162079 0.02745163 2.986873 -0.09864863 -0.3859296 3.085257 -0.1967682 -0.8192735 3.042941 0.1976339 0.03205353 3.121161 0.2236649 -0.4175009 3.014626 0.309166 -0.7727845 2.948334 
0.06089093 0.7094838 3.07256 0.08484108 0.4828007 3.069825 0.1017283 0.2626337 3.059203 -0.02779739 0.4797902 2.953151 0.02470973 0.4595333 2.77407 0.241365 0.5078865 2.666983 0.1974795 0.4858112 3.1865 0.1974822 0.1962717 3.186506 0.1974799 -0.09326676 3.185736 0.04744643 0.04056454 2.974861 -0.09224232 -0.3659996 3.089141 -0.2106202 -0.8315942 2.990906 0.1897845 0.04436887 3.1223 0.202439 -0.3917623 3.003056 0.2939264 -0.7849718 2.9393 
0.05860301 0.7099277 3.07722 0.08126821 0.4891397 3.067166 0.09948052 0.268937 3.056006 -0.03063187 0.4858734 2.948997 0.05635305 0.3927607 2.777542 0.2912817 0.3805841 2.682793 0.1931683 0.492406 3.185334 0.1931703 0.2028665 3.185339 0.1931685 -0.08667209 3.184646 0.04761999 0.04668884 2.970848 -0.09564601 -0.3644687 3.048495 -0.2025815 -0.7973579 3.054227 0.1877657 0.05077966 3.118845 0.2014359 -0.3816337 3.004226 0.300464 -0.7916368 2.93424 
0.05615875 0.7123053 3.079575 0.07678888 0.4930837 3.062298 0.09479439 0.2730984 3.04662 -0.03527892 0.4923519 2.943866 0.08919334 0.3113786 2.785264 0.3396449 0.2468018 2.697231 0.1888567 0.4938156 3.180731 0.1888583 0.2042761 3.180735 0.188857 -0.0852626 3.180111 0.04265461 0.05265509 2.956812 -0.1006504 -0.3559467 3.047291 -0.2080587 -0.81527 3.024362 0.1829452 0.05357123 3.10507 0.1932365 -0.3786786 2.999419 0.2996444 -0.7947355 2.925278 
0.06152691 0.7159867 3.080333 0.07815515 0.4970323 3.062181 0.09495989 0.276986 3.045226 -0.03807057 0.4969733 2.947746 0.075077 0.2511856 2.787652 0.3119326 0.1173257 2.718761 0.1943809 0.4970913 3.176615 0.1943821 0.2075518 3.176618 0.1943813 -0.08198706 3.176057 0.03900608 0.05690278 2.956635 -0.1004172 -0.3554933 3.035445 -0.1978664 -0.7864479 3.077763 0.1845232 0.05697664 3.099908 0.2008765 -0.3758237 3.002928 0.3048037 -0.7863573 2.936373 
0.06375881 0.7145539 3.070498 0.07939311 0.4967105 3.060594 0.09762697 0.2764555 3.049251 -0.04120338 0.4923739 2.950942 0.0376789 0.2040609 2.798769 0.2493147 0.01337412 2.734522 0.1999896 0.5010472 3.170245 0.1999905 0.2115077 3.170247 0.1999902 -0.07803125 3.169742 0.04035943 0.05348538 2.969258 -0.09550243 -0.3556969 3.067358 -0.1947677 -0.8142613 3.05904 0.1913622 0.0589155 3.106556 0.2083626 -0.3760709 3.023924 0.3095063 -0.788439 2.944927 
0.05886862 0.7151536 3.076007 0.07925199 0.4976475 3.064441 0.1034113 0.278025 3.052386 -0.04742996 0.489312 2.962422 -0.02071372 0.1671392 2.810223 0.1432907 -0.06795039 2.712099 0.2059339 0.5059831 3.166461 0.2059346 0.2164435 3.166462 0.2059347 -0.07309546 3.166008 0.04821656 0.05318111 2.976425 -0.09151966 -0.3597272 3.047189 -0.1829643 -0.7931837 3.086499 0.2069246 0.06362392 3.104236 0.2145289 -0.3705253 3.017281 0.3208012 -0.7874626 2.933898 
0.05810361 0.7176162 3.078916 0.07996568 0.4992646 3.069383 0.1051196 0.279585 3.059667 -0.05071327 0.4885819 2.972599 -0.08029947 0.1680587 2.830579 0.01608079 -0.08960807 2.690517 0.2106446 0.5099473 3.166166 0.2106451 0.2204078 3.166168 0.2106456 -0.06913126 3.165759 0.04856889 0.05322611 2.989439 -0.101942 -0.3583144 3.046265 -0.1858915 -0.7806798 3.105631 0.2119783 0.06658451 3.110463 0.2007857 -0.3666062 3.021241 0.3102953 -0.78969 2.946066 
0.0593022 0.720906 3.093386 0.08242459 0.5017295 3.075323 0.108573 0.282581 3.059346 -0.05418391 0.4918484 2.987281 -0.150846 0.1841457 2.843241 -0.1327318 -0.07557809 2.672947 0.2190331 0.5116106 3.163365 0.2190334 0.2220711 3.163367 0.219034 -0.06746805 3.162999 0.04918704 0.05724562 2.988242 -0.1001154 -0.3569717 3.026161 -0.1861481 -0.7711448 3.102522 0.2202558 0.06961928 3.098494 0.202731 -0.3627214 3.00556 0.3162503 -0.7972924 2.926905 
0.06085037 0.7153354 3.074609 0.08321687 0.4989306 3.068827 0.1072504 0.2791951 3.060616 -0.05600968 0.4868381 2.984916 -0.1822744 0.2500007 2.896617 -0.238519 0.01690163 2.732342 0.2224434 0.5110232 3.152738 0.2224436 0.2214837 3.152739 0.2224443 -0.0680556 3.152407 0.04429001 0.05190364 2.999975 -0.1043089 -0.3576458 3.069659 -0.1991786 -0.8113257 3.070538 0.2182779 0.06701539 3.104836 0.1946808 -0.3664281 3.018421 0.3043074 -0.8003252 2.946387 
0.06403427 0.7105892 3.066244 0.08517964 0.4939075 3.06579 0.1089395 0.2739606 3.060981 -0.05794074 0.4801244 2.989062 -0.2170392 0.297453 2.929801 -0.3283813 0.1058308 2.768666 0.2283 0.5076905 3.142518 0.2283001 0.2181509 3.142519 0.2283009 -0.07138836 3.14222 0.04315421 0.04539029 3.008165 -0.09852953 -0.3702649 3.046519 -0.1924871 -0.7986459 3.097374 0.2222447 0.06263736 3.104177 0.1993121 -0.3666145 2.999892 0.3098337 -0.796209 2.945269 
0.0698372 0.7101054 3.064148 0.0853126 0.4939044 3.064191 0.1048314 0.2735329 3.058705 -0.06140428 0.4826536 2.994129 -0.2570323 0.3281967 2.937498 -0.4200711 0.1889737 2.774061 0.2320295 0.5051553 3.134254 0.2320295 0.2156157 3.134254 0.2320302 -0.07392362 3.133986 0.03257487 0.04612364 3.009393 -0.106421 -0.3703493 3.05765 -0.2029012 -0.8148828 3.057266 0.2161255 0.06019908 3.097044 0.1960949 -0.3705305 2.997475 0.2967882 -0.8028214 2.937374 
0.07325133 0.7097234 3.060534 0.08551059 0.4933013 3.061011 0.1028342 0.272724 3.05477 -0.06325423 0.4834891 2.994858 -0.308024 0.3560934 2.926278 -0.5137631 0.2998093 2.761656 0.2342754 0.5031136 3.127163 0.2342754 0.2135741 3.127164 0.2342761 -0.07596527 3.126922 0.0271749 0.04601372 3.007183 -0.09811973 -0.3763784 3.03821 -0.1967329 -0.800329 3.083965 0.2131407 0.05827971 3.089878 0.2017818 -0.3748907 3.000313 0.2989717 -0.7965914 2.938484 
0.07739871 0.7100224 3.059225 0.08583754 0.4929819 3.059731 0.1004415 0.2721829 3.053788 -0.06443287 0.4847413 2.99662 -0.3435078 0.4025363 2.914172 -0.5606411 0.4346729 2.747361 0.2361079 0.5012226 3.122841 0.2361078 0.211683 3.122842 0.2361087 -0.07785629 3.122624 0.02109759 0.04623196 3.008389 -0.09706717 -0.3766843 3.057308 -0.2031621 -0.8178861 3.057796 0.2089935 0.05653592 3.087302 0.2012511 -0.3786928 3.007673 0.2982654 -0.8000808 2.940687 
