0.08193836 0.7093529 3.057147 0.08649501 0.4915356 3.06024 0.09660587 0.2703834 3.057326 -0.0647012 0.4854324 2.998816 -0.3428179 0.3879231 2.921551 -0.5273497 0.5293864 2.777119 0.2376912 0.4976389 3.121664 0.2376911 0.2080993 3.121664 0.237696 -0.08143988 3.121653 0.01214567 0.0454138 3.015992 -0.1096768 -0.3773297 3.055083 -0.1927728 -0.8032096 3.082663 0.2012878 0.05304881 3.092832 0.2100834 -0.379569 2.999083 0.3039308 -0.7921522 2.937669 
0.08488715 0.7068126 3.057484 0.08725756 0.488384 3.060194 0.09502185 0.2671624 3.056272 -0.06290394 0.4842491 2.996146 -0.3368949 0.4444644 2.886253 -0.4498059 0.6616248 2.769304 0.2374191 0.4925188 3.124242 0.2374189 0.2029793 3.124242 0.2374238 -0.08655991 3.124232 0.008850931 0.04335431 3.012284 -0.1087141 -0.3788918 3.068516 -0.2013683 -0.8257581 3.04512 0.1967214 0.04852753 3.092416 0.2046195 -0.3854489 3.005143 0.3020612 -0.807817 2.934904 
0.09304502 0.7046835 3.056236 0.09116936 0.4867286 3.059403 0.09544543 0.2653961 3.056273 -0.05629696 0.4848699 2.989372 -0.2894788 0.5231366 2.832281 -0.3164122 0.8077772 2.764812 0.2386357 0.4885872 3.129433 0.2386355 0.1990477 3.129433 0.2386405 -0.09049152 3.129425 0.007441672 0.04290059 3.009319 -0.08633513 -0.3779816 3.105035 -0.2365252 -0.8508272 2.962652 0.1920013 0.04522676 3.096965 0.2044925 -0.386151 2.998105 0.3022462 -0.7989842 2.9449 
0.09749707 0.7020833 3.057914 0.09400621 0.4850134 3.06124 0.09539483 0.2636327 3.058724 -0.04853247 0.4850226 2.98176 -0.2283785 0.574804 2.778033 -0.1960569 0.8749066 2.7578 0.2365449 0.4850041 3.14072 0.2365447 0.1954646 3.14072 0.2365496 -0.09407464 3.140713 0.007603657 0.04225781 3.00648 -0.08430557 -0.3758495 3.118137 -0.2386544 -0.8521298 2.948267 0.1859632 0.04224622 3.105934 0.2040023 -0.3872798 3.000023 0.2998924 -0.7943309 2.946302 
0.09742939 0.7018158 3.059342 0.0922879 0.4853035 3.059281 0.09112449 0.2639422 3.055448 -0.04499222 0.4875527 2.971047 -0.1520725 0.5902013 2.732979 -0.07459474 0.8859731 2.715816 0.229568 0.4830542 3.147516 0.2295678 0.1935147 3.147516 0.2295728 -0.09602454 3.14751 0.004104254 0.04398753 2.996432 -0.09557522 -0.3782621 3.066475 -0.2190829 -0.8225543 3.025881 0.1758179 0.04117412 3.106798 0.1991277 -0.3891846 3.005562 0.2961803 -0.7963861 2.940626 
0.09821446 0.7007712 3.055571 0.09197363 0.483471 3.058629 0.08877721 0.2621158 3.056432 -0.04321977 0.4863308 2.967185 -0.1000537 0.5721223 2.723465 0.01830722 0.846432 2.692384 0.227167 0.4806112 3.150072 0.2271669 0.1910717 3.150072 0.2271718 -0.09846753 3.150067 0.001031021 0.04254907 2.997046 -0.1043967 -0.3823381 3.047532 -0.2046622 -0.8093386 3.070554 0.1701305 0.03897205 3.111423 0.1975916 -0.3931816 3.019624 0.295056 -0.7945755 2.944775 
0.09943368 0.7077431 3.057793 0.09499029 0.49221 3.061363 0.09492198 0.2708372 3.060167 -0.03535844 0.4927797 2.963357 -0.03555811 0.5435423 2.709315 0.1303605 0.7842789 2.675416 0.225339 0.4916404 3.159368 0.2253388 0.2021009 3.159368 0.2253438 -0.08743829 3.159364 0.01323841 0.049821 2.997607 -0.08997535 -0.3745713 3.062232 -0.1930606 -0.8186648 3.041564 0.1764689 0.04910768 3.120334 0.2102134 -0.382539 3.028039 0.3082176 -0.7790644 2.947504 
0.09674111 0.7066465 3.057362 0.09633841 0.4933303 3.060337 0.09998888 0.2719993 3.059675 -0.03203097 0.4915142 2.959623 0.003706345 0.5132563 2.700202 0.2070339 0.7184289 2.665935 0.2247078 0.4951465 3.161052 0.2247076 0.2056069 3.161052 0.2247126 -0.08393228 3.161048 0.02338465 0.0495329 2.996048 -0.08504388 -0.3709767 3.077355 -0.2060498 -0.8372665 3.007804 0.183894 0.05180377 3.121979 0.2079571 -0.3771148 3.016147 0.3099818 -0.7778924 2.945925 
0.0974472 0.7033578 3.057459 0.09868129 0.4891603 3.059286 0.102533 0.2678069 3.06085 -0.01361417 0.4863763 2.941826 0.08135714 0.4318603 2.700029 0.33972 0.5416939 2.650851 0.2109768 0.4919443 3.176746 0.2109766 0.2024048 3.176746 0.2109815 -0.08713446 3.176743 0.03591299 0.0447063 2.988701 -0.08970924 -0.3720414 3.06796 -0.2204448 -0.8498836 2.983074 0.1768564 0.0482005 3.136127 0.1909778 -0.3783811 3.018864 0.2960735 -0.7927378 2.953775 
0.1064077 0.6967877 3.05778 0.1038963 0.4810171 3.056076 0.1031431 0.2596366 3.0567 -0.005232702 0.4810468 2.934867 0.1303271 0.358491 2.714248 0.4051315 0.381572 2.649439 0.2130253 0.4809875 3.177284 0.2130252 0.191448 3.177284 0.2130301 -0.09809124 3.177282 0.03423132 0.03827458 2.98162 -0.1013456 -0.3753724 3.057549 -0.2083902 -0.83021 3.024192 0.1705487 0.03823753 3.133027 0.1987951 -0.3845454 3.005118 0.3029873 -0.7948982 2.944671 
0.1070551 0.6952935 3.056888 0.1067626 0.477196 3.054038 0.107508 0.2557984 3.053697 -0.001499509 0.4770199 2.93179 0.1325741 0.2823654 2.736064 0.4024265 0.2336721 2.643695 0.2150246 0.4773722 3.176286 0.2150245 0.1878327 3.176286 0.2150294 -0.1017065 3.176284 0.04055948 0.03429056 2.976917 -0.09940457 -0.3781815 3.051738 -0.1982856 -0.8258389 3.043479 0.1759473 0.03451083 3.129794 0.2058498 -0.3907582 3.010335 0.3081816 -0.7976176 2.942319 
0.1071856 0.6923977 3.058393 0.107278 0.4744808 3.055847 0.1080392 0.2530787 3.056355 -0.004361618 0.4738239 2.936718 0.1137974 0.2286763 2.758532 0.3652126 0.125738 2.651153 0.2189177 0.4751376 3.174976 0.2189175 0.1855981 3.174976 0.2189224 -0.1039411 3.174974 0.03895406 0.03126565 2.98233 -0.1079686 -0.3812421 3.043312 -0.1969563 -0.810262 3.079896 0.1786469 0.03208759 3.131394 0.206766 -0.3928991 3.010373 0.3084986 -0.7949209 2.947726 
0.1058223 0.6899061 3.045122 0.1040572 0.4711485 3.047905 0.1041996 0.2497667 3.050513 -0.0137177 0.4697442 2.935119 0.06845901 0.1888 2.773278 0.2915531 0.03065507 2.654753 0.2218321 0.4725528 3.160691 0.2218319 0.1830133 3.160691 0.2218369 -0.1065259 3.16069 0.03058458 0.02750546 2.982487 -0.1136121 -0.3828825 3.061449 -0.209584 -0.8288825 3.043373 0.1780992 0.02926437 3.123754 0.2040299 -0.3953905 3.001033 0.3048671 -0.7950678 2.941952 
0.109943 0.6964486 3.052933 0.1096442 0.4768818 3.054302 0.1125031 0.2555282 3.055022 -0.01431801 0.4749355 2.948264 -0.02068362 0.1507228 2.817575 0.1216677 -0.08370366 2.674804 0.2336064 0.4788281 3.16034 0.2336062 0.1892885 3.16034 0.2336112 -0.1002507 3.160339 0.03780182 0.03295683 2.989398 -0.09898764 -0.3733978 3.097491 -0.2255775 -0.8408114 2.989136 0.1929222 0.03539232 3.122088 0.2082623 -0.3901891 3.0014 0.3053509 -0.790181 2.939852 
0.1078445 0.6943344 3.042357 0.1074608 0.4747916 3.049523 0.1111618 0.2535164 3.054203 -0.02338292 0.4705549 2.952693 -0.07819038 0.1392971 2.839238 -0.01101862 -0.1122854 2.666731 0.2383045 0.4790283 3.146353 0.2383043 0.1894888 3.146353 0.2383092 -0.1000504 3.146351 0.03286129 0.02958598 2.998199 -0.09980963 -0.3784768 3.106228 -0.2309492 -0.8470019 2.988679 0.1968644 0.03489638 3.119568 0.2107833 -0.3902187 2.996751 0.3067944 -0.7936593 2.943183 
0.1069473 0.7012427 3.052564 0.1014687 0.4802314 3.052886 0.1006333 0.2588927 3.051039 -0.03914342 0.4814475 2.970741 -0.1629037 0.1741131 2.864862 -0.1930864 -0.08890332 2.697252 0.2420809 0.4790154 3.135031 0.2420807 0.1894758 3.135031 0.2420857 -0.1000634 3.13503 0.01187041 0.03831448 2.997825 -0.1038383 -0.3762346 3.099541 -0.2356551 -0.843785 2.979261 0.1877252 0.03679355 3.100559 0.2025777 -0.3907993 2.986991 0.3013715 -0.7889584 2.938459 
0.09942881 0.7019966 3.044035 0.09483984 0.4836918 3.049689 0.09324867 0.2623561 3.049683 -0.05136404 0.4847446 2.977445 -0.2139129 0.2254908 2.900699 -0.3211421 -0.003255707 2.725473 0.2410437 0.482639 3.121933 0.2410436 0.1930995 3.121933 0.2410485 -0.0964397 3.121932 0.0002496314 0.0416787 3.00451 -0.09980907 -0.3772242 3.10639 -0.2346826 -0.8523366 2.981995 0.1830654 0.04036229 3.094845 0.2032887 -0.3897875 2.992041 0.2973424 -0.7882249 2.947204 
0.09608504 0.7019846 3.037443 0.09250881 0.4828629 3.046869 0.09090117 0.2615227 3.049478 -0.05549594 0.483128 2.978163 -0.2479232 0.2522238 2.929343 -0.4012886 0.07490285 2.740231 0.2405135 0.4825977 3.115574 0.2405134 0.1930582 3.115574 0.2405183 -0.09648102 3.115573 -0.003235525 0.04034819 3.009133 -0.09865939 -0.3821509 3.099742 -0.2350849 -0.8514944 2.976071 0.1818226 0.04001665 3.095039 0.2052975 -0.3905927 2.994751 0.2984773 -0.7963615 2.942782 
0.09194952 0.7017373 3.037108 0.08949248 0.4817055 3.046218 0.08979055 0.2603391 3.048506 -0.06128444 0.4808594 2.983993 -0.2879702 0.2806285 2.941132 -0.4788881 0.1791564 2.740663 0.2402694 0.4825516 3.108443 0.2402693 0.1930121 3.108443 0.2402742 -0.0965271 3.108442 -0.004261394 0.03844311 3.011856 -0.1049054 -0.3877195 3.062997 -0.2132307 -0.8266747 3.045707 0.1844386 0.03950208 3.089731 0.2101472 -0.3916448 2.992254 0.3029146 -0.794509 2.936478 
0.0862723 0.7055846 3.051185 0.08301198 0.4854954 3.049886 0.08264375 0.2642739 3.042764 -0.07232108 0.4873538 3.000185 -0.326612 0.3362415 2.94953 -0.530119 0.3703949 2.731349 0.238345 0.483637 3.099586 0.2383449 0.1940974 3.099586 0.2383498 -0.09544177 3.099586 -0.0148737 0.04421481 3.004559 -0.1032971 -0.3810446 3.084982 -0.2267261 -0.8419596 2.998887 0.1794247 0.04189023 3.066726 0.2050209 -0.3930366 2.988566 0.2976312 -0.7950345 2.931109 
0.08650869 0.7047251 3.054051 0.08080778 0.4850422 3.051218 0.07706825 0.2638924 3.042707 -0.07551705 0.4894784 3.004628 -0.3323152 0.3646231 2.931298 -0.4910577 0.4899021 2.721207 0.2371326 0.4806059 3.097808 0.2371324 0.1910664 3.097808 0.2371374 -0.09847284 3.097807 -0.02440956 0.04551622 3.005067 -0.1052845 -0.3808377 3.090015 -0.2371682 -0.8441139 2.989115 0.171067 0.03996892 3.063326 0.2003728 -0.3958102 2.991241 0.2929195 -0.7982256 2.936951 
