0.03144656 0.6957924 3.057945 0.0296451 0.4743575 3.067846 0.03362647 0.2530334 3.064169 -0.1268031 0.4723178 3.021212 -0.3807819 0.4976384 2.861525 -0.4675901 0.691407 2.682841 0.1860933 0.4763971 3.11448 0.2415433 0.1665222 3.142061 0.2025483 0.006250931 2.876219 -0.0602697 0.03043326 3.031317 -0.1283888 -0.4059827 3.061406 -0.2028556 -0.8355322 3.019147 0.1354854 0.03298532 3.089667 0.195229 -0.3987543 3.012223 0.2993546 -0.7975176 2.936326 
0.03456494 0.6932743 3.058897 0.0328977 0.4728192 3.066509 0.03664882 0.2514948 3.062111 -0.1213298 0.4712631 3.013271 -0.3548741 0.5293096 2.831257 -0.390167 0.7531125 2.673466 0.1871252 0.4743753 3.119747 0.241286 0.1642707 3.145029 0.2098115 0.004804397 2.880219 -0.05613196 0.02919643 3.024391 -0.1200654 -0.4075288 3.058962 -0.1999875 -0.8352555 3.02088 0.1369319 0.03114439 3.091035 0.203039 -0.3983434 3.006729 0.3032506 -0.8049161 2.959916 
0.03548428 0.6892141 3.059385 0.03577375 0.4689878 3.066546 0.03972385 0.2476716 3.061663 -0.1139993 0.4677252 3.002612 -0.3024213 0.5616407 2.802141 -0.2824961 0.7981233 2.662358 0.1855468 0.4702504 3.13048 0.2406612 0.164649 3.152518 0.2233014 0.0001162109 2.887356 -0.05019297 0.02556421 3.016711 -0.1168107 -0.4099237 3.060062 -0.1976893 -0.8376481 3.018208 0.1375408 0.02714685 3.096849 0.2015944 -0.4034113 3.016137 0.3030455 -0.8065287 2.951611 
0.03649688 0.6874393 3.057621 0.03810184 0.4687122 3.065023 0.0421633 0.2473791 3.061002 -0.1091992 0.4672765 2.995273 -0.2352298 0.5723304 2.764077 -0.1559719 0.8129771 2.664584 0.1854028 0.4701478 3.134774 0.2408162 0.1613132 3.155755 0.2289227 0.007987885 2.884576 -0.04584058 0.02514874 3.013385 -0.1219773 -0.4081467 3.06202 -0.1986299 -0.834433 3.023047 0.1382901 0.0269433 3.100574 0.2037507 -0.4016937 3.011392 0.3006018 -0.792959 2.948181 
0.04798701 0.6644579 3.081082 0.04945189 0.4490826 3.073269 0.05185559 0.2283552 3.059327 -0.09302174 0.4525002 2.994595 -0.1612618 0.5584819 2.739923 -0.0285271 0.7865787 2.66975 0.1919255 0.445665 3.151943 0.2421892 0.1523517 3.15291 0.2248711 0.01542949 2.873671 -0.03497087 0.009768326 2.996113 -0.1216749 -0.4210987 3.048146 -0.1909408 -0.8483804 3.00749 0.1434895 0.005487473 3.094658 0.2049454 -0.4223466 2.998983 0.3054783 -0.8173411 2.937232 
0.08074281 0.6381286 3.10231 0.06831321 0.4258039 3.08262 0.05556701 0.2067944 3.059675 -0.06836496 0.4427464 2.996829 -0.09536014 0.5142384 2.742511 0.07871045 0.708478 2.668925 0.2049914 0.4088614 3.16841 0.2418917 0.1412219 3.149493 0.2307772 0.006425995 2.872176 -0.04295404 -0.001582596 2.98289 -0.1480317 -0.425929 3.048516 -0.2088297 -0.8434728 3.016075 0.1285957 -0.02284773 3.090569 0.184957 -0.4505624 2.991185 0.2845527 -0.8231677 2.93815 
0.06157442 0.6562085 3.086932 0.07731192 0.3913758 3.092498 0.05695166 0.1745462 3.05498 -0.05524605 0.4194733 3.002049 -0.02322235 0.4497686 2.752509 0.2052902 0.5795203 2.67206 0.2098699 0.3632784 3.182947 0.2467894 0.1128587 3.172614 0.2399033 0.006537308 2.903047 -0.04615237 -0.02474474 2.961003 -0.150995 -0.4387891 3.072149 -0.2001766 -0.8452106 3.022723 0.1193352 -0.05982207 3.073921 0.2077562 -0.4839228 2.984474 0.2982985 -0.8163356 2.936663 
0.04442279 0.6737763 3.08548 0.06031599 0.4329542 3.084406 0.060018 0.2143436 3.061736 -0.06656012 0.4434837 2.984536 -0.001549202 0.4023507 2.761854 0.2474257 0.4915157 2.683923 0.1871921 0.4224247 3.184276 0.2534615 0.07934985 3.190374 0.2416003 -0.007293617 2.916605 -0.02161681 0.0024832 2.975042 -0.1445469 -0.42466 3.086843 -0.1869567 -0.8195284 3.035541 0.1410568 -0.01101711 3.10309 0.2231971 -0.4740215 3.002328 0.3127723 -0.7898201 2.947914 
0.02853899 0.6777024 3.052459 0.04465285 0.4560829 3.060853 0.06035319 0.2362129 3.060354 -0.08584855 0.4469833 2.964375 0.02537714 0.326371 2.775559 0.2897245 0.3537691 2.687976 0.1751543 0.4651826 3.157332 0.2203191 0.1793717 3.167597 0.2159731 0.04188126 2.912822 -0.006056317 0.01061755 2.999151 -0.1548485 -0.4023353 3.074033 -0.1995027 -0.8297202 3.035931 0.1581634 0.02206833 3.120558 0.1962679 -0.4115081 3.001108 0.302641 -0.7987972 2.935496 
0.01400006 0.6834889 3.050015 0.03474211 0.4634129 3.057364 0.05718126 0.2434734 3.059305 -0.09473329 0.4493363 2.959136 0.04384538 0.2535882 2.781408 0.3079595 0.2358699 2.682853 0.1642175 0.4774895 3.155591 0.2187478 0.1142683 3.164531 0.2180713 -0.04328404 2.925608 -0.001461929 0.01471861 2.999732 -0.1493028 -0.3991996 3.057644 -0.1935333 -0.8262891 3.030597 0.1607028 0.0323492 3.12276 0.1909907 -0.3958826 3.005932 0.3044157 -0.7936254 2.937103 
0.00663748 0.6891388 3.04077 0.03433882 0.4299486 3.060132 0.04534908 0.2099161 3.049206 -0.1008205 0.4276652 2.969904 0.01562542 0.2213388 2.800432 0.2658017 0.1630171 2.686654 0.1694981 0.432232 3.150359 0.2190691 0.1476146 3.169563 0.2196311 -0.009622146 2.926439 -0.02653764 -0.01151685 2.982942 -0.1650743 -0.4116493 3.0534 -0.2098367 -0.8434857 3.022423 0.1392563 -0.008715881 3.093621 0.1751663 -0.4120011 2.988622 0.2916549 -0.8122777 2.925231 
-0.003200205 0.6906434 3.049758 0.02209273 0.4446515 3.059664 0.03945255 0.2245678 3.053943 -0.1145905 0.436159 2.971619 -0.02762237 0.1766811 2.805146 0.1873767 0.06876207 2.663785 0.1587759 0.4531439 3.14771 0.226043 0.1350195 3.177388 0.220066 -0.01930902 2.934767 -0.02965245 -0.0008881836 2.992524 -0.1544294 -0.4165188 3.072652 -0.1953989 -0.818638 3.040751 0.1432772 0.009856323 3.103918 0.19991 -0.4239367 3.006381 0.3048314 -0.7850515 2.946338 
-0.009755508 0.6897843 3.054987 0.01179015 0.4614145 3.062231 0.03322769 0.241221 3.061002 -0.1332431 0.4477004 2.989459 -0.1220691 0.1421648 2.814677 0.02838493 -0.02093985 2.639167 0.1568234 0.4751287 3.135003 0.2375201 0.1519694 3.170301 0.2219695 -0.009743683 2.929663 -0.03638013 0.01241821 3.014091 -0.1576558 -0.4064946 3.086055 -0.1992965 -0.8267304 3.039546 0.1457106 0.02963651 3.105457 0.1919855 -0.4005047 3.005215 0.3044722 -0.7894195 2.939788 
-0.01150282 0.6896994 3.055419 0.009860703 0.464242 3.063906 0.03127775 0.2439592 3.063885 -0.1391823 0.4497573 2.999993 -0.1719916 0.140562 2.823325 -0.08629669 -0.03849027 2.614681 0.1589037 0.4787268 3.12782 0.2396586 0.1604767 3.161424 0.2226388 -0.006299957 2.923142 -0.04072475 0.01459741 3.023804 -0.1576541 -0.4076958 3.083351 -0.202493 -0.8270288 3.039395 0.1461143 0.03275537 3.103925 0.1878881 -0.397675 3.005884 0.2989358 -0.7899268 2.93789 
-0.01269175 0.6897552 3.055567 0.01006959 0.4671229 3.065003 0.0338263 0.2470473 3.065316 -0.1422675 0.4505999 3.010009 -0.2419862 0.1747962 2.920082 -0.2104233 0.02876376 2.689357 0.1624067 0.4836457 3.119997 0.2402406 0.1554445 3.145242 0.211271 -0.01773448 2.90468 -0.03780413 0.01662586 3.031195 -0.1493611 -0.4083207 3.083201 -0.1972128 -0.8285963 3.038224 0.1529701 0.03731779 3.100065 0.1934314 -0.393577 3.004972 0.3066089 -0.7904456 2.938359 
-0.01144065 0.6941441 3.069299 0.01031526 0.4751649 3.069697 0.03421038 0.2553094 3.062174 -0.1445974 0.4599998 3.020843 -0.3050824 0.2369989 2.951506 -0.3637575 0.09638214 2.722906 0.1652279 0.49033 3.118552 0.245215 0.1477908 3.143362 0.2026902 -0.01714377 2.885065 -0.03877261 0.02597014 3.024098 -0.1552352 -0.39873 3.069017 -0.205767 -0.8198312 3.025255 0.1549836 0.04493777 3.085203 0.1766674 -0.3871523 2.99107 0.2995986 -0.7991079 2.924959 
-0.00920816 0.6945037 3.063122 0.01051846 0.4752311 3.067285 0.03188599 0.2550088 3.062016 -0.1461639 0.461062 3.024095 -0.3389978 0.252964 2.931804 -0.4536703 0.1413044 2.702419 0.1672008 0.4894003 3.110475 0.2476481 0.1519371 3.146219 0.2000557 -0.01496312 2.879777 -0.04476545 0.02592244 3.029727 -0.1531927 -0.4002109 3.080482 -0.2064949 -0.8291963 3.033102 0.1512725 0.0436506 3.083766 0.1775458 -0.3904555 3.001561 0.2989205 -0.8030727 2.939844 
-0.001870148 0.6891795 3.047037 0.01421787 0.470251 3.060616 0.03326306 0.249785 3.060778 -0.1441338 0.4565446 3.023968 -0.3513798 0.2759032 2.927954 -0.5096255 0.2338061 2.707548 0.1725695 0.4839574 3.097264 0.2429308 0.1570674 3.130648 0.1991308 -0.01686031 2.868977 -0.04676804 0.02074327 3.03801 -0.1458227 -0.4089613 3.072376 -0.2048165 -0.8337827 3.035472 0.1513845 0.03789468 3.08387 0.1824786 -0.3953281 2.998364 0.2999068 -0.8036255 2.945702 
0.001173595 0.6919702 3.047655 0.01521531 0.4718886 3.059232 0.03278736 0.2512396 3.058319 -0.1435003 0.4593988 3.022954 -0.3810685 0.3277161 2.916481 -0.5562798 0.3732656 2.703943 0.1739309 0.4843785 3.095509 0.2557025 0.2372182 3.183774 0.2236761 0.08552934 3.023671 -0.04888807 0.0227805 3.034721 -0.143436 -0.4083805 3.067954 -0.2038142 -0.8271471 3.015074 0.1496069 0.03840069 3.080091 0.188039 -0.3961431 3.005679 0.3005691 -0.798945 2.933159 
