-0.0003720503 0.7089963 2.864097 0.01177905 0.4914536 2.856076 0.02739324 0.2676367 2.852321 -0.1385977 0.4820027 2.794089 -0.337889 0.4999755 2.553366 -0.4256689 0.6997131 2.386497 0.1621558 0.5009046 2.918062 0.2458734 0.1547404 2.920822 0.2845843 -0.09335499 2.694757 -0.05256049 0.03781352 2.809173 -0.1815689 -0.3911841 2.785043 -0.245786 -0.7978696 2.739139 0.1385753 0.0498261 2.887961 0.1683487 -0.3854359 2.782903 0.218776 -0.7829119 2.764719 
0.006416103 0.7039643 2.860888 0.0175229 0.4871691 2.855304 0.03062177 0.2631903 2.854121 -0.1309547 0.4788381 2.788548 -0.2612059 0.562239 2.511824 -0.2614417 0.8074027 2.376776 0.1660005 0.4954999 2.922058 0.2527306 0.1481919 2.918695 0.2931508 -0.08933455 2.689714 -0.05056638 0.03392131 2.810547 -0.1928387 -0.3907205 2.785041 -0.2480838 -0.7930222 2.74036 0.1380077 0.04450194 2.895329 0.1647764 -0.3873915 2.776573 0.2160547 -0.7800174 2.771775 
0.01317775 0.699088 2.851986 0.02213917 0.4818688 2.852439 0.03302883 0.2578289 2.855797 -0.1236338 0.4736994 2.780109 -0.1916929 0.5781842 2.49037 -0.1467431 0.8335726 2.379884 0.1679122 0.4900383 2.924769 0.257284 0.1470213 2.925303 0.296057 -0.09019309 2.6972 -0.04869107 0.02859895 2.813203 -0.1927452 -0.3956887 2.789855 -0.2468085 -0.8002596 2.747149 0.1365281 0.03897902 2.905105 0.1607182 -0.3934096 2.787458 0.2148007 -0.7826086 2.778308 
0.03760741 0.6792327 2.853889 0.03912372 0.463144 2.854761 0.0414573 0.2389641 2.857229 -0.1045655 0.4608053 2.77817 -0.1143529 0.5781228 2.474098 -0.01094743 0.8212551 2.378254 0.1828129 0.4654829 2.931352 0.2506747 0.1459808 2.928489 0.2975952 -0.09147002 2.705521 -0.04750676 0.01329814 2.811032 -0.1907903 -0.4102914 2.775434 -0.2481148 -0.8112224 2.740599 0.1350885 0.01627019 2.90836 0.1615062 -0.4119293 2.777371 0.2148291 -0.7977887 2.775083 
0.0220571 0.688078 2.846918 0.03716324 0.4430001 2.849684 0.03704786 0.2187227 2.854316 -0.1027672 0.4413468 2.766163 -0.01261729 0.5288032 2.470008 0.1655867 0.7274187 2.374104 0.1770936 0.4446534 2.933205 0.2444023 0.1377212 2.940087 0.3007559 -0.09151086 2.71828 -0.05189304 -0.00660408 2.805932 -0.2051906 -0.4267585 2.771074 -0.2566871 -0.8068885 2.740601 0.125758 -0.004505142 2.911967 0.1653141 -0.430852 2.778075 0.2101228 -0.7908722 2.777419 
0.01710575 0.6924362 2.846276 0.03259461 0.4618389 2.850001 0.03948726 0.2378086 2.856966 -0.1011175 0.4548568 2.757751 0.01409321 0.4738639 2.471256 0.2269812 0.6217758 2.363526 0.1663067 0.468821 2.94225 0.2341318 0.1344062 2.945752 0.2952499 -0.09641492 2.730301 -0.03946407 0.009295807 2.804707 -0.1976263 -0.4097351 2.766646 -0.2405829 -0.7811348 2.737858 0.1322239 0.01826096 2.923156 0.1784367 -0.4114303 2.785132 0.2227919 -0.7615082 2.783256 
0.01327373 0.6925603 2.845377 0.02772366 0.4687368 2.850324 0.03900948 0.2448892 2.858473 -0.09887753 0.4586685 2.749084 0.01848365 0.4108969 2.490306 0.243636 0.4855615 2.353441 0.1543248 0.4788052 2.951564 0.2355374 0.1342442 2.961007 0.2833928 -0.09949017 2.742502 -0.03057133 0.01461046 2.801954 -0.2045913 -0.3972025 2.762393 -0.243489 -0.791282 2.732918 0.131162 0.02747282 2.931288 0.1711178 -0.3994891 2.790988 0.2171444 -0.7698538 2.779076 
0.01267592 0.6942975 2.843783 0.02521424 0.4730918 2.848388 0.03726805 0.2492566 2.857425 -0.09930795 0.4621802 2.744215 0.01672714 0.3384519 2.506166 0.244744 0.3366681 2.353952 0.1497364 0.4840034 2.952561 0.2292639 0.1321191 2.966507 0.2627014 -0.1097461 2.754925 -0.02980465 0.01848778 2.800267 -0.2147574 -0.388384 2.76101 -0.2518945 -0.7939613 2.733454 0.1284484 0.03235512 2.932658 0.1638651 -0.3881233 2.777227 0.2164513 -0.7741162 2.771728 
0.003562307 0.6931568 2.839276 0.01801838 0.472003 2.843676 0.03390913 0.2484173 2.852436 -0.1105786 0.4589764 2.74446 -9.937286E-05 0.2376474 2.534995 0.2049724 0.1348415 2.36983 0.1466153 0.4850296 2.942892 0.2147895 0.1829088 2.992487 0.2607198 -0.06956948 2.79828 -0.03188507 0.01655702 2.798173 -0.2124162 -0.3915182 2.751727 -0.2506669 -0.7979143 2.732638 0.1314849 0.03310603 2.924217 0.1680354 -0.3813263 2.755513 0.2208972 -0.7782851 2.769408 
0.0002767878 0.6953076 2.830721 0.01462637 0.4742015 2.84175 0.03060581 0.25074 2.853569 -0.1177205 0.4597742 2.747901 -0.03097968 0.1927935 2.548988 0.1444546 0.05343575 2.377431 0.1469732 0.4886289 2.935599 0.1969475 0.2084929 3.008748 0.2489923 -0.03474621 2.821644 -0.03751568 0.01811037 2.80575 -0.2193031 -0.389858 2.762647 -0.2565262 -0.7968953 2.745547 0.1306862 0.03644637 2.925024 0.1593219 -0.3812716 2.763595 0.2150936 -0.7754328 2.774617 
-0.003864058 0.6963769 2.834843 0.007952646 0.4749113 2.840296 0.02230368 0.2510806 2.845539 -0.1330304 0.4639833 2.759666 -0.1038444 0.1519963 2.571252 0.01566779 -0.02662395 2.37236 0.1489357 0.4858393 2.920926 0.2009967 0.21295 2.998728 0.2410953 -0.02973007 2.82128 -0.05281752 0.02031459 2.799612 -0.2246051 -0.3916771 2.755197 -0.2548483 -0.7905879 2.743361 0.126127 0.03418506 2.901952 0.1595342 -0.3876632 2.753678 0.2143851 -0.7759315 2.765959 
-0.0086578 0.6998869 2.841851 0.003277748 0.4792706 2.842888 0.01721597 0.2553302 2.845069 -0.1428624 0.4694806 2.771628 -0.1774942 0.1580151 2.592817 -0.1243218 -0.03400995 2.367655 0.1494179 0.4890606 2.914148 0.2036096 0.1858817 2.965253 0.2483728 -0.05524748 2.791167 -0.06163637 0.02517369 2.802005 -0.2192224 -0.392288 2.755178 -0.2573111 -0.7871308 2.74857 0.1239448 0.0376059 2.892497 0.1609746 -0.3897119 2.761128 0.2120601 -0.7771 2.766028 
-0.01295696 0.6997732 2.842479 0.001175276 0.4802477 2.841664 0.0168867 0.256415 2.84307 -0.1471928 0.4694163 2.775285 -0.2262615 0.1730243 2.616378 -0.2107228 -0.0004829254 2.371797 0.1495434 0.4910792 2.908043 0.2035281 0.1885264 2.951838 0.2447259 -0.05208382 2.776784 -0.06160957 0.02570477 2.802329 -0.2078856 -0.3955848 2.753935 -0.2498327 -0.791085 2.747488 0.1268058 0.03945984 2.886625 0.1641425 -0.3891242 2.759198 0.2170256 -0.775624 2.766636 
-0.0138446 0.7042947 2.841245 -0.0003966885 0.4846464 2.841825 0.01561666 0.2608248 2.843422 -0.1524946 0.4733556 2.784512 -0.3030732 0.2155131 2.636084 -0.378885 0.06869916 2.391341 0.1517012 0.4959373 2.899138 0.2104523 0.166174 2.925358 0.25694 -0.06197473 2.730543 -0.06496459 0.02983249 2.808621 -0.1960503 -0.396377 2.759735 -0.2501 -0.7930068 2.741269 0.1282246 0.04417374 2.881418 0.1682695 -0.3853172 2.757781 0.2164829 -0.7763403 2.768848 
-0.01323264 0.7066799 2.843444 -9.653949E-05 0.4879611 2.843493 0.01599645 0.2641372 2.843251 -0.1544383 0.4769191 2.792202 -0.3497795 0.2581355 2.646016 -0.5047701 0.1782726 2.403615 0.1542453 0.4990031 2.894783 0.2216008 0.1650348 2.916592 0.2584723 -0.06269251 2.684752 -0.06588555 0.03330389 2.810452 -0.1894972 -0.3945527 2.755821 -0.2535441 -0.7950177 2.742504 0.1300645 0.04732263 2.875569 0.1647543 -0.3855936 2.762714 0.215823 -0.7802035 2.771103 
-0.007335006 0.7034422 2.833846 0.002100621 0.4845851 2.839186 0.01518913 0.2606105 2.841588 -0.1534557 0.4749825 2.791414 -0.368361 0.3020412 2.636053 -0.5537487 0.2774134 2.406782 0.1576569 0.4941877 2.886958 0.2218319 0.1655484 2.91232 0.26049 -0.05704703 2.67589 -0.07050791 0.03053774 2.813652 -0.1888009 -0.3994415 2.764191 -0.2565675 -0.8017436 2.744406 0.1270632 0.04273395 2.874327 0.1628351 -0.3899775 2.760854 0.2122329 -0.7843933 2.767456 
-0.0005577335 0.7006787 2.826102 0.006244819 0.4814122 2.836304 0.01720756 0.2573746 2.842132 -0.1502622 0.4725853 2.791383 -0.3843303 0.3727523 2.609023 -0.5737563 0.450619 2.398212 0.1627518 0.4902392 2.881225 0.2379687 0.1596467 2.901834 0.2693104 -0.05588299 2.653453 -0.07119823 0.02773253 2.81944 -0.1891886 -0.4022708 2.769065 -0.2464562 -0.7979104 2.746817 0.1275388 0.03894127 2.876482 0.1746537 -0.3926015 2.762762 0.2164174 -0.7783319 2.767478 
