0.02536346 0.6984323 3.060085 0.02579386 0.4773301 3.065894 0.03059901 0.2559896 3.063572 -0.1241552 0.4747526 3.001292 -0.3553413 0.4385382 2.835896 -0.4427405 0.6689623 2.653791 0.1757429 0.4799076 3.130497 0.2355736 0.1690486 3.182283 0.3030791 -0.01460983 2.947431 -0.05841127 0.03303657 3.020831 -0.1371466 -0.3996159 3.072676 -0.2096669 -0.8337954 3.020878 0.1292196 0.03626179 3.101668 0.2080802 -0.3870791 2.999204 0.2967273 -0.8049372 2.947555 
0.02036583 0.6899814 3.057929 0.02559805 0.4712536 3.065928 0.03408267 0.2500299 3.065615 -0.1215529 0.4657094 2.995368 -0.2843531 0.4801294 2.769741 -0.2779614 0.7434944 2.624316 0.172749 0.4767978 3.136488 0.2293697 0.1630144 3.191099 0.3046717 -0.02738158 2.951224 -0.04947186 0.02533841 3.021169 -0.1332874 -0.4055745 3.07905 -0.200781 -0.8388025 3.027899 0.1346064 0.03227393 3.109437 0.2143891 -0.3883127 2.996662 0.312737 -0.8094131 2.946762 
0.01702673 0.6778616 3.038114 0.02373932 0.460578 3.06047 0.03362476 0.2397613 3.071403 -0.1217031 0.4504237 2.986892 -0.2158665 0.479799 2.735645 -0.141358 0.7315465 2.611336 0.1691817 0.4707324 3.134047 0.2347844 0.1727313 3.210798 0.3042926 -0.02574718 2.970661 -0.04744819 0.01259418 3.036322 -0.1441766 -0.4167864 3.08121 -0.2080935 -0.8446518 3.025812 0.1344686 0.02529504 3.128352 0.2110194 -0.3866693 2.987375 0.3039701 -0.8051103 2.957635 
0.05486875 0.6227768 3.08423 0.05056768 0.4091367 3.080238 0.04662175 0.1885374 3.073057 -0.08781903 0.4143923 2.994821 -0.1409676 0.4623269 2.702765 -0.01159947 0.6841356 2.577601 0.1889544 0.4038812 3.165655 0.2288862 0.1758044 3.216158 0.3075168 -0.02654361 2.98823 -0.04395076 -0.0287721 3.012408 -0.1728086 -0.4440587 3.072447 -0.2246006 -0.8461289 3.01103 0.1293024 -0.03535184 3.119345 0.2023807 -0.4420712 2.971641 0.2888244 -0.8243717 2.935911 
0.08004091 0.5983948 3.101585 0.06447165 0.3862213 3.090014 0.04846757 0.1665533 3.076608 -0.07003297 0.4015193 2.999912 -0.1009007 0.4266649 2.707178 0.06622306 0.611843 2.583096 0.1989763 0.3709233 3.180116 0.2345748 0.1534048 3.22681 0.2994297 -0.02669905 2.990347 -0.05173289 -0.04353844 3.006801 -0.1752023 -0.4608928 3.076305 -0.2166876 -0.8479939 3.016908 0.1166598 -0.06269072 3.119604 0.2105104 -0.4690014 2.9783 0.2878165 -0.8231474 2.946419 
0.04020238 0.6444141 3.078794 0.07454973 0.3727497 3.099895 0.05882071 0.1534182 3.078791 -0.05520059 0.3913393 3.003401 -0.0752515 0.3807016 2.727554 0.120561 0.5008453 2.587688 0.2043 0.3541601 3.19639 0.2394699 0.1263154 3.215941 0.2941726 -0.02544986 2.978709 -0.03801377 -0.05429318 2.997369 -0.1618731 -0.471702 3.07206 -0.1943852 -0.8443652 3.012561 0.1241972 -0.07753351 3.118003 0.2324194 -0.484078 2.984908 0.3102036 -0.8167543 2.943217 
0.01393606 0.6757274 3.062461 0.03721996 0.4434126 3.073741 0.04855891 0.2233325 3.073282 -0.09080232 0.4370248 2.973833 -0.02335382 0.317718 2.734014 0.2026476 0.3643164 2.582249 0.1652422 0.4498004 3.173649 0.2798239 0.0507916 3.233599 0.2898575 -0.03031953 2.969476 -0.02082664 -0.0007755432 3.009827 -0.1797391 -0.4173951 3.078373 -0.2112496 -0.8237904 3.022787 0.1406223 0.007280151 3.13582 0.2067877 -0.4316005 3.003499 0.3009603 -0.796156 2.941185 
0.01114406 0.6775774 3.047146 0.029561 0.4515525 3.062941 0.04342605 0.2313476 3.06996 -0.09969329 0.4402763 2.964509 -0.01559359 0.2793532 2.749963 0.2180782 0.2857758 2.5944 0.1588153 0.4628288 3.161372 0.2824305 0.05940997 3.224838 0.288547 -0.02721005 2.961328 -0.02392529 0.004057236 3.015131 -0.1757323 -0.4129322 3.064949 -0.2113172 -0.8319665 3.03086 0.1385075 0.01822801 3.138829 0.2020157 -0.4082373 3.000291 0.3011774 -0.7951718 2.949046 
0.009122219 0.6815986 3.051492 0.02560036 0.4571764 3.061921 0.04080912 0.2366896 3.067053 -0.1038824 0.4459511 2.963363 -0.02230614 0.2341765 2.766995 0.2098973 0.189472 2.603801 0.1550831 0.4684016 3.16048 0.2224668 0.1889983 3.195498 0.2331374 0.06511343 2.934019 -0.02514322 0.009166732 3.010407 -0.1715807 -0.4086937 3.049961 -0.2064005 -0.8293163 3.019504 0.137179 0.02323897 3.133961 0.196887 -0.3978494 2.993713 0.3062891 -0.8020312 2.936706 
0.008042281 0.6832097 3.05725 0.01926929 0.4617337 3.061678 0.03118441 0.2407703 3.063395 -0.1154304 0.4537567 2.969872 -0.05235674 0.1797974 2.78579 0.1579467 0.06617158 2.598933 0.153969 0.4697108 3.153484 0.1972363 0.1843378 3.17636 0.2128038 0.00777652 2.947412 -0.04120785 0.01481399 3.007652 -0.1681239 -0.4066687 3.057575 -0.2194807 -0.8326178 3.023728 0.1274069 0.02479956 3.122573 0.1953679 -0.3942898 2.993151 0.2973203 -0.7980537 2.945817 
0.007005589 0.6814414 3.044065 0.01704903 0.4614101 3.05484 0.02898081 0.240438 3.059168 -0.1205749 0.4522704 2.967619 -0.08713116 0.1578738 2.79789 0.0913295 0.01947287 2.587266 0.154673 0.4705497 3.142061 0.1893013 0.1836791 3.16048 0.2059731 -0.01306113 2.948706 -0.04521667 0.01374619 3.008911 -0.1623854 -0.4102944 3.059212 -0.2130077 -0.8368643 3.027877 0.1270419 0.02518588 3.118082 0.2025587 -0.39402 2.995574 0.3047468 -0.8009962 2.940912 
0.007718425 0.6836482 3.050445 0.01696539 0.4625214 3.057034 0.02928844 0.2415126 3.058956 -0.1234131 0.453974 2.97425 -0.1306045 0.1484609 2.807939 -0.008942413 -0.00798027 2.570549 0.1573438 0.4710689 3.139817 0.1850478 0.1832383 3.154624 0.2021972 -0.03028079 2.959821 -0.04621531 0.01515613 3.009085 -0.158358 -0.4103708 3.058109 -0.2095564 -0.8345085 3.026974 0.1294383 0.02585141 3.112671 0.2063294 -0.3939475 2.993887 0.3054236 -0.7970096 2.941805 
0.01092957 0.6915117 3.055015 0.0172985 0.4693981 3.059097 0.02654985 0.2482107 3.057855 -0.126148 0.4638349 2.981301 -0.2001669 0.168124 2.841765 -0.1696227 -0.007563584 2.581964 0.160745 0.4749613 3.136893 0.1784689 0.1861223 3.146431 0.1952929 -0.05271075 2.983616 -0.05390376 0.02354436 3.007964 -0.1565516 -0.4042571 3.057895 -0.2129926 -0.8318166 3.023516 0.1255062 0.03050233 3.105264 0.2015624 -0.3923565 2.998091 0.3042273 -0.7995425 2.939284 
0.01374417 0.6900921 3.057463 0.01766471 0.4686506 3.059137 0.02422109 0.2474265 3.054917 -0.1277352 0.4657564 2.984972 -0.2451147 0.1965745 2.866914 -0.2665744 0.02382303 2.611387 0.1630646 0.4715449 3.133303 0.1772401 0.1824538 3.140951 0.1934883 -0.06576773 2.992778 -0.06019326 0.02439163 3.004293 -0.1583734 -0.4034055 3.062066 -0.2173091 -0.8373788 3.017427 0.1217482 0.02801328 3.097099 0.1975811 -0.3958051 2.99366 0.3006145 -0.8014581 2.935444 
0.01781054 0.6957581 3.057258 0.02012748 0.4741636 3.059842 0.02499452 0.2528472 3.056503 -0.1289499 0.4718886 2.993325 -0.2885237 0.2451342 2.895248 -0.3849033 0.09514392 2.650801 0.1692049 0.4764387 3.126359 0.1782728 0.1870829 3.131268 0.1929387 -0.07511014 3.009314 -0.06337427 0.03010799 3.011563 -0.1484381 -0.4011224 3.064237 -0.2074193 -0.8354086 3.032639 0.1230974 0.03295369 3.094765 0.2031181 -0.3903177 2.99255 0.3082879 -0.7983905 2.944747 
0.0201425 0.6942928 3.056556 0.02177187 0.4736345 3.059647 0.02639565 0.2523096 3.056017 -0.1280382 0.4715701 2.994678 -0.3162665 0.2705689 2.888641 -0.4567601 0.1672146 2.651538 0.1715819 0.475699 3.124615 0.1788348 0.1862771 3.128546 0.1926003 -0.08104163 3.018164 -0.06266598 0.02969362 3.011759 -0.1490589 -0.401882 3.059563 -0.2075319 -0.8371946 3.025947 0.1247048 0.03227562 3.093016 0.1999211 -0.3923929 2.992908 0.3052677 -0.7975449 2.947546 
0.02485067 0.6947379 3.055204 0.02410068 0.474361 3.059243 0.02705688 0.2529984 3.056495 -0.1263223 0.4731418 2.995628 -0.3506234 0.3042844 2.874333 -0.5123655 0.2734061 2.639522 0.1745236 0.4755802 3.122858 0.1803251 0.186116 3.126006 0.1931669 -0.08537854 3.026211 -0.0640681 0.03087324 3.013959 -0.1518815 -0.4002929 3.063258 -0.2090092 -0.8367082 3.030087 0.1240943 0.0323983 3.093534 0.1991522 -0.3931757 2.997113 0.3012054 -0.800312 2.948647 
0.02622784 0.6910993 3.056544 0.02468121 0.472052 3.058767 0.02788382 0.2507302 3.053998 -0.1261476 0.4712204 2.996071 -0.3728217 0.3486486 2.862187 -0.5258915 0.3997427 2.635521 0.17551 0.4728836 3.121462 0.1801506 0.1833923 3.123982 0.1920705 -0.09150052 3.033843 -0.06325189 0.0288884 3.010014 -0.1499332 -0.402941 3.055433 -0.2090039 -0.8384286 3.021503 0.1254247 0.02992868 3.088442 0.2036594 -0.3945502 2.989704 0.3012268 -0.7966866 2.946964 
0.02340312 0.6853262 3.037762 0.02099058 0.4665026 3.049328 0.02370187 0.2451555 3.051293 -0.1315277 0.4641171 2.991051 -0.384423 0.4271434 2.832772 -0.488325 0.5754029 2.617624 0.1735089 0.4688882 3.107605 0.1764783 0.1793684 3.10922 0.1866265 -0.1005321 3.035831 -0.06895591 0.02231674 3.016817 -0.1553346 -0.4101171 3.055982 -0.2134741 -0.8390151 3.030162 0.1217822 0.02530005 3.089698 0.1954945 -0.4002523 2.992027 0.3000276 -0.800973 2.94786 
