0.03326703 0.6928955 3.014101 0.02967281 0.472965 3.031033 0.02993837 0.2516385 3.035547 -0.1243719 0.4716739 2.976802 -0.3562796 0.4561007 2.825225 -0.4139123 0.6791313 2.661428 0.1837175 0.4742559 3.085264 0.2390657 0.150283 3.121831 0.2178053 -0.0296158 2.858259 -0.06614639 0.02950455 3.006141 -0.1319523 -0.4021029 3.077813 -0.2285258 -0.8469511 3.002715 0.1265542 0.03111951 3.073981 0.1969738 -0.3978585 2.989915 0.3050599 -0.803185 2.947414 
0.03077939 0.6964036 3.022537 0.02908876 0.4768328 3.034014 0.03191635 0.255497 3.035895 -0.1221824 0.4743811 2.9729 -0.3190832 0.4974946 2.777179 -0.3157126 0.7503276 2.659019 0.1803599 0.4792846 3.095129 0.2410919 0.1496993 3.124969 0.2163182 -0.03045908 2.854885 -0.05996667 0.03262613 2.999511 -0.1289157 -0.4016248 3.037587 -0.2037819 -0.8295062 3.049087 0.1294545 0.03569618 3.076039 0.203636 -0.3913068 2.985605 0.310181 -0.796393 2.948079 
0.03002502 0.6952876 3.029794 0.03155323 0.4765934 3.03686 0.03620714 0.2552492 3.036598 -0.1150995 0.4735947 2.965365 -0.2409963 0.5383502 2.730566 -0.1480504 0.7964713 2.650858 0.178206 0.4795922 3.108355 0.2385438 0.1601981 3.131018 0.2196666 -0.02901787 2.868921 -0.05079524 0.03203078 2.991652 -0.1275023 -0.3964459 3.066854 -0.2178562 -0.8453235 3.008526 0.1325173 0.03577913 3.081019 0.1984389 -0.3932584 2.993751 0.3064876 -0.7950877 2.948672 
0.04813604 0.6570657 3.059556 0.04540443 0.4422147 3.047991 0.04349317 0.2220062 3.032386 -0.094634 0.4492483 2.965887 -0.1787744 0.5313901 2.711336 -0.04671054 0.7747076 2.641826 0.1854429 0.4351811 3.130095 0.2387788 0.1649041 3.148488 0.2275556 -0.02226486 2.891845 -0.04583443 0.006188278 2.965529 -0.126803 -0.413631 3.051991 -0.2221952 -0.8650198 2.977947 0.1289983 -0.002592911 3.068033 0.1914158 -0.4164772 2.983633 0.3002165 -0.81727 2.938624 
0.07168715 0.6217453 3.076068 0.05995472 0.4097561 3.052883 0.0479993 0.1904059 3.027819 -0.07816851 0.4269763 2.968061 -0.08965527 0.5110826 2.685763 0.1131103 0.7099841 2.636728 0.1980779 0.3925358 3.137705 0.2387207 0.125238 3.16734 0.2271529 -0.01137366 2.89561 -0.05020985 -0.01819066 2.949786 -0.1378867 -0.4232498 3.095594 -0.2268213 -0.8584587 2.994793 0.1222976 -0.03969771 3.055723 0.2078311 -0.4642277 2.987345 0.3010339 -0.8099795 2.948258 
0.07136701 0.6118269 3.07484 0.05902866 0.4001351 3.050687 0.04632453 0.1807509 3.024948 -0.07144868 0.4188713 2.955388 -0.03630562 0.4725368 2.672864 0.1939579 0.6433905 2.63058 0.189506 0.3813989 3.145985 0.2273931 0.120626 3.16563 0.2269219 -0.0135466 2.897613 -0.04816026 -0.02688983 2.939478 -0.1374887 -0.4335606 3.085049 -0.2244987 -0.8542953 2.985475 0.115401 -0.05037677 3.05894 0.2054417 -0.4755574 2.986599 0.2946022 -0.8030943 2.951738 
0.07277618 0.6047652 3.083445 0.05937979 0.3934522 3.057374 0.04547349 0.1743061 3.029721 -0.06838969 0.4140509 2.958384 -0.009626614 0.4262576 2.681917 0.241996 0.5391707 2.619775 0.1871493 0.3728535 3.156364 0.2157274 0.1153234 3.160298 0.225565 -0.01276952 2.894437 -0.04822258 -0.03197656 2.940251 -0.1428529 -0.4341989 3.096528 -0.2271037 -0.8518571 2.995036 0.111357 -0.05770355 3.063886 0.2093888 -0.4809696 2.984948 0.2969178 -0.7955647 2.955392 
0.04152434 0.6578933 3.069854 0.05558793 0.4000922 3.050727 0.04490598 0.1807053 3.023373 -0.07213865 0.4187494 2.950969 0.003670281 0.3716215 2.692967 0.2617502 0.4283983 2.6062 0.1833145 0.3814351 3.150486 0.2093553 0.1141698 3.152148 0.2238009 -0.0106876 2.895727 -0.0455779 -0.02702481 2.933691 -0.1395706 -0.423266 3.105473 -0.2256906 -0.8449731 2.980752 0.114026 -0.05033832 3.058347 0.2204917 -0.4710453 2.974033 0.3084075 -0.7892136 2.941037 
0.02080095 0.6980863 3.072626 0.04080205 0.4681811 3.051633 0.0549681 0.2486978 3.031529 -0.07992292 0.4704025 2.942312 0.0037528 0.2952993 2.732347 0.240917 0.247997 2.605897 0.161527 0.4659597 3.160954 0.2035976 0.1083414 3.161452 0.2272802 -0.009100555 2.904836 -0.006843282 0.03061263 2.942625 -0.1225773 -0.3729648 3.09746 -0.2161133 -0.8316857 2.993275 0.1451116 0.02781658 3.080226 0.2154179 -0.4103226 2.986217 0.3132755 -0.7734863 2.944468 
0.01623856 0.7063827 3.064188 0.0358923 0.483257 3.051448 0.05411681 0.2634061 3.038509 -0.08541175 0.479607 2.942609 -0.01556588 0.252157 2.749136 0.2124177 0.1695814 2.604727 0.1571963 0.486907 3.160286 0.2118057 0.1286763 3.15274 0.2283646 -0.006054138 2.907877 -0.003804708 0.04126404 2.957249 -0.1305436 -0.3647178 3.085513 -0.2205073 -0.8386176 3.012679 0.1484873 0.0458465 3.093891 0.2000701 -0.3872479 2.992601 0.3087425 -0.7843733 2.957927 
0.01694017 0.7062262 3.046689 0.03289085 0.4862145 3.045167 0.05073798 0.2657839 3.039964 -0.09508274 0.4782324 2.944362 -0.0682317 0.1979713 2.77752 0.1395318 0.07447463 2.608485 0.1608644 0.4941967 3.145973 0.2146285 0.1365077 3.137771 0.2311436 -0.00818576 2.896107 -0.01157228 0.04035362 2.971621 -0.1399855 -0.3742093 3.05564 -0.2172857 -0.8311068 3.044238 0.1487425 0.05035301 3.097902 0.1869292 -0.3772235 2.985112 0.303669 -0.7910093 2.953831 
0.01524446 0.7081065 3.047275 0.03227875 0.4863702 3.04651 0.05413356 0.2661858 3.042442 -0.1016767 0.474782 2.954051 -0.1225561 0.1732555 2.789346 0.03193025 0.02062727 2.570975 0.1662342 0.4979583 3.138968 0.2186723 0.1596176 3.138391 0.2302654 -0.01057027 2.902536 -0.007779543 0.038755 2.980557 -0.1282813 -0.3818834 3.045628 -0.2092162 -0.8390434 3.014958 0.1597563 0.05324805 3.096193 0.2040426 -0.3747194 2.990555 0.3178918 -0.7932694 2.944567 
0.01410476 0.7091742 3.051616 0.02789443 0.4867528 3.048836 0.04745863 0.2663716 3.042616 -0.1098656 0.476973 2.962034 -0.1673187 0.1716302 2.804219 -0.05495933 0.01031612 2.561033 0.1656544 0.4965326 3.135637 0.2192923 0.1787954 3.150247 0.2291824 -0.01163736 2.910345 -0.01919309 0.03986974 2.982072 -0.144645 -0.3782507 3.054495 -0.2309326 -0.8429929 3.007566 0.1532388 0.05211101 3.090719 0.1860435 -0.3764927 2.984533 0.3022847 -0.8010573 2.940607 
0.01293063 0.7151628 3.054739 0.02679897 0.4918547 3.05143 0.04618747 0.2714709 3.043744 -0.1134833 0.4824012 2.968621 -0.1896805 0.1708251 2.811613 -0.172838 0.05016625 2.619825 0.1670813 0.5013083 3.134238 0.2256259 0.1748829 3.140128 0.2237242 -0.01708374 2.887948 -0.02215088 0.04517517 2.984272 -0.1360473 -0.3753926 3.061345 -0.2257297 -0.8402421 3.00564 0.1533028 0.0569989 3.087843 0.1856665 -0.372449 2.984941 0.3090621 -0.7965675 2.938153 
0.01010495 0.7154465 3.056117 0.02246972 0.4951138 3.052221 0.0394288 0.2746433 3.041398 -0.1257029 0.4870277 2.984759 -0.2669668 0.2317195 2.869936 -0.3193691 0.1000845 2.642139 0.1706423 0.5031998 3.119684 0.2383522 0.1636944 3.129085 0.2108094 -0.02071112 2.864044 -0.0362386 0.04911804 2.988402 -0.1328536 -0.3751847 3.068956 -0.2308689 -0.8469595 2.998507 0.1490144 0.05922766 3.072747 0.1805475 -0.3728735 2.981638 0.3039986 -0.7938054 2.940189 
0.01252542 0.7159931 3.05599 0.02383575 0.4956941 3.052917 0.04034033 0.2751856 3.041917 -0.125326 0.4878062 2.987232 -0.3104852 0.25586 2.877479 -0.4119748 0.1652662 2.638649 0.1729975 0.5035819 3.118601 0.2451805 0.1683461 3.131538 0.2149195 -0.02135374 2.857582 -0.03636551 0.04974814 2.989871 -0.1283282 -0.3756748 3.070558 -0.2276003 -0.8476633 2.997128 0.1500553 0.05960629 3.071962 0.1803638 -0.3723782 2.979668 0.3071539 -0.7999391 2.941776 
0.01706197 0.7161232 3.057929 0.02710754 0.4959697 3.0542 0.04258114 0.2753846 3.043151 -0.122827 0.4886671 2.99001 -0.3452398 0.2984324 2.883755 -0.4824962 0.2596323 2.646441 0.1770421 0.5032722 3.11839 0.2486016 0.1686705 3.128765 0.218674 -0.01992458 2.847412 -0.03568438 0.05023409 2.991971 -0.1274509 -0.3764581 3.066071 -0.2289941 -0.8466565 2.99246 0.1517939 0.05936519 3.072234 0.1886088 -0.3744833 2.993027 0.305731 -0.7984033 2.947516 
0.01568415 0.7216073 3.058138 0.02675419 0.501163 3.053373 0.0430179 0.2806551 3.041811 -0.1250349 0.493092 2.993785 -0.3795928 0.3495944 2.882715 -0.5325744 0.415563 2.653938 0.1785433 0.509234 3.112962 0.2303734 0.160924 3.100198 0.219203 -0.01554987 2.818763 -0.03569417 0.05509714 2.992965 -0.1265447 -0.3708321 3.072857 -0.2306286 -0.8488124 2.993984 0.1542574 0.06519736 3.067535 0.1875432 -0.3685236 2.985164 0.3053651 -0.7945855 2.944823 
0.01917717 0.7139302 3.058179 0.02829313 0.4954022 3.053287 0.04289358 0.2747567 3.042138 -0.124922 0.4880982 2.997191 -0.3891365 0.3994065 2.852204 -0.510243 0.5597094 2.660836 0.1815083 0.5027062 3.109384 0.2306214 0.1502246 3.090029 0.2207217 -0.011106 2.799245 -0.03832509 0.04954335 2.995906 -0.1220689 -0.3773719 3.078056 -0.2330891 -0.8541366 2.987278 0.1533131 0.05867903 3.06607 0.1801945 -0.376229 2.98748 0.3062083 -0.8032065 2.943459 
