0.05145932 0.7021882 3.056315 0.06663772 0.4830587 3.061019 0.08449395 0.26243 3.056618 -0.08705956 0.4716941 3.007138 -0.3109582 0.4714986 2.862527 -0.3505003 0.6884742 2.685047 0.220335 0.4944232 3.114901 0.2966907 0.1366903 3.104749 0.2931498 -0.1146373 2.893532 0.006202129 0.03469214 3.018511 -0.09720462 -0.3821801 3.117761 -0.2020485 -0.81403 3.021561 0.1984982 0.04891075 3.085924 0.2018652 -0.3839456 2.992921 0.296288 -0.7939275 2.942743 
0.05151148 0.7035862 3.069093 0.06727418 0.4857319 3.065534 0.08560832 0.2653477 3.056121 -0.08397146 0.4757284 3.005149 -0.2593615 0.5111814 2.809265 -0.2194369 0.7610222 2.690001 0.2185198 0.4957354 3.125919 0.2979419 0.1299296 3.102401 0.289367 -0.1203447 2.888365 0.009274301 0.038702 3.008913 -0.0889556 -0.3828047 3.096744 -0.1986878 -0.815632 3.012057 0.1986106 0.05122482 3.084505 0.2070862 -0.3818742 2.992936 0.3017972 -0.7930247 2.939386 
0.05485203 0.6961269 3.063447 0.07001717 0.4795 3.063853 0.08708019 0.2588959 3.057538 -0.07877687 0.4698862 2.99765 -0.1902434 0.5321341 2.766608 -0.08063851 0.7824583 2.682664 0.2188112 0.4891139 3.130056 0.2989156 0.1214126 3.110672 0.2854471 -0.1247767 2.88634 0.01105647 0.03227724 3.009806 -0.08644855 -0.3885121 3.104386 -0.2042549 -0.8293053 3.021676 0.1972299 0.04430621 3.092641 0.205548 -0.3902942 3.008637 0.2989047 -0.8005449 2.945554 
0.07432378 0.6532159 3.084615 0.08419515 0.4399059 3.071461 0.09462674 0.2195268 3.056068 -0.05791662 0.4387394 2.991853 -0.08666527 0.5336835 2.729909 0.1002363 0.7582347 2.681828 0.2263069 0.4410726 3.151068 0.2966404 0.1104688 3.128891 0.2860516 -0.1428322 2.910669 0.01627669 -0.001581085 2.990942 -0.1066002 -0.4138493 3.092909 -0.2119308 -0.8408082 3.0119 0.19384 -0.0001234741 3.090409 0.2036273 -0.4331399 2.999201 0.2933643 -0.8181081 2.929839 
0.06311106 0.6821771 3.069812 0.09625559 0.418022 3.075038 0.09330093 0.1981914 3.05442 -0.03976538 0.4281185 2.986881 -0.0371825 0.507421 2.714557 0.1866003 0.687383 2.662916 0.2322765 0.4079255 3.163194 0.2890551 0.1182283 3.143922 0.2908846 -0.112369 2.928425 0.005004631 -0.01530446 2.978491 -0.1158766 -0.4252914 3.092196 -0.2163002 -0.8370236 3.00249 0.1756879 -0.0279738 3.089112 0.2009215 -0.4605446 2.999613 0.2821296 -0.8187518 2.938069 
0.05379553 0.6981122 3.061698 0.08367474 0.4722267 3.067811 0.105007 0.2527391 3.066743 -0.04367893 0.4603352 2.967875 0.03395677 0.4573941 2.709241 0.2969646 0.5564851 2.646701 0.2110284 0.4841181 3.167747 0.2912825 0.1072115 3.162832 0.3066929 -0.1039477 2.940321 0.04552867 0.02570604 3.002261 -0.09324291 -0.3849146 3.126571 -0.2046416 -0.8242544 3.002336 0.2071499 0.04079717 3.129088 0.2140433 -0.4101913 3.032457 0.2984207 -0.7876388 2.946381 
0.05346167 0.697634 3.060302 0.07928051 0.4777619 3.064338 0.1017932 0.2579539 3.065005 -0.04259495 0.4649549 2.957467 0.04441505 0.4267074 2.72267 0.3111661 0.4809254 2.649559 0.201156 0.4905688 3.171208 0.2981136 0.1180866 3.179431 0.3039602 -0.09223931 2.934519 0.04754437 0.03007971 2.998361 -0.09745911 -0.3803391 3.095672 -0.2154351 -0.8363839 2.99132 0.2010674 0.04621226 3.132983 0.1951846 -0.3924333 3.025482 0.2906948 -0.7934303 2.932918 
0.05909067 0.7050919 3.063006 0.07966417 0.4854397 3.061718 0.09888226 0.2650408 3.06192 -0.03966908 0.4749322 2.950972 0.08486534 0.3199324 2.757392 0.356778 0.2795 2.685697 0.1989974 0.4959473 3.172463 0.2817777 0.122767 3.194096 0.312038 -0.09928808 2.949987 0.04339914 0.03806435 2.992798 -0.09300603 -0.3718238 3.093456 -0.218072 -0.8362643 3.004555 0.1928016 0.05121956 3.131449 0.194357 -0.3802269 3.023211 0.2971217 -0.7989275 2.937505 
0.0589604 0.7039856 3.058831 0.07720937 0.4835449 3.056494 0.09628131 0.2630511 3.053592 -0.04590882 0.4743007 2.9497 0.08592664 0.2384919 2.788614 0.3443328 0.1220923 2.713928 0.2003276 0.4927892 3.163286 0.2840492 0.1709827 3.227961 0.3204292 -0.06749414 3.017084 0.0382992 0.03677167 2.983854 -0.09893463 -0.3682435 3.095885 -0.2160901 -0.8272457 2.99898 0.1924073 0.04834277 3.117528 0.2012191 -0.3804467 3.005445 0.2984557 -0.7945082 2.932038 
0.06212491 0.7047007 3.057864 0.07765763 0.4846221 3.054881 0.09457102 0.2639349 3.050221 -0.05389885 0.4765693 2.958745 0.04896233 0.1803703 2.815429 0.2835567 -0.003899506 2.741908 0.2092141 0.492675 3.151017 0.3338527 0.2093547 3.277499 0.333721 -0.03927164 3.072509 0.02920566 0.03821118 2.985436 -0.09135365 -0.3730194 3.095739 -0.2076849 -0.8240592 3.014285 0.1937632 0.04828406 3.105688 0.208764 -0.3836142 3.009098 0.3036721 -0.7861505 2.941764 
0.05972891 0.7061609 3.057848 0.07546733 0.4859733 3.055676 0.09259904 0.2652926 3.050844 -0.05879501 0.4775724 2.963303 -0.008522015 0.1566874 2.834213 0.1991685 -0.05934088 2.747952 0.2097297 0.4943742 3.148048 0.362495 0.2267288 3.305459 0.3352907 -0.02635039 3.113285 0.02576534 0.03935799 2.988245 -0.09304169 -0.3732681 3.095785 -0.2128195 -0.824383 3.009234 0.1936962 0.0498655 3.103782 0.2042641 -0.3818066 3.005709 0.3021575 -0.7922693 2.934946 
0.05893773 0.7087798 3.056313 0.07765143 0.4903389 3.058746 0.0988229 0.2699734 3.057387 -0.06053669 0.4775924 2.97278 -0.1028553 0.1494173 2.854767 0.01121656 -0.0958445 2.704074 0.2158395 0.5030854 3.144711 0.327185 0.2667385 3.269512 0.2982654 -0.006897919 3.179402 0.03358323 0.04163727 3.002274 -0.08476987 -0.3747116 3.094775 -0.2047339 -0.8238457 3.016518 0.2064055 0.05757843 3.109784 0.2083208 -0.3732221 3.007819 0.3075843 -0.7911565 2.941956 
0.05618486 0.7085794 3.057554 0.07671646 0.4903432 3.059941 0.1000615 0.2701925 3.058951 -0.06339447 0.4758566 2.977425 -0.1389287 0.1557149 2.856361 -0.07261055 -0.09141313 2.672385 0.2168274 0.5048298 3.142457 0.3029621 0.2499655 3.2495 0.2793426 -0.0265914 3.167089 0.03576485 0.04098022 3.006346 -0.08811762 -0.3664924 3.124129 -0.2057365 -0.8241014 3.012805 0.2110484 0.05910346 3.109576 0.2065483 -0.3693355 2.998525 0.3059939 -0.7917073 2.939168 
0.05302521 0.7099429 3.056235 0.07659706 0.4928739 3.060219 0.1030598 0.2730673 3.05912 -0.06938847 0.4756526 2.989437 -0.2389878 0.2159443 2.89355 -0.271835 0.01721246 2.658181 0.2225826 0.5100952 3.131001 0.2741486 0.2350345 3.205269 0.2584568 -0.04588907 3.13694 0.03826122 0.04249493 3.013771 -0.09286132 -0.3750913 3.06645 -0.1934745 -0.7974098 3.083973 0.2207839 0.06402643 3.102269 0.2050984 -0.3652191 2.995581 0.3031297 -0.7901087 2.938354 
0.05186649 0.7034734 3.055548 0.069596 0.4878218 3.057038 0.09102897 0.2675168 3.05319 -0.08243952 0.4740286 2.999896 -0.2792844 0.2549817 2.917731 -0.402841 0.1344177 2.671467 0.2216315 0.5016149 3.114181 0.2528594 0.2180527 3.163682 0.2424729 -0.06579144 3.107488 0.01728325 0.0385769 3.013569 -0.0899824 -0.3774193 3.109832 -0.2332205 -0.8420861 2.997947 0.2076406 0.05584674 3.085115 0.1981341 -0.3745322 2.982766 0.2949208 -0.7971527 2.932653 
0.0522372 0.7045619 3.055719 0.06778816 0.4880273 3.056103 0.08760493 0.2675787 3.051393 -0.08552819 0.4754064 3.001758 -0.3091474 0.2764924 2.916383 -0.4676146 0.1975285 2.675738 0.2211045 0.5006483 3.110448 0.2455376 0.2149418 3.150547 0.2370952 -0.06997193 3.099694 0.01160475 0.03924248 3.012719 -0.08607404 -0.3822998 3.099353 -0.2338582 -0.8458783 2.978492 0.2032387 0.05501775 3.080646 0.2019941 -0.3782148 2.991152 0.2974755 -0.7962644 2.936332 
0.05806874 0.7083393 3.058086 0.06684708 0.4910339 3.055024 0.07999215 0.2702894 3.046066 -0.08720152 0.4840348 3.001443 -0.3362737 0.3286343 2.923095 -0.5291062 0.3813693 2.708498 0.2208957 0.498033 3.108605 0.2360018 0.2100667 3.134689 0.2304308 -0.07642569 3.093166 -0.003226112 0.0451667 3.003591 -0.0770174 -0.3520129 3.16714 -0.2487759 -0.846296 2.950635 0.1895005 0.05392305 3.070625 0.1951943 -0.3813963 2.99094 0.2922699 -0.797686 2.926279 
0.05595967 0.7105213 3.060974 0.06620349 0.4934202 3.05621 0.07975424 0.2726957 3.046299 -0.08619741 0.4866723 2.998116 -0.3466212 0.3548064 2.914551 -0.5329089 0.4583426 2.708493 0.2186044 0.500168 3.114304 0.2305328 0.2116359 3.135281 0.2260091 -0.07543182 3.097801 -0.002034083 0.04774986 3.000046 -0.07265009 -0.3648692 3.127405 -0.2422015 -0.8511004 2.943099 0.1886441 0.05619255 3.072731 0.2060913 -0.3798487 2.999425 0.2999851 -0.7889176 2.943944 
