0.03650156 0.7076324 3.04673 0.04247824 0.4876984 3.054585 0.05394454 0.2667222 3.053735 -0.1056478 0.4802753 2.98623 -0.3371089 0.4619854 2.80934 -0.3901993 0.6875831 2.64922 0.1906043 0.4951215 3.122941 0.2415581 0.1610109 3.147046 0.2402128 -0.01797644 2.876613 -0.02724737 0.04110248 3.010125 -0.1023403 -0.391925 3.061125 -0.2269306 -0.8454696 2.989641 0.158069 0.05038934 3.095643 0.2035954 -0.3772998 2.99094 0.3077907 -0.7978747 2.940436 
0.04035137 0.7017069 3.053785 0.04472398 0.4823169 3.057512 0.05384598 0.2611699 3.054102 -0.09841237 0.4776191 2.979252 -0.2810004 0.5152457 2.770047 -0.2619383 0.7743821 2.666361 0.1878603 0.4870147 3.135771 0.2381029 0.1779402 3.156558 0.2385043 -0.01644379 2.900091 -0.02658658 0.03708368 3.001729 -0.1074272 -0.3969642 3.032037 -0.2054832 -0.8168916 3.073208 0.1525225 0.0429621 3.099656 0.1992472 -0.3866751 3.003698 0.3021421 -0.8070189 2.955864 
0.04150991 0.7006754 3.054802 0.04421883 0.4822919 3.058048 0.05091932 0.2610646 3.053706 -0.09788108 0.4795647 2.977721 -0.2279848 0.5331295 2.742005 -0.173638 0.7985963 2.669971 0.1863187 0.4850191 3.138376 0.2405629 0.170964 3.160267 0.2443696 -0.01455685 2.910585 -0.03123819 0.038132 2.999133 -0.1111146 -0.3939524 3.049155 -0.2132922 -0.8301818 3.043183 0.1464778 0.04154277 3.099594 0.1959667 -0.3872993 3.001267 0.3007363 -0.8008037 2.951505 
0.04562941 0.6954968 3.056309 0.04780423 0.4767883 3.05917 0.05283381 0.2555217 3.054021 -0.09265751 0.4755322 2.975947 -0.1614778 0.5390683 2.720483 -0.05432812 0.7930264 2.671326 0.188266 0.4780444 3.142393 0.2377902 0.1559786 3.153622 0.245622 -0.01766997 2.902236 -0.02999141 0.03346939 2.996818 -0.1064405 -0.3975199 3.060406 -0.2135467 -0.8457731 3.022109 0.1457182 0.03504071 3.100925 0.2022823 -0.3932748 3.004221 0.3045773 -0.8026993 2.950611 
0.04032534 0.6982465 3.063593 0.04489592 0.4793345 3.063191 0.05141371 0.2581779 3.055672 -0.09412226 0.4781494 2.977532 -0.1192181 0.5245162 2.707755 0.02425567 0.7638972 2.6734 0.1839141 0.4805197 3.148849 0.2394091 0.1480067 3.155834 0.2437537 -0.02193188 2.901822 -0.02901585 0.03628011 2.99458 -0.1112891 -0.3934739 3.060669 -0.2169378 -0.8427426 3.012983 0.1448788 0.03776259 3.101728 0.2012206 -0.3908251 3.005879 0.3058223 -0.7963789 2.950964 
0.02829616 0.6894625 3.03931 0.03928965 0.4724447 3.051738 0.05167636 0.2515313 3.055171 -0.09649918 0.46343 2.961593 -0.03434965 0.4509006 2.70518 0.1783168 0.6137361 2.630253 0.1750785 0.4814593 3.141882 0.2050148 0.1804727 3.161266 0.241668 -0.003149506 2.931226 -0.02087925 0.02497891 3.002214 -0.1225633 -0.4007145 3.066471 -0.2154858 -0.8536355 3.002429 0.1490054 0.03625713 3.114994 0.1997431 -0.388281 3.000494 0.3036554 -0.8038762 2.957884 
0.02252889 0.6824654 3.034978 0.03643353 0.46645 3.045341 0.05193233 0.2457083 3.050992 -0.08701668 0.455079 2.93974 0.007616631 0.3864825 2.727084 0.253116 0.465309 2.620099 0.1598837 0.4778211 3.150943 0.1994918 0.1840852 3.153797 0.2434429 -0.01395628 2.941591 -0.009861276 0.01784701 2.990526 -0.1317785 -0.4008262 3.065098 -0.2167117 -0.8512775 2.994353 0.1447235 0.03208591 3.12276 0.1923028 -0.3903859 2.999389 0.2934289 -0.8069022 2.951892 
0.01195434 0.6794148 3.03328 0.03221407 0.4624825 3.040637 0.05249205 0.2421226 3.046923 -0.08605278 0.448418 2.929111 0.03289073 0.3078507 2.756309 0.2827082 0.323954 2.630186 0.1504809 0.476547 3.152162 0.1868479 0.1839448 3.166334 0.2578968 -2.270508E-05 2.944613 -0.001129492 0.01297438 2.983521 -0.1299862 -0.401142 3.071776 -0.2157636 -0.846491 3.005186 0.1466696 0.03055092 3.122895 0.2007715 -0.3908913 2.998416 0.302637 -0.8011888 2.945927 
0.009708261 0.6799511 3.031999 0.03071001 0.4628651 3.039566 0.0527209 0.2426732 3.046205 -0.09002367 0.4475173 2.930809 0.02944164 0.2604305 2.770639 0.2807876 0.2310583 2.641382 0.1514437 0.4782128 3.148323 0.1802537 0.1903032 3.158866 0.2427574 -0.008910873 2.958266 -0.0007657929 0.01288415 2.984835 -0.1306932 -0.4006079 3.074989 -0.2203315 -0.8475454 3.006454 0.1502294 0.03207874 3.120851 0.202841 -0.3899613 2.997665 0.3057318 -0.7942913 2.947491 
0.00858567 0.6800217 3.030649 0.02964162 0.4615853 3.039411 0.05355413 0.2415382 3.044188 -0.09727354 0.4455929 2.938065 0.01084379 0.1906133 2.814662 0.2315479 0.09740853 2.644419 0.1565568 0.4775777 3.140757 0.1938723 0.1922829 3.173122 0.2555258 0.002682678 2.963161 -0.001945707 0.01148441 2.985553 -0.1320539 -0.4019924 3.075968 -0.2260716 -0.8488547 3.00802 0.156879 0.03149771 3.11238 0.2052185 -0.3945038 3.001914 0.3056706 -0.8030574 2.94271 
0.01042662 0.6869731 3.04325 0.03148073 0.465285 3.048225 0.05455342 0.2451196 3.049618 -0.09795001 0.4510978 2.949788 -0.02611292 0.1593225 2.82634 0.1659212 0.03334076 2.633402 0.1609115 0.4794723 3.146661 0.2025775 0.2056405 3.188241 0.2623996 0.008835495 2.965957 -0.003322731 0.01608107 2.989448 -0.1297912 -0.3993891 3.075677 -0.2224885 -0.8439562 3.013396 0.158575 0.0338271 3.112576 0.2008549 -0.393689 3.005587 0.3081412 -0.8027723 2.94442 
0.01281649 0.6878616 3.049555 0.03334247 0.4675742 3.053261 0.05614411 0.2473749 3.052169 -0.1001767 0.4542084 2.960468 -0.08760857 0.1521845 2.834175 0.08149153 -0.001579849 2.631976 0.1668616 0.4809401 3.146055 0.2170595 0.1925246 3.193734 0.267543 0.002755371 2.972786 -0.004615982 0.01881062 2.993003 -0.1295354 -0.3978219 3.075871 -0.2207849 -0.8435271 3.014807 0.1625075 0.03554042 3.109151 0.2033564 -0.3922608 3.002547 0.3116654 -0.803849 2.943655 
0.0125444 0.6899979 3.052684 0.0335092 0.4702444 3.056409 0.05682884 0.2500848 3.055162 -0.1042726 0.4561379 2.970353 -0.1428082 0.154099 2.860573 -0.03230928 -0.0007831574 2.630474 0.171291 0.484351 3.142465 0.2284654 0.1802229 3.190981 0.2699755 -0.005319351 2.969937 -0.006083624 0.02109634 3.000055 -0.1309385 -0.3991915 3.055575 -0.2137623 -0.8272475 3.067854 0.1663806 0.03875379 3.107773 0.1997307 -0.3899429 3.002326 0.3103401 -0.8010752 2.946691 
0.01339845 0.6888845 3.041767 0.03318375 0.4693607 3.051744 0.05660702 0.2492354 3.053842 -0.1083257 0.4535461 2.972358 -0.1843142 0.1720096 2.885271 -0.1264751 0.01797018 2.639721 0.1746932 0.4851752 3.13113 0.2364152 0.1705352 3.178645 0.269875 -0.01327629 2.953756 -0.008506708 0.01921559 3.006271 -0.1323508 -0.4009506 3.067827 -0.2130908 -0.8376443 3.046114 0.1685673 0.0390047 3.105608 0.2012967 -0.3889473 2.996856 0.306949 -0.8003947 2.945397 
0.01895158 0.6917848 3.03686 0.03540512 0.4719461 3.050548 0.05599816 0.2515922 3.055154 -0.1090709 0.4568945 2.976412 -0.2451067 0.213461 2.90019 -0.2637188 0.06862237 2.646777 0.1798812 0.4869977 3.124683 0.2405406 0.1699269 3.159055 0.2452243 -0.008714554 2.928353 -0.01375073 0.02182635 3.013402 -0.1304595 -0.3996425 3.080759 -0.2241454 -0.8418086 3.024083 0.1669331 0.0406501 3.106117 0.2010376 -0.3888497 3.004219 0.3016573 -0.7966556 2.952298 
0.02222284 0.6924551 3.033118 0.03578272 0.4731088 3.048798 0.05377763 0.2525286 3.054514 -0.1118703 0.4592947 2.980551 -0.3040155 0.2541059 2.90507 -0.4092767 0.204864 2.639627 0.1834358 0.4869229 3.117045 0.2394024 0.1769924 3.151518 0.2383175 -0.01352827 2.922092 -0.02054258 0.02331163 3.017561 -0.1237303 -0.4019439 3.083617 -0.2353968 -0.848682 2.995782 0.1640877 0.04058525 3.102899 0.1972016 -0.3895512 3.003397 0.2997176 -0.7986664 2.952027 
0.02139218 0.6954622 3.044493 0.0343529 0.4750305 3.052573 0.05221864 0.2544296 3.052497 -0.1164961 0.4628347 2.991773 -0.3236495 0.282137 2.908023 -0.4469742 0.2766353 2.637318 0.1852019 0.4872263 3.113374 0.2390583 0.1763876 3.144287 0.2314709 -0.0104924 2.91873 -0.02436301 0.0261929 3.014354 -0.1167563 -0.4005604 3.08623 -0.2350375 -0.8485572 2.98429 0.1645318 0.04146465 3.090488 0.2007909 -0.3872731 2.986141 0.3045324 -0.8002758 2.936507 
0.02383061 0.6934963 3.03378 0.03421772 0.4748976 3.047542 0.04916343 0.2540364 3.04991 -0.1194103 0.4639214 2.993454 -0.3466383 0.3482718 2.885784 -0.438983 0.4817882 2.641011 0.1878458 0.4858738 3.101629 0.2392953 0.164613 3.130823 0.22053 -0.01231532 2.88797 -0.03192639 0.02631387 3.018468 -0.108935 -0.4033557 3.091867 -0.2358345 -0.8497806 2.992842 0.1601447 0.0400367 3.08609 0.2010991 -0.3915247 2.99628 0.3019935 -0.8039448 2.945821 
