0.03675678 0.6998776 3.056166 0.03576732 0.4812855 3.053711 0.03705548 0.260062 3.045401 -0.1111579 0.4830916 2.982854 -0.3192253 0.4667743 2.794609 -0.3582909 0.6830728 2.62335 0.1826926 0.4794794 3.124569 0.2289702 0.1551127 3.162266 0.3089207 0.006623016 2.93203 -0.05363572 0.03996925 2.992732 -0.1169867 -0.3927962 3.060957 -0.2078806 -0.8340726 3.02384 0.130323 0.0377079 3.08145 0.2003253 -0.3941323 3.014124 0.2982091 -0.8002375 2.955345 
0.04044446 0.7013356 3.068942 0.03788029 0.4840486 3.058714 0.03729817 0.2630546 3.046185 -0.1054677 0.488822 2.981177 -0.2825041 0.5048385 2.760248 -0.2799767 0.7473423 2.624174 0.1812283 0.4792753 3.13625 0.2360789 0.1471091 3.163109 0.3099552 0.004202286 2.921622 -0.05299884 0.04504787 2.985129 -0.1175974 -0.3856099 3.06425 -0.2066726 -0.8337179 3.019115 0.1264309 0.03907308 3.082182 0.2012084 -0.3912896 3.010366 0.2974702 -0.8002406 2.947423 
0.04143711 0.7006341 3.075412 0.03845758 0.4847805 3.061386 0.03804475 0.2639588 3.045937 -0.103925 0.4906098 2.981867 -0.2287276 0.5254073 2.731624 -0.1770772 0.7763055 2.620968 0.1808401 0.478951 3.140904 0.2330544 0.1530652 3.173072 0.311973 0.00396582 2.936066 -0.05135451 0.04678035 2.98079 -0.1186389 -0.3810569 3.071728 -0.2076169 -0.8366985 3.019043 0.1266183 0.03949385 3.080184 0.2016724 -0.3913295 3.01106 0.3057726 -0.8038535 2.941905 
0.04898022 0.6659523 3.072512 0.04745685 0.4509509 3.061235 0.04721974 0.2299836 3.048227 -0.08807709 0.456416 2.97087 -0.1481144 0.5252976 2.695427 -0.01781842 0.7606982 2.605134 0.1829908 0.4454857 3.151601 0.2315703 0.1498151 3.174309 0.3157963 0.002473541 2.943983 -0.03762633 0.01242802 2.978806 -0.1161839 -0.4125395 3.052848 -0.1957266 -0.8604339 3.022874 0.1315916 0.005604629 3.09163 0.205823 -0.4220013 3.024766 0.3137404 -0.8305044 2.943775 
0.05215629 0.6390826 3.070789 0.0502825 0.4251572 3.058506 0.04906506 0.2041968 3.044968 -0.0853797 0.4314467 2.968049 -0.1010179 0.4971777 2.698734 0.06719933 0.7026551 2.603552 0.1859447 0.4188677 3.148963 0.2288223 0.1563745 3.194174 0.3047393 -0.01188913 2.981511 -0.03679147 -0.01283955 2.974995 -0.1371857 -0.43298 3.058569 -0.2073588 -0.8598354 3.028798 0.1324867 -0.02068751 3.087866 0.205091 -0.4488146 3.011665 0.3072782 -0.8293334 2.930377 
0.03313907 0.6849057 3.059375 0.04815789 0.4463149 3.057357 0.05448477 0.225376 3.051812 -0.08485929 0.4448631 2.96343 -0.03667704 0.4427854 2.69318 0.1818703 0.582953 2.577285 0.1811751 0.4477668 3.151284 0.2312782 0.1505811 3.202546 0.2943067 -0.02061981 2.996064 -0.02339833 0.003517868 2.986804 -0.142632 -0.422628 3.094787 -0.197462 -0.8180597 3.036098 0.1450216 0.005356125 3.105729 0.2253072 -0.445925 3.027152 0.3155762 -0.7877485 2.943065 
0.02564878 0.6859128 3.045259 0.03842638 0.4640472 3.048279 0.05040545 0.2432654 3.052832 -0.07893438 0.4553674 2.936169 0.02405297 0.384786 2.689173 0.2724429 0.4753492 2.568835 0.1557871 0.4727269 3.160388 0.2157812 0.1620337 3.201291 0.2918916 -0.02389664 3.001157 -0.01129019 0.01703487 2.987006 -0.143177 -0.3971569 3.085172 -0.2006649 -0.8350343 3.033862 0.1360592 0.02793248 3.127763 0.195828 -0.4045532 3.028649 0.3030532 -0.7903711 2.956319 
0.02042687 0.6877168 3.05113 0.03963751 0.4687287 3.049065 0.05715227 0.2482394 3.051022 -0.07455973 0.4586304 2.933371 0.05004686 0.3328314 2.702189 0.3091714 0.3873231 2.570401 0.1538347 0.478827 3.164758 0.2249436 0.1630741 3.216205 0.292669 -0.01750604 3.011957 0.003209345 0.02143123 2.980584 -0.1344882 -0.3921528 3.064846 -0.1880873 -0.8279014 3.023953 0.1461247 0.03406902 3.125373 0.2039747 -0.3948033 3.020769 0.3206702 -0.7978678 2.930568 
0.01567153 0.6868688 3.041543 0.03793985 0.4690163 3.046254 0.05944285 0.2490265 3.054277 -0.07522039 0.4537114 2.929892 0.05751484 0.2724217 2.725592 0.315204 0.2757637 2.575277 0.1511001 0.4843213 3.162616 0.2020733 0.2015692 3.198478 0.2664258 -0.003176102 3.004129 0.01013858 0.01945998 2.98949 -0.141447 -0.386845 3.080332 -0.194804 -0.8356476 3.040626 0.1517531 0.03861336 3.135112 0.2010398 -0.3900483 3.030691 0.3122971 -0.796926 2.946522 
0.01173847 0.6841506 3.036236 0.03443877 0.4666001 3.042468 0.05606099 0.2465601 3.051748 -0.08214471 0.4503811 2.929529 0.04827762 0.2102035 2.743293 0.2969065 0.1569211 2.585995 0.1510222 0.482819 3.155406 0.232422 0.1372455 3.216356 0.2823948 -0.05079924 3.016093 0.004747688 0.01637349 2.990372 -0.1531885 -0.3895004 3.070144 -0.2072412 -0.8369216 3.032715 0.1506187 0.0366669 3.131682 0.1936945 -0.3906912 3.021999 0.306223 -0.8056831 2.934971 
0.006571486 0.6866645 3.03312 0.03074478 0.4674327 3.041883 0.05407292 0.2475331 3.051578 -0.08897056 0.4499058 2.932398 0.005139816 0.1646092 2.765623 0.2392128 0.06397751 2.599479 0.1504601 0.4849596 3.151367 0.2599206 0.1213907 3.233883 0.2901278 -0.05421197 3.017442 0.002512892 0.0166695 2.992785 -0.1499954 -0.3920125 3.068508 -0.2046756 -0.8331284 3.035334 0.1522892 0.03859747 3.129761 0.2014835 -0.3887663 3.023953 0.3063276 -0.797434 2.941779 
0.002886131 0.6902958 3.032818 0.02686205 0.4716346 3.043603 0.05373576 0.2520899 3.053046 -0.1014996 0.4516796 2.944963 -0.08722613 0.140176 2.786354 0.09696989 -0.03467099 2.597878 0.1552237 0.4915896 3.142243 0.2758019 0.1614055 3.254095 0.2907398 -0.02104721 2.996894 0.0003330612 0.02006543 3.000801 -0.148042 -0.3907034 3.0734 -0.2053707 -0.8304532 3.035014 0.1608859 0.04502486 3.124178 0.1964924 -0.3832975 3.017769 0.3097838 -0.7987376 2.941247 
0.0004459915 0.6997113 3.057318 0.02666078 0.4788661 3.053869 0.05714187 0.2598879 3.052291 -0.1053774 0.4611649 2.959741 -0.138784 0.1397071 2.811064 -0.01659454 -0.04615509 2.593326 0.158699 0.4965672 3.147998 0.2347094 0.2265964 3.21991 0.2512103 0.0376392 3.001149 0.005030626 0.02983736 2.991834 -0.1384584 -0.3831071 3.061893 -0.1995863 -0.8261306 3.019972 0.1702153 0.05198213 3.109593 0.2011172 -0.3756264 2.99901 0.3154019 -0.7932306 2.928295 
-0.0001590118 0.707455 3.044571 0.02443128 0.4659321 3.054634 0.04196988 0.2462663 3.0432 -0.1148745 0.4591333 2.971566 -0.2042294 0.1793365 2.911496 -0.1420879 0.02449393 2.673391 0.1637371 0.4727309 3.137702 0.2559815 0.1704819 3.233026 0.2745421 -0.02546437 2.979385 -0.02685954 0.02238536 2.980265 -0.1572533 -0.3844193 3.064564 -0.227837 -0.8360856 3.013808 0.1458765 0.03081572 3.083267 0.1782558 -0.391538 2.999497 0.2912599 -0.8134274 2.924425 
0.0007836056 0.7024624 3.03828 0.01857193 0.4709328 3.048583 0.03422907 0.2506066 3.044065 -0.1262288 0.4621417 2.97549 -0.2678363 0.2100165 2.966265 -0.2429456 0.08861968 2.713712 0.1633726 0.4797239 3.121676 0.2482972 0.1947281 3.220434 0.2734371 0.005825226 2.965456 -0.04016187 0.02481342 2.994091 -0.145285 -0.3906009 3.086044 -0.2176319 -0.8317865 3.035959 0.1399343 0.03574733 3.085001 0.1940002 -0.3907848 3.008315 0.3049316 -0.7917084 2.947173 
0.0002453318 0.6996163 3.033465 0.01337429 0.4767327 3.044665 0.02838514 0.255977 3.045691 -0.1370581 0.4662166 2.982886 -0.3226238 0.2624591 2.965056 -0.3751223 0.1823043 2.713417 0.1638067 0.4872488 3.106445 0.2315851 0.2063126 3.204276 0.2748231 0.02453038 2.946964 -0.05047499 0.02865918 3.008166 -0.1375725 -0.3977557 3.081691 -0.2136526 -0.8357512 3.029587 0.137267 0.04178346 3.085267 0.1941581 -0.3872739 2.99981 0.3056741 -0.7971917 2.945902 
0.001930337 0.7059123 3.057634 0.01420023 0.4847633 3.052581 0.03067707 0.2645471 3.042585 -0.1380624 0.475994 2.994788 -0.3524472 0.2928236 2.919466 -0.4584963 0.2629748 2.671417 0.1664629 0.4935327 3.110374 0.2372583 0.2029628 3.190805 0.2680732 0.02044002 2.932232 -0.04796567 0.03885272 2.996486 -0.1309365 -0.3902998 3.062181 -0.209274 -0.825269 3.013826 0.1422735 0.04980927 3.068693 0.2049054 -0.3780491 2.977536 0.3092106 -0.7935183 2.930063 
0.006708485 0.7088892 3.058255 0.01700979 0.4891809 3.052511 0.03146221 0.2687149 3.041317 -0.1361293 0.4819849 2.996522 -0.3642256 0.3354175 2.907252 -0.4727433 0.3767192 2.659748 0.1701489 0.4963769 3.108501 0.2396303 0.198974 3.175414 0.2615824 0.01956487 2.914895 -0.04979007 0.04375177 2.995131 -0.1335247 -0.383794 3.071367 -0.2100543 -0.8307542 3.029889 0.1416194 0.05274609 3.065113 0.201882 -0.3790444 2.992664 0.3020761 -0.7978885 2.944284 
