0.05741303 0.715112 3.040071 0.06273468 0.494631 3.045682 0.07113872 0.2735322 3.039903 -0.09188013 0.4901235 2.993279 -0.3231276 0.5404208 2.850473 -0.3760748 0.8104806 2.74284 0.2173495 0.4991385 3.098085 0.3055499 0.1198799 3.105048 0.3281666 -0.1426435 2.904755 -0.01717433 0.04961374 3.001345 -0.08913964 -0.384248 3.042184 -0.2054623 -0.8061494 3.071999 0.1762598 0.0552529 3.066905 0.2033531 -0.3801625 2.991995 0.3000022 -0.7937384 2.946688 
0.05900652 0.7100896 3.047978 0.06528081 0.4904982 3.048858 0.07414291 0.2694852 3.040321 -0.08629017 0.486745 2.988675 -0.2829897 0.5701606 2.817746 -0.2699129 0.8488064 2.732618 0.2168518 0.4942515 3.10904 0.3048417 0.1104938 3.104542 0.3242385 -0.1463857 2.892731 -0.01191803 0.0461216 2.994095 -0.08460852 -0.3870148 3.045031 -0.197761 -0.8275083 3.041163 0.1779281 0.05082259 3.069475 0.2060598 -0.3836407 2.989268 0.3064462 -0.7991571 2.942657 
0.06153405 0.7068428 3.052912 0.06808046 0.4884723 3.05076 0.07671602 0.2674718 3.041088 -0.08145946 0.4854816 2.985581 -0.2229751 0.584069 2.77887 -0.14885 0.8581895 2.720659 0.2176204 0.4914631 3.115939 0.3024391 0.1117593 3.118768 0.3242547 -0.148055 2.904951 -0.008173085 0.04460075 2.990652 -0.08682428 -0.3888958 3.029379 -0.1942789 -0.8085262 3.082058 0.1788763 0.04834172 3.07218 0.2061441 -0.38556 2.988449 0.3083749 -0.7988113 2.942781 
0.08517057 0.6765951 3.065999 0.08630806 0.46109 3.056975 0.08827901 0.2401999 3.044122 -0.05743984 0.4642351 2.980882 -0.1448573 0.5840468 2.748688 -0.02013097 0.8407642 2.703096 0.230056 0.457945 3.133068 0.2958569 0.1088978 3.134624 0.3228595 -0.1430639 2.917609 -0.0001330302 0.02128726 2.983424 -0.08454172 -0.4071051 3.049669 -0.1889181 -0.8418224 3.048055 0.1806329 0.01733231 3.079113 0.2064323 -0.4123845 2.9989 0.3082325 -0.8190657 2.942578 
0.1119667 0.6314829 3.085992 0.09845899 0.4198257 3.062071 0.08442865 0.2014872 3.035897 -0.03973531 0.4385976 2.979556 -0.09348245 0.5634516 2.728782 0.07403882 0.7945884 2.703014 0.2366533 0.4010538 3.144586 0.2897739 0.101584 3.140471 0.3211946 -0.1378678 2.917604 -0.01416342 -0.005364594 2.959232 -0.1071531 -0.4279793 3.027764 -0.2074393 -0.8503884 3.058035 0.15496 -0.02833783 3.060214 0.1967999 -0.4466421 2.987364 0.290127 -0.8180578 2.926052 
0.1518796 0.590984 3.109538 0.1185428 0.3847824 3.070278 0.08353452 0.1710864 3.029415 -0.01096334 0.4232093 2.980273 -0.0009314079 0.4843336 2.70411 0.2337378 0.6300209 2.676197 0.248049 0.3463555 3.160284 0.2883624 0.1310441 3.183434 0.3101569 -0.1072712 2.97021 -0.03213925 -0.01867465 2.93249 -0.122923 -0.4262847 3.069508 -0.2070745 -0.8461268 3.042874 0.1291916 -0.06654453 3.044614 0.2193602 -0.4924727 3.000313 0.2934343 -0.7995166 2.928505 
0.08592477 0.6726466 3.077255 0.09873432 0.4290001 3.063252 0.08892531 0.2127218 3.039331 -0.02391397 0.4458276 2.961399 0.05027908 0.4140244 2.721045 0.3084255 0.4965271 2.659045 0.2213826 0.4121726 3.165104 0.291108 0.1328152 3.208239 0.2989617 -0.1049426 2.996004 0.000118927 0.007282059 2.949807 -0.1013494 -0.3978068 3.117725 -0.190344 -0.8307936 3.044267 0.1581136 -0.01439507 3.081013 0.2471053 -0.4841995 3.022846 0.3139402 -0.7761238 2.947786 
0.06998583 0.6927242 3.061224 0.08602117 0.4685893 3.055892 0.09805693 0.2490994 3.049295 -0.03238188 0.4654225 2.945233 0.09821588 0.3395936 2.727078 0.3699707 0.3851857 2.653514 0.2044242 0.471756 3.166551 0.2810231 0.1325966 3.195527 0.3218306 -0.1228229 2.99361 0.03557228 0.02761649 2.973051 -0.10061 -0.3830805 3.058733 -0.1906667 -0.8207861 3.049766 0.1846131 0.03160269 3.112344 0.2124554 -0.4090923 3.02283 0.3131095 -0.7848108 2.933584 
0.06493452 0.6976928 3.060065 0.08285705 0.4763502 3.055043 0.09899595 0.2563665 3.050818 -0.03645823 0.4697168 2.94464 0.1011201 0.2808099 2.748035 0.3652215 0.2840181 2.642666 0.2021723 0.4829836 3.165446 0.2840329 0.1282884 3.196253 0.3288517 -0.1344611 3.007546 0.04027911 0.03222109 2.977329 -0.09955448 -0.3821674 3.033542 -0.1935966 -0.8005497 3.084831 0.1899906 0.04054439 3.115858 0.2048929 -0.3936423 3.013696 0.3098724 -0.7862731 2.938255 
0.06716041 0.6980217 3.056908 0.07725865 0.4767144 3.050881 0.08792963 0.2559208 3.044343 -0.04782182 0.4737661 2.946301 0.07099896 0.213918 2.783352 0.3213285 0.1382712 2.655849 0.2023391 0.4796628 3.155462 0.2860187 0.08424371 3.210482 0.3340786 -0.1442883 3.018177 0.02026002 0.03328056 2.972303 -0.1149021 -0.3803358 3.04541 -0.2128564 -0.8169301 3.060357 0.1769412 0.03697376 3.103306 0.1909254 -0.3932322 2.996236 0.2968162 -0.799993 2.931184 
0.06175966 0.7025205 3.057368 0.07100568 0.4808445 3.048482 0.08053158 0.2599922 3.037525 -0.0603197 0.4799853 2.951626 0.02820803 0.1647478 2.800595 0.2498579 0.01934285 2.662429 0.2023311 0.4817037 3.145339 0.3565974 0.105263 3.326803 0.3308929 -0.06331857 3.090992 0.007915448 0.03860258 2.965986 -0.1071337 -0.3736161 3.068541 -0.2032831 -0.8157423 3.053587 0.1721995 0.03967742 3.08715 0.2038634 -0.3925294 2.996417 0.303666 -0.7837431 2.931791 
0.06248032 0.7044553 3.056597 0.07170437 0.4839879 3.04969 0.08163948 0.2630438 3.040356 -0.0625858 0.4818652 2.956996 -0.02686806 0.1458628 2.824287 0.1585028 -0.04343858 2.660019 0.2059945 0.4861106 3.142385 0.3480403 0.1176882 3.317063 0.3270752 -0.0580403 3.083433 0.00756164 0.04077165 2.973032 -0.1012475 -0.3796563 3.045778 -0.1966684 -0.7983752 3.10167 0.1755875 0.0434276 3.089013 0.2063246 -0.389174 2.999716 0.3081515 -0.7885743 2.940369 
0.05855827 0.7011418 3.037174 0.07440969 0.4823145 3.045475 0.09331625 0.2619213 3.048195 -0.06673529 0.4692139 2.965071 -0.1075201 0.1304271 2.863405 -0.02181226 -0.1041116 2.672742 0.2155547 0.495415 3.12588 0.295647 0.1412361 3.223687 0.3357849 -0.1058271 3.031318 0.02396901 0.03333679 3.00064 -0.1002583 -0.3856335 3.052015 -0.1956895 -0.8077233 3.092889 0.2004766 0.04971954 3.101189 0.2088338 -0.3806586 2.999873 0.3074905 -0.7879209 2.941374 
0.05729157 0.7028281 3.032931 0.07381848 0.4844275 3.045855 0.09336103 0.2640249 3.052053 -0.07086479 0.4695165 2.971819 -0.1768526 0.166593 2.889093 -0.1715259 -0.06908331 2.682415 0.2185018 0.4993384 3.11989 0.2911848 0.1378255 3.177167 0.3379115 -0.1331035 2.997313 0.02245586 0.03430074 3.011969 -0.09935286 -0.3883558 3.044462 -0.1974356 -0.8077228 3.08863 0.2033513 0.0529437 3.104535 0.2025675 -0.3763233 2.996619 0.3018257 -0.7876131 2.942135 
0.05510896 0.7050154 3.044407 0.0713762 0.4866915 3.05018 0.09011199 0.2661906 3.05019 -0.07588427 0.4741757 2.981011 -0.2095211 0.2203524 2.972035 -0.2346675 0.034302 2.758777 0.2186367 0.4992074 3.11935 0.2919827 0.1368398 3.153628 0.3368634 -0.1381621 2.98037 0.01671409 0.03785901 3.006924 -0.1021267 -0.38704 3.030548 -0.2032615 -0.799439 3.091589 0.2009815 0.05352014 3.093477 0.1971536 -0.3731694 2.975927 0.2989924 -0.7901449 2.929507 
0.05527746 0.7037758 3.0528 0.06848626 0.4859526 3.051701 0.08357968 0.2652686 3.044776 -0.08282422 0.4775019 2.99121 -0.2444511 0.2628683 2.9603 -0.3809875 0.1471365 2.759392 0.2197967 0.4944032 3.112191 0.3009149 0.1299156 3.122483 0.3318859 -0.1424814 2.935945 0.004003214 0.03929739 3.000004 -0.1030775 -0.3875502 3.038384 -0.206493 -0.8074006 3.077519 0.193343 0.04987198 3.075698 0.1931028 -0.3818961 2.978438 0.2933033 -0.7961639 2.930377 
0.05337026 0.7039034 3.036597 0.06373714 0.4850446 3.044523 0.07601355 0.2640369 3.043708 -0.08911628 0.4767636 2.987648 -0.2990856 0.2871994 2.923833 -0.4863594 0.288639 2.719546 0.2165905 0.4933254 3.101399 0.3020068 0.1472502 3.13537 0.3423873 -0.1189228 2.941409 -0.007292917 0.03785106 3.007327 -0.09502634 -0.3928472 3.048145 -0.2030751 -0.8121811 3.086563 0.1838728 0.04820757 3.078459 0.205207 -0.3878909 3.007841 0.2977174 -0.7939097 2.939248 
0.05553366 0.7036741 3.034723 0.06495012 0.4842825 3.044404 0.07666039 0.263219 3.04516 -0.08836015 0.4759705 2.988696 -0.3235357 0.3360952 2.893917 -0.5098293 0.4178064 2.709068 0.2182604 0.4925944 3.100111 0.3010137 0.1606302 3.144674 0.3347006 -0.09499732 2.941694 -0.007513417 0.03695697 3.011076 -0.09046628 -0.3927706 3.070698 -0.198818 -0.8238493 3.054821 0.1842547 0.04735394 3.080758 0.2111385 -0.3864932 2.998632 0.3013292 -0.7910921 2.940944 
0.06080497 0.7037858 3.043314 0.06827383 0.4841246 3.048337 0.07980061 0.2630801 3.045724 -0.08404823 0.4768729 2.989854 -0.3335848 0.4134975 2.857458 -0.4566236 0.6083452 2.701488 0.2205959 0.4913762 3.106821 0.2967912 0.1516878 3.132918 0.3255086 -0.09199616 2.910888 -0.003967877 0.03749892 3.006521 -0.09086063 -0.3918591 3.06368 -0.1995101 -0.8206899 3.045431 0.1866226 0.04657247 3.079698 0.2107341 -0.3865146 2.991273 0.3037413 -0.7947554 2.935004 
