0.02656378 0.694128 3.092374 0.03414316 0.4746039 3.085479 0.04491671 0.2542026 3.070447 -0.124923 0.4692679 3.049709 -0.3709667 0.4443891 2.868104 -0.4628397 0.6352112 2.695963 0.1932093 0.4799398 3.121248 0.2433991 0.1827718 3.14572 0.192054 0.01329596 2.880936 -0.04388116 0.0304612 3.033024 -0.1339651 -0.4014183 3.069422 -0.212288 -0.8288029 2.995875 0.1552617 0.03714149 3.077806 0.1932057 -0.3963932 2.997013 0.2966027 -0.7894529 2.933946 
0.02896736 0.6871535 3.07411 0.03775059 0.4634525 3.09122 0.04761081 0.2441835 3.065264 -0.1197779 0.4613573 3.049078 -0.3317306 0.4990524 2.840462 -0.3861732 0.7282641 2.70297 0.1952791 0.4655477 3.133363 0.2558824 0.1851656 3.172685 0.2066454 0.04465471 2.92436 -0.04109419 0.02360356 3.012939 -0.1227778 -0.4089465 3.058722 -0.205264 -0.8385153 2.995768 0.1560362 0.02622554 3.065676 0.2017259 -0.4081456 2.994323 0.3005668 -0.7992557 2.927598 
0.03337755 0.6902257 3.067151 0.0397259 0.4681708 3.078692 0.04721792 0.2474246 3.069098 -0.1151379 0.4651483 3.027303 -0.2645912 0.5588784 2.806579 -0.2444795 0.8219665 2.702087 0.1945897 0.4711932 3.130082 0.2437692 0.169562 3.162144 0.2074535 0.0194043 2.889072 -0.04211066 0.02478886 3.027375 -0.1244031 -0.4047453 3.094924 -0.2046551 -0.8353204 3.027333 0.1515305 0.0285681 3.091631 0.2051118 -0.4042758 3.016938 0.3006283 -0.7971848 2.951338 
0.03713921 0.6894277 3.075007 0.0444279 0.4689279 3.079362 0.05202812 0.2480946 3.068278 -0.1071257 0.4667236 3.019355 -0.2032515 0.5684102 2.771793 -0.1322325 0.8307603 2.689716 0.1959815 0.4711321 3.139369 0.2424246 0.1708121 3.163575 0.2150184 0.008300552 2.906684 -0.0352773 0.02588104 3.019617 -0.1133721 -0.4060206 3.075995 -0.1988751 -0.8329329 3.011373 0.154534 0.02864175 3.094772 0.2075128 -0.4031152 3.013058 0.3065169 -0.8005186 2.937634 
0.07037803 0.6524917 3.10297 0.06393939 0.437157 3.09008 0.05677569 0.2175973 3.069582 -0.08007184 0.4486792 3.016994 -0.1396071 0.5541546 2.757135 -0.01863613 0.8000307 2.68408 0.2079506 0.4256348 3.163168 0.2436824 0.1660581 3.166148 0.2228784 -0.002933655 2.916518 -0.03880126 0.005111465 3.004213 -0.1239703 -0.4246087 3.060378 -0.2091662 -0.8548376 3.008708 0.1380252 -0.009036209 3.093954 0.1945646 -0.4270746 3.016705 0.2949642 -0.8226734 2.934839 
0.06617058 0.6647371 3.090031 0.08989052 0.3904251 3.098723 0.06294691 0.174622 3.061212 -0.04608604 0.4218373 3.015674 -0.04942428 0.5134706 2.738429 0.1469158 0.7143737 2.694009 0.2258671 0.3590128 3.181772 0.243886 0.1223891 3.180779 0.2303102 -0.0114129 2.933895 -0.04841452 -0.02167946 2.972143 -0.1359893 -0.4435011 3.068298 -0.2073876 -0.8446931 3.013907 0.1204211 -0.0606826 3.075261 0.2163104 -0.4814846 2.99693 0.3021286 -0.8184561 2.925333 
0.05107506 0.6736932 3.073626 0.07133 0.4298971 3.08351 0.06851313 0.2118377 3.066955 -0.06414057 0.4382463 2.996587 -0.00815747 0.4688213 2.743195 0.2159567 0.6154293 2.674222 0.2068006 0.4215479 3.170433 0.2433282 0.1370551 3.171357 0.2316155 -0.01336633 2.92977 -0.02155024 -0.000844574 2.994419 -0.1270161 -0.4310657 3.092323 -0.1934645 -0.8262504 3.033766 0.1529427 -0.01159882 3.10638 0.2354613 -0.473392 3.014292 0.3139577 -0.7846381 2.943175 
0.04324906 0.676556 3.065575 0.05899754 0.4470847 3.074484 0.06601312 0.2276909 3.068082 -0.07162033 0.4456883 2.979211 0.02168649 0.411522 2.750934 0.2686835 0.5066656 2.671947 0.1896154 0.4484812 3.169758 0.2424184 0.150882 3.17251 0.2313129 -0.002251511 2.930388 -0.009897092 0.007410415 3.001192 -0.1407222 -0.4114078 3.087938 -0.2016554 -0.8304771 3.023413 0.1559545 0.009183578 3.122165 0.2069772 -0.4382181 3.030804 0.296555 -0.792354 2.946063 
0.03455681 0.6763744 3.060041 0.04841981 0.4555036 3.066363 0.06115105 0.2349664 3.066366 -0.08108696 0.4480259 2.96785 0.03115208 0.3276376 2.770501 0.2906371 0.3381351 2.671513 0.1779266 0.4629811 3.164875 0.2385864 0.1369618 3.159896 0.2388692 -0.01613577 2.915903 -0.007355423 0.009738602 3.004573 -0.1462629 -0.4069598 3.06708 -0.2042277 -0.8311294 3.029712 0.15512 0.0191198 3.128164 0.1978906 -0.4087385 3.007706 0.2994924 -0.7958491 2.936942 
0.03095317 0.6785711 3.058931 0.04486928 0.4574755 3.066874 0.05965281 0.236829 3.068164 -0.08567351 0.4481595 2.969525 0.03207368 0.2758143 2.77924 0.2847866 0.2516248 2.667152 0.1754121 0.4667914 3.164222 0.2467964 0.1284845 3.171431 0.236917 -0.01811554 2.928934 -0.007343723 0.01034639 3.00847 -0.1478492 -0.4053804 3.070863 -0.2018617 -0.830611 3.032903 0.1562164 0.02201851 3.13044 0.1983088 -0.4037895 3.009367 0.3005321 -0.7949808 2.939056 
0.02802536 0.6757643 3.059378 0.042353 0.4556379 3.069676 0.05849236 0.2349629 3.07165 -0.0903151 0.4450902 2.975229 0.01554073 0.227408 2.793108 0.2480098 0.152709 2.657454 0.1750211 0.4661856 3.164123 0.2228932 0.1806862 3.169732 0.2172182 0.006486481 2.938528 -0.008433908 0.007683838 3.014489 -0.1501983 -0.4079072 3.073233 -0.2030371 -0.8332762 3.033034 0.1576973 0.020892 3.132759 0.1928784 -0.4047223 3.012405 0.3042082 -0.7990612 2.941224 
0.01905625 0.6777166 3.055691 0.03700928 0.4592976 3.073389 0.05694956 0.2390658 3.082619 -0.101047 0.4432161 2.987929 -0.05552112 0.1715722 2.814972 0.1519658 0.04810499 2.654523 0.1750656 0.4753792 3.15885 0.2057096 0.1874981 3.163156 0.2059721 -0.02433784 2.965776 -0.009503393 0.00877034 3.038369 -0.1524224 -0.4081115 3.080868 -0.20239 -0.8273917 3.038024 0.1632831 0.02889745 3.145329 0.1879997 -0.3946716 3.018078 0.3025329 -0.7916899 2.944613 
0.01771636 0.6810203 3.055233 0.03557772 0.4623179 3.071795 0.05712709 0.2421342 3.079039 -0.1066586 0.4458321 2.993831 -0.116818 0.1638285 2.817443 0.0467357 0.0130836 2.635643 0.177814 0.4788035 3.149759 0.2023197 0.190326 3.153405 0.2044554 -0.03566916 2.972422 -0.01038128 0.01162834 3.037467 -0.1511476 -0.4067865 3.070165 -0.2030927 -0.8263735 3.025505 0.1677342 0.0322726 3.135098 0.1886812 -0.3931275 3.013869 0.3044713 -0.7932221 2.930447 
0.01233373 0.6816101 3.05554 0.03097264 0.4634601 3.071603 0.05279887 0.2432328 3.077199 -0.114489 0.4472176 2.99974 -0.183444 0.1624351 2.841212 -0.07131945 0.006562607 2.632312 0.1764343 0.4797026 3.143466 0.1960292 0.190843 3.146512 0.1995002 -0.04682626 2.981181 -0.01636395 0.01284553 3.037843 -0.155886 -0.4060394 3.070884 -0.2091069 -0.8268692 3.026583 0.1656142 0.03316548 3.127747 0.1822386 -0.3949693 3.016402 0.2955132 -0.791922 2.938566 
0.01118923 0.6870539 3.056784 0.02673109 0.4671733 3.071702 0.04644423 0.246707 3.075356 -0.1236972 0.4527227 3.011377 -0.2497898 0.1842369 2.863177 -0.2183554 0.03982629 2.630727 0.1771594 0.4816239 3.132027 0.2106802 0.1413817 3.136384 0.2050888 -0.07201875 2.951207 -0.02814062 0.01718205 3.041195 -0.161729 -0.4035611 3.075082 -0.2132602 -0.8226826 3.02748 0.1604554 0.03529921 3.116826 0.1787782 -0.3957563 3.018265 0.2951489 -0.7957904 2.930521 
0.0115557 0.6872182 3.056853 0.02637555 0.4674546 3.071268 0.04534348 0.2468913 3.073073 -0.128077 0.4537717 3.022357 -0.3104581 0.2316517 2.904094 -0.3352298 0.09527607 2.670869 0.1808281 0.4811376 3.120179 0.2167318 0.1535472 3.126926 0.2047777 -0.05442163 2.918848 -0.03238101 0.01776195 3.044259 -0.1490459 -0.4079639 3.073811 -0.2066104 -0.830929 3.029954 0.1610038 0.03489387 3.105498 0.1841298 -0.394612 3.001064 0.2989728 -0.7908584 2.928898 
0.01589011 0.6883071 3.057171 0.02667473 0.4686366 3.0702 0.04227329 0.2477976 3.069749 -0.1323121 0.4574754 3.036632 -0.3659033 0.3009271 2.912064 -0.4845352 0.2069849 2.683739 0.1856616 0.4797979 3.103769 0.2233102 0.1642651 3.122751 0.1987361 -0.03226012 2.895539 -0.04151249 0.01998152 3.048314 -0.1429174 -0.4099659 3.075418 -0.209535 -0.8314317 3.023077 0.1572562 0.03393553 3.090282 0.1806516 -0.3982355 2.997216 0.3009132 -0.7987023 2.933988 
0.01868752 0.6895165 3.056016 0.02806039 0.4704697 3.070265 0.04192349 0.2495101 3.070188 -0.1314103 0.4604759 3.037472 -0.3864358 0.3244731 2.919542 -0.5274522 0.2669941 2.69484 0.1875311 0.4804636 3.103058 0.2282544 0.1588305 3.127545 0.1967555 -0.02972276 2.889785 -0.04382101 0.02230817 3.049627 -0.1377269 -0.4094357 3.076128 -0.2118262 -0.829833 3.020733 0.1553942 0.03479275 3.090593 0.1812744 -0.398377 3.002868 0.3015307 -0.8035937 2.935386 
0.02498315 0.6945781 3.069431 0.02949656 0.4752024 3.074314 0.03898415 0.2542825 3.067051 -0.1301221 0.4694465 3.040885 -0.4016868 0.3722285 2.919708 -0.5514722 0.3911812 2.70278 0.1891152 0.4809583 3.107744 0.2314442 0.1652813 3.135274 0.1951517 -0.0194337 2.890466 -0.05133203 0.0297637 3.038885 -0.1428783 -0.4028085 3.060851 -0.2126763 -0.8251134 3.011995 0.1482755 0.03696164 3.08069 0.1820886 -0.3963066 2.996377 0.2974484 -0.8045698 2.920105 
0.02800999 0.6987502 3.06022 0.02808848 0.4782079 3.07021 0.03288175 0.2569427 3.06699 -0.1304042 0.4753439 3.031086 -0.3991909 0.4395812 2.898148 -0.531426 0.5648856 2.689541 0.1865811 0.481072 3.109335 0.2441331 0.1700624 3.156236 0.1981441 0.005586365 2.892124 -0.06143849 0.03388635 3.039303 -0.1364449 -0.4010492 3.07201 -0.2088214 -0.8300295 3.019728 0.1367885 0.03746846 3.088237 0.1912473 -0.3956152 3.015505 0.2984854 -0.8010905 2.9346 
