-0.0008102148 0.7019746 2.842867 -0.003223804 0.4825149 2.842654 -0.001259916 0.2581833 2.839313 -0.1575686 0.4819459 2.790133 -0.3741112 0.4543159 2.619466 -0.4544747 0.6966154 2.469145 0.151121 0.4830839 2.895176 0.2512788 0.1635341 2.908235 0.3139006 -0.01667126 2.637685 -0.09731651 0.03349037 2.802617 -0.2016313 -0.4009052 2.761285 -0.2553897 -0.799848 2.736564 0.09872445 0.03421303 2.869327 0.1505308 -0.3982985 2.761543 0.2141085 -0.7820324 2.780119 
-0.001359978 0.6998802 2.843497 -0.004173072 0.4813131 2.843567 -0.003376301 0.2569528 2.840427 -0.155787 0.4816081 2.78401 -0.3170608 0.4871681 2.563208 -0.3367124 0.7569833 2.444572 0.1474409 0.4810181 2.903124 0.2446363 0.1572577 2.913588 0.3171364 -0.02056085 2.647233 -0.09894372 0.03278003 2.799434 -0.2012552 -0.4017762 2.754293 -0.2547418 -0.7972572 2.736714 0.09378466 0.03240503 2.875141 0.1503251 -0.4011814 2.774473 0.2118282 -0.7829047 2.781092 
-0.002340142 0.6928303 2.860542 -0.001584142 0.4746445 2.8526 0.001047991 0.2503971 2.845192 -0.14494 0.4755015 2.775728 -0.2224387 0.5179739 2.504605 -0.160428 0.7932353 2.410922 0.1417717 0.4737875 2.929473 0.2295 0.1513823 2.924675 0.3251992 -0.0227155 2.668645 -0.08728807 0.02669351 2.789003 -0.1990088 -0.4063491 2.752945 -0.2461532 -0.8061718 2.730188 0.09464832 0.02560586 2.886564 0.160401 -0.4033869 2.77292 0.216454 -0.7851461 2.777869 
-0.01181174 0.6873829 2.867284 -0.005040843 0.4701727 2.857424 -0.0002080657 0.2459752 2.849564 -0.1455937 0.4700332 2.774987 -0.1448609 0.4914843 2.47943 -0.01563878 0.7307079 2.373576 0.135512 0.4703123 2.939861 0.2246343 0.142104 2.93243 0.3317385 -0.02269241 2.677506 -0.0845777 0.02168913 2.789385 -0.2115552 -0.4075045 2.758401 -0.2504718 -0.8004783 2.7358 0.09382713 0.02186626 2.894022 0.1544814 -0.40691 2.776328 0.2136692 -0.7809476 2.774822 
-0.009767806 0.6902169 2.866808 -0.001850234 0.4732061 2.860724 0.004773838 0.2489877 2.857982 -0.1321311 0.4705359 2.764341 -0.09920143 0.4583618 2.478285 0.071153 0.650916 2.356819 0.1284306 0.4758763 2.957107 0.2160374 0.1404154 2.937306 0.3340648 -0.02221629 2.695673 -0.07177478 0.02306453 2.793708 -0.2066627 -0.4037509 2.763227 -0.2388027 -0.7989072 2.741673 0.0945706 0.02647389 2.916772 0.1540187 -0.4012518 2.794693 0.2155076 -0.7737854 2.795973 
-0.0101159 0.6897558 2.868072 -0.002500923 0.4717965 2.862559 0.005756919 0.2475937 2.86171 -0.1213763 0.4678324 2.753087 -0.055243 0.4101967 2.486264 0.1462633 0.5388736 2.34355 0.1163744 0.4757605 2.97203 0.2129501 0.1421827 2.946696 0.3320534 -0.01315036 2.711809 -0.06167421 0.02086694 2.79116 -0.205989 -0.4015999 2.748638 -0.2428913 -0.8007581 2.734698 0.08970374 0.0259148 2.930563 0.1422798 -0.3938538 2.783269 0.211755 -0.7808194 2.78767 
-0.01378271 0.6891664 2.867678 -0.00400555 0.470514 2.862691 0.005736098 0.2463464 2.864553 -0.1091581 0.4649186 2.739141 -0.006406593 0.3310616 2.48388 0.2280989 0.3642766 2.331666 0.101147 0.4761095 2.986242 0.2034766 0.1435293 2.984921 0.3256385 -0.007956223 2.754642 -0.05106342 0.018638 2.78823 -0.2122656 -0.3981637 2.74921 -0.2509917 -0.7994208 2.73303 0.08201891 0.02571966 2.944598 0.1386577 -0.3869843 2.778558 0.212126 -0.7820127 2.777672 
-0.01702131 0.6891119 2.866926 -0.005169156 0.470381 2.861324 0.005607359 0.2462494 2.862609 -0.1102741 0.4646158 2.737239 -0.007702004 0.2795303 2.499941 0.227983 0.263518 2.337334 0.09993578 0.4761463 2.985409 0.1902429 0.1327648 2.98446 0.3284163 -0.01161215 2.76241 -0.05020368 0.01846522 2.785283 -0.2129179 -0.3974214 2.741975 -0.2536789 -0.7974639 2.7295 0.08297143 0.02577019 2.942507 0.1420573 -0.3851247 2.772453 0.2152294 -0.7815048 2.768751 
-0.0155878 0.6946517 2.866552 -0.005122629 0.4743778 2.858564 0.005227031 0.2502694 2.855798 -0.1123882 0.470936 2.736052 -0.03687131 0.2287743 2.514963 0.18682 0.1586191 2.341756 0.1021429 0.4778195 2.981076 0.1967103 0.1337607 2.973473 0.3294305 -0.01290883 2.750702 -0.05247575 0.0239776 2.775307 -0.2202725 -0.3905296 2.738865 -0.2585054 -0.7901307 2.721297 0.08362914 0.0283447 2.930758 0.1416996 -0.3834355 2.762232 0.2157543 -0.7767052 2.761123 
-0.01697091 0.6934499 2.865501 -0.00633169 0.4747816 2.857629 0.005062343 0.2507415 2.852587 -0.1227103 0.4714259 2.743726 -0.1154884 0.1797136 2.54872 0.05571085 0.02812617 2.341592 0.110047 0.4781373 2.971531 0.2086914 0.1384762 2.952101 0.3300124 -0.01723109 2.727838 -0.05740857 0.02457144 2.775253 -0.2220043 -0.3922472 2.753012 -0.2546346 -0.793792 2.741792 0.09032132 0.02883115 2.919839 0.1537672 -0.3890694 2.769474 0.2214608 -0.779756 2.776849 
-0.01779058 0.6933245 2.866361 -0.006570733 0.4745214 2.859769 0.004080977 0.2504243 2.855247 -0.1303445 0.4707643 2.754394 -0.1737196 0.1673352 2.573879 -0.07038118 -0.01866719 2.350382 0.117203 0.4782784 2.965144 0.2153589 0.1432607 2.943582 0.3282246 -0.02012424 2.718612 -0.06400183 0.02393721 2.783695 -0.2280349 -0.393205 2.762128 -0.2594391 -0.797698 2.742249 0.09346721 0.02871706 2.917757 0.1563435 -0.3894618 2.76766 0.220668 -0.7817877 2.779281 
-0.01967235 0.6949717 2.866251 -0.01073309 0.4762184 2.859275 -0.002147225 0.252049 2.853924 -0.144971 0.4732687 2.76746 -0.2481902 0.1910785 2.642739 -0.2542638 -0.01294711 2.411458 0.1235048 0.4791681 2.951089 0.2215562 0.1515671 2.92445 0.3168068 -0.01573222 2.685789 -0.07875147 0.02600769 2.790305 -0.2239045 -0.3969903 2.756663 -0.259578 -0.7980456 2.738502 0.09162876 0.02975159 2.90684 0.1538393 -0.3894617 2.759244 0.2202509 -0.7805346 2.775822 
-0.02320426 0.6990138 2.865093 -0.01112224 0.4812371 2.8594 0.00129573 0.2572551 2.85485 -0.1534437 0.4749418 2.780859 -0.3115212 0.2215451 2.696331 -0.4065908 0.03996245 2.460501 0.1311992 0.4875323 2.93794 0.221159 0.1513727 2.904277 0.3018467 -0.01385144 2.655294 -0.07668128 0.02927464 2.800416 -0.2059456 -0.3991688 2.770063 -0.2502629 -0.7924602 2.745769 0.1041087 0.03727143 2.900185 0.1663493 -0.3847036 2.760708 0.2293727 -0.7696967 2.779888 
-0.02390832 0.7045055 2.864097 -0.0113388 0.4856921 2.85923 0.002683491 0.2617822 2.855254 -0.157214 0.4778283 2.787617 -0.348744 0.2452802 2.712117 -0.5037572 0.1070104 2.482911 0.1345364 0.493556 2.930842 0.2315889 0.1541818 2.886608 0.2844707 -0.01281538 2.630852 -0.07591774 0.03287906 2.805808 -0.2038287 -0.3953663 2.767203 -0.2539525 -0.7930136 2.745232 0.1093293 0.04286532 2.896748 0.1625283 -0.381198 2.760149 0.2228264 -0.7716293 2.772928 
-0.02587543 0.7084873 2.864685 -0.01547016 0.4903504 2.85693 -0.00317394 0.2664001 2.850091 -0.1669492 0.4838418 2.7977 -0.3919776 0.2938375 2.724298 -0.5990194 0.2444218 2.492656 0.1360089 0.496859 2.91616 0.2378477 0.1585215 2.873448 0.2695861 -0.004315827 2.608536 -0.08706543 0.03831692 2.805643 -0.2073693 -0.3916757 2.761245 -0.2614049 -0.7912362 2.742185 0.10531 0.04658267 2.880864 0.1524506 -0.3822466 2.75763 0.2129288 -0.7700792 2.767011 
-0.02396164 0.7076365 2.864952 -0.01524175 0.4905463 2.855987 -0.00441611 0.2665552 2.848054 -0.1686674 0.4850551 2.801666 -0.4065042 0.3254221 2.700666 -0.6092232 0.3641125 2.478977 0.1381839 0.4960376 2.910308 0.2399047 0.1652543 2.868754 0.2669461 0.00548085 2.600347 -0.09097546 0.03907863 2.805642 -0.2011817 -0.3943104 2.770857 -0.2575719 -0.8007982 2.742324 0.1037945 0.04604964 2.874601 0.1546988 -0.3849648 2.761055 0.2167172 -0.7799475 2.773641 
