0.04806205 0.6944518 3.025501 0.0547834 0.4747747 3.036567 0.06506302 0.2537055 3.040763 -0.09876437 0.4665926 2.981653 -0.3559333 0.3542089 2.847921 -0.4910359 0.4269127 2.626962 0.2083312 0.4829569 3.091482 0.2395472 0.1739347 3.124597 0.2446436 -0.04435419 2.876359 -0.0206793 0.02751952 3.010617 -0.1310902 -0.3976848 3.065897 -0.2051921 -0.8272855 3.025123 0.1713646 0.03775299 3.079299 0.1994458 -0.3943572 2.987816 0.2963818 -0.7988549 2.943685 
0.04847718 0.6928824 3.030038 0.05767106 0.4745108 3.03891 0.07091748 0.2535373 3.041512 -0.09416784 0.4647105 2.979608 -0.3514788 0.4365366 2.804998 -0.4390115 0.6170725 2.617177 0.20951 0.4843112 3.098213 0.2368836 0.1642485 3.12743 0.2408843 -0.04757749 2.87515 -0.01082261 0.02643288 3.007015 -0.1157603 -0.3989432 3.070723 -0.1946276 -0.8255308 3.01568 0.1791504 0.03869453 3.081211 0.2084849 -0.3938203 2.991238 0.3048127 -0.7974609 2.941262 
0.04911151 0.6931669 3.031909 0.05878995 0.4749586 3.038996 0.07281692 0.2540056 3.040639 -0.08846156 0.4650927 2.969402 -0.3136078 0.5058741 2.765509 -0.3385041 0.7379726 2.611414 0.2060414 0.4848244 3.10859 0.2422273 0.1723223 3.136623 0.2428176 -0.05037268 2.887004 -0.005330954 0.02687694 2.998719 -0.1158052 -0.3964676 3.066192 -0.1977907 -0.83167 3.018285 0.1790187 0.03922838 3.085846 0.2046567 -0.3943174 2.999679 0.3000543 -0.7973119 2.941122 
0.05169677 0.6918396 3.018854 0.06001366 0.474553 3.03297 0.07264687 0.2536746 3.039765 -0.08481439 0.4639799 2.958544 -0.2668869 0.5409949 2.742218 -0.2512534 0.7886542 2.60701 0.2048417 0.4851262 3.107398 0.2465292 0.1650917 3.131794 0.2458195 -0.05046314 2.878976 -0.005309526 0.02618269 3.000006 -0.1188769 -0.3961962 3.068726 -0.2020573 -0.8300691 3.025646 0.1758697 0.03940968 3.093114 0.2005769 -0.3933878 3.002961 0.2971472 -0.7955583 2.947526 
0.05218517 0.6964036 3.012803 0.0599056 0.4798676 3.029639 0.07086916 0.259057 3.040276 -0.08081954 0.4689475 2.947997 -0.201543 0.5575685 2.708559 -0.1373759 0.8142002 2.61097 0.2006308 0.4907877 3.111281 0.2471717 0.1644605 3.131856 0.2459666 -0.04830853 2.87882 -0.006257836 0.03141074 2.999807 -0.1197052 -0.3914561 3.065876 -0.2028666 -0.8239112 3.023018 0.1699232 0.04508219 3.102019 0.1963311 -0.3849329 3.000426 0.2952482 -0.7887339 2.950049 
0.06763067 0.6836553 3.026031 0.06988806 0.4692221 3.033922 0.0733551 0.2480853 3.038679 -0.06459517 0.4651332 2.94186 -0.1015324 0.5728781 2.674269 0.03003818 0.819393 2.613788 0.2043713 0.4733111 3.125985 0.2406033 0.1781297 3.15515 0.2597949 -0.03675699 2.922598 -0.007299517 0.02439081 2.98585 -0.1267331 -0.3971231 3.05009 -0.2042681 -0.8291377 3.011992 0.1609438 0.02950629 3.101023 0.1962178 -0.3978196 2.990831 0.2925093 -0.8052087 2.937703 
0.08748601 0.6727915 3.044781 0.08621506 0.4590121 3.045581 0.08528127 0.2378154 3.044755 -0.04153164 0.4599281 2.944758 -0.04706496 0.5458878 2.667482 0.1209174 0.7635653 2.608607 0.2139618 0.4580961 3.146404 0.240986 0.1781168 3.164439 0.2682013 -0.02835449 2.932163 0.004298636 0.01719275 2.98075 -0.1140456 -0.4019437 3.059393 -0.1893106 -0.8324606 3.020014 0.1643963 0.01604477 3.107106 0.2074713 -0.4106928 2.99746 0.3032801 -0.8035142 2.954222 
0.07422303 0.6859384 3.02527 0.09564232 0.4413839 3.04985 0.08543485 0.2209262 3.03986 -0.02961233 0.4518671 2.946486 0.007079449 0.5079167 2.669619 0.212924 0.6857832 2.611091 0.220897 0.4309008 3.153214 0.2405452 0.168489 3.161404 0.2774032 -0.04270203 2.938598 -0.003103393 0.007024445 2.96523 -0.1378897 -0.4055382 3.050369 -0.2081843 -0.8338313 3.007064 0.1535581 -0.006087372 3.094511 0.1974849 -0.4321014 2.982421 0.2895574 -0.8175786 2.933284 
0.06828763 0.6845175 3.015671 0.08557038 0.4545358 3.036609 0.08629183 0.2339673 3.038448 -0.03801176 0.4532505 2.930951 0.04847989 0.4494919 2.674379 0.2844798 0.586642 2.612227 0.2091525 0.455821 3.142267 0.2411456 0.1567106 3.162344 0.2823701 -0.0503995 2.948007 0.006770735 0.01256427 2.971683 -0.1254555 -0.3991192 3.067121 -0.1915997 -0.820185 3.029806 0.1672558 0.01423334 3.108892 0.2222687 -0.4238603 3.00211 0.3068217 -0.7829887 2.954605 
0.05810579 0.6867098 3.000923 0.07306949 0.4638925 3.022702 0.07946048 0.2435182 3.033597 -0.04458107 0.4549512 2.91086 0.06852517 0.3833206 2.683324 0.3215629 0.4657349 2.603664 0.1907201 0.4728337 3.134543 0.2418164 0.164283 3.166357 0.285204 -0.03976911 2.957689 0.01075688 0.01743686 2.973105 -0.1381041 -0.3883864 3.067554 -0.1985845 -0.8214983 3.02695 0.1609461 0.02885098 3.115878 0.2025782 -0.4048072 3.009895 0.2947729 -0.7870283 2.947037 
0.05343952 0.688955 3.022698 0.06951529 0.46942 3.028269 0.08126105 0.2486309 3.03506 -0.04371643 0.459798 2.911292 0.08613987 0.2880392 2.696147 0.3568393 0.2922577 2.605586 0.182747 0.4790419 3.145246 0.2404797 0.1713613 3.16688 0.2986988 -0.03219545 2.981304 0.02191816 0.0218011 2.968411 -0.1371245 -0.381509 3.056736 -0.195285 -0.8248449 3.030791 0.1640954 0.03388267 3.115291 0.1997965 -0.3922626 2.995641 0.2980192 -0.7895925 2.948835 
0.05297905 0.690294 3.015853 0.06502105 0.4714694 3.025428 0.07571699 0.2506157 3.035262 -0.05215538 0.4607565 2.912286 0.05457684 0.2137309 2.717805 0.3150084 0.1552004 2.596947 0.1821975 0.4821824 3.13857 0.2406701 0.2077075 3.209827 0.2937904 0.0174984 2.998091 0.01302442 0.0230524 2.974235 -0.1421236 -0.3830396 3.057679 -0.202082 -0.8258263 3.03785 0.1598014 0.03647164 3.115958 0.1975638 -0.389125 2.998602 0.2965604 -0.7892269 2.949892 
0.05312093 0.6854041 3.010595 0.06337514 0.4674709 3.025279 0.07405951 0.2468558 3.039467 -0.05985598 0.454689 2.91933 0.004428528 0.1783033 2.74139 0.2474602 0.08207493 2.595626 0.1866062 0.4802529 3.131228 0.2510721 0.1675743 3.211803 0.2940796 -0.0130656 2.991912 0.007503677 0.018229 2.987247 -0.1400466 -0.3917674 3.065002 -0.2016946 -0.8293681 3.043451 0.1619841 0.0342522 3.120064 0.2058908 -0.3911918 3.005002 0.3025914 -0.7945867 2.948543 
0.05268522 0.6865955 3.021312 0.06623488 0.4676687 3.0313 0.08202176 0.2472235 3.042487 -0.0603334 0.4534343 2.92942 -0.0618509 0.1492117 2.756124 0.1270768 0.009181152 2.569149 0.1928031 0.4819032 3.133179 0.2539994 0.1597139 3.198312 0.2914415 -0.03470908 2.981237 0.01865011 0.01787582 2.989957 -0.1243658 -0.3953846 3.058092 -0.1856662 -0.8276859 3.033338 0.1769672 0.03568088 3.117392 0.2184637 -0.3901228 3.00296 0.3181629 -0.7892063 2.943147 
0.05141034 0.6926681 3.036344 0.06391301 0.4740845 3.038941 0.07901177 0.2533953 3.041879 -0.0700046 0.4636925 2.946561 -0.1630584 0.1605518 2.795907 -0.06627178 -0.03115579 2.570672 0.1978306 0.4844765 3.131321 0.2428672 0.1736665 3.166098 0.2838974 -0.04900099 2.951321 0.01024992 0.02619861 2.986967 -0.1514559 -0.3798788 3.056614 -0.214357 -0.8235346 3.029348 0.1779711 0.03921381 3.102667 0.1918667 -0.3882011 2.98893 0.2881151 -0.791409 2.932134 
0.046332 0.7005118 3.032431 0.0597929 0.4817738 3.038715 0.0760674 0.26105 3.042865 -0.08164869 0.4698367 2.958505 -0.2282427 0.1896361 2.842948 -0.2238391 0.00370459 2.591232 0.2012345 0.4937109 3.118925 0.2432839 0.1679014 3.15304 0.281328 -0.05347908 2.929701 0.003864914 0.03285904 2.996841 -0.1315539 -0.3830998 3.063063 -0.1998318 -0.823106 3.034221 0.1808189 0.0477933 3.09719 0.2044488 -0.3804965 2.987988 0.3037812 -0.788115 2.939847 
0.04569067 0.6997864 3.031653 0.05839301 0.4813652 3.03843 0.07335024 0.2605172 3.041955 -0.08616364 0.4703829 2.963753 -0.2616309 0.2258158 2.880998 -0.314348 0.07545697 2.62014 0.2029497 0.4923475 3.113107 0.2431295 0.1739515 3.150049 0.2734173 -0.05405066 2.924445 -0.002097266 0.0328009 2.998777 -0.1308083 -0.3859219 3.061714 -0.2042264 -0.8280339 3.030865 0.1787122 0.04653741 3.092183 0.2006562 -0.3822151 2.98406 0.2981517 -0.793808 2.943641 
0.04645263 0.7026739 3.043314 0.05585269 0.4848847 3.041609 0.06781172 0.2639969 3.037591 -0.09192442 0.4781298 2.973119 -0.2944512 0.2689815 2.894514 -0.4096999 0.1745854 2.637743 0.2036298 0.4916396 3.110099 0.2418882 0.1768814 3.141644 0.2639761 -0.05043343 2.917602 -0.01270211 0.03888219 2.990714 -0.134405 -0.3828795 3.0471 -0.2092049 -0.8199053 3.022884 0.1722436 0.04733605 3.076431 0.1960753 -0.38316 2.975997 0.2931505 -0.7909774 2.932037 
0.04980578 0.6985866 3.03423 0.05736858 0.4802518 3.038603 0.06745342 0.2591226 3.037235 -0.09426256 0.4737074 2.978641 -0.3385868 0.3357243 2.899898 -0.499768 0.3417232 2.644562 0.2089997 0.4867962 3.098565 0.238249 0.1739936 3.141925 0.2572773 -0.04505454 2.906829 -0.01725996 0.0339019 2.998379 -0.1191801 -0.3908773 3.067918 -0.2001686 -0.828328 3.027692 0.1723365 0.04208484 3.073354 0.2047481 -0.3912406 2.989031 0.2989581 -0.7937821 2.940755 
0.05000044 0.6997963 3.03304 0.05633014 0.4813256 3.037511 0.06643191 0.2601714 3.036463 -0.09641241 0.4746199 2.980279 -0.3497925 0.3773596 2.889454 -0.5081171 0.4534118 2.647584 0.2090727 0.4880314 3.094743 0.2456294 0.1649989 3.137456 0.2561084 -0.04449298 2.899908 -0.01897455 0.0348241 2.999629 -0.1161703 -0.3906114 3.073092 -0.2012252 -0.8276982 3.026597 0.1720419 0.04321019 3.071202 0.2023926 -0.3903967 2.987104 0.3002435 -0.7905965 2.941401 
