0.04433948 0.6938913 3.042257 0.04251632 0.4737929 3.057924 0.04558202 0.2524907 3.061144 -0.1135988 0.4709335 3.010047 -0.3934475 0.4963149 2.880619 -0.5353448 0.6875719 2.727723 0.1986314 0.4766522 3.1058 0.1986306 0.1871126 3.1058 0.1986397 -0.1024266 3.105513 -0.04898488 0.02940034 3.034422 -0.1302121 -0.4042643 3.068777 -0.2069894 -0.8335574 3.030046 0.1462803 0.0329767 3.094305 0.196803 -0.3980038 3.006993 0.2919537 -0.800388 2.941516 
0.04676835 0.6935397 3.048514 0.04159626 0.4738624 3.057886 0.04140534 0.2525469 3.056999 -0.113109 0.4742048 3.005768 -0.3646577 0.5356298 2.848745 -0.457176 0.7540252 2.700783 0.1963016 0.47352 3.110005 0.2398893 0.1702375 3.176197 0.225119 -0.08433006 3.098813 -0.05559825 0.03144566 3.023496 -0.1308306 -0.4036385 3.0545 -0.2048104 -0.8270137 3.020166 0.1380271 0.03101711 3.088727 0.1973592 -0.3972287 2.994102 0.2928703 -0.8000843 2.935519 
0.04736788 0.6967391 3.052225 0.04461915 0.4774341 3.058975 0.04545397 0.2560892 3.056705 -0.1051003 0.4775251 2.995034 -0.3162766 0.5672665 2.817919 -0.3461046 0.806501 2.678869 0.1943386 0.477343 3.122916 0.2557536 0.2060497 3.209704 0.232069 -0.03465723 3.078462 -0.04762241 0.03480132 3.014328 -0.1193469 -0.3991168 3.062103 -0.1882274 -0.8261909 3.021888 0.1402 0.03468706 3.094541 0.2061412 -0.3935504 3.004071 0.3057224 -0.7963748 2.946436 
0.04935551 0.6988942 3.066562 0.04832037 0.4811963 3.063936 0.05057109 0.2600638 3.055658 -0.09917738 0.4822901 2.99462 -0.2750288 0.5820521 2.791981 -0.2509765 0.831623 2.666253 0.1958181 0.4801026 3.133253 0.261783 0.2109381 3.216787 0.2369906 -0.01065334 3.051484 -0.03934292 0.03961463 3.004066 -0.1225635 -0.3889913 3.072521 -0.1881126 -0.8234896 3.020123 0.1449865 0.0382478 3.090692 0.2109025 -0.3892413 2.996353 0.3087462 -0.7939314 2.93702 
0.05391514 0.6960874 3.072315 0.05771087 0.4784519 3.069156 0.06256733 0.2573169 3.060633 -0.08506195 0.4783572 2.990261 -0.1514813 0.568227 2.731046 -0.03487689 0.7992098 2.631019 0.2004837 0.4785467 3.148052 0.2629545 0.1858756 3.213915 0.2460151 -0.02344223 2.994732 -0.02187566 0.03612253 3.002764 -0.1169046 -0.3908038 3.070167 -0.1830551 -0.8276412 3.029565 0.1567232 0.03624106 3.101456 0.2137925 -0.3912225 3.00175 0.3153515 -0.7979846 2.943854 
0.08065437 0.6284115 3.100092 0.07610347 0.4150696 3.082833 0.0713661 0.1947909 3.063664 -0.05696063 0.426041 2.989637 -0.06710954 0.5247404 2.712787 0.1196053 0.7208958 2.637588 0.2091676 0.4040982 3.176029 0.2473561 0.1530316 3.172017 0.2506088 -0.01037662 2.908319 -0.01630288 -0.01864989 2.986412 -0.1392768 -0.4391572 3.047505 -0.1983313 -0.8580291 3.020899 0.1495604 -0.03232567 3.10258 0.205388 -0.4543334 2.999803 0.2953908 -0.8279577 2.934204 
0.06979597 0.6386858 3.086154 0.09482902 0.3556877 3.094067 0.07149743 0.1380468 3.064123 -0.02961953 0.3829717 2.992726 -0.001919123 0.464674 2.710533 0.22543 0.6031464 2.627451 0.2192776 0.3284038 3.195409 0.255784 0.09903684 3.181248 0.2481672 -0.01728678 2.913485 -0.02952186 -0.06256198 2.970917 -0.1649086 -0.468798 3.079171 -0.2044818 -0.8405174 3.033347 0.1258536 -0.09662627 3.097442 0.2178589 -0.5165601 2.999305 0.2877467 -0.8128731 2.950507 
0.05202862 0.6636024 3.073461 0.07266704 0.4131995 3.078692 0.06962115 0.1940276 3.065572 -0.04754223 0.4213305 2.970762 0.03216323 0.4123396 2.725745 0.271282 0.5150945 2.623573 0.1928763 0.4050685 3.186621 0.2540545 0.06097183 3.193051 0.2453144 -0.01514603 2.918124 -0.009937054 -0.01996904 2.983757 -0.1540246 -0.4546432 3.090183 -0.190161 -0.8136632 3.035885 0.1430876 -0.03031969 3.121149 0.2363316 -0.5011517 3.007282 0.3010856 -0.7783116 2.95867 
0.04166773 0.6747294 3.052163 0.0598147 0.4420978 3.063669 0.06727465 0.2224346 3.064714 -0.06154607 0.4374655 2.956381 0.04476634 0.3502283 2.742293 0.2955651 0.4021953 2.628904 0.1811754 0.4467301 3.170957 0.2520664 0.0839432 3.191614 0.2447927 -0.01313631 2.923838 -0.001922352 -0.0001545105 2.997992 -0.1573871 -0.4154677 3.104777 -0.1949104 -0.8191697 3.041074 0.1513916 0.005697449 3.133528 0.2268028 -0.4436747 3.027426 0.3004967 -0.7823918 2.95814 
0.03106433 0.6815053 3.068139 0.05187715 0.459988 3.06916 0.07068525 0.2399366 3.068867 -0.07063159 0.4496594 2.962139 0.04919083 0.2635707 2.766575 0.304962 0.2588798 2.640025 0.1743859 0.4703166 3.176181 0.2440452 0.1207224 3.189126 0.2496458 -0.01407936 2.934747 0.01271235 0.01341176 3.0015 -0.1458728 -0.3970764 3.071774 -0.1881314 -0.8218076 3.031174 0.1662744 0.02635841 3.135648 0.2109088 -0.4019856 3.010345 0.3087582 -0.7956257 2.941633 
0.02321726 0.6851184 3.061434 0.04461577 0.4649162 3.06862 0.06551873 0.2448711 3.072874 -0.0812733 0.4509724 2.965942 0.02868987 0.2157678 2.773238 0.2719894 0.1789916 2.631648 0.1705049 0.47886 3.171298 0.2157861 0.1930179 3.180074 0.223868 0.03066699 2.94047 0.007534923 0.01608829 3.012786 -0.1583431 -0.3905886 3.078767 -0.1998163 -0.8267059 3.042292 0.1653084 0.03356369 3.14147 0.196316 -0.3918445 3.013036 0.3007476 -0.7895907 2.950164 
0.01574734 0.6829231 3.047042 0.0388177 0.4647136 3.067072 0.06265361 0.2456849 3.08314 -0.09225073 0.4435461 2.972959 -0.02419567 0.1802502 2.792428 0.1912425 0.1076248 2.630132 0.1698861 0.485881 3.161186 0.2318233 0.1248732 3.177196 0.2346946 -0.0319406 2.934485 0.004256743 0.01337576 3.040159 -0.1531868 -0.3976929 3.091059 -0.1982336 -0.8319351 3.057352 0.1687223 0.0399368 3.158254 0.1993747 -0.3877412 3.043241 0.302747 -0.7870072 2.957548 
0.01172984 0.682668 3.06438 0.03757799 0.4627565 3.07533 0.06603643 0.2437731 3.083309 -0.09614621 0.442067 2.98445 -0.07219993 0.1612017 2.809629 0.1060452 0.05638347 2.618861 0.1713022 0.483446 3.16621 0.2319954 0.1357594 3.181916 0.2327177 -0.01903986 2.938229 0.01092976 0.01186064 3.034496 -0.144434 -0.4013925 3.0615 -0.1872878 -0.8297951 3.025246 0.17806 0.03771871 3.148078 0.196991 -0.3827689 3.011156 0.3092559 -0.7958049 2.929482 
0.003832565 0.6842979 3.039201 0.03668119 0.458407 3.076484 0.07084395 0.2405557 3.084909 -0.1021045 0.4334782 2.99465 -0.1740818 0.1560272 2.848703 -0.1015246 0.01895317 2.613933 0.1754669 0.4833357 3.158319 0.2352446 0.1401241 3.176757 0.2297158 -0.01880243 2.930561 0.01816982 0.007106857 3.042131 -0.1509627 -0.398653 3.090583 -0.1966313 -0.8267615 3.049203 0.1918436 0.03830225 3.144538 0.1879743 -0.3911961 3.035662 0.3075018 -0.7968469 2.942266 
0.004524145 0.6850788 3.04646 0.0332207 0.4654646 3.074206 0.06678607 0.2472629 3.087287 -0.1120583 0.4389829 3.005252 -0.2630225 0.1862579 2.896914 -0.2581462 0.05351672 2.633796 0.1784997 0.4919463 3.14316 0.2402946 0.1562296 3.172313 0.2234849 -0.0114458 2.920182 0.0094058 0.01248347 3.057203 -0.1556039 -0.3975231 3.073258 -0.1993784 -0.8229365 3.033963 0.1912971 0.0456389 3.143534 0.1813453 -0.3779767 3.015299 0.3035894 -0.7959279 2.932006 
0.002073923 0.6897131 3.066624 0.02409899 0.4702684 3.078956 0.0513926 0.2507829 3.080899 -0.1287399 0.4507946 3.02611 -0.3111883 0.246138 2.916523 -0.3822128 0.1399852 2.666811 0.1769378 0.4897422 3.131802 0.2389928 0.1756444 3.163622 0.2031592 -0.01035162 2.929248 -0.01680893 0.01912994 3.049823 -0.1597067 -0.3992218 3.064948 -0.2070417 -0.8225867 3.023908 0.1741814 0.04346472 3.115861 0.1695442 -0.3826958 2.996171 0.2914073 -0.7952386 2.933538 
0.004581074 0.6944824 3.087319 0.02142933 0.4749888 3.084611 0.0440126 0.2554021 3.075094 -0.133818 0.4610776 3.037193 -0.3402636 0.2746656 2.90922 -0.4592321 0.2243425 2.664798 0.1766767 0.4889001 3.132029 0.2382736 0.1771759 3.156514 0.1937654 -0.01270555 2.926973 -0.03049427 0.0271154 3.035922 -0.1587223 -0.3958341 3.053508 -0.2087419 -0.817084 3.014017 0.163686 0.04451529 3.095231 0.173264 -0.3835129 2.983623 0.2889175 -0.7960305 2.925321 
0.008442062 0.6893498 3.072124 0.02221074 0.4707832 3.077985 0.04058484 0.2505087 3.073961 -0.1341179 0.4585636 3.033063 -0.3680934 0.3242996 2.896669 -0.5098115 0.3328156 2.665579 0.1785394 0.4830028 3.122907 0.2366831 0.1746352 3.152269 0.1891627 -0.01149127 2.920319 -0.03871489 0.02259949 3.041871 -0.1515624 -0.4039932 3.069973 -0.2040696 -0.8314549 3.035239 0.1566328 0.03786903 3.098005 0.1871735 -0.3943472 3.014848 0.292366 -0.8042327 2.947257 
0.01202053 0.6919287 3.077488 0.02171238 0.4745043 3.078061 0.03539063 0.2539382 3.069637 -0.1349706 0.4665021 3.033166 -0.3800359 0.3721518 2.880308 -0.5191336 0.4480962 2.658893 0.1783954 0.4825065 3.122955 0.2383355 0.1738151 3.149661 0.1900735 -0.007337356 2.914272 -0.04889832 0.02836868 3.033143 -0.152496 -0.401157 3.053752 -0.2060492 -0.8207245 3.020927 0.1470361 0.03837552 3.089284 0.1846667 -0.3933319 3.002534 0.2929696 -0.7997766 2.930941 
