0.0293438 0.6755703 3.006486 0.03090415 0.4592119 3.038275 0.03519037 0.2383913 3.05293 -0.1238062 0.4527598 2.986306 -0.3891284 0.3639345 2.912273 -0.5421705 0.4769903 2.700845 0.1856145 0.4656639 3.090244 0.2409099 0.1628843 3.129153 0.2139664 -0.03385483 2.883969 -0.05728533 0.01353531 3.035082 -0.1292871 -0.4201164 3.084955 -0.210694 -0.8376271 3.015769 0.1362385 0.02160602 3.100089 0.2066021 -0.4020821 2.993473 0.3050106 -0.7979304 2.945635 
0.0315963 0.6743157 3.008168 0.03204317 0.4580283 3.039503 0.03651553 0.2371859 3.054254 -0.1228867 0.4514614 2.988159 -0.381585 0.40696 2.891666 -0.4916215 0.5861945 2.710957 0.1869731 0.4645953 3.090847 0.2414559 0.1654475 3.132537 0.2107956 -0.03762193 2.884197 -0.05591622 0.0122359 3.03689 -0.1265646 -0.4218658 3.086611 -0.2114135 -0.8384727 3.017619 0.137892 0.02045081 3.101119 0.2067818 -0.405207 3.001218 0.3064517 -0.7990534 2.949489 
0.03430321 0.6733113 3.008518 0.03469324 0.4567862 3.039823 0.03931457 0.2359327 3.054603 -0.1173708 0.4496741 2.981096 -0.3552931 0.4614792 2.846334 -0.4066246 0.6897506 2.707247 0.1867573 0.4638982 3.09855 0.240727 0.1692243 3.136774 0.2113326 -0.03582498 2.886469 -0.0512912 0.01062541 3.032606 -0.1218188 -0.423909 3.079492 -0.208261 -0.8382001 3.012149 0.139163 0.01953291 3.106159 0.2092339 -0.4056991 3.004835 0.3031848 -0.7953622 2.950753 
0.03599462 0.6707113 3.008173 0.03543468 0.4540105 3.04078 0.03947401 0.2332709 3.05733 -0.1134724 0.4463351 2.97475 -0.3026907 0.5032708 2.80165 -0.2896796 0.7532613 2.70273 0.1843418 0.4616859 3.10681 0.2403222 0.1725764 3.147873 0.2165427 -0.03828369 2.90189 -0.04968611 0.007727432 3.032552 -0.1291149 -0.4251458 3.080223 -0.2089482 -0.8386981 3.019614 0.1367128 0.01733531 3.115206 0.2049884 -0.4081628 3.013556 0.3016185 -0.801914 2.955445 
0.03543802 0.6775342 3.03645 0.03818203 0.4590929 3.0512 0.04345919 0.2379377 3.056082 -0.1068965 0.4539857 2.976656 -0.2075458 0.5289928 2.741403 -0.1004563 0.7791334 2.686676 0.1832606 0.4642002 3.125744 0.2414912 0.1811778 3.158763 0.2185272 -0.03030048 2.925381 -0.04196519 0.01358934 3.014359 -0.1319346 -0.4150577 3.07754 -0.2069168 -0.8274884 3.002197 0.1394379 0.01997536 3.107567 0.2089991 -0.4049744 3.004503 0.3090132 -0.7963524 2.938664 
0.03186504 0.6817782 3.065171 0.03909663 0.4645778 3.063978 0.04665369 0.2437846 3.057244 -0.1040078 0.4620714 2.985564 -0.1500826 0.5083902 2.728174 -0.00165628 0.7326621 2.664157 0.182201 0.4670843 3.142393 0.2423674 0.1722036 3.159472 0.2205578 -0.02556834 2.922149 -0.03529968 0.02142368 3.001462 -0.1287902 -0.4050577 3.073793 -0.2014296 -0.8239337 3.002312 0.1437212 0.0245592 3.099558 0.2056123 -0.4021741 2.999221 0.3113697 -0.7922168 2.938138 
0.03399013 0.6792849 3.048537 0.03889557 0.4629709 3.057985 0.04541701 0.2419502 3.057871 -0.1067824 0.4587104 2.984594 -0.09091344 0.4691171 2.722085 0.09859584 0.6546555 2.645964 0.1845736 0.4672315 3.131377 0.2352865 0.1626862 3.171277 0.2250818 -0.02111493 2.926871 -0.03920018 0.01826389 3.011842 -0.1388484 -0.4069555 3.083922 -0.2141018 -0.8386179 3.022906 0.1430771 0.02359485 3.103672 0.2011558 -0.4049088 3.008745 0.3037408 -0.7957991 2.952703 
0.03049205 0.6793398 3.0398 0.03672905 0.4634992 3.051561 0.044149 0.2423403 3.055758 -0.09852523 0.4572502 2.961402 -0.01705844 0.411816 2.715303 0.2203892 0.5183873 2.617567 0.1719833 0.4697482 3.141721 0.2107418 0.1658803 3.171846 0.2271356 -0.01562825 2.92755 -0.03329041 0.01726079 3.003389 -0.1355481 -0.4098498 3.058566 -0.2053848 -0.8352455 3.006845 0.1364283 0.0251021 3.116522 0.1903889 -0.3998415 3.004838 0.3029788 -0.8007594 2.957176 
0.03365417 0.6782084 3.039783 0.03763973 0.4621046 3.046997 0.04365946 0.2408784 3.051931 -0.08193371 0.4563988 2.937055 0.04519257 0.353227 2.732571 0.3066927 0.4168978 2.631634 0.1572132 0.4678104 3.156939 0.2099485 0.1614439 3.165396 0.2298606 -0.0121879 2.925069 -0.02492343 0.01609224 2.988272 -0.1460834 -0.4005737 3.073613 -0.2066639 -0.8347473 3.010303 0.1242818 0.02321208 3.125459 0.1881384 -0.3965756 3.000433 0.3059935 -0.8073198 2.939554 
0.0329656 0.6742831 3.035805 0.03758702 0.4576503 3.044639 0.04426428 0.2365189 3.052399 -0.08104692 0.4501573 2.933208 0.06108423 0.3026177 2.741275 0.3280867 0.3326026 2.62861 0.156221 0.4651434 3.156069 0.2134527 0.1472153 3.169199 0.2304778 -0.01608997 2.923536 -0.02308646 0.01071172 2.990627 -0.1441553 -0.4079993 3.066549 -0.204246 -0.8344277 3.022688 0.1249695 0.02006309 3.129693 0.1901894 -0.3998233 3.005388 0.3119256 -0.8058256 2.946488 
0.03134716 0.6693627 3.034787 0.03741642 0.4520281 3.046283 0.04496744 0.230944 3.055037 -0.08119708 0.4435543 2.934588 0.05552446 0.2512838 2.75161 0.3248304 0.2394428 2.630854 0.1560299 0.460502 3.157978 0.2001995 0.1331283 3.179579 0.2289435 -0.01706035 2.929124 -0.02158028 0.004566177 2.994015 -0.1425186 -0.4156086 3.062473 -0.2034316 -0.8381577 3.025635 0.1266172 0.01515358 3.133568 0.1903118 -0.4058635 3.012211 0.3116965 -0.8072568 2.941429 
0.03397807 0.6798043 3.031828 0.03948315 0.4581029 3.048215 0.04734718 0.2371056 3.059038 -0.0848588 0.4485226 2.942942 0.01239545 0.1840631 2.783899 0.2455399 0.1065988 2.629875 0.1638251 0.4676831 3.153489 0.1886841 0.1794606 3.165443 0.2142336 -0.01440703 2.951911 -0.02257831 0.01011475 3.004001 -0.14536 -0.4101421 3.069541 -0.2084816 -0.8277287 3.027519 0.1330007 0.02210175 3.135722 0.1914645 -0.3988501 3.011586 0.3103485 -0.7919148 2.946266 
0.03362081 0.6798633 3.031797 0.03988698 0.4586366 3.050152 0.04896776 0.2376612 3.060482 -0.09189681 0.448777 2.955085 -0.04232227 0.1550608 2.790399 0.1525678 0.04743566 2.609533 0.1716708 0.4684961 3.14522 0.2037013 0.134162 3.161938 0.2264686 -0.04888541 2.934835 -0.02459291 0.01050287 3.011194 -0.1478265 -0.4096141 3.077188 -0.2096747 -0.8338729 3.028083 0.14069 0.02286865 3.130429 0.197433 -0.3974055 3.003158 0.311718 -0.7892652 2.945567 
0.03191609 0.6796495 3.044273 0.04011088 0.4581736 3.055352 0.05102497 0.2371667 3.059607 -0.09719213 0.4497178 2.968322 -0.1098326 0.1371524 2.79862 0.02255361 0.005986923 2.589687 0.1774139 0.4666295 3.142383 0.2140643 0.1417205 3.159771 0.2306148 -0.03402029 2.928964 -0.02395464 0.0108699 3.009417 -0.1423777 -0.4110306 3.072737 -0.2083721 -0.8337549 3.016566 0.1478328 0.02144952 3.118306 0.1990504 -0.4008946 2.995766 0.3143794 -0.7989371 2.935501 
0.02881998 0.6820861 3.050027 0.0391685 0.4622669 3.057547 0.05127908 0.2412697 3.058025 -0.1031696 0.4542969 2.978984 -0.1860262 0.1741549 2.895758 -0.1199303 0.0501309 2.677375 0.1815066 0.4702369 3.136111 0.2221947 0.1518594 3.154779 0.2320205 -0.02289546 2.922937 -0.02565037 0.01528693 3.009357 -0.1426116 -0.4078792 3.06657 -0.2119132 -0.8280447 3.018711 0.1524297 0.02525824 3.107649 0.1997204 -0.4018168 3.002341 0.3117945 -0.7930303 2.937152 
0.02589403 0.6817289 3.05339 0.03866358 0.463568 3.057705 0.05292435 0.2427038 3.055153 -0.1072125 0.4549807 2.985714 -0.2305853 0.2161355 2.942825 -0.2309742 0.08486068 2.709818 0.1845397 0.4721552 3.129696 0.2294044 0.1529819 3.147551 0.2315494 -0.02109036 2.91495 -0.02399506 0.01647215 3.007603 -0.1389221 -0.4058937 3.073732 -0.2073353 -0.8319857 3.020653 0.1583653 0.02720708 3.0976 0.203281 -0.403652 3.008307 0.3121463 -0.7910175 2.9374 
0.0204169 0.6839098 3.036466 0.03446055 0.4662028 3.049721 0.05069134 0.2454381 3.051939 -0.1159106 0.4545233 2.987611 -0.305592 0.2525105 2.94717 -0.4122447 0.1562879 2.714107 0.1848317 0.4778823 3.111831 0.2361802 0.151629 3.126672 0.2249357 -0.02415224 2.889576 -0.02708259 0.01737199 3.015329 -0.1381854 -0.4076458 3.069891 -0.2104726 -0.8324724 3.024036 0.1609269 0.03197493 3.092985 0.1998111 -0.4005358 3.007092 0.3069499 -0.7949881 2.943085 
0.02389291 0.684543 3.032753 0.03602432 0.465997 3.048604 0.05127174 0.2451603 3.052591 -0.1165143 0.4544351 2.991549 -0.3546382 0.2868708 2.9463 -0.5103168 0.2684975 2.715904 0.1885629 0.4775589 3.105659 0.2355661 0.1380935 3.095219 0.2199111 -0.0186833 2.834984 -0.02884635 0.01709512 3.020907 -0.1347804 -0.4087093 3.079797 -0.2233562 -0.8446176 3.000529 0.1618847 0.03155191 3.092248 0.1945897 -0.4007957 3.002847 0.305659 -0.7995626 2.942893 
0.02549941 0.6843418 3.031804 0.03682335 0.4661379 3.047793 0.05183329 0.245288 3.05226 -0.1164194 0.454605 2.992542 -0.3733179 0.3209332 2.942158 -0.5271069 0.3665853 2.720908 0.1900661 0.4776707 3.103044 0.2342903 0.1315487 3.074599 0.219682 -0.01335695 2.808918 -0.028993 0.01722563 3.022175 -0.1303529 -0.4093412 3.083699 -0.2252119 -0.8467835 2.994665 0.1626794 0.03165065 3.091281 0.1954645 -0.4001091 2.998872 0.3068857 -0.7977736 2.945224 
0.02490551 0.6867874 3.031848 0.03574292 0.468639 3.046862 0.0510588 0.247788 3.050046 -0.1178217 0.4572042 2.992409 -0.3881702 0.3579698 2.930607 -0.5188937 0.456059 2.708111 0.1893075 0.4800738 3.101315 0.2261415 0.12777 3.072306 0.219855 -0.01114621 2.804469 -0.02966825 0.01978539 3.019174 -0.127261 -0.4075985 3.0813 -0.2302184 -0.8468988 2.986203 0.1624176 0.03408851 3.087286 0.1954111 -0.3983591 2.998112 0.3082858 -0.7989966 2.944597 
