0.02196576 0.7071913 3.057544 0.03653387 0.4886491 3.060254 0.0574482 0.2683093 3.054602 -0.118245 0.4752424 3.010166 -0.3727791 0.4244297 2.889857 -0.4993502 0.5806378 2.708628 0.1913127 0.5020557 3.110341 0.2663676 0.2334564 3.188151 0.4324198 0.2810078 3.420527 -0.01845988 0.03958299 3.017617 -0.09502693 -0.3914694 3.083326 -0.2319621 -0.8539828 2.98612 0.1751849 0.05635612 3.080282 0.1939988 -0.3791694 3.002778 0.3070349 -0.8047013 2.947844 
0.0237438 0.7074516 3.057188 0.03770791 0.4888819 3.060073 0.05758404 0.2684406 3.054546 -0.1160508 0.4763577 3.006639 -0.3683871 0.4642197 2.860412 -0.4491237 0.6718204 2.707481 0.1914666 0.5014061 3.113506 0.2634852 0.2322901 3.192393 0.4333737 0.2823827 3.421438 -0.01870459 0.04016638 3.015601 -0.09857419 -0.3900536 3.083107 -0.2342178 -0.852119 2.987815 0.1736249 0.05583234 3.082439 0.1909327 -0.3794995 3.003377 0.3033117 -0.8042027 2.950514 
0.02898472 0.705678 3.056447 0.03934523 0.4871452 3.059761 0.05676689 0.2664939 3.054795 -0.1107263 0.4767082 2.997023 -0.3277123 0.5216415 2.817136 -0.3332787 0.7594663 2.6981 0.1894168 0.4975822 3.122499 0.2646199 0.231007 3.206851 0.4414377 0.2800187 3.43083 -0.01983957 0.03930334 3.01052 -0.09657568 -0.3914453 3.078465 -0.2361039 -0.8537096 2.981349 0.1682167 0.05238208 3.089138 0.188303 -0.3824678 3.008086 0.2990081 -0.8087943 2.952886 
0.02997236 0.6988652 3.058498 0.04277593 0.4824506 3.059493 0.06013613 0.261803 3.053652 -0.099954 0.4732888 2.981363 -0.2449159 0.5774 2.763542 -0.1554931 0.8313664 2.68757 0.1855059 0.4916123 3.137623 0.2734893 0.2038033 3.20919 0.3832797 0.2281447 3.315585 -0.01166129 0.0354326 2.999007 -0.09477286 -0.390925 3.084057 -0.2336515 -0.8563865 2.97855 0.166654 0.04687846 3.096616 0.1973078 -0.3829489 2.995549 0.3016962 -0.8027135 2.956003 
0.0378627 0.6880376 3.05671 0.04497905 0.4703611 3.058727 0.05373246 0.2492639 3.053566 -0.09675561 0.4666364 2.977891 -0.1587409 0.5821277 2.723361 -0.0104446 0.8175472 2.663248 0.1867137 0.4740859 3.139563 0.2508334 0.2056456 3.203426 0.3887446 0.3048925 3.385171 -0.02614225 0.02583745 2.997858 -0.1104061 -0.3964095 3.099239 -0.2436021 -0.857841 2.981577 0.151114 0.03049571 3.098954 0.1881331 -0.3997701 3.001939 0.2914726 -0.8061281 2.959706 
0.03870907 0.6873078 3.055284 0.045388 0.4699587 3.058225 0.05265318 0.2487718 3.05307 -0.09695048 0.4671467 2.978271 -0.09885923 0.5645728 2.705697 0.08705504 0.7709738 2.659848 0.1877265 0.4727707 3.138179 0.2506253 0.1785059 3.195094 0.3709269 0.3177286 3.387192 -0.02907882 0.02582666 2.997923 -0.1137669 -0.3974185 3.095698 -0.2370752 -0.8538955 2.983726 0.1489155 0.02934302 3.097906 0.1967621 -0.3985421 2.995553 0.3029136 -0.8058064 2.947132 
0.03864642 0.6882445 3.055187 0.04992117 0.4725602 3.060668 0.06102533 0.2515254 3.059724 -0.0860543 0.466111 2.971223 -0.04407522 0.5213195 2.696964 0.1715271 0.6905159 2.647683 0.1858966 0.4790095 3.150112 0.2450148 0.1612011 3.197167 0.3489201 0.3303217 3.391302 -0.01313445 0.02644643 3.002694 -0.1006107 -0.395597 3.103635 -0.2166226 -0.8533167 2.995617 0.1573934 0.0345345 3.114867 0.2116414 -0.3943294 3.019956 0.3109961 -0.7951413 2.964526 
0.04040467 0.6892971 3.056565 0.05356577 0.4740835 3.06068 0.06657389 0.2531197 3.061543 -0.07455751 0.4661509 2.960881 -0.003622436 0.4666677 2.709567 0.2270372 0.581687 2.632916 0.1816891 0.4820161 3.16048 0.2449479 0.1562892 3.211891 0.327278 0.3537025 3.387572 -0.0007033043 0.02718518 2.99987 -0.1096333 -0.3911224 3.092839 -0.2179265 -0.8532053 2.986817 0.1598673 0.03712666 3.124943 0.2033529 -0.3868793 3.007958 0.3021075 -0.7915815 2.958387 
0.03975626 0.6884583 3.058746 0.05853393 0.4721591 3.061119 0.07841057 0.2517869 3.06235 -0.06608935 0.4603367 2.956972 0.03965173 0.3952871 2.726434 0.2824633 0.4695835 2.624133 0.1831572 0.4839816 3.165265 0.2462621 0.1813919 3.248892 0.2853079 0.4411577 3.35187 0.02044768 0.02403046 2.998532 -0.1080422 -0.3916618 3.074776 -0.1974967 -0.843618 3.006876 0.1761267 0.03879901 3.128631 0.2172684 -0.3810212 2.996252 0.319194 -0.7984141 2.948303 
0.03879105 0.6856714 3.050704 0.05677167 0.4680589 3.05528 0.07488372 0.2475669 3.061601 -0.06175439 0.4551312 2.943952 0.07988842 0.2960997 2.744827 0.329172 0.297079 2.602652 0.1752978 0.4809865 3.166608 0.2571468 0.1882337 3.270741 0.3209661 0.4522586 3.361551 0.01891006 0.01899439 2.998335 -0.1358494 -0.3889316 3.069806 -0.2084802 -0.8383926 3.018005 0.1670815 0.03515546 3.137508 0.1907312 -0.3850883 3.001223 0.3006724 -0.8035852 2.949512 
0.03589099 0.688153 3.054671 0.05531652 0.4682416 3.060027 0.07387821 0.2477573 3.066623 -0.06595778 0.4547864 2.951539 0.06822225 0.2230101 2.762235 0.3036918 0.1555586 2.597684 0.1765908 0.4816969 3.168515 0.3540516 0.2133445 3.341216 0.3373138 0.4934929 3.377286 0.01659552 0.01885803 3.005371 -0.1449097 -0.3872713 3.075272 -0.2135884 -0.8360896 3.028491 0.1682842 0.03568773 3.141067 0.1940399 -0.3846268 3.004672 0.2979012 -0.7992748 2.953384 
0.03385481 0.6882759 3.056009 0.05495037 0.4683566 3.062711 0.07654956 0.2481215 3.068371 -0.07021067 0.453418 2.959057 0.03608185 0.1790382 2.770567 0.2513158 0.07018558 2.600491 0.1801114 0.4832953 3.166365 0.313765 0.2181011 3.324656 0.3507276 0.4907065 3.379281 0.01981939 0.01853728 3.009161 -0.1371817 -0.3902313 3.074038 -0.2005922 -0.8338707 3.029019 0.1764781 0.03723537 3.138899 0.2082272 -0.3835834 3.005211 0.3148017 -0.8001691 2.941839 
0.03137512 0.6913581 3.055885 0.05210156 0.4723742 3.064747 0.07577631 0.2523035 3.069691 -0.07984285 0.4560552 2.970166 -0.03574589 0.1450257 2.823617 0.130895 -0.02347594 2.63439 0.184046 0.4886932 3.159329 0.2712408 0.2122289 3.281295 0.3660969 0.4582719 3.38506 0.01689535 0.02202231 3.015456 -0.141482 -0.3878839 3.069094 -0.2056687 -0.8369774 3.030333 0.1820067 0.04244341 3.133813 0.2047617 -0.3822261 3.010932 0.3098682 -0.8035448 2.939906 
0.02783087 0.6929144 3.049585 0.04876324 0.4721625 3.062132 0.07410788 0.2523916 3.069878 -0.08939317 0.4532447 2.977431 -0.106921 0.1197603 2.846369 -0.004149864 -0.08507238 2.625082 0.1869196 0.4910803 3.146834 0.2677463 0.2201272 3.272626 0.3747489 0.4617634 3.386733 0.01304735 0.02078914 3.02465 -0.1359591 -0.3926254 3.077983 -0.2089091 -0.8363349 3.029103 0.1858577 0.04445218 3.130597 0.1960049 -0.3808864 3.008177 0.3097017 -0.8020656 2.944843 
0.0253762 0.6927158 3.05324 0.04539403 0.4729911 3.064116 0.07009976 0.2530661 3.069509 -0.09744468 0.4550713 2.987708 -0.1625279 0.1254094 2.868197 -0.1100947 -0.07687874 2.628242 0.1882328 0.490911 3.140524 0.259925 0.2108633 3.249689 0.3740847 0.4379792 3.384071 0.005359726 0.02191956 3.027056 -0.1402875 -0.3914098 3.08935 -0.2158566 -0.8351573 3.027077 0.1842512 0.04436243 3.122749 0.191518 -0.3816723 3.00243 0.3061708 -0.8043074 2.941059 
0.02210781 0.6951201 3.054561 0.04247319 0.4760622 3.065937 0.06656759 0.2560242 3.069788 -0.1038734 0.458818 2.996278 -0.2152975 0.1782191 2.959607 -0.2064121 0.01111472 2.717407 0.1888198 0.4933065 3.135595 0.2681379 0.2145723 3.248767 0.4047155 0.412734 3.402448 -0.0008737583 0.02520035 3.030069 -0.1364865 -0.3924632 3.084891 -0.2128545 -0.830346 3.032266 0.1821977 0.04677193 3.117208 0.1916302 -0.3796569 2.99835 0.3025063 -0.7987018 2.945452 
0.01797719 0.6960717 3.057174 0.03987245 0.4787797 3.06856 0.06528205 0.2588664 3.071127 -0.1097986 0.4607637 3.006675 -0.2406851 0.2331376 2.994765 -0.2974726 0.08423723 2.77221 0.1895435 0.4967957 3.130444 0.274835 0.2169534 3.239291 0.4190228 0.3939441 3.41167 -0.002951813 0.02768106 3.034975 -0.1268388 -0.3924257 3.097619 -0.2107963 -0.8363104 3.033042 0.1843351 0.05022493 3.112413 0.199663 -0.3787927 3.004611 0.3073951 -0.8016172 2.940161 
0.01817691 0.6977497 3.058002 0.04029875 0.479785 3.070078 0.06642113 0.2599394 3.071791 -0.1117824 0.46128 3.014335 -0.2718607 0.270582 3.006365 -0.3770331 0.1585085 2.78216 0.1923799 0.49829 3.12582 0.2781341 0.2219165 3.236207 0.4300562 0.3829722 3.418941 -0.002547073 0.02852341 3.038651 -0.1227511 -0.3934593 3.096716 -0.2089456 -0.8355305 3.026263 0.1876341 0.05166434 3.108358 0.1948442 -0.3769084 2.997889 0.3099874 -0.8031085 2.94197 
0.01928687 0.6980755 3.0584 0.04100468 0.4802767 3.06961 0.06707737 0.260414 3.070751 -0.1150989 0.46154 3.026278 -0.3409732 0.3088989 2.955596 -0.5142747 0.2918965 2.747063 0.1971083 0.4990134 3.112943 0.2781289 0.227112 3.231939 0.4377167 0.3720074 3.423719 -0.004483263 0.02883263 3.04479 -0.1231243 -0.395207 3.090643 -0.2130508 -0.8335455 3.027353 0.1907834 0.05226994 3.098994 0.1940496 -0.3790584 3.000164 0.3065753 -0.80891 2.938997 
0.02619705 0.7004536 3.063529 0.03976462 0.4817641 3.071273 0.058993 0.2613041 3.068518 -0.1185056 0.4684299 3.033646 -0.3920165 0.3549899 2.930178 -0.5610039 0.4337026 2.721742 0.1980349 0.4950983 3.1089 0.2737308 0.2176383 3.212077 0.4258984 0.353112 3.417146 -0.0207182 0.03250839 3.042242 -0.1251833 -0.395097 3.087049 -0.2177744 -0.8373555 3.025652 0.177161 0.04917959 3.089285 0.1920692 -0.3843614 3.001902 0.297928 -0.8066482 2.949973 
0.02784603 0.7004805 3.059669 0.04015066 0.4803951 3.069285 0.05768338 0.2597426 3.068113 -0.1171854 0.468115 3.027555 -0.397528 0.4005128 2.912066 -0.5448568 0.5335093 2.717489 0.1974867 0.4926752 3.111016 0.2659882 0.2302927 3.212486 0.4229902 0.3656073 3.414657 -0.02319501 0.03140918 3.040839 -0.1176156 -0.3994583 3.074492 -0.2139903 -0.8387766 3.02015 0.1736272 0.04677116 3.093042 0.1966555 -0.3854897 3.000927 0.298857 -0.8060965 2.951335 
