0.02091664 0.6846032 3.031593 0.03098378 0.46695 3.045594 0.04648133 0.2460958 3.04759 -0.1238989 0.4556241 2.994968 -0.3772994 0.4410002 2.867914 -0.4305904 0.6378766 2.68676 0.1858664 0.478276 3.09622 0.2377951 0.1229336 3.067039 0.2215864 -0.00821666 2.782711 -0.03489129 0.01815788 3.017923 -0.1262349 -0.4097405 3.085451 -0.2371909 -0.8523314 2.981773 0.1588491 0.0323253 3.08125 0.1969873 -0.4019937 3.004333 0.3029114 -0.7974646 2.946936 
0.02015171 0.6848082 3.019207 0.03014274 0.4661316 3.041014 0.04440057 0.2454165 3.049083 -0.1234262 0.4542277 2.986756 -0.3392204 0.4800473 2.824426 -0.3401596 0.7112145 2.6783 0.1837117 0.4780355 3.095272 0.2333272 0.1219081 3.078012 0.2238589 -0.01087846 2.791394 -0.03742289 0.01725372 3.023205 -0.1255174 -0.4121358 3.085417 -0.2377192 -0.8523291 2.990587 0.1547397 0.03214926 3.091099 0.1968639 -0.4022821 3.016795 0.3040796 -0.8041112 2.955161 
0.02149786 0.6791715 3.028518 0.03461149 0.4617837 3.044899 0.05141257 0.2412143 3.051143 -0.1134849 0.4486068 2.977914 -0.2610483 0.5279867 2.761435 -0.1853346 0.7741811 2.648636 0.1827079 0.4749606 3.111885 0.2345857 0.143756 3.105077 0.2214134 -0.006661255 2.829563 -0.02446571 0.01239885 3.015467 -0.1074031 -0.4168493 3.084501 -0.2155113 -0.8547102 2.985551 0.160893 0.02889122 3.099306 0.2163371 -0.4017396 3.013268 0.3215511 -0.7982067 2.954425 
0.02325711 0.6794891 3.030252 0.03949293 0.4629936 3.046582 0.05898929 0.2426208 3.053348 -0.1048711 0.4479441 2.972394 -0.1970412 0.530982 2.727292 -0.08175844 0.7679882 2.638537 0.183857 0.4780431 3.120771 0.2312804 0.1473901 3.126098 0.2131919 -0.01372469 2.84884 -0.01185526 0.01283018 3.013688 -0.1139989 -0.4121832 3.081043 -0.2201924 -0.8490097 2.980543 0.1688266 0.03166576 3.10654 0.2060547 -0.3968947 3.004702 0.313511 -0.7984554 2.954345 
0.00819702 0.6917642 3.029217 0.03395795 0.4752865 3.04826 0.0620935 0.2561131 3.057936 -0.1066771 0.4537277 2.968866 -0.1270921 0.520474 2.708836 0.03598241 0.7341682 2.628561 0.174593 0.4968454 3.127654 0.2250916 0.1617112 3.146188 0.2170281 -0.01893489 2.883059 0.002216331 0.02344762 3.017927 -0.1168375 -0.3971319 3.084886 -0.2173331 -0.8376128 2.990329 0.1782417 0.0504317 3.1173 0.2012359 -0.3778517 3.009751 0.3137368 -0.78084 2.960255 
0.01061325 0.683322 3.019498 0.03217782 0.4694403 3.041372 0.05544949 0.2497751 3.053577 -0.1076606 0.4500856 2.959658 -0.07307685 0.4777592 2.701399 0.1258699 0.654865 2.608761 0.1720162 0.488795 3.123087 0.2205444 0.169829 3.155537 0.2221979 -0.01406386 2.90016 -0.008652607 0.01801662 3.014724 -0.1476025 -0.3972667 3.074531 -0.2365413 -0.8545604 2.989179 0.1660949 0.04220302 3.116838 0.16928 -0.3860717 3.007372 0.2906041 -0.8070165 2.950118 
0.02167028 0.6734403 3.009694 0.0363494 0.4588575 3.034016 0.05429635 0.2389583 3.051465 -0.09510589 0.4406174 2.939353 -0.009616715 0.4110051 2.706038 0.228738 0.5026672 2.594544 0.1678047 0.4770977 3.128679 0.2100703 0.1541183 3.16731 0.2374317 -0.02272667 2.913696 -0.01001186 0.007645737 3.009681 -0.1474585 -0.410009 3.059943 -0.21603 -0.8479574 3.001258 0.1544984 0.03047243 3.128147 0.1736475 -0.3912781 2.996374 0.2970626 -0.7982771 2.957337 
0.02262522 0.6727506 3.00814 0.03413098 0.4577354 3.030714 0.04766533 0.2374931 3.04785 -0.09172601 0.4420473 2.928488 0.009187622 0.3640436 2.718406 0.2571328 0.4058677 2.601012 0.159988 0.4734234 3.132939 0.2060659 0.1500013 3.175514 0.2349035 -0.02097934 2.918301 -0.01758395 0.007430496 3.000996 -0.1541572 -0.4092472 3.061028 -0.2239786 -0.8436698 2.997556 0.1399833 0.02707124 3.128978 0.1627511 -0.3949432 2.997748 0.2900725 -0.8054115 2.947989 
0.02164189 0.6722954 3.00799 0.03220475 0.4561015 3.027041 0.04519811 0.2356375 3.042064 -0.09235806 0.4416526 2.922733 0.02511573 0.3015179 2.7207 0.2815717 0.2935015 2.604316 0.1567676 0.4705504 3.131349 0.1950449 0.1450075 3.184264 0.2403528 -0.02569463 2.933356 -0.01962576 0.006146942 2.991923 -0.1489954 -0.4116927 3.05938 -0.2188127 -0.8449768 2.998646 0.1360087 0.02420004 3.12225 0.1742058 -0.3975412 2.994219 0.3008601 -0.8033937 2.941005 
0.02358185 0.67144 3.008388 0.03174376 0.4525158 3.027026 0.04359049 0.2318397 3.040259 -0.09645137 0.4396332 2.926958 0.004497261 0.2204024 2.746668 0.2472788 0.138292 2.621592 0.1599389 0.4653983 3.127094 0.181922 0.1781812 3.156355 0.2181798 -0.02468715 2.952976 -0.02479797 0.003100693 2.99086 -0.1482718 -0.414735 3.069078 -0.2190006 -0.8467213 3.004166 0.1356724 0.01922667 3.116122 0.186924 -0.405076 3.001176 0.3066231 -0.7994043 2.943514 
0.02650801 0.6742519 3.007164 0.03105055 0.453321 3.029195 0.04067842 0.2327182 3.044964 -0.1010063 0.4407714 2.934258 -0.02969731 0.1771575 2.759378 0.1933616 0.07442192 2.604591 0.1631075 0.4658706 3.124133 0.1902694 0.1417486 3.165858 0.2283593 -0.05951137 2.940873 -0.03230521 0.004264602 3.001342 -0.1548221 -0.413238 3.083132 -0.2258577 -0.8427846 3.013786 0.1329178 0.01996602 3.120124 0.1823084 -0.4050698 3.006624 0.3019162 -0.7964603 2.949002 
0.02648622 0.6716145 3.00945 0.03077221 0.4514072 3.031315 0.03912137 0.2304964 3.04294 -0.1095897 0.4417693 2.948977 -0.1095123 0.1550879 2.787846 0.06085321 0.01907597 2.586531 0.1711342 0.4610452 3.113654 0.1976901 0.1480151 3.165959 0.2348546 -0.0414604 2.928362 -0.04037346 0.003553741 3.003035 -0.1510405 -0.418311 3.078997 -0.2242207 -0.845179 3.002594 0.1353145 0.01561734 3.106096 0.1886894 -0.4087579 2.991688 0.3083112 -0.8051016 2.930291 
0.02316177 0.6739302 3.006275 0.02614976 0.4548633 3.030229 0.0328093 0.2339292 3.042924 -0.1196047 0.4462901 2.95749 -0.176869 0.1470112 2.807981 -0.08515365 0.007376801 2.563711 0.1719042 0.4634366 3.102967 0.196294 0.157943 3.160271 0.2341031 -0.0254079 2.918518 -0.05170466 0.007632156 3.01012 -0.1523416 -0.417176 3.083356 -0.2297895 -0.8410401 3.002685 0.1306423 0.0183578 3.10112 0.1904761 -0.4062506 2.990931 0.3036326 -0.8002013 2.937367 
0.02413961 0.6747481 3.007081 0.02627809 0.4561132 3.03091 0.03229849 0.2350628 3.041715 -0.1219999 0.4487686 2.963275 -0.2464658 0.1595231 2.924999 -0.1914797 0.07045054 2.656317 0.1745561 0.4634579 3.098544 0.1974859 0.1671063 3.154654 0.2352765 -0.01898579 2.915905 -0.05442292 0.00941864 3.010219 -0.1448629 -0.4173822 3.084887 -0.2256204 -0.8423697 3.000268 0.1310607 0.01860614 3.094824 0.1970884 -0.4080556 2.997653 0.3063858 -0.8000386 2.936178 
0.02467209 0.6752332 3.006476 0.02715493 0.4576118 3.030835 0.0328965 0.236519 3.041048 -0.123583 0.4508325 2.968821 -0.3112433 0.1967671 3.009004 -0.2872949 0.1325777 2.729511 0.1778929 0.464391 3.092849 0.2113735 0.1665966 3.148928 0.2321064 -0.01977123 2.91198 -0.05565479 0.01118547 3.012469 -0.1421351 -0.4172662 3.082576 -0.2241393 -0.8437987 3.001824 0.1329309 0.01966685 3.090054 0.1984792 -0.4081285 2.997083 0.3073754 -0.7950941 2.940453 
0.02661839 0.6797876 3.006175 0.02839305 0.4615909 3.03 0.03383056 0.2404635 3.039696 -0.1250213 0.4554092 2.975051 -0.3721325 0.2393894 3.039007 -0.3659506 0.1854538 2.756731 0.1818074 0.4677726 3.08495 0.2216741 0.1712918 3.146975 0.2306108 -0.01747992 2.914921 -0.05673314 0.01546788 3.015005 -0.1394914 -0.4133428 3.087677 -0.224028 -0.8404966 3.000813 0.1352693 0.02320445 3.083776 0.2014386 -0.4050402 2.992978 0.3086087 -0.7975427 2.938332 
0.02751037 0.6827551 3.006046 0.02709104 0.4647716 3.029391 0.03097695 0.2436026 3.038812 -0.1283256 0.4599433 2.980147 -0.3645692 0.2901919 2.996032 -0.4326862 0.2597829 2.741559 0.1825077 0.4696 3.078634 0.2298326 0.1651505 3.141518 0.2244453 -0.02313786 2.905132 -0.06233831 0.01941386 3.017435 -0.1432712 -0.4113892 3.078891 -0.2281028 -0.8399407 3.001546 0.132064 0.02545338 3.079031 0.1997019 -0.4041375 2.996176 0.3024762 -0.8007933 2.937567 
0.03033273 0.6898263 3.006925 0.02871089 0.4700375 3.029076 0.0317616 0.2488004 3.037214 -0.1272902 0.4661175 2.980984 -0.3783856 0.3498093 2.919038 -0.504306 0.4389796 2.693816 0.184712 0.4739576 3.077169 0.2344714 0.1492767 3.131638 0.2188572 -0.02584514 2.873636 -0.06273522 0.02511208 3.015278 -0.1417043 -0.4083653 3.049744 -0.2090617 -0.8340411 3.048061 0.1323599 0.03001454 3.075423 0.1994606 -0.3992586 2.990067 0.3037027 -0.7974237 2.943959 
0.03312066 0.6908445 3.019373 0.03002796 0.4709945 3.033062 0.03163305 0.2496538 3.035543 -0.1247465 0.4692886 2.98101 -0.3765407 0.4121768 2.864485 -0.4758121 0.5878957 2.664436 0.1848024 0.4727004 3.085114 0.2381557 0.151594 3.124684 0.219039 -0.03115421 2.862628 -0.06359292 0.02724574 3.00546 -0.1342303 -0.4042514 3.07137 -0.2234347 -0.8409678 3.002913 0.1300692 0.0293803 3.070589 0.1959029 -0.3999802 2.984762 0.3013817 -0.796913 2.944753 
