0.05566448 0.69214 3.035069 0.06628846 0.4744629 3.040404 0.07941872 0.2534764 3.038856 -0.08896317 0.4655882 2.990462 -0.3589957 0.4113241 2.902866 -0.5304575 0.5296151 2.693086 0.2215401 0.4833376 3.090345 0.2832939 0.1577701 3.118229 0.2790465 -0.06444585 2.868112 -0.004543716 0.02693968 3.006075 -0.1009663 -0.398485 3.081387 -0.2010935 -0.8309913 3.006944 0.1896417 0.03804001 3.06854 0.2163773 -0.3947015 2.978705 0.3062959 -0.7960699 2.938454 
0.0540086 0.6910642 3.033462 0.06442926 0.4745626 3.039256 0.07821839 0.2535994 3.038296 -0.09019376 0.4651382 2.987476 -0.3585011 0.4631602 2.874424 -0.4901314 0.643353 2.686974 0.2190523 0.483987 3.091035 0.2836369 0.1613856 3.119625 0.2789851 -0.06078738 2.868347 -0.004709588 0.02674129 3.004948 -0.1029099 -0.3967848 3.088234 -0.2040304 -0.8322068 3.015706 0.1887246 0.03853122 3.069724 0.2117201 -0.3955084 2.985424 0.302906 -0.7973914 2.942701 
0.05740934 0.6894867 3.032236 0.06634947 0.472144 3.03748 0.07853217 0.2510822 3.037018 -0.08655813 0.463836 2.98071 -0.3363726 0.5387976 2.837332 -0.3794253 0.785971 2.674877 0.2192571 0.4804521 3.09425 0.2819074 0.160088 3.137145 0.280644 -0.06204901 2.891645 -0.00494173 0.02482308 3.00104 -0.1057037 -0.3988057 3.081168 -0.202565 -0.831115 3.020267 0.1863714 0.03521785 3.07207 0.2088363 -0.3997099 2.992052 0.3007411 -0.8011456 2.941355 
0.06165297 0.686843 3.032661 0.06962747 0.4695399 3.03861 0.07845965 0.2483181 3.03923 -0.08013147 0.4633796 2.9739 -0.2811 0.599214 2.795053 -0.255987 0.8778324 2.681934 0.2193864 0.4757002 3.103321 0.2672192 0.1602557 3.149509 0.2880672 -0.05993678 2.913452 -0.006405735 0.02324205 2.999363 -0.1026715 -0.4009865 3.081873 -0.20034 -0.8326465 3.01911 0.1809894 0.03095055 3.080335 0.2083596 -0.4032644 2.997961 0.2997587 -0.799239 2.944806 
0.06865385 0.6848668 3.033705 0.07274411 0.4675938 3.038644 0.07663485 0.2462818 3.038023 -0.07575217 0.4651731 2.970902 -0.2250349 0.6256156 2.755483 -0.1523358 0.907873 2.685052 0.2212404 0.4700144 3.106386 0.2641288 0.1576198 3.1487 0.2890847 -0.05961038 2.911721 -0.01237552 0.02345541 2.995022 -0.1098281 -0.4015392 3.071957 -0.2065707 -0.8284946 3.016333 0.1734267 0.02648416 3.079782 0.2017289 -0.4072453 2.995181 0.2960521 -0.8035967 2.943225 
0.07338771 0.6875239 3.04477 0.07875803 0.4719599 3.043907 0.08275644 0.2506837 3.039741 -0.06530822 0.4707926 2.967639 -0.1514088 0.6372395 2.724741 -0.02403214 0.903493 2.677498 0.2228243 0.4731272 3.120176 0.2636646 0.1663821 3.159364 0.2996825 -0.04679648 2.93015 -0.003485835 0.02867622 2.987802 -0.09975005 -0.394124 3.076631 -0.1914321 -0.826628 3.015667 0.1769955 0.03013857 3.083348 0.2148145 -0.4021828 2.995862 0.3033632 -0.7889165 2.950003 
0.09948017 0.6702025 3.056087 0.09445447 0.4565966 3.049531 0.08843407 0.2358556 3.040826 -0.04311179 0.463771 2.96274 -0.04994472 0.6157995 2.697453 0.144412 0.8359308 2.651837 0.2320207 0.4494221 3.136322 0.2592773 0.162111 3.161435 0.308319 -0.04405849 2.932106 -0.003773301 0.01960954 2.977745 -0.1144746 -0.3980457 3.073858 -0.2070967 -0.8357147 3.005716 0.1686006 0.0106198 3.086496 0.1997774 -0.4217939 2.996589 0.2924564 -0.8104087 2.934494 
0.1305252 0.6414121 3.065873 0.1114955 0.4294454 3.056407 0.09121151 0.2099044 3.045878 -0.02103748 0.4461386 2.963655 0.006491636 0.5800069 2.691011 0.2311052 0.7554245 2.640889 0.2440284 0.4127522 3.149158 0.256756 0.1539651 3.162747 0.3138891 -0.05207881 2.942629 -0.01204702 0.0008143768 2.97728 -0.1170176 -0.4167499 3.080021 -0.209093 -0.8474163 3.023103 0.1539021 -0.02008775 3.093418 0.1994818 -0.4503944 3.003957 0.2879802 -0.8223021 2.949383 
0.1110399 0.6702369 3.035857 0.1161667 0.4084872 3.055444 0.09355121 0.1891629 3.040226 -0.01025843 0.4284889 2.955054 0.06987578 0.5314392 2.684929 0.3201675 0.6555339 2.635193 0.2425918 0.3884855 3.155833 0.2510267 0.1355357 3.172806 0.3176922 -0.05648862 2.951265 -0.008126601 -0.01765289 2.962227 -0.1118731 -0.4345954 3.06896 -0.1965816 -0.845219 3.003147 0.1499981 -0.04266983 3.087788 0.2177867 -0.4686032 2.992359 0.3054464 -0.822955 2.931371 
0.1035432 0.6758117 3.02144 0.1076371 0.4483007 3.042966 0.1043603 0.2280864 3.05368 -0.0004511211 0.4440564 2.922674 0.1495155 0.4415553 2.693538 0.4186273 0.4967031 2.599882 0.2157254 0.452545 3.163258 0.2590129 0.1385103 3.18481 0.3215733 -0.05061383 2.967357 0.03296395 0.00519722 2.988583 -0.1144047 -0.4048373 3.099331 -0.1965747 -0.8303702 3.023793 0.1692031 0.01054692 3.140205 0.2248944 -0.4264391 3.003135 0.3036099 -0.7936931 2.948188 
0.1041641 0.6783379 3.0257 0.1088392 0.4562722 3.040505 0.1072306 0.2356001 3.051394 0.007852498 0.4507467 2.913602 0.1637171 0.3802569 2.71085 0.4424532 0.391066 2.615828 0.2098258 0.4617977 3.167409 0.2695411 0.1327748 3.184425 0.3228349 -0.05186098 2.962649 0.04213268 0.01145424 2.982499 -0.1064074 -0.4003505 3.063546 -0.1939032 -0.8186966 3.012109 0.1691114 0.0184019 3.142065 0.2101171 -0.4054429 2.991792 0.302487 -0.7894009 2.940065 
0.1056138 0.6803833 3.028291 0.1090339 0.4609637 3.037189 0.1084814 0.240013 3.047081 0.005756788 0.4555925 2.911455 0.1538513 0.3236344 2.734917 0.42211 0.2868528 2.622406 0.212311 0.4663349 3.162924 0.2802591 0.1363771 3.193707 0.3261118 -0.05524753 2.979953 0.04324304 0.01569813 2.978222 -0.1136566 -0.3880059 3.074157 -0.1980119 -0.8222526 3.01617 0.1726146 0.02242644 3.135725 0.209703 -0.3956327 2.981495 0.3048847 -0.7885826 2.934813 
0.1060226 0.6772431 3.018357 0.1041268 0.4585931 3.027975 0.09995369 0.2376391 3.039579 -0.006983912 0.4544329 2.908804 0.1205406 0.2393203 2.758338 0.3497623 0.1197255 2.619965 0.2152375 0.4627534 3.147145 0.3265414 0.2132143 3.242931 0.3198321 0.02242249 3.025246 0.02616697 0.01407855 2.97652 -0.1289144 -0.3872685 3.081063 -0.2113347 -0.8314142 3.021926 0.1653942 0.01929154 3.125846 0.1998655 -0.3991829 2.981983 0.2942185 -0.7909034 2.939095 
0.1043499 0.677842 3.012218 0.1002368 0.458768 3.025582 0.09543028 0.2379156 3.039498 -0.01564269 0.4540691 2.910986 0.06882343 0.2016297 2.762676 0.2757253 0.04870401 2.618405 0.2161163 0.4634669 3.140178 0.3802931 0.1769904 3.313071 0.3311218 0.02133592 3.08293 0.01812873 0.01412347 2.981722 -0.1184497 -0.3942485 3.082977 -0.2059511 -0.828705 3.027339 0.1631188 0.02000278 3.125106 0.2067165 -0.3988924 2.987052 0.3011419 -0.79381 2.941742 
0.1015562 0.6854722 3.019836 0.09884645 0.4639556 3.029946 0.09898791 0.2427731 3.03836 -0.02690687 0.4599295 2.926222 -0.02187655 0.1594889 2.785584 0.1047378 -0.03507838 2.603427 0.2245998 0.4679818 3.13367 0.3931866 0.1910921 3.33004 0.3312689 0.03393367 3.10077 0.02051693 0.01907367 2.981932 -0.108015 -0.3930541 3.079776 -0.1964092 -0.8224865 3.026233 0.1777418 0.02410736 3.111615 0.2169495 -0.398162 2.984945 0.3120807 -0.7905043 2.937853 
0.09503511 0.6876954 3.028442 0.09995601 0.4695719 3.038214 0.1101565 0.2486031 3.045177 -0.03496256 0.4604768 2.947236 -0.1062713 0.1724592 2.801995 -0.0532878 -0.05215582 2.605759 0.2348746 0.4786671 3.129192 0.4114263 0.16592 3.333659 0.3163678 0.04131731 3.075054 0.03595689 0.02194457 2.995228 -0.1052221 -0.3873919 3.086698 -0.1963669 -0.8281057 3.021711 0.2047571 0.03332378 3.109053 0.2147571 -0.3897159 2.980804 0.3137459 -0.7975019 2.939852 
0.09429993 0.6869775 3.030131 0.09998906 0.468401 3.03915 0.1107423 0.2473608 3.043847 -0.04079625 0.4598254 2.957899 -0.1542099 0.2232823 2.881467 -0.1562968 0.02335858 2.676735 0.2407744 0.4769766 3.120402 0.3706283 0.1348999 3.287327 0.2951216 0.01619076 3.012304 0.0333184 0.02094959 2.997655 -0.1117959 -0.3885649 3.082217 -0.2028071 -0.8276257 3.021055 0.2096728 0.0316918 3.099434 0.2106537 -0.3923764 2.973418 0.3075259 -0.7970231 2.932602 
0.08887779 0.6927043 3.02996 0.09600563 0.4738455 3.039219 0.1077755 0.2528142 3.043049 -0.04969492 0.4648412 2.967313 -0.1936286 0.2661691 2.915686 -0.2495259 0.08833338 2.71715 0.2417062 0.4828499 3.111126 0.3149464 0.2213296 3.211506 0.2551397 0.07994559 2.966013 0.02837837 0.02614873 3.001885 -0.1150403 -0.3855705 3.078356 -0.205051 -0.822084 3.02549 0.2107123 0.03741701 3.091871 0.2087204 -0.3885546 2.971871 0.3015305 -0.7929953 2.935136 
0.0862528 0.6912327 3.032132 0.09335784 0.4734889 3.040877 0.1053264 0.2524276 3.043636 -0.05674303 0.4645736 2.977673 -0.2346673 0.3295485 2.950919 -0.3631335 0.1882768 2.768995 0.2434587 0.4824043 3.104082 0.2884518 0.2044846 3.171679 0.2461824 0.01584955 2.956126 0.02352144 0.0257966 3.006908 -0.1090035 -0.3910159 3.075081 -0.2010447 -0.8297483 3.021879 0.2110684 0.03693613 3.08588 0.2088906 -0.3936727 2.983511 0.3014677 -0.7981411 2.935425 
0.08362862 0.6949277 3.03301 0.09008202 0.4765456 3.041284 0.1008301 0.2554143 3.043464 -0.06176657 0.4685811 2.98208 -0.26734 0.3577749 2.948977 -0.4204203 0.2642611 2.75345 0.2419306 0.4845101 3.100488 0.2772904 0.2024302 3.155386 0.2418672 -0.004268219 2.955751 0.01663168 0.02930312 3.008626 -0.1123811 -0.3879361 3.081114 -0.2061265 -0.8243851 3.021313 0.2065246 0.03926302 3.082663 0.2021996 -0.3903892 2.976089 0.2945264 -0.7857788 2.939199 
0.08323744 0.6981229 3.034665 0.0865172 0.4792373 3.041302 0.09474301 0.2579996 3.040924 -0.06678159 0.473633 2.985361 -0.3355945 0.3877137 2.908268 -0.519518 0.4215407 2.693216 0.239816 0.4848416 3.097243 0.2618048 0.1983675 3.133051 0.2369899 -0.03573952 2.964495 0.007084543 0.03325661 3.005557 -0.1100865 -0.3870433 3.080615 -0.2085737 -0.8262729 3.01483 0.1988531 0.04026729 3.075536 0.2045838 -0.39098 2.975512 0.2986772 -0.7953679 2.940651 
0.08372237 0.6997665 3.032324 0.08285715 0.4823124 3.039518 0.08695236 0.2609586 3.039204 -0.07140631 0.4795344 2.985955 -0.3433882 0.4349347 2.883592 -0.5073104 0.5707475 2.674704 0.2371206 0.4850904 3.093081 0.2844292 0.1424736 3.146167 0.2439427 -0.07389871 2.910431 -0.005446796 0.03786722 3.005385 -0.1052724 -0.3843972 3.087199 -0.2109438 -0.8290955 3.011835 0.1875419 0.04134262 3.072394 0.204784 -0.3896278 2.972557 0.2942016 -0.790771 2.939159 
