0.05455774 0.7080705 3.044796 0.06786151 0.4905961 3.046423 0.08514848 0.2700094 3.041296 -0.08468416 0.4799738 2.989097 -0.337116 0.4237041 2.877664 -0.4254389 0.6401753 2.720702 0.2204072 0.5012185 3.103749 0.2940336 0.1329325 3.121799 0.2980082 -0.1058969 2.883743 0.007005528 0.04277753 3.000306 -0.09284587 -0.3827668 3.070678 -0.2020736 -0.8074943 3.018324 0.1978654 0.05606781 3.07203 0.2053066 -0.3768683 2.979422 0.2972969 -0.7936136 2.934433 
0.05723282 0.7103091 3.050286 0.06747034 0.4924669 3.049407 0.08152135 0.2717105 3.041899 -0.08376272 0.4849167 2.98837 -0.3105221 0.4718472 2.836784 -0.3369022 0.7219748 2.717139 0.2187034 0.500017 3.110444 0.2935446 0.1279766 3.116369 0.2896819 -0.1161018 2.874071 0.000944541 0.04623003 2.9962 -0.09431953 -0.379257 3.072862 -0.2049558 -0.8094807 3.015939 0.1902002 0.05567833 3.072582 0.2010615 -0.3786426 2.987385 0.2930593 -0.7968479 2.936197 
0.05512763 0.7045192 3.041066 0.0661823 0.4862772 3.045823 0.08021378 0.265419 3.042964 -0.08387031 0.4775696 2.982033 -0.2547982 0.5089485 2.791375 -0.2182179 0.7751753 2.708453 0.2162349 0.4949848 3.109613 0.2897263 0.1229567 3.102194 0.2864077 -0.112209 2.866033 0.0003950872 0.03911468 3.000208 -0.08849411 -0.3870841 3.080471 -0.1995492 -0.8195906 3.020555 0.1880954 0.05000696 3.080003 0.2053742 -0.3832303 2.990565 0.2992462 -0.8013974 2.946797 
0.05656233 0.7003792 3.046947 0.0677627 0.4829927 3.048863 0.08087985 0.2620541 3.044933 -0.08108711 0.4753418 2.982164 -0.1813842 0.5224721 2.750675 -0.08004334 0.7800027 2.699214 0.2166125 0.4906437 3.115562 0.294372 0.1139818 3.094095 0.2825769 -0.1122428 2.850948 0.0008919296 0.03632976 2.999284 -0.08919537 -0.3912038 3.07037 -0.195933 -0.8135 3.021355 0.1871021 0.04590105 3.082723 0.2037232 -0.3866605 2.98975 0.3036954 -0.8039847 2.944409 
0.04781303 0.7120273 3.054046 0.06520952 0.4944843 3.053742 0.08482199 0.2741448 3.048037 -0.08007306 0.4834518 2.980402 -0.1081658 0.5066602 2.730017 0.0504884 0.7361299 2.690431 0.2104921 0.5055169 3.127083 0.2982318 0.1110654 3.111663 0.2831783 -0.1346341 2.88409 0.01346057 0.04689679 2.996406 -0.08183977 -0.3770948 3.079943 -0.1841575 -0.8017931 3.017766 0.1954084 0.06071368 3.088256 0.2127394 -0.3717516 2.994797 0.3121381 -0.7811255 2.948889 
0.04901692 0.7075772 3.05545 0.0667575 0.4938747 3.054141 0.08667494 0.2734868 3.048926 -0.07352534 0.4831409 2.971978 -0.04110226 0.4678348 2.716522 0.1624303 0.6596876 2.674885 0.2070403 0.5046085 3.136304 0.2891044 0.1205246 3.136836 0.2834216 -0.1078519 2.900549 0.01873843 0.04637663 2.992255 -0.08794263 -0.3733904 3.082706 -0.1977253 -0.8197539 3.013994 0.1944464 0.05982103 3.095166 0.1967725 -0.3709418 2.99403 0.3005218 -0.7928066 2.95247 
0.05026579 0.7063029 3.055125 0.06620648 0.4918816 3.053224 0.08542956 0.2713807 3.049068 -0.06788722 0.4819195 2.961536 0.004401878 0.4144463 2.727747 0.2422236 0.551133 2.664566 0.2003002 0.5018438 3.144913 0.2820271 0.1297278 3.15738 0.2873986 -0.09268021 2.916834 0.02068122 0.04464136 2.987496 -0.09090762 -0.3763177 3.06555 -0.2036011 -0.8228507 3.010771 0.1886241 0.05711829 3.102329 0.1907553 -0.3739205 3.001616 0.2974928 -0.8001578 2.940467 
0.05153129 0.7078379 3.055466 0.06673665 0.4911387 3.052739 0.08477951 0.2705176 3.048908 -0.06368292 0.4821611 2.955513 0.03868719 0.3677357 2.742858 0.2945757 0.436239 2.652546 0.1971562 0.5001163 3.149965 0.2680157 0.128351 3.165657 0.3003613 -0.09911419 2.932173 0.02132662 0.0442866 2.984322 -0.09593394 -0.3676558 3.0916 -0.2046378 -0.8218927 3.011592 0.1843181 0.05550633 3.10583 0.1924332 -0.377092 3.012456 0.3014349 -0.7998536 2.933204 
0.05360348 0.7045817 3.049876 0.06881323 0.4838306 3.048621 0.08445241 0.2630241 3.04846 -0.05672105 0.4750149 2.944743 0.07215386 0.2912062 2.759938 0.3438137 0.272438 2.643687 0.1943475 0.4926463 3.152499 0.2667261 0.1278113 3.178654 0.3124766 -0.1021247 2.945616 0.02162244 0.03670697 2.983367 -0.09341222 -0.379436 3.079752 -0.2076541 -0.8272524 3.00363 0.1785607 0.04772803 3.113231 0.1963482 -0.3833358 3.013983 0.3061105 -0.7917236 2.94024 
0.0498361 0.7043781 3.054251 0.06641106 0.4840638 3.053011 0.08358799 0.2633493 3.05161 -0.0614897 0.4747519 2.951916 0.06227055 0.2333121 2.776735 0.3286884 0.1458251 2.661499 0.1943118 0.4933757 3.154107 0.2717028 0.1093583 3.204653 0.3138961 -0.1002449 2.964413 0.02077366 0.03681096 2.986982 -0.09308147 -0.379781 3.083296 -0.2066076 -0.8282555 3.009056 0.1807562 0.0484586 3.113435 0.2027655 -0.3824393 3.013951 0.3085418 -0.7913581 2.93677 
0.04912356 0.7028155 3.056011 0.06655355 0.4833729 3.053985 0.08532311 0.2628144 3.050485 -0.0659793 0.4735958 2.959365 0.04007903 0.1966993 2.794832 0.287332 0.06238156 2.672299 0.1990864 0.4931501 3.148604 0.3098164 0.08397727 3.216793 0.3097991 -0.09810321 2.959044 0.0211082 0.0361339 2.98774 -0.09464569 -0.3803077 3.083208 -0.2086482 -0.8262421 3.007006 0.1870771 0.04837767 3.10623 0.2048923 -0.3837569 3.011493 0.3134719 -0.7912873 2.927564 
0.04842057 0.6983671 3.057148 0.06300525 0.4787374 3.053927 0.08033157 0.2581106 3.047862 -0.07694699 0.470036 2.970649 -0.03202311 0.1534463 2.829711 0.1641298 -0.04769932 2.686909 0.2029575 0.4874389 3.137205 0.2869113 0.1204655 3.202204 0.3150981 -0.09932326 2.977797 0.01010091 0.03204009 2.989696 -0.09632067 -0.3874974 3.082588 -0.2074902 -0.8266918 3.014159 0.1852149 0.04292766 3.093897 0.2080393 -0.3901343 3.004926 0.3089169 -0.7967929 2.927847 
0.04756738 0.7021276 3.058676 0.06236475 0.4812515 3.055139 0.07938705 0.2606014 3.048558 -0.08186254 0.4723867 2.979304 -0.1035196 0.151366 2.859437 0.01939928 -0.09076561 2.697652 0.2065921 0.4901163 3.130975 0.2899654 0.1416087 3.195057 0.3222579 -0.09025671 2.982557 0.006187921 0.03440604 2.994538 -0.09891362 -0.3847731 3.090549 -0.2078808 -0.820962 3.014611 0.1866308 0.04549675 3.089416 0.2037933 -0.3878278 3.000048 0.3040996 -0.7917933 2.928943 
0.0465631 0.7024382 3.057255 0.06189169 0.4814785 3.055458 0.07847214 0.260783 3.049154 -0.0828352 0.4727497 2.980378 -0.1417582 0.1591856 2.86873 -0.06816509 -0.09607252 2.696858 0.2066186 0.4902073 3.130537 0.2875008 0.134803 3.175508 0.3239293 -0.1005808 2.959118 0.004569101 0.03463032 2.995911 -0.09315266 -0.3868229 3.089709 -0.2060328 -0.8209687 3.012529 0.1855361 0.04554481 3.089791 0.2048654 -0.3881767 3.00276 0.3018476 -0.7943712 2.933675 
0.04532216 0.7023566 3.056121 0.06645641 0.4837059 3.058949 0.0900102 0.2636259 3.055178 -0.08255097 0.468869 2.994124 -0.2321642 0.1963055 2.913102 -0.2783687 -0.04178871 2.718456 0.2154638 0.4985427 3.123773 0.2901531 0.1316993 3.14604 0.314729 -0.1216742 2.932199 0.02036809 0.03426633 3.010864 -0.08665445 -0.3884664 3.085234 -0.1978703 -0.8222293 3.02401 0.2067599 0.05282564 3.091952 0.2148584 -0.3793069 2.997026 0.3094978 -0.7930869 2.936954 
0.04615777 0.699911 3.056475 0.06947344 0.4818071 3.059237 0.09569868 0.2620225 3.055561 -0.08000831 0.4650317 2.995795 -0.257092 0.2176505 2.930045 -0.3470096 -0.0004373627 2.727542 0.2189552 0.4985826 3.122679 0.2895719 0.1403503 3.143 0.320303 -0.1156739 2.937079 0.02846373 0.03174928 3.012218 -0.08419449 -0.391715 3.072633 -0.1920994 -0.8187901 3.026218 0.2153842 0.05272627 3.09155 0.2167913 -0.3798862 2.997997 0.3109522 -0.7921605 2.93471 
0.04642071 0.7007815 3.056159 0.06961334 0.4826781 3.059781 0.09624998 0.2629171 3.05661 -0.08079921 0.465329 2.998639 -0.292045 0.252822 2.959524 -0.4332767 0.07663367 2.746729 0.2200259 0.5000272 3.120923 0.2937903 0.1401784 3.129489 0.3196661 -0.1106423 2.913553 0.02882071 0.03230617 3.015202 -0.09179164 -0.3892484 3.074833 -0.1971962 -0.8105753 3.03095 0.2169525 0.054006 3.091677 0.2079615 -0.3773552 2.993124 0.3037025 -0.7892536 2.938175 
0.04828982 0.7018306 3.056533 0.07015836 0.4827392 3.060378 0.09572984 0.2628511 3.056784 -0.08289278 0.4658213 3.006477 -0.3155311 0.2869097 2.964788 -0.4990916 0.1725328 2.753469 0.2232095 0.499657 3.114279 0.2958859 0.1440871 3.12227 0.3198625 -0.1078773 2.907289 0.02547876 0.03237116 3.019443 -0.09221427 -0.3903388 3.077802 -0.2011232 -0.8105032 3.029731 0.2171239 0.05355512 3.086936 0.2066261 -0.3786156 2.991621 0.3022379 -0.7922155 2.933284 
0.04963133 0.7054078 3.054714 0.06956203 0.4860525 3.060606 0.09385669 0.266012 3.057349 -0.08499466 0.4697247 3.010823 -0.3357593 0.3289481 2.970413 -0.5313901 0.3025012 2.751214 0.2241187 0.5023804 3.110389 0.2964487 0.1445507 3.104149 0.31978 -0.1062349 2.895527 0.02150168 0.03576113 3.022961 -0.09078153 -0.3891229 3.076087 -0.2029541 -0.8089029 3.028704 0.214801 0.0561819 3.085224 0.2064312 -0.3772822 2.995611 0.2988145 -0.7897435 2.933809 
0.05175494 0.7068464 3.055803 0.06937883 0.4876585 3.061153 0.09109659 0.2673573 3.057996 -0.08615272 0.473005 3.013757 -0.3428751 0.3669715 2.952233 -0.5195445 0.439676 2.735745 0.2249104 0.5023121 3.108548 0.2987319 0.1397778 3.104087 0.3082332 -0.1063423 2.88731 0.01555851 0.03789307 3.025202 -0.09905048 -0.3815976 3.104071 -0.2028652 -0.8090111 3.030343 0.2100702 0.05621918 3.084476 0.2027813 -0.3773812 2.99515 0.2957594 -0.7906516 2.93747 
0.05177789 0.7034467 3.056811 0.06804779 0.4842972 3.061222 0.0873535 0.2637986 3.056855 -0.08688209 0.4717219 3.01125 -0.3399215 0.4209872 2.912093 -0.4532126 0.5813352 2.707219 0.2229777 0.4968725 3.111193 0.2943784 0.1393898 3.103531 0.297564 -0.1066939 2.885848 0.009759561 0.03543485 3.021234 -0.09740208 -0.3887821 3.083901 -0.2057483 -0.8200297 3.020574 0.2035588 0.05116513 3.083742 0.2004571 -0.3819172 2.991696 0.29521 -0.7983984 2.936347 
