0.06194062 0.7114267 3.081661 0.06836843 0.4911679 3.068713 0.07674197 0.2708142 3.048968 -0.08861921 0.4892184 3.023893 -0.355649 0.4446981 2.933505 -0.5056479 0.6325451 2.748362 0.2253561 0.4931173 3.113534 0.3210993 0.1414173 3.131312 0.3604132 -0.1161747 2.934682 -0.01306023 0.04924129 3.001194 -0.08445428 -0.3848937 3.044208 -0.1951975 -0.8015303 3.09166 0.1832913 0.05167952 3.057253 0.2083333 -0.3860273 2.9952 0.3046124 -0.7943684 2.94468 
0.06460378 0.7090608 3.081743 0.06871206 0.4902564 3.068717 0.07531445 0.2697956 3.049494 -0.08751206 0.4897202 3.021208 -0.3388271 0.4858577 2.903237 -0.4332408 0.7153054 2.735107 0.2249362 0.4907927 3.116225 0.3210472 0.1377022 3.135639 0.3625518 -0.1239036 2.943935 -0.01579568 0.0489993 3.000556 -0.09208681 -0.3804257 3.069811 -0.2018097 -0.8212418 3.053499 0.1796294 0.04967007 3.059986 0.2037677 -0.3887228 3.002673 0.3030981 -0.8011385 2.939116 
0.06181193 0.7089006 3.083836 0.06772178 0.491699 3.069354 0.07532682 0.2714404 3.048199 -0.08582253 0.4917266 3.013867 -0.2849439 0.5464542 2.833564 -0.2955487 0.8186728 2.709001 0.2212661 0.4916713 3.12484 0.3160222 0.1366848 3.137169 0.3567833 -0.1280841 2.944603 -0.01312369 0.05119911 2.992332 -0.08822214 -0.375446 3.074848 -0.204021 -0.8139912 3.048301 0.1789874 0.05116444 3.061756 0.2068187 -0.3862403 2.998828 0.3023541 -0.7955962 2.943517 
0.06705965 0.7116446 3.089068 0.06988911 0.495036 3.071802 0.07391765 0.2749674 3.048676 -0.08059891 0.4989167 3.008657 -0.2199832 0.5878811 2.784842 -0.1530403 0.8717321 2.695803 0.2203771 0.4911553 3.134948 0.3109941 0.1306599 3.144275 0.3520338 -0.1307869 2.946882 -0.01617317 0.0573259 2.986058 -0.09025143 -0.3735824 3.049234 -0.1964166 -0.7983388 3.079757 0.1720655 0.05247171 3.065043 0.2011304 -0.385957 3.010835 0.3008757 -0.8077348 2.943156 
0.06787016 0.7065772 3.085531 0.07548721 0.4890075 3.071885 0.08379669 0.2686799 3.053144 -0.07253084 0.4892625 3.003256 -0.1585606 0.5969625 2.764977 -0.04412862 0.8694296 2.694176 0.2235053 0.4887526 3.140514 0.3099121 0.1197889 3.143726 0.3451012 -0.1351096 2.936609 -0.0005349178 0.04851186 2.991451 -0.08035234 -0.3794211 3.068275 -0.1784533 -0.8202129 3.057545 0.1847472 0.0481927 3.077358 0.2170763 -0.3891472 3.016666 0.3201254 -0.8061998 2.946894 
0.09308717 0.6558285 3.103069 0.09265187 0.4427186 3.078549 0.09218217 0.2236788 3.05126 -0.04681417 0.4533015 2.996004 -0.07150401 0.5739653 2.738536 0.1156632 0.8051338 2.685238 0.2321179 0.4321358 3.161094 0.3057937 0.1075698 3.154105 0.335949 -0.1452597 2.936185 0.006143583 0.01113202 2.973326 -0.09734298 -0.4001546 3.045635 -0.1972095 -0.8367501 3.04928 0.1772814 -0.001854065 3.074617 0.1955559 -0.4096205 2.99517 0.3027432 -0.8168247 2.934169 
0.1497818 0.5922638 3.123971 0.120447 0.3855032 3.083925 0.08957393 0.1713772 3.042372 -0.008661985 0.421834 2.992635 -0.009723425 0.5257691 2.722219 0.2299675 0.69135 2.678304 0.249556 0.3491725 3.175215 0.294733 0.09798454 3.166203 0.3398913 -0.1381257 2.953725 -0.02122514 -0.02025801 2.944305 -0.1118316 -0.4347144 3.05332 -0.1949438 -0.8533936 3.075879 0.1386269 -0.06523976 3.057333 0.2251972 -0.4832573 2.984617 0.3052882 -0.8076349 2.925507 
0.1626087 0.5764646 3.135633 0.1290487 0.3712612 3.090174 0.09382004 0.1584961 3.043091 0.002153839 0.4128409 2.997225 0.03268483 0.4818665 2.730041 0.2924072 0.5995637 2.677894 0.2559436 0.3296815 3.183124 0.3019989 0.09065159 3.171976 0.3239286 -0.1585204 2.979573 -0.02029955 -0.02841879 2.93822 -0.1196202 -0.4343513 3.074105 -0.1912809 -0.8543333 3.07842 0.1374823 -0.08011926 3.053794 0.2355882 -0.5030639 3.001635 0.3084953 -0.8034164 2.932479 
0.07952205 0.6696658 3.075778 0.125197 0.3545877 3.098238 0.088893 0.145464 3.03641 0.006134395 0.40466 2.998787 0.07160794 0.4006102 2.746919 0.3422317 0.4473971 2.678057 0.2442596 0.3045155 3.19769 0.2970808 0.07636748 3.193213 0.3327118 -0.152994 3.003896 -0.02176857 -0.03238844 2.912472 -0.1293004 -0.4284104 3.075592 -0.198352 -0.8476809 3.05256 0.1269466 -0.09493114 3.036692 0.2349733 -0.5213443 3.003222 0.2996137 -0.7899455 2.932383 
0.0677229 0.6847483 3.066588 0.1022841 0.4190015 3.078862 0.09776348 0.2045939 3.049976 -0.01909742 0.4353485 2.976522 0.07882816 0.3618773 2.753976 0.3495535 0.3725094 2.676766 0.2236656 0.4026546 3.181201 0.2926056 0.08217856 3.179621 0.3386713 -0.1472755 3.014127 0.01495025 0.0007302398 2.955079 -0.1204088 -0.4109922 3.096716 -0.1809122 -0.8318805 3.080474 0.1715355 -0.02035771 3.0871 0.2516024 -0.5039862 3.021618 0.3144163 -0.7690399 2.958976 
0.05473727 0.6972176 3.061264 0.082262 0.467785 3.065843 0.1014438 0.2493839 3.058109 -0.04448077 0.4602042 2.965565 0.05929357 0.2624013 2.783659 0.3208511 0.1934646 2.689309 0.2090048 0.4753658 3.166121 0.2840053 0.09990561 3.201244 0.3561172 -0.1157112 3.015566 0.0408453 0.02621088 2.987254 -0.1080555 -0.3772372 3.081361 -0.2001172 -0.81185 3.072837 0.2004061 0.03575461 3.113497 0.2135681 -0.4063034 3.017114 0.3072 -0.7926097 2.926896 
0.05131942 0.6980966 3.057921 0.07325689 0.4759141 3.058989 0.0955727 0.2562339 3.053046 -0.06204607 0.4645979 2.96923 0.03636155 0.1861203 2.812096 0.2579886 0.04722887 2.686599 0.2085599 0.4872305 3.148748 0.3178526 0.09696429 3.213883 0.358592 -0.1115152 3.011302 0.03311801 0.02946364 2.990867 -0.1036577 -0.3872433 3.038593 -0.1999352 -0.798409 3.107621 0.202659 0.04364351 3.103339 0.2084816 -0.387492 2.992988 0.3068827 -0.8084268 2.916519 
0.05151382 0.6999816 3.068372 0.07200212 0.4787603 3.063442 0.09394247 0.2588307 3.053933 -0.06733307 0.4685035 2.979173 -0.04143434 0.1555476 2.854259 0.1280151 -0.03360001 2.685626 0.2113373 0.4890172 3.14771 0.2994213 0.1379664 3.189991 0.3717446 -0.1305053 3.033012 0.02871452 0.03248432 2.991705 -0.099207 -0.3862143 3.046963 -0.1966323 -0.8067567 3.08277 0.2030511 0.04531775 3.097143 0.2088944 -0.3871482 2.999818 0.3161406 -0.8098587 2.914068 
0.04599957 0.7054795 3.062358 0.07274984 0.454091 3.063028 0.08647187 0.2349093 3.040383 -0.07142123 0.4528542 2.987634 -0.1085101 0.1528967 2.854223 -0.002842903 -0.07028998 2.669455 0.2169209 0.4553277 3.138421 0.2987756 0.143768 3.180868 0.3733528 -0.1351258 3.033127 0.01207718 0.01497185 2.971658 -0.1108336 -0.4003637 3.029121 -0.2036449 -0.8160149 3.081656 0.1883106 0.01648363 3.063818 0.2001124 -0.4042421 2.982746 0.3008033 -0.8205609 2.908371 
0.04674876 0.7022502 3.057414 0.0680342 0.4724159 3.058804 0.08874678 0.2524903 3.050553 -0.08002947 0.4609925 2.991598 -0.1924493 0.174689 2.884659 -0.1891474 -0.05268594 2.683913 0.2160979 0.4838392 3.12601 0.3113061 0.1505107 3.177223 0.3730215 -0.1332272 3.020974 0.01680194 0.02541596 3.000245 -0.09700248 -0.3963947 3.066974 -0.1896617 -0.8134865 3.083656 0.2021168 0.03971327 3.084359 0.2232707 -0.3990891 3.010391 0.315016 -0.7895619 2.931906 
0.0504669 0.7017537 3.057494 0.06938776 0.4805272 3.058299 0.09036546 0.2603099 3.051596 -0.08163272 0.4679866 2.997663 -0.2628499 0.2129157 2.913164 -0.3345675 0.01546092 2.699572 0.2204082 0.4930677 3.118934 0.317341 0.1456364 3.158052 0.3650895 -0.1324651 2.99424 0.01689759 0.03225005 3.006973 -0.09461589 -0.3922347 3.053025 -0.1980874 -0.810007 3.086022 0.2057888 0.04793535 3.082813 0.2125186 -0.3870715 2.997886 0.3073716 -0.7940386 2.934793 
0.04996879 0.7037258 3.056669 0.06862777 0.4841083 3.058803 0.0901995 0.2638671 3.053492 -0.08386676 0.4705375 3.002174 -0.2879058 0.2384489 2.925072 -0.4351003 0.1033771 2.726776 0.2211223 0.497679 3.115432 0.3161873 0.1473307 3.148019 0.3634243 -0.1181592 2.970557 0.01637086 0.03513612 3.012754 -0.09354388 -0.3917407 3.040519 -0.1992411 -0.7988517 3.112876 0.2071716 0.05211586 3.083609 0.2127931 -0.3833407 3.002224 0.3060158 -0.7932807 2.934989 
0.0535516 0.7027841 3.056832 0.06944493 0.4833473 3.057456 0.08873937 0.2628969 3.050816 -0.0856372 0.4712677 3.007869 -0.3267376 0.2891147 2.946041 -0.5418706 0.2593218 2.762503 0.2245271 0.4954268 3.107044 0.3162876 0.1438265 3.137023 0.3573253 -0.1063055 2.930351 0.01102393 0.03489034 3.013156 -0.08701813 -0.3860006 3.099391 -0.2240009 -0.8353709 3.000504 0.2050437 0.05000278 3.075195 0.2087539 -0.3854651 2.994629 0.305212 -0.7959756 2.93319 
0.05377627 0.7042831 3.057348 0.06963219 0.4849937 3.056981 0.08873589 0.2645425 3.049582 -0.08633908 0.4730496 3.010142 -0.3393762 0.313561 2.946527 -0.5630064 0.335055 2.763426 0.2256035 0.4969378 3.10382 0.3171387 0.1474079 3.136011 0.3561732 -0.1024339 2.928937 0.01028772 0.03662097 3.012888 -0.08934587 -0.3893076 3.061379 -0.2081073 -0.8161405 3.055915 0.2053915 0.05156177 3.071478 0.2124543 -0.3839965 2.991838 0.3054373 -0.7942479 2.935165 
0.05530953 0.7056816 3.056611 0.07015358 0.4859209 3.056585 0.08845738 0.2654084 3.048882 -0.08618686 0.4745456 3.010728 -0.3516836 0.359787 2.93478 -0.5568763 0.4609957 2.766566 0.226494 0.4972962 3.102442 0.3180805 0.142698 3.133501 0.3554365 -0.1065394 2.926491 0.008984831 0.03778166 3.012499 -0.09157191 -0.3903497 3.049078 -0.203457 -0.8066381 3.083914 0.2045375 0.05201006 3.069858 0.2119138 -0.3845345 2.996121 0.3036844 -0.7954581 2.934311 
