0.08329951 0.706395 3.045315 0.08241923 0.4889429 3.043877 0.08468691 0.2677597 3.03598 -0.07080051 0.4893928 2.987276 -0.3360252 0.4553176 2.89144 -0.4496624 0.6753245 2.721315 0.235639 0.4884931 3.100478 0.2356388 0.1989536 3.100478 0.2356437 -0.09058563 3.100478 -0.008882095 0.0468578 2.99268 -0.09016616 -0.3779007 3.08663 -0.2286932 -0.8435434 2.980479 0.1827913 0.04629506 3.063487 0.2099541 -0.3882872 2.983162 0.3007508 -0.7878688 2.939467 
0.07976203 0.7017284 3.046983 0.08033931 0.485791 3.046055 0.08370572 0.2645181 3.040981 -0.07147737 0.484861 2.985888 -0.3109832 0.5110567 2.843626 -0.343653 0.7895169 2.72003 0.232156 0.4867209 3.106223 0.2321558 0.1971814 3.106223 0.2321607 -0.09235785 3.106223 -0.007919289 0.04266331 2.99826 -0.08940865 -0.3831264 3.08645 -0.2243861 -0.8484646 2.989233 0.1820635 0.04382707 3.073553 0.2137585 -0.3911061 2.997268 0.3030103 -0.7895763 2.945946 
0.07806098 0.6997753 3.038943 0.08013318 0.4833716 3.043836 0.08457533 0.262073 3.042773 -0.06837361 0.4807147 2.97638 -0.2725848 0.5450851 2.809323 -0.2439601 0.833455 2.722849 0.22864 0.4860284 3.111293 0.2286398 0.1964889 3.111293 0.2286447 -0.09305035 3.111293 -0.003978218 0.03911072 2.999467 -0.08396377 -0.3831187 3.104083 -0.2267145 -0.8538734 2.981495 0.1820132 0.04243817 3.083951 0.2100636 -0.3926569 3.006918 0.3004463 -0.7846557 2.956702 
0.07823596 0.6992147 3.036407 0.08131988 0.4828585 3.043911 0.08630058 0.2615569 3.045447 -0.06330663 0.479082 2.968786 -0.216361 0.5660823 2.763172 -0.1237906 0.8454334 2.704647 0.2259464 0.486635 3.119036 0.2259462 0.1970955 3.119036 0.2259512 -0.0924437 3.119036 0.0007504916 0.03789127 2.999957 -0.08368278 -0.384313 3.102162 -0.2230847 -0.8508427 2.984562 0.1818121 0.04261917 3.094008 0.207855 -0.3911587 3.00941 0.30023 -0.7884854 2.957735 
0.08894029 0.69317 3.033222 0.08988336 0.4774773 3.045124 0.09308185 0.2561897 3.050814 -0.05139846 0.4733362 2.963499 -0.1093684 0.5827957 2.713771 0.05583824 0.8377607 2.693163 0.2311652 0.4816183 3.12675 0.231165 0.1920788 3.12675 0.2311699 -0.09746039 3.12675 0.007943781 0.0323129 3.005468 -0.0855098 -0.390385 3.097984 -0.2212421 -0.8566133 2.986167 0.1846169 0.0374913 3.107541 0.2065229 -0.3922509 3.004274 0.3056298 -0.8028466 2.950352 
0.08575426 0.6926032 3.031559 0.08960555 0.4770289 3.044531 0.09410039 0.2558304 3.052381 -0.04773134 0.4711217 2.956718 -0.05173241 0.564917 2.69441 0.1574964 0.7816336 2.67947 0.2269424 0.4829361 3.132345 0.2269423 0.1933966 3.132345 0.2269472 -0.09614264 3.132345 0.01263397 0.03093454 3.005268 -0.08789594 -0.3912146 3.09266 -0.222062 -0.8523057 2.982351 0.1845565 0.03832933 3.115195 0.2041893 -0.3927123 3.016461 0.3066125 -0.799643 2.946354 
0.08313315 0.6949176 3.033612 0.09208516 0.4805895 3.046137 0.1009238 0.2595983 3.05517 -0.03774817 0.4713818 2.94791 0.0315288 0.5099555 2.687714 0.2914875 0.6548421 2.666872 0.2219185 0.4897972 3.144364 0.2219183 0.2002577 3.144364 0.2219232 -0.08928149 3.144364 0.02850993 0.0328446 3.00273 -0.08026958 -0.3849113 3.100507 -0.2130373 -0.8498059 2.988254 0.1910149 0.0443694 3.125675 0.2110426 -0.3866769 3.026553 0.3142332 -0.7954714 2.942127 
0.08105847 0.6950362 3.032884 0.09370073 0.4817802 3.0475 0.1057395 0.261088 3.059404 -0.02411255 0.4693734 2.936637 0.07709093 0.4599857 2.68803 0.3538559 0.5611943 2.660186 0.211514 0.494187 3.158363 0.2115138 0.2046475 3.158363 0.2115188 -0.08489172 3.158363 0.04371212 0.03259598 3.001612 -0.08244681 -0.3810711 3.094479 -0.2067731 -0.8470075 2.991072 0.1918445 0.04819565 3.141005 0.2033356 -0.3812815 3.034478 0.3067537 -0.793345 2.947461 
0.08280207 0.6990155 3.043966 0.09689106 0.4851524 3.051096 0.1095655 0.2643582 3.060571 -0.009441007 0.4738245 2.929362 0.1211299 0.4009186 2.703586 0.4021935 0.457316 2.641454 0.2032231 0.4964803 3.17283 0.203223 0.2069408 3.17283 0.2032279 -0.08259839 3.17283 0.0556369 0.03646857 2.993796 -0.08567157 -0.3716678 3.089024 -0.2102581 -0.8425397 2.981287 0.1888429 0.05065949 3.146297 0.1982147 -0.3734726 3.021168 0.3024816 -0.7890891 2.943522 
0.08651183 0.6946008 3.034415 0.1034107 0.4796684 3.042787 0.1174846 0.2591406 3.056186 0.003496595 0.4655193 2.914865 0.1619939 0.310486 2.741163 0.45215 0.2968113 2.645478 0.2033247 0.4938175 3.170709 0.2033246 0.204278 3.170709 0.2033295 -0.08526123 3.170709 0.06922042 0.02978487 2.989773 -0.09327645 -0.3720527 3.078541 -0.2218403 -0.8499216 2.99338 0.1938966 0.04744057 3.149398 0.2001996 -0.3754081 3.018591 0.3084818 -0.7975933 2.94003 
0.09111757 0.6936492 3.033071 0.1035971 0.4753982 3.04193 0.1137723 0.2546899 3.055436 0.0003719406 0.4629411 2.916129 0.1619709 0.2295893 2.762856 0.4360042 0.1670396 2.614334 0.2068222 0.4878554 3.167731 0.2068221 0.1983159 3.167731 0.206827 -0.09122333 3.167731 0.05940038 0.02619194 2.990278 -0.1093837 -0.3712619 3.087729 -0.2309191 -0.8478869 3.000297 0.1884948 0.04177096 3.147605 0.1920673 -0.3801696 3.013672 0.3005439 -0.8038393 2.937644 
0.086176 0.6956592 3.031495 0.09796672 0.4760738 3.03844 0.1078764 0.2552084 3.049639 -0.01138162 0.4650584 2.917958 0.1199322 0.1953155 2.781432 0.3680827 0.08283518 2.636522 0.207315 0.4870892 3.158922 0.2073149 0.1975497 3.158922 0.2073198 -0.0919895 3.158922 0.0493315 0.02744711 2.985414 -0.1082284 -0.3744887 3.082885 -0.2312005 -0.8461857 2.98889 0.1862406 0.04123892 3.136263 0.1986044 -0.3795584 2.999409 0.3035623 -0.7930945 2.928779 
0.0835076 0.689214 3.031601 0.09149215 0.4697249 3.036432 0.09794372 0.24854 3.042594 -0.02878529 0.4631589 2.926685 0.04663923 0.1511098 2.802387 0.261141 -0.0172663 2.651591 0.2117696 0.4762909 3.146179 0.2335152 0.1421889 3.200411 0.2368808 -0.1297244 3.168148 0.02909877 0.02324458 2.980053 -0.1037822 -0.3848168 3.087671 -0.2304924 -0.8510189 2.986624 0.1796918 0.03146553 3.117461 0.2090689 -0.3934845 2.997599 0.307857 -0.8018065 2.930972 
0.07876411 0.6865013 3.013674 0.08975115 0.4690607 3.032534 0.1027844 0.2487376 3.048581 -0.03851784 0.4542269 2.933044 -0.03144536 0.1260007 2.821739 0.1294778 -0.0777626 2.645241 0.2180201 0.4838945 3.132025 0.2651608 0.1431482 3.210907 0.2823535 -0.1132133 3.104817 0.03563822 0.01914214 3.002437 -0.09251856 -0.3922913 3.103407 -0.2312299 -0.8552997 2.991366 0.195997 0.03768701 3.126817 0.2137623 -0.3880159 3.007269 0.3108033 -0.7968728 2.944109 
0.07300639 0.6852424 3.020776 0.08549187 0.4670734 3.03741 0.1011414 0.2466906 3.050553 -0.05140631 0.452151 2.9502 -0.1159416 0.1315593 2.84313 -0.04881605 -0.09007739 2.630972 0.22239 0.4819959 3.12462 0.278256 0.1426588 3.198593 0.30392 -0.09690034 3.040871 0.03115364 0.01697296 3.009142 -0.1112482 -0.3945792 3.087341 -0.2104882 -0.8355361 3.01357 0.2024284 0.03564256 3.118252 0.2059338 -0.3881937 2.99064 0.3088535 -0.803764 2.931981 
0.06718578 0.6882717 3.026296 0.08088274 0.4693382 3.039072 0.09698664 0.2487779 3.048106 -0.0611826 0.4557512 2.960606 -0.170096 0.161355 2.873033 -0.1533452 -0.04496327 2.639955 0.2229481 0.4829252 3.117537 0.2792534 0.1587092 3.18362 0.3061497 -0.07364596 3.01296 0.02414864 0.01971121 3.008017 -0.1171159 -0.3929796 3.083184 -0.2098679 -0.8276479 3.016089 0.2020324 0.03672384 3.106266 0.2058044 -0.3885012 2.983134 0.3031776 -0.7974069 2.930853 
0.06221109 0.6871985 3.029552 0.07677841 0.4685905 3.039449 0.09368203 0.2479602 3.044542 -0.06956533 0.4557558 2.969169 -0.2241581 0.1947478 2.890478 -0.2630484 0.01447581 2.647451 0.2231221 0.4814251 3.109728 0.2890032 0.1504215 3.160042 0.3032736 -0.05349608 2.944815 0.01903711 0.01930103 3.00567 -0.1150795 -0.3946274 3.086872 -0.2064868 -0.8295475 3.015216 0.2021342 0.03535901 3.0936 0.2062772 -0.3930489 2.982529 0.304089 -0.7951455 2.928817 
0.05454432 0.6914342 3.034065 0.06739116 0.4729845 3.040949 0.08143984 0.2520626 3.043159 -0.08485097 0.4627293 2.983574 -0.2828244 0.2471979 2.921403 -0.4251954 0.1326032 2.690153 0.2196333 0.4832397 3.098325 0.2757078 0.157341 3.15057 0.2924665 -0.05624586 2.920194 0.0003297453 0.02473059 3.009506 -0.1221754 -0.3965347 3.063993 -0.2058715 -0.8196062 3.065736 0.1906473 0.0375506 3.081231 0.2023085 -0.3954348 2.990542 0.2962245 -0.7901005 2.937718 
0.05490838 0.6876875 3.032468 0.06694944 0.4703694 3.039812 0.08030128 0.2493846 3.041445 -0.0870765 0.4606729 2.986998 -0.3159198 0.2836015 2.922711 -0.4913125 0.2247067 2.69794 0.2209754 0.4800659 3.092627 0.2773457 0.1571666 3.140798 0.2841478 -0.054019 2.893572 -0.002635413 0.0223381 3.010062 -0.1172109 -0.3989318 3.079874 -0.2010961 -0.8305604 3.040951 0.1899417 0.03446161 3.076095 0.2074696 -0.3990592 2.988496 0.3006493 -0.7942087 2.93461 
0.05769863 0.6893786 3.031668 0.06724057 0.4716687 3.039596 0.07889302 0.250589 3.041658 -0.08756327 0.4630335 2.988565 -0.3429533 0.3333002 2.915371 -0.5285031 0.3481796 2.695081 0.2220444 0.4803039 3.090628 0.2751838 0.1520848 3.1309 0.2809013 -0.05764102 2.87479 -0.006223951 0.02411134 3.01182 -0.113123 -0.3989122 3.084848 -0.2046233 -0.8303069 3.025451 0.1873149 0.03490727 3.07562 0.2066293 -0.3983614 2.986695 0.2970358 -0.7876168 2.941883 
