0.0375689 0.6920066 3.038693 0.04380216 0.4726698 3.052016 0.05447478 0.2515759 3.05456 -0.1091997 0.4646323 2.995369 -0.3686236 0.4106588 2.879075 -0.509399 0.6260787 2.770001 0.196804 0.4807073 3.108663 0.1968221 0.1911677 3.108695 0.1969263 -0.09832953 3.103754 -0.03055066 0.0254547 3.021673 -0.12589 -0.4041396 3.070258 -0.1972901 -0.834261 3.028947 0.1608455 0.03550912 3.092535 0.2020294 -0.3968883 3.00691 0.2987525 -0.8019258 2.942614 
0.03778708 0.6893066 3.03476 0.04298491 0.4705091 3.050669 0.05259931 0.2493867 3.055196 -0.1097124 0.4626924 2.99316 -0.3403086 0.4548347 2.840517 -0.4349914 0.6965383 2.743126 0.1956822 0.4783258 3.108178 0.1956966 0.1887863 3.108204 0.1957923 -0.100719 3.103758 -0.03329959 0.02337497 3.023751 -0.12724 -0.4068818 3.069483 -0.1969382 -0.8323641 3.031314 0.157727 0.03315384 3.095696 0.202544 -0.3990622 3.010774 0.2971731 -0.7941916 2.945243 
0.04001073 0.6905229 3.033774 0.0445401 0.4719347 3.051984 0.05293722 0.2507916 3.05806 -0.1045875 0.4644678 2.986315 -0.296196 0.4924525 2.803722 -0.3326547 0.749774 2.712427 0.1936677 0.4794016 3.117653 0.193679 0.189862 3.117673 0.1937667 -0.09964984 3.113672 -0.03208531 0.02497093 3.022998 -0.125748 -0.4051165 3.071082 -0.1938819 -0.8275419 3.028877 0.154754 0.03432604 3.105273 0.2031778 -0.397409 3.019781 0.2986715 -0.7957489 2.949637 
0.04030264 0.6924657 3.049077 0.04558162 0.473763 3.059017 0.0527522 0.2525019 3.061036 -0.1016148 0.4683501 2.98858 -0.2040064 0.5171056 2.747408 -0.1567114 0.7838088 2.683074 0.1927781 0.4791761 3.129454 0.192785 0.1896365 3.129467 0.192858 -0.09988479 3.126226 -0.0321055 0.0278564 3.019017 -0.1323272 -0.4002277 3.071573 -0.1957636 -0.826344 3.029875 0.1519511 0.03462489 3.107092 0.2029107 -0.3952284 3.014153 0.3027602 -0.7990997 2.943676 
0.0452516 0.6781634 3.056432 0.05321847 0.4616591 3.064092 0.06275962 0.240467 3.063905 -0.0928828 0.4554182 2.991354 -0.1247714 0.5147617 2.72264 0.001639709 0.7488607 2.642925 0.1993197 0.4678999 3.13683 0.1993239 0.1783604 3.136838 0.1993845 -0.1111672 3.134213 -0.01906868 0.01537198 3.018229 -0.1306721 -0.4096462 3.071456 -0.1914284 -0.8381918 3.031267 0.1636702 0.02317783 3.109208 0.2004983 -0.4061957 3.008159 0.3031617 -0.7981118 2.939237 
0.04198338 0.6863179 3.056673 0.05487911 0.4545349 3.067684 0.06588364 0.2336845 3.05979 -0.089432 0.4500705 2.991412 -0.07527468 0.4898177 2.717314 0.1016934 0.6825312 2.637575 0.1991902 0.4589993 3.143957 0.1991934 0.1694597 3.143963 0.1992485 -0.1200701 3.1416 -0.01340334 0.01004083 3.004173 -0.1346497 -0.412061 3.059273 -0.1898091 -0.8362169 3.010956 0.1671797 0.01562732 3.099617 0.1982836 -0.4118234 2.989142 0.3041444 -0.8025708 2.930185 
0.03648636 0.6899095 3.056462 0.05375255 0.4668615 3.065077 0.06958795 0.2462551 3.06421 -0.08226926 0.4574455 2.976531 -0.02294037 0.4600077 2.707325 0.2001709 0.5893707 2.622804 0.1897743 0.4762775 3.153624 0.1897767 0.1867379 3.153629 0.1898268 -0.1027937 3.151502 -0.001136767 0.01965657 3.006995 -0.1287777 -0.3988284 3.073317 -0.1830855 -0.8198728 3.030272 0.1719835 0.03164067 3.119692 0.2066173 -0.4033398 3.02195 0.3038088 -0.782892 2.956679 
0.03386212 0.6874898 3.049747 0.05175881 0.4704961 3.056185 0.06898288 0.2499421 3.060232 -0.07209844 0.4588996 2.951346 0.03372173 0.3927642 2.731865 0.2793869 0.4344825 2.615192 0.1756161 0.4820926 3.161024 0.1756173 0.192553 3.161027 0.1756586 -0.09698132 3.159305 0.008457812 0.02210873 2.998469 -0.1377184 -0.3916878 3.05561 -0.1882327 -0.8258623 3.017293 0.1639561 0.03666769 3.13009 0.1981084 -0.3898757 3.012668 0.2998382 -0.7928455 2.942363 
0.03213109 0.6877155 3.052324 0.05155341 0.470432 3.055979 0.07012253 0.2499082 3.059497 -0.07243446 0.458314 2.950825 0.05133605 0.3408698 2.743443 0.291106 0.3423996 2.597723 0.1755413 0.4825501 3.161132 0.1755421 0.1930105 3.161134 0.1755797 -0.09652481 3.159584 0.01112621 0.02180357 2.997232 -0.1442856 -0.3872041 3.063194 -0.190271 -0.8257303 3.029127 0.1662571 0.03696538 3.128798 0.1980984 -0.3897874 3.013242 0.3058172 -0.7983102 2.942559 
0.03488573 0.6887705 3.042074 0.05099699 0.4711497 3.052217 0.06928546 0.2506703 3.059167 -0.07621714 0.4574087 2.951066 0.03073227 0.2919073 2.761216 0.2537529 0.248181 2.596069 0.1782111 0.4848906 3.153368 0.1782116 0.195351 3.15337 0.1782457 -0.09418506 3.151975 0.007950777 0.02159058 3.002808 -0.1497176 -0.3867117 3.06889 -0.1974887 -0.8259166 3.038354 0.1671971 0.03879143 3.129428 0.1966006 -0.3903047 3.023622 0.3040946 -0.7944811 2.939436 
0.03345282 0.6874014 3.040166 0.04711457 0.4663439 3.05159 0.06423024 0.2459192 3.059749 -0.08617058 0.4525508 2.958552 -0.005106026 0.2105086 2.784768 0.1701565 0.1148978 2.58524 0.1803997 0.4801371 3.144628 0.1803997 0.1905975 3.144629 0.1804281 -0.09893963 3.143499 -0.002064846 0.01686267 3.009683 -0.1500223 -0.3970649 3.061434 -0.1984678 -0.8269453 3.026196 0.1647567 0.03412637 3.126131 0.1938381 -0.3912189 3.006761 0.3043184 -0.8005006 2.934643 
0.02679962 0.6992185 3.048051 0.0517193 0.4511218 3.06321 0.06744742 0.2306009 3.061259 -0.08570137 0.4420923 2.975971 -0.06472931 0.1898602 2.803341 0.06445062 0.05756966 2.597085 0.18914 0.4601514 3.150449 0.1891397 0.1706118 3.15045 0.1891657 -0.1189257 3.149433 -0.002851701 0.004427246 3.004696 -0.14618 -0.4108164 3.059444 -0.1954139 -0.8390046 3.025919 0.1692028 0.01573251 3.113922 0.1961771 -0.4106991 2.99788 0.3104112 -0.8205675 2.932936 
0.02760012 0.6980611 3.052877 0.04845306 0.4616364 3.064136 0.06723329 0.2412248 3.064905 -0.09257622 0.4493379 2.98334 -0.1262996 0.1624226 2.822089 -0.06371935 0.01270227 2.589806 0.1894823 0.4739348 3.144932 0.189482 0.1843952 3.144933 0.1895057 -0.1051426 3.144017 -0.002222877 0.01311868 3.015124 -0.1459544 -0.4012415 3.075499 -0.1939933 -0.8180034 3.040772 0.1742499 0.028508 3.116225 0.2046628 -0.3983997 3.002771 0.3082687 -0.786869 2.94842 
0.02963007 0.696722 3.041853 0.04808817 0.4694034 3.059492 0.06712654 0.2490801 3.065934 -0.09772211 0.4547308 2.988593 -0.1734354 0.1716067 2.855502 -0.1698163 0.006246582 2.619361 0.1938984 0.4840761 3.130392 0.1938979 0.1945365 3.130393 0.1939196 -0.09500171 3.129569 -0.005159294 0.01956706 3.02797 -0.1502156 -0.3953124 3.081128 -0.1967931 -0.8194082 3.045593 0.1774891 0.03794669 3.116782 0.203092 -0.3879738 2.998628 0.3042712 -0.7848805 2.945682 
0.0329584 0.6950945 3.046392 0.04688841 0.4737796 3.060287 0.06388749 0.2531806 3.064619 -0.1038116 0.4609703 2.999355 -0.2709042 0.2346738 2.923634 -0.378437 0.07790149 2.712278 0.1975884 0.486589 3.121219 0.1975878 0.1970494 3.121219 0.1976058 -0.0924892 3.120552 -0.01333744 0.02457254 3.030854 -0.148926 -0.3954874 3.063082 -0.2053038 -0.8254195 3.020179 0.1751106 0.04059048 3.107049 0.190562 -0.3876022 2.995607 0.296099 -0.7959228 2.930659 
0.03437086 0.6965566 3.051139 0.04709566 0.4752086 3.062208 0.06235589 0.2544118 3.063708 -0.1045634 0.4643241 3.002949 -0.315463 0.263347 2.940827 -0.4793813 0.1523199 2.741147 0.1987547 0.486093 3.121467 0.1987541 0.1965534 3.121468 0.1987705 -0.09298535 3.120867 -0.01717413 0.02681207 3.02817 -0.141517 -0.3951777 3.074264 -0.2011321 -0.8282405 3.022993 0.1724064 0.04041811 3.102246 0.1897893 -0.3901986 3.001258 0.3011267 -0.8010884 2.936683 
0.0387984 0.695775 3.055262 0.04558503 0.4743974 3.06485 0.05562086 0.2532627 3.064881 -0.1111413 0.4672783 3.020439 -0.3608827 0.3160789 2.952042 -0.5826899 0.2821145 2.780619 0.2023113 0.4815164 3.109262 0.2023105 0.1919768 3.109262 0.202324 -0.09756222 3.108775 -0.03233068 0.02767714 3.037146 -0.1387532 -0.3995195 3.081856 -0.2081747 -0.8281423 3.026757 0.163644 0.03657899 3.092679 0.1935289 -0.3957658 3.003602 0.298109 -0.8026207 2.94301 
0.03970519 0.6948898 3.043536 0.0445816 0.473819 3.059523 0.05255807 0.25264 3.063044 -0.1113758 0.4674375 3.011955 -0.3804758 0.3560673 2.948001 -0.6045857 0.3835574 2.785898 0.200539 0.4802006 3.107092 0.2005382 0.190661 3.107092 0.2005505 -0.09887809 3.106654 -0.03694804 0.02747209 3.036831 -0.1339687 -0.4025165 3.075905 -0.203839 -0.8291391 3.026564 0.1580171 0.0354498 3.096298 0.1978258 -0.3963116 3.007866 0.2965779 -0.7981165 2.947578 
0.04269464 0.6969362 3.051528 0.04666321 0.4755681 3.063376 0.05637157 0.2544116 3.065485 -0.1100047 0.4682567 3.017877 -0.4048693 0.4312665 2.930519 -0.5945537 0.5486758 2.759384 0.2033311 0.4828794 3.108876 0.2033303 0.1933398 3.108876 0.2033407 -0.09619928 3.108521 -0.03189498 0.02868295 3.03914 -0.1287563 -0.4012172 3.081461 -0.1992612 -0.8281609 3.028142 0.1640549 0.03782754 3.096048 0.2021769 -0.3939887 3.007076 0.2992426 -0.7914557 2.948443 
