0.03414325 0.6885802 3.049958 0.04269665 0.4693325 3.056865 0.05554786 0.2483272 3.059137 -0.1065407 0.4599809 2.991338 -0.3450606 0.4546061 2.827799 -0.4505283 0.6410086 2.6594 0.191934 0.4786841 3.122392 0.2407235 0.1681104 3.14818 0.2134851 -0.01110918 2.89853 -0.0250009 0.02146931 3.020398 -0.1206385 -0.4064938 3.08138 -0.2129227 -0.8455611 3.004913 0.161799 0.03317464 3.102418 0.2032405 -0.396746 3.005259 0.3005801 -0.7962985 2.944391 
0.03521781 0.6889588 3.052905 0.04468593 0.4699527 3.058062 0.05746188 0.2489442 3.057207 -0.1029563 0.4616855 2.988874 -0.2999861 0.4922805 2.793394 -0.3474376 0.72142 2.654194 0.1923281 0.4782198 3.127251 0.2398944 0.1740815 3.158102 0.2192651 -0.0159646 2.920541 -0.02211557 0.02276445 3.013073 -0.1162392 -0.4049909 3.077917 -0.2110545 -0.8427301 3.00076 0.1625912 0.03310707 3.099631 0.2032547 -0.3958364 2.997787 0.3035111 -0.7954559 2.93687 
0.0359478 0.6848026 3.041868 0.0456774 0.4666258 3.053207 0.0581434 0.245668 3.057125 -0.1014846 0.4570795 2.983061 -0.2450016 0.5121475 2.764674 -0.2160738 0.7571762 2.658894 0.1928394 0.4761721 3.123353 0.2399264 0.1725306 3.158555 0.2238285 -0.0178912 2.92984 -0.02141952 0.01874039 3.017176 -0.1189297 -0.4061855 3.09361 -0.2132837 -0.8490523 3.012648 0.1626383 0.03068005 3.104908 0.2040581 -0.4004391 3.013456 0.3008396 -0.7961094 2.947097 
0.06968961 0.6384911 3.073396 0.062037 0.424495 3.064618 0.0545833 0.2050858 3.052324 -0.07775854 0.4337712 2.983826 -0.1827041 0.5099471 2.736356 -0.08348042 0.7416207 2.652699 0.2018325 0.4152188 3.145411 0.2415556 0.1699376 3.157683 0.2253506 -0.01849664 2.933267 -0.03847678 -0.008643021 2.990554 -0.1321407 -0.4242693 3.063901 -0.2240928 -0.8586792 2.995616 0.132736 -0.02000395 3.089504 0.1892925 -0.4208512 3.001263 0.2868329 -0.8142452 2.938878 
0.09464446 0.6098991 3.090071 0.07575792 0.3984723 3.070229 0.05625414 0.1803536 3.048201 -0.06063895 0.4192519 2.985235 -0.1172078 0.4819025 2.724401 0.04838764 0.6777557 2.660573 0.2121548 0.3776927 3.155222 0.2397955 0.1413034 3.13752 0.2299692 -0.04388086 2.912705 -0.04754739 -0.02492262 2.973645 -0.1368769 -0.4438685 3.061703 -0.2188918 -0.8541666 2.998433 0.1210481 -0.05060756 3.078702 0.2083681 -0.4609058 2.995978 0.2940942 -0.8041907 2.938191 
0.06271517 0.6494314 3.04791 0.09188976 0.3726056 3.089729 0.06750006 0.15648 3.054614 -0.04119071 0.4019774 3.001383 -0.06684496 0.4393442 2.728954 0.148523 0.5797993 2.664539 0.2249702 0.3432339 3.178074 0.2460316 0.1102778 3.149287 0.2357922 -0.0409914 2.904001 -0.03966586 -0.04137637 2.964548 -0.1317969 -0.4553769 3.078855 -0.2060614 -0.8565538 3.005904 0.1258866 -0.07791492 3.07445 0.2298051 -0.492107 2.991936 0.3049848 -0.8024657 2.944904 
0.0340572 0.6809899 3.034651 0.1050115 0.3340565 3.11609 0.06500567 0.1250868 3.058286 -0.01258361 0.3841141 3.016511 5.896854E-05 0.3650149 2.742674 0.2611983 0.4264568 2.667184 0.2226067 0.2839989 3.215669 0.2507303 0.03822438 3.193179 0.2404482 -0.03015994 2.919729 -0.04874256 -0.05249235 2.938037 -0.1517384 -0.4519158 3.093593 -0.2201336 -0.8514286 2.995856 0.09874219 -0.1152733 3.062927 0.2109973 -0.5346155 2.986939 0.282955 -0.8095314 2.942159 
0.02391815 0.691424 3.031633 0.1096948 0.3198828 3.113313 0.05735512 0.1148929 3.049456 0.005236412 0.3804638 3.004458 0.03054676 0.2970559 2.761542 0.3051277 0.2932133 2.68786 0.2141531 0.2593018 3.222169 0.2445676 -0.02724994 3.193951 0.2319292 -0.107043 2.915911 -0.06010444 -0.05233055 2.917737 -0.1626051 -0.4483467 3.084638 -0.2280532 -0.8529748 3.003228 0.07013542 -0.1278636 3.053459 0.213235 -0.5386526 2.976144 0.2823376 -0.787359 2.925622 
0.02231539 0.6857728 3.043748 0.09152306 0.3360886 3.087691 0.0389675 0.1298284 3.027625 -0.01679756 0.3947318 2.981092 0.02583381 0.2529888 2.772248 0.2955904 0.2065604 2.699407 0.1998437 0.2774454 3.194289 0.235319 0.004410614 3.144988 0.2153233 -0.04103537 2.872544 -0.08122075 -0.03981638 2.901002 -0.1638435 -0.4268001 3.095481 -0.2456819 -0.8392692 2.988888 0.05404462 -0.113047 3.034117 0.209855 -0.522778 2.98241 0.2832827 -0.7746916 2.924057 
0.02442583 0.6830531 3.049467 0.06818181 0.3940072 3.072872 0.05114516 0.1806318 3.046829 -0.04828716 0.4161962 2.967263 0.01025398 0.2030846 2.782773 0.2557281 0.1220192 2.691136 0.1846508 0.3718182 3.17848 0.239374 -0.001462494 3.090794 0.2044416 -0.02218506 2.812125 -0.04048504 -0.01853247 2.953148 -0.1132818 -0.4576229 3.120422 -0.228701 -0.8403574 2.998126 0.1087021 -0.04695468 3.088424 0.2260722 -0.5007384 3.013283 0.3067566 -0.7637355 2.953117 
0.02515548 0.6841903 3.055401 0.04976356 0.4457806 3.063455 0.06028108 0.2270716 3.058525 -0.08369835 0.4413817 2.973874 -0.0478089 0.1533036 2.826159 0.1556147 0.0190648 2.679067 0.1832255 0.4501796 3.153036 0.2519163 0.003861908 3.026054 0.2305519 0.00167376 2.917938 -0.01318476 0.005594467 2.997225 -0.1232825 -0.4136608 3.109863 -0.222472 -0.8339576 3.013961 0.1547819 0.01113075 3.109966 0.2048505 -0.4234003 3.008915 0.313156 -0.7821897 2.941774 
0.02640895 0.6842253 3.054981 0.04788728 0.4555053 3.061942 0.06376326 0.2359522 3.060106 -0.09108227 0.4461444 2.979694 -0.1037662 0.1357079 2.822873 0.0546359 -0.02619241 2.646941 0.1868568 0.4648661 3.144191 0.2533871 0.02890421 3.052135 0.2173338 0.01924923 2.858089 -0.007388575 0.01053697 3.006762 -0.1341648 -0.4071358 3.087492 -0.2156758 -0.8310674 3.013767 0.1666671 0.02226119 3.109776 0.1965472 -0.4090587 3.002852 0.3081178 -0.7929317 2.937817 
0.02438399 0.6798447 3.043384 0.04346078 0.4566219 3.056891 0.06130773 0.2367162 3.061252 -0.0992865 0.4435244 2.980631 -0.1607091 0.1418035 2.821344 -0.06600984 -0.03102957 2.610538 0.1862081 0.4697194 3.13315 0.2484856 0.04770553 3.080307 0.2123895 0.02329656 2.847514 -0.01013961 0.008617401 3.01791 -0.1430703 -0.408772 3.084599 -0.2149336 -0.8359116 3.027974 0.168449 0.02500345 3.113317 0.1927164 -0.4041153 3.001788 0.2986182 -0.793831 2.943618 
0.02326555 0.6818507 3.04961 0.03939149 0.4599609 3.058434 0.05730182 0.2396668 3.060142 -0.1059557 0.4475834 2.986153 -0.2113902 0.1574236 2.846157 -0.190968 -0.01549289 2.612802 0.1847387 0.4723383 3.130716 0.2349315 0.05667349 3.182355 0.2208366 -0.01498789 2.923692 -0.01564855 0.01163533 3.016665 -0.1447435 -0.4084217 3.070673 -0.2156747 -0.8285149 3.018187 0.1660728 0.02711031 3.107035 0.1908185 -0.4009624 2.994029 0.2948326 -0.7956533 2.932797 
0.02563182 0.6823701 3.047596 0.03610248 0.4627827 3.056384 0.04982616 0.2419544 3.057653 -0.1143427 0.453076 2.994286 -0.3031392 0.2313666 2.898328 -0.3633449 0.1156124 2.63672 0.1865477 0.4724894 3.118481 0.2269454 0.05967853 3.171757 0.2136365 -0.0476821 2.887959 -0.0305815 0.01505266 3.020069 -0.1427047 -0.4097525 3.073212 -0.218382 -0.8292172 3.010118 0.1576812 0.02719939 3.097777 0.2004129 -0.4016193 2.996242 0.2946763 -0.7984989 2.932039 
0.02793614 0.6910331 3.041807 0.0342509 0.4710809 3.053477 0.0447355 0.2500087 3.055641 -0.1181876 0.4632845 2.995569 -0.3360087 0.2795748 2.905853 -0.471006 0.2251616 2.666235 0.1866894 0.4788772 3.111384 0.2280269 0.0624187 3.183424 0.2164176 -0.02643196 2.897901 -0.04010671 0.02406108 3.021592 -0.1321436 -0.4043494 3.083224 -0.2166237 -0.8335153 3.019505 0.1505469 0.033812 3.094017 0.2006063 -0.3959068 2.999984 0.2955573 -0.793453 2.943358 
0.0318587 0.6873893 3.034346 0.03647156 0.4682579 3.049432 0.04577168 0.2470977 3.053234 -0.1175852 0.4608562 2.995728 -0.3574968 0.3378886 2.911232 -0.4919043 0.3559074 2.660955 0.1905283 0.4756597 3.103136 0.2299086 0.06359699 3.189302 0.2192101 -0.01783168 2.889304 -0.04127915 0.0213083 3.023449 -0.1212706 -0.4106707 3.07772 -0.2119309 -0.8388261 3.017116 0.1514228 0.03056679 3.090625 0.2085468 -0.4016591 3.014066 0.2992632 -0.791117 2.93688 
0.03491121 0.6857764 3.032536 0.03932436 0.4674039 3.048177 0.04874175 0.2462494 3.052605 -0.1146744 0.4597666 2.994266 -0.359252 0.3749181 2.887531 -0.471047 0.4576214 2.646434 0.1933232 0.4750413 3.102088 0.2309847 0.06453446 3.193139 0.2207295 -0.01361675 2.891219 -0.03815862 0.02031807 3.023316 -0.115918 -0.4110318 3.085343 -0.2086553 -0.8409908 3.013065 0.1544769 0.02987157 3.090752 0.209882 -0.4021913 3.011624 0.29999 -0.793767 2.944173 
