0.01260965 0.6954098 3.053537 0.02103127 0.4746495 3.061896 0.03354316 0.2536504 3.058907 -0.136893 0.4662593 3.021169 -0.3862447 0.3711839 2.882839 -0.52908 0.504444 2.682478 0.1789556 0.4830397 3.102622 0.2451921 0.2045508 3.158935 0.2082692 0.05311069 2.939309 -0.05272037 0.02740347 3.030445 -0.1392714 -0.4039288 3.07953 -0.20609 -0.8302217 3.017373 0.1448305 0.03789894 3.081391 0.191413 -0.394714 3.000743 0.2977871 -0.7934465 2.943027 
0.02067674 0.6961876 3.054678 0.02697372 0.4758974 3.061932 0.03792696 0.2548249 3.057728 -0.1298195 0.4689848 3.016931 -0.3621016 0.4065865 2.859894 -0.4684024 0.5853484 2.677573 0.1837669 0.4828101 3.106933 0.2391119 0.1627826 3.112453 0.2106438 0.02401871 2.874314 -0.04922086 0.02942728 3.025367 -0.1316937 -0.4031586 3.070717 -0.1984509 -0.8272483 3.017783 0.1469813 0.03807742 3.081679 0.2011676 -0.3939265 3.002067 0.3033797 -0.7987545 2.944204 
0.02903551 0.6947573 3.058813 0.03621153 0.4754218 3.063425 0.04721721 0.2543612 3.0579 -0.1172042 0.4691672 3.008067 -0.318759 0.4631373 2.815221 -0.3405457 0.69561 2.661096 0.1896272 0.4816763 3.118782 0.2472894 0.1272053 3.109618 0.2283287 0.004514221 2.846779 -0.03772524 0.02938902 3.017754 -0.1269104 -0.4013102 3.067919 -0.2004757 -0.8320989 3.018317 0.154171 0.03721236 3.086997 0.2024347 -0.3941249 2.999749 0.3040434 -0.799332 2.943769 
0.03462633 0.6917472 3.057821 0.04156697 0.473157 3.063377 0.05196702 0.2520493 3.058511 -0.1093418 0.4674172 3.001647 -0.2668931 0.4890808 2.784598 -0.2418049 0.7364689 2.662326 0.1924757 0.4788969 3.125107 0.2446318 0.1465891 3.125795 0.2265133 -0.005020233 2.873114 -0.03207145 0.02734953 3.015015 -0.1210865 -0.4034645 3.065102 -0.1983401 -0.8314552 3.020875 0.1568056 0.03453349 3.092276 0.2045008 -0.3969792 3.005298 0.3032514 -0.7970396 2.94852 
0.04086163 0.6914857 3.058837 0.04842428 0.4725724 3.064628 0.05879051 0.2514553 3.059983 -0.09921158 0.4671005 2.995616 -0.2064527 0.5075436 2.7488 -0.1238564 0.7558187 2.665364 0.1960602 0.4780442 3.133639 0.2468114 0.1452902 3.141395 0.2329755 -0.007203918 2.874281 -0.02324267 0.02691357 3.012147 -0.1179137 -0.4019149 3.068149 -0.1962048 -0.832137 3.022433 0.1615561 0.03376282 3.09853 0.2052856 -0.3964347 3.003628 0.306622 -0.7954564 2.949407 
0.06032294 0.6496288 3.084091 0.05704316 0.4348167 3.072093 0.05450054 0.2148592 3.054662 -0.08585827 0.4425553 2.995284 -0.1397556 0.5076714 2.731379 -0.004394699 0.7402819 2.668246 0.1999446 0.427078 3.148903 0.2447309 0.1552973 3.152471 0.244162 -0.0002470398 2.889048 -0.03573652 -0.0003492737 2.990096 -0.1352355 -0.4169887 3.051602 -0.2079222 -0.8484101 3.013977 0.1396524 -0.009847229 3.084367 0.1850854 -0.417616 2.994027 0.2939274 -0.8221405 2.932581 
0.07957071 0.6118411 3.100519 0.06679689 0.4003837 3.073935 0.0536272 0.1816276 3.045107 -0.07038406 0.4199217 2.988343 -0.0360525 0.4931226 2.707692 0.1656434 0.6853862 2.671957 0.2039778 0.3808458 3.159527 0.2478025 0.1228873 3.166514 0.266415 0.01702697 2.900155 -0.04487978 -0.02497444 2.963034 -0.1430213 -0.4411393 3.064973 -0.2021045 -0.8373572 3.019526 0.1257948 -0.0492827 3.069523 0.2121975 -0.4706313 2.996127 0.2997981 -0.8064454 2.936516 
0.08891109 0.6026744 3.098944 0.07302953 0.3912772 3.074878 0.05670477 0.1722044 3.049183 -0.05976877 0.411974 2.98279 0.01489546 0.4646478 2.708793 0.2496092 0.6135052 2.670426 0.2058278 0.3705804 3.166966 0.2528271 0.1123791 3.195659 0.2730479 0.01280978 2.933479 -0.04251714 -0.03394882 2.966003 -0.1429978 -0.4483486 3.078727 -0.2006724 -0.839129 3.031079 0.1232772 -0.05978812 3.080972 0.2123933 -0.4829113 3.002074 0.2994877 -0.8000913 2.956378 
0.05415095 0.6704351 3.087417 0.06518742 0.422867 3.077063 0.05899494 0.2035956 3.055219 -0.05274283 0.4371129 2.967493 0.06310368 0.4120894 2.732429 0.3290751 0.4744503 2.684731 0.1831177 0.4086212 3.186633 0.2709782 0.1122122 3.194099 0.2578954 -0.007957901 2.938759 -0.02213142 -0.00662381 2.963753 -0.1470749 -0.4406665 3.08187 -0.1919954 -0.81627 3.03099 0.1277363 -0.02472772 3.102996 0.2221486 -0.492226 2.996292 0.3053932 -0.7797766 2.954232 
0.04429133 0.6846592 3.076648 0.05755943 0.4597549 3.070564 0.06409035 0.2391147 3.062836 -0.05406055 0.4605927 2.95231 0.09039459 0.3540566 2.75576 0.3624857 0.3496358 2.688075 0.1691794 0.4589171 3.188819 0.2371268 0.1405044 3.173164 0.2530705 -0.001730957 2.931885 0.0005918994 0.01900003 2.980917 -0.145585 -0.395745 3.063633 -0.1914031 -0.8244015 3.035931 0.1406506 0.01794879 3.129301 0.1995667 -0.4154122 3.008368 0.3080623 -0.7925774 2.947934 
0.03999394 0.6829705 3.053223 0.05206284 0.4619848 3.055818 0.06114379 0.2412101 3.056719 -0.06148307 0.4568382 2.939178 0.09131451 0.3060222 2.769322 0.3649973 0.2691791 2.702433 0.1656087 0.4671313 3.172458 0.2230937 0.1482724 3.175109 0.2502495 -0.01277667 2.938669 -0.0009484463 0.01720949 2.984507 -0.1565989 -0.393301 3.056558 -0.2005781 -0.8332328 3.039095 0.141398 0.02366142 3.130733 0.1890635 -0.4021172 2.999769 0.3003071 -0.7939618 2.942513 
0.03839751 0.681751 3.042488 0.04822986 0.4619699 3.05188 0.05803224 0.2411539 3.058158 -0.07176573 0.4535236 2.942172 0.05484097 0.2604508 2.786114 0.315579 0.1724997 2.717669 0.1682255 0.4704161 3.161587 0.2278755 0.1565638 3.175975 0.2496348 -0.02030982 2.945883 -0.007395333 0.01504263 2.995657 -0.161745 -0.3950413 3.066506 -0.2035554 -0.8289107 3.04485 0.1430646 0.02563324 3.133217 0.1860122 -0.3987873 3.005184 0.3003886 -0.7903569 2.948107 
0.0360554 0.6776326 3.034811 0.04154066 0.4568723 3.048637 0.04982396 0.2358072 3.055395 -0.0903225 0.4490237 2.953519 -0.003552132 0.1823572 2.810053 0.2248321 0.03177907 2.709845 0.1734038 0.464721 3.143756 0.2265864 0.202937 3.226795 0.2433881 0.01943285 2.997537 -0.02445425 0.009827835 3.002598 -0.1633963 -0.4069976 3.058243 -0.2103558 -0.828865 3.02849 0.1406688 0.01965617 3.121708 0.1806088 -0.4043493 2.998164 0.2970839 -0.7953375 2.931238 
0.03289181 0.6818208 3.044822 0.03844962 0.4588878 3.053845 0.04704727 0.2377395 3.057403 -0.09954233 0.4521407 2.967926 -0.07037526 0.1622426 2.812997 0.1123169 -0.02112781 2.689393 0.1764416 0.4656349 3.139765 0.2231747 0.1908944 3.202914 0.2346362 0.0181067 2.972558 -0.03073174 0.01236786 3.00718 -0.1578168 -0.4060225 3.075171 -0.206352 -0.8260723 3.034201 0.1420216 0.02081461 3.114743 0.1876276 -0.4038389 2.996882 0.2986007 -0.7892416 2.940751 
0.02940186 0.6854114 3.049806 0.03748911 0.4633906 3.058049 0.04765923 0.242267 3.060018 -0.1037538 0.4561742 2.977171 -0.1372164 0.1526489 2.817964 -0.02084387 -0.04679329 2.651635 0.178732 0.4706069 3.138927 0.2190555 0.1764147 3.174436 0.2273278 -0.001343063 2.937889 -0.03040483 0.0166353 3.011462 -0.1499896 -0.4038467 3.080681 -0.2001156 -0.8254911 3.031576 0.1460635 0.02565141 3.112511 0.1909072 -0.4020396 3.007148 0.3032888 -0.7899008 2.943657 
0.02669184 0.6910659 3.054077 0.03661131 0.4703608 3.061403 0.04845122 0.2492866 3.060823 -0.1103561 0.462674 2.991109 -0.2405834 0.1821844 2.867226 -0.2272625 -0.02573556 2.657071 0.1835788 0.4780476 3.131696 0.2372365 0.1628273 3.164846 0.2192334 -0.01391119 2.909523 -0.03150785 0.02341109 3.016336 -0.143962 -0.4015173 3.068278 -0.1996748 -0.8266097 3.027527 0.1520901 0.03301375 3.10415 0.1884203 -0.3973152 3.006568 0.3022636 -0.7907348 2.938769 
0.0242716 0.6900938 3.042958 0.03469989 0.4700502 3.056159 0.04691682 0.2490279 3.05889 -0.113465 0.4610221 2.988332 -0.2837609 0.2435743 2.953599 -0.3111637 0.06906512 2.731334 0.1828648 0.4790784 3.123985 0.237642 0.1634332 3.155419 0.2114145 -0.01003452 2.897653 -0.03348679 0.02236192 3.019222 -0.1448145 -0.4044783 3.050703 -0.1998522 -0.8251591 3.065911 0.1517543 0.03364922 3.104022 0.1832784 -0.3953396 2.999336 0.2975906 -0.7871062 2.941688 
0.02450481 0.6925278 3.049464 0.03329236 0.4725879 3.060594 0.04419388 0.2514964 3.059757 -0.1192993 0.465277 3.004306 -0.3015113 0.2838578 2.989839 -0.3856059 0.1537256 2.780154 0.185884 0.4798988 3.116881 0.2366866 0.1651321 3.144279 0.20852 -0.007204559 2.882405 -0.04058694 0.02582053 3.023625 -0.1469449 -0.4017163 3.064016 -0.2060677 -0.8261086 3.047418 0.1507777 0.03498917 3.094215 0.1859385 -0.3940213 2.990588 0.2974629 -0.7865202 2.934618 
0.02233767 0.6968459 3.052685 0.02961438 0.4769681 3.0627 0.03970122 0.2558371 3.059991 -0.1258428 0.4704657 3.01462 -0.3268013 0.3279546 3.024428 -0.4250973 0.2411576 2.803273 0.1850715 0.4834704 3.110779 0.237791 0.1610347 3.137178 0.2048833 -0.005825958 2.86837 -0.04742753 0.03063994 3.027216 -0.1426166 -0.3990642 3.07252 -0.211953 -0.8299218 3.030434 0.1470037 0.03877243 3.087349 0.1920786 -0.3929223 3.002426 0.2963395 -0.7881755 2.9359 
0.02063815 0.6981949 3.054282 0.02643883 0.4779949 3.062539 0.03575012 0.2568457 3.058208 -0.1299966 0.4723042 3.016788 -0.3309108 0.3634851 3.015226 -0.4413037 0.3423139 2.793121 0.1828742 0.4836856 3.10829 0.235886 0.1640077 3.128099 0.2070137 -0.005963745 2.857905 -0.05265206 0.03214201 3.025299 -0.1370017 -0.3992587 3.075867 -0.2165864 -0.8398411 3.015023 0.1427749 0.03925108 3.082454 0.1892873 -0.391486 2.992336 0.2927317 -0.7820225 2.940922 
0.02325131 0.6931753 3.048963 0.02530022 0.472789 3.058854 0.03155356 0.2515258 3.055898 -0.1320655 0.4689179 3.015702 -0.3626721 0.4080916 2.920796 -0.4524841 0.5342746 2.713696 0.1826659 0.4766602 3.102006 0.2387693 0.153534 3.095783 0.2120929 -0.005882645 2.829024 -0.0605794 0.02784224 3.025964 -0.1307925 -0.4058402 3.079831 -0.2256647 -0.8474542 2.998462 0.1361932 0.03268278 3.079922 0.1925223 -0.3977188 2.993071 0.2956348 -0.7965985 2.938164 
