0.07303824 0.7097125 3.046702 0.07669713 0.4908594 3.051009 0.08667763 0.269792 3.047807 -0.07691835 0.4847209 2.995991 -0.3506033 0.4483663 2.92381 -0.4962392 0.6439928 2.745468 0.2303126 0.4969979 3.106027 0.2998845 0.1321389 3.11731 0.2987676 -0.1233478 2.902899 0.0005454741 0.0448839 3.010182 -0.07639775 -0.3817374 3.096283 -0.2267759 -0.8443651 2.964016 0.1927708 0.05256523 3.079028 0.2103696 -0.38078 2.990215 0.3044904 -0.7952136 2.933844 
0.07253838 0.7088917 3.051215 0.07332473 0.4908039 3.051171 0.07878236 0.2696867 3.044405 -0.07869574 0.4888678 2.991819 -0.3392419 0.4916676 2.881325 -0.4232418 0.7340936 2.732289 0.2253452 0.4927401 3.110524 0.2964899 0.1290891 3.125108 0.2987006 -0.1319611 2.911338 -0.01089899 0.04735782 3.000495 -0.08899266 -0.377832 3.09415 -0.2488265 -0.8516399 2.948746 0.179379 0.04978116 3.074784 0.1931124 -0.3842982 2.988742 0.2887875 -0.7972187 2.932028 
0.07404856 0.7044616 3.05351 0.07506365 0.487049 3.05202 0.07875059 0.2658734 3.044309 -0.07543768 0.4867427 2.988836 -0.2961066 0.5368329 2.840638 -0.3217795 0.8030793 2.714793 0.225565 0.4873553 3.115203 0.2882572 0.1295464 3.135534 0.3066716 -0.119108 2.915828 -0.01169433 0.04450618 2.997081 -0.07524689 -0.3699318 3.131557 -0.2380711 -0.8589216 2.950343 0.1765694 0.0448893 3.076118 0.2042884 -0.3897742 2.998046 0.2977575 -0.7966 2.939559 
0.0719814 0.7017351 3.054678 0.07394654 0.4836658 3.052457 0.0775649 0.2624628 3.044484 -0.07426122 0.483704 2.984132 -0.2330481 0.5679136 2.789318 -0.1982313 0.845643 2.698484 0.2221543 0.4836277 3.120782 0.2846325 0.1277758 3.139266 0.3102804 -0.1109822 2.91889 -0.01157355 0.04128369 2.99375 -0.09957685 -0.4394037 3.128089 -0.2270488 -0.8829287 2.977561 0.1739401 0.04123596 3.079273 0.2028216 -0.3938019 3.002796 0.2976063 -0.7950073 2.944278 
0.07547701 0.6945371 3.056905 0.08156467 0.4769953 3.057361 0.08927211 0.2558497 3.052347 -0.06101596 0.4738078 2.978784 -0.1626332 0.573472 2.754299 -0.06605967 0.8365173 2.67144 0.2241453 0.4801829 3.135938 0.2832057 0.1263585 3.146776 0.3118772 -0.1067917 2.920607 0.007563474 0.03270503 2.998054 -0.09196933 -0.4167612 3.112208 -0.1864367 -0.8491889 3.036074 0.1863956 0.03670302 3.09661 0.2186479 -0.3986532 3.022971 0.3146225 -0.800708 2.952424 
0.06978057 0.6923515 3.059473 0.08148905 0.4757603 3.061229 0.09421833 0.2548388 3.059178 -0.05746919 0.46854 2.976538 -0.08938739 0.5417372 2.729763 0.05670818 0.7787936 2.658079 0.2204473 0.4829805 3.145921 0.2835423 0.1251678 3.152985 0.3118739 -0.1042882 2.928862 0.0200299 0.02940112 3.004152 -0.09986582 -0.3995219 3.11034 -0.1854136 -0.823593 3.042727 0.1938653 0.03843358 3.110101 0.2146033 -0.3946121 3.022105 0.3093661 -0.7923588 2.949009 
0.06875189 0.6979281 3.058236 0.08427501 0.4819072 3.061652 0.1012641 0.2612603 3.062012 -0.05101756 0.4713427 2.971427 -0.02074878 0.5053644 2.717973 0.1703731 0.7029693 2.641944 0.2195676 0.4924717 3.151876 0.2882266 0.12258 3.169569 0.3113199 -0.1010164 2.938135 0.03363866 0.03400616 3.005944 -0.09629696 -0.3820999 3.1179 -0.1871502 -0.8185276 3.027072 0.2028676 0.04722064 3.1188 0.211451 -0.3818153 3.012685 0.3114008 -0.7857592 2.944282 
0.06684276 0.6992454 3.056532 0.08281348 0.4840837 3.058607 0.1002269 0.2634219 3.060134 -0.04413112 0.4733666 2.957582 0.03706531 0.4502001 2.716013 0.2633941 0.6026973 2.633264 0.2097581 0.4948008 3.159631 0.285075 0.1252647 3.17829 0.3131644 -0.1005336 2.948367 0.03804031 0.03604009 2.998315 -0.0980088 -0.3785599 3.090477 -0.2019187 -0.8245273 3.007939 0.1972403 0.04948033 3.125009 0.1956392 -0.3780437 3.011808 0.2961125 -0.7890102 2.943403 
0.06014347 0.7006947 3.055856 0.07760557 0.4837459 3.05427 0.09594077 0.263116 3.055715 -0.03811932 0.4733813 2.940176 0.09850197 0.3640378 2.723291 0.3593554 0.4602154 2.630226 0.1933304 0.4941105 3.168364 0.2717827 0.1545775 3.206081 0.3263533 -0.09216949 2.983813 0.04208679 0.03602058 2.985989 -0.09975557 -0.3677839 3.100081 -0.2074146 -0.8294362 3.009196 0.1864651 0.04895149 3.128332 0.1960866 -0.3770053 3.008527 0.3013271 -0.7915871 2.939547 
0.06111884 0.6964145 3.05689 0.07953834 0.477884 3.052919 0.09790317 0.2572438 3.052833 -0.04071 0.4679181 2.943048 0.1108606 0.2872659 2.740326 0.3747423 0.321054 2.61931 0.1997867 0.48785 3.162791 0.2694326 0.1713846 3.230521 0.3260246 -0.0714335 3.020886 0.04110056 0.03037378 2.984066 -0.09784091 -0.378698 3.080774 -0.2088717 -0.8340662 3.00505 0.1914354 0.04283321 3.121428 0.1998457 -0.3828812 3.000086 0.3055013 -0.7956431 2.933274 
0.05659766 0.696571 3.044487 0.07491484 0.4773109 3.04662 0.093054 0.2566935 3.049761 -0.04745305 0.4657202 2.939204 0.09046956 0.2361159 2.762157 0.3500947 0.2162342 2.632938 0.1972827 0.4889015 3.154036 0.2702429 0.1937144 3.239764 0.3256473 -0.06770941 3.0229 0.03467059 0.02882785 2.98573 -0.1057502 -0.3730012 3.105253 -0.2121877 -0.8299908 3.010036 0.1877157 0.04332425 3.120075 0.197917 -0.3854271 3.010647 0.2992416 -0.78993 2.940969 
0.0511284 0.7053025 3.05354 0.07176283 0.4844549 3.050362 0.09267149 0.2640776 3.048799 -0.05543099 0.4731084 2.948655 0.03983231 0.1725581 2.789259 0.2729732 0.06165174 2.627283 0.1989567 0.4958014 3.15207 0.2857456 0.1288862 3.222935 0.3299122 -0.1016439 2.999749 0.03401095 0.03660213 2.983611 -0.09465452 -0.3703112 3.100693 -0.2056393 -0.8250958 3.006401 0.1931494 0.05079836 3.110862 0.206969 -0.3797927 3.009256 0.3071727 -0.7892373 2.937161 
0.04965832 0.7004492 3.043862 0.07514441 0.4844945 3.051957 0.1035925 0.2651064 3.057961 -0.05678487 0.4648136 2.95791 -0.04904812 0.1474214 2.83146 0.1172763 -0.03231952 2.632612 0.2070737 0.5041754 3.146004 0.274795 0.1353914 3.209761 0.3331643 -0.1127429 3.001809 0.04946755 0.03340024 3.0051 -0.08761699 -0.3763992 3.102372 -0.2056143 -0.8369403 3.012074 0.2146138 0.05803635 3.122827 0.2036812 -0.3684308 3.00375 0.3097044 -0.7959767 2.945219 
0.05104706 0.7018935 3.04936 0.07692365 0.4819137 3.053939 0.10535 0.2624284 3.057184 -0.05914466 0.462991 2.965987 -0.09358653 0.1387402 2.856225 -0.005605774 -0.05300667 2.626939 0.2129919 0.5008365 3.141892 0.2858374 0.1361504 3.19239 0.3308569 -0.1137586 2.979454 0.04861612 0.03109999 3.005381 -0.09572317 -0.3790679 3.08783 -0.2090829 -0.8289502 3.006317 0.2189366 0.05478615 3.115474 0.2006964 -0.3716097 2.997436 0.3093626 -0.8036078 2.928833 
0.05087291 0.7052094 3.052622 0.075472 0.4852881 3.054566 0.1032993 0.2656884 3.05479 -0.06399518 0.4675303 2.971852 -0.1563483 0.1728942 2.869118 -0.13167 -0.02647922 2.637975 0.2149392 0.5030459 3.13728 0.2898616 0.1300367 3.178717 0.3279009 -0.1163046 2.952047 0.04388581 0.03498073 3.003275 -0.09699079 -0.3770999 3.082646 -0.2113073 -0.8204157 3.008893 0.2183673 0.05719672 3.106755 0.2000973 -0.3705775 2.993915 0.3010344 -0.792281 2.928389 
0.04999011 0.7067703 3.055578 0.07131257 0.4890146 3.053603 0.09517769 0.268992 3.048743 -0.07397781 0.4748639 2.980781 -0.2163901 0.2249886 2.902565 -0.3130057 0.06809581 2.677685 0.216603 0.5031653 3.126425 0.2909071 0.1284799 3.151482 0.3242638 -0.1172771 2.918489 0.0281625 0.04011804 2.998332 -0.09549815 -0.3779789 3.074391 -0.2054057 -0.8170283 3.018758 0.2099231 0.05782074 3.089433 0.2002667 -0.3727138 2.987065 0.3014503 -0.7926835 2.929143 
0.05276337 0.7086056 3.055802 0.0706907 0.4900221 3.052967 0.09069087 0.2696749 3.046433 -0.07799375 0.4784808 2.987058 -0.2567289 0.2459852 2.91687 -0.3925452 0.1348062 2.691215 0.2193751 0.5015634 3.118877 0.2944167 0.1192378 3.132334 0.3207098 -0.1161928 2.886414 0.01763518 0.04210452 2.998649 -0.09700751 -0.3793629 3.070034 -0.2110193 -0.8141469 3.023143 0.2037469 0.05655099 3.08115 0.1992922 -0.3750583 2.982853 0.2954585 -0.7932422 2.929559 
0.05727185 0.7109378 3.056107 0.07148149 0.4931917 3.050831 0.08891592 0.2726806 3.041734 -0.07965401 0.483758 2.989847 -0.3159438 0.2877515 2.921238 -0.5093047 0.2846676 2.721084 0.222617 0.5026255 3.111815 0.2948452 0.1283001 3.131598 0.3108909 -0.1213973 2.907751 0.01185287 0.04627098 2.994508 -0.08932004 -0.3796033 3.060485 -0.2008479 -0.8089895 3.026441 0.2008478 0.05806785 3.070768 0.2059417 -0.3760432 2.984148 0.3002301 -0.7881721 2.934463 
0.05586983 0.7082105 3.043479 0.06996632 0.4889663 3.046119 0.0871935 0.2683344 3.042344 -0.08199199 0.4781065 2.987363 -0.3294247 0.3078514 2.920603 -0.5224644 0.3653241 2.726894 0.2219246 0.4998261 3.104876 0.2959552 0.1311812 3.134309 0.3105327 -0.1118332 2.903828 0.009386982 0.04091077 3.001823 -0.08934264 -0.385132 3.070753 -0.200842 -0.8158668 3.036146 0.1994544 0.05449402 3.075315 0.2049548 -0.3805599 2.993385 0.3030388 -0.7991985 2.941343 
0.05494384 0.706241 3.03475 0.06902223 0.4877798 3.04269 0.08763205 0.2671857 3.043079 -0.08422673 0.4747545 2.987745 -0.3403429 0.3864506 2.900391 -0.4675284 0.5612242 2.722343 0.2222712 0.5008052 3.097635 0.2940016 0.1318091 3.131561 0.3093154 -0.1079266 2.896371 0.01038801 0.03844458 3.009101 -0.08960617 -0.3882527 3.0721 -0.1969831 -0.8129077 3.029865 0.2020957 0.05473871 3.077835 0.2095437 -0.3786082 2.987279 0.3043193 -0.7901363 2.940611 
