0.06360736 0.6976548 3.024646 0.06659514 0.4788595 3.038135 0.07486349 0.2577627 3.045359 -0.0869524 0.4713149 2.982969 -0.3686665 0.4437458 2.865232 -0.5124929 0.6044994 2.662565 0.2201427 0.4864042 3.093301 0.2761639 0.1689971 3.150565 0.3073066 -0.02365472 2.912753 -0.01291456 0.0319466 3.018075 -0.1168925 -0.3945593 3.075922 -0.2047875 -0.8253878 3.020582 0.1791782 0.04138518 3.08709 0.200648 -0.3903401 2.991065 0.2980206 -0.7850649 2.945039 
0.06409784 0.6950859 3.027746 0.06757737 0.4771852 3.039067 0.07563508 0.2560146 3.044451 -0.08348553 0.4701871 2.977678 -0.3577922 0.4878492 2.840109 -0.4509248 0.6944743 2.658768 0.2186403 0.4841833 3.100455 0.2656166 0.169024 3.149783 0.3040731 -0.02572655 2.918894 -0.01087152 0.03046336 3.011406 -0.1105929 -0.3971912 3.068206 -0.1992678 -0.8279744 3.01452 0.1782571 0.03922489 3.088264 0.2024562 -0.392474 2.992744 0.3007636 -0.7841659 2.945113 
0.06428086 0.6920996 3.016274 0.06549523 0.4741986 3.032733 0.07210376 0.2531013 3.041442 -0.08337396 0.46713 2.966249 -0.322452 0.5314667 2.798525 -0.3639612 0.7723521 2.649013 0.2143644 0.4812673 3.099217 0.2522538 0.1604634 3.149867 0.3009678 -0.03898859 2.916877 -0.01441902 0.02758194 3.00856 -0.1157464 -0.39889 3.070974 -0.2048099 -0.8311467 3.014719 0.1718436 0.03642613 3.091743 0.1952955 -0.3956763 2.997839 0.2954601 -0.7847837 2.942983 
0.06987374 0.6935371 3.026899 0.06980726 0.4750173 3.036969 0.07271985 0.2537032 3.041089 -0.07312762 0.4716746 2.958461 -0.2482994 0.5805958 2.742574 -0.2150051 0.8485861 2.637001 0.2127421 0.4783599 3.115476 0.2470457 0.1558695 3.154907 0.2988656 -0.04513294 2.918603 -0.01377512 0.03029828 2.996102 -0.1136672 -0.3957009 3.06394 -0.1988122 -0.8213198 3.017659 0.16504 0.03448007 3.094316 0.201332 -0.3959347 2.997187 0.2973698 -0.7934712 2.940783 
0.06903298 0.6918228 3.028868 0.07041392 0.4737429 3.037187 0.0732581 0.2523913 3.040046 -0.07015336 0.4708674 2.954392 -0.1881293 0.5772863 2.712786 -0.1157945 0.8411301 2.622999 0.2109812 0.4766183 3.119982 0.2500404 0.1539465 3.157956 0.2973391 -0.05092334 2.918444 -0.01179772 0.02924168 2.99113 -0.1155527 -0.3960325 3.057724 -0.1979644 -0.8232187 3.020913 0.1640023 0.0328379 3.094678 0.2020428 -0.3956618 2.99013 0.3003868 -0.7948838 2.942858 
0.0793172 0.6783707 3.041963 0.07875687 0.462707 3.04496 0.07883905 0.24134 3.045191 -0.05867106 0.4625641 2.957064 -0.1215116 0.5556317 2.694841 0.009533653 0.7943715 2.621473 0.2161848 0.4628499 3.132856 0.2460679 0.1499837 3.162933 0.2949801 -0.05366762 2.921028 -0.007060623 0.01988355 2.99043 -0.1182284 -0.4030217 3.05972 -0.1942241 -0.831946 3.025257 0.1649031 0.02006232 3.100415 0.2007569 -0.4096399 2.99997 0.3020655 -0.8058898 2.949469 
0.07041111 0.6887265 3.023458 0.09053696 0.4383395 3.050819 0.0741245 0.2188057 3.039244 -0.0401783 0.453121 2.95581 -0.04838628 0.5197937 2.67993 0.1253038 0.7264876 2.604286 0.2212522 0.4235581 3.145828 0.238955 0.1525022 3.166589 0.2967658 -0.05529945 2.931549 -0.02214845 0.008302719 2.969624 -0.1411419 -0.4104911 3.041523 -0.2099135 -0.8357487 3.011977 0.1375725 -0.009758774 3.085715 0.1858561 -0.4307202 2.990456 0.2832015 -0.8150551 2.93407 
0.06996657 0.6857871 3.015263 0.0832477 0.452987 3.036282 0.07728513 0.2326668 3.035736 -0.04664871 0.4567441 2.938847 0.01427864 0.470944 2.680522 0.223789 0.6429077 2.602261 0.2131441 0.4492299 3.133718 0.2398739 0.145699 3.168444 0.3022014 -0.04741794 2.937823 -0.0118202 0.0147515 2.972823 -0.1257345 -0.4047866 3.062556 -0.1901759 -0.8190679 3.03215 0.1544653 0.009941833 3.097554 0.2182998 -0.4278617 3.00046 0.3117197 -0.7887689 2.94986 
0.06741164 0.6881175 3.023295 0.07744235 0.4638412 3.032201 0.0763676 0.2429928 3.032604 -0.04240647 0.4642252 2.923029 0.06855422 0.4128987 2.694042 0.3073579 0.5461195 2.614318 0.1972912 0.4634572 3.141372 0.2374306 0.1479257 3.171409 0.3027543 -0.04117462 2.946735 -0.0008306439 0.02238823 2.963665 -0.1304774 -0.3898117 3.061081 -0.1920147 -0.8224257 3.014075 0.1514163 0.02190044 3.102348 0.2042414 -0.4106409 2.999538 0.2962485 -0.7834671 2.95234 
0.06327929 0.6804668 3.003758 0.07199965 0.4626202 3.017853 0.07518391 0.2419774 3.03162 -0.04332811 0.4537986 2.903149 0.1163304 0.3247753 2.716007 0.3796937 0.3904889 2.613186 0.1873274 0.4714418 3.132557 0.2344119 0.1440565 3.172112 0.3046145 -0.03720906 2.9488 0.006139906 0.01580971 2.973551 -0.1392755 -0.3949356 3.050018 -0.1932349 -0.8283949 3.027373 0.1505964 0.02685948 3.117225 0.2064723 -0.3987015 3.003662 0.3019515 -0.8014929 2.946462 
0.0609295 0.6770988 2.992802 0.06967958 0.4603205 3.012101 0.07435243 0.2400475 3.031519 -0.04710914 0.4478698 2.898966 0.1212171 0.2728743 2.733474 0.3814237 0.2880965 2.599774 0.1864683 0.4727713 3.125237 0.2427219 0.1455415 3.172562 0.3052189 -0.03635361 2.947042 0.005915998 0.01198039 2.980114 -0.1414745 -0.3971146 3.06243 -0.1979589 -0.8305855 3.035951 0.1521345 0.02756862 3.121759 0.2004643 -0.3962159 3.001064 0.3031397 -0.7943519 2.95006 
0.05722752 0.679353 2.996717 0.06516936 0.4610358 3.014028 0.07384959 0.2406832 3.032255 -0.05644434 0.447315 2.906068 0.07501663 0.2105005 2.761079 0.3284649 0.1508761 2.611696 0.1867831 0.4747567 3.121988 0.2298483 0.1909393 3.159753 0.2799744 0.008181275 2.940847 0.00643607 0.01174541 2.982931 -0.1426614 -0.3982651 3.058275 -0.1974773 -0.8256369 3.025229 0.1586235 0.02891566 3.118033 0.2025593 -0.3937649 2.993194 0.3030437 -0.7950724 2.941628 
0.05371593 0.6849967 3.002778 0.06142435 0.465634 3.019115 0.07259955 0.2450989 3.034586 -0.06872691 0.4522131 2.921818 0.002204063 0.1689024 2.773263 0.2242528 0.05463993 2.603808 0.1915756 0.4790547 3.116412 0.2488799 0.09398156 3.162029 0.2835792 -0.0725264 2.962147 0.002277163 0.01616007 2.989132 -0.1480545 -0.3923897 3.069714 -0.206704 -0.8245729 3.026889 0.1652723 0.03296765 3.110982 0.1987595 -0.3920914 2.991977 0.3042811 -0.7948707 2.941054 
0.05128528 0.6864404 3.005302 0.05844698 0.4667863 3.020724 0.07004958 0.2460778 3.033193 -0.07811443 0.4546472 2.93293 -0.0574995 0.1595138 2.780604 0.1233294 0.02083409 2.586876 0.1950084 0.4789254 3.108518 0.2592584 0.09396527 3.159816 0.2860427 -0.06311072 2.946076 -0.003908314 0.01776367 2.990656 -0.1464339 -0.3953808 3.060267 -0.2043563 -0.8215558 3.032046 0.1672127 0.03297479 3.100668 0.1973509 -0.3925964 2.982367 0.3040349 -0.7870374 2.939092 
0.05003147 0.6896862 3.006481 0.05618321 0.4696066 3.025469 0.06665678 0.2488386 3.038467 -0.08730815 0.458291 2.948905 -0.1603637 0.1551185 2.790662 -0.07352517 -0.01680345 2.553285 0.1996746 0.4809221 3.102032 0.2511365 0.1606513 3.151332 0.2805541 -0.01605185 2.920747 -0.01257013 0.02099696 3.003604 -0.1418135 -0.3968238 3.071738 -0.2051204 -0.8232006 3.024482 0.1668308 0.0351443 3.099328 0.2025195 -0.3919393 2.98823 0.3001279 -0.7905786 2.944882 
0.0435112 0.6875165 3.000987 0.05165012 0.4685246 3.025825 0.06373373 0.2480138 3.04089 -0.09680116 0.4558495 2.959368 -0.2393393 0.1977862 2.858631 -0.2469424 0.0326091 2.610036 0.2001014 0.4811998 3.092282 0.2504296 0.1603425 3.140476 0.2756613 -0.03022589 2.904884 -0.0170094 0.01957716 3.0144 -0.1346616 -0.4038971 3.065296 -0.2028996 -0.8248125 3.01907 0.1686441 0.03542873 3.097511 0.2070605 -0.3912342 2.985472 0.3029814 -0.7895384 2.938686 
0.04323409 0.6876354 3.003921 0.05207445 0.4693106 3.026712 0.06512379 0.2487172 3.039924 -0.09733723 0.456608 2.9622 -0.2721879 0.2294019 2.88432 -0.3377474 0.09047601 2.639524 0.2014861 0.4820131 3.091224 0.245701 0.1687789 3.133544 0.2641826 -0.04009794 2.907404 -0.01523204 0.02018289 3.012807 -0.1317413 -0.4038677 3.063138 -0.2036186 -0.8244494 3.019047 0.1715783 0.03606497 3.093467 0.208029 -0.3913853 2.983788 0.3035296 -0.7907474 2.940324 
0.04529522 0.6880738 3.006395 0.05347079 0.4696003 3.027923 0.066241 0.2488921 3.039637 -0.09802169 0.4576746 2.968375 -0.3126191 0.2647153 2.880666 -0.4310125 0.1773698 2.641586 0.2049633 0.481526 3.087471 0.2423267 0.1708722 3.132279 0.2590796 -0.04061376 2.889662 -0.01576752 0.02072273 3.014095 -0.1303025 -0.4038428 3.065389 -0.2036807 -0.8279769 3.027128 0.1737899 0.035645 3.088605 0.2077391 -0.3918055 2.978108 0.3009872 -0.7876201 2.941303 
0.04596763 0.693667 3.019125 0.05418116 0.4735989 3.03315 0.06710422 0.2527353 3.039849 -0.09887063 0.4629528 2.977414 -0.3458713 0.3023981 2.868823 -0.4839411 0.2957505 2.631799 0.207233 0.4842449 3.088886 0.2410982 0.1738876 3.131154 0.2502653 -0.04475342 2.880937 -0.01569933 0.02521303 3.011689 -0.127651 -0.4001499 3.062436 -0.2025243 -0.8247603 3.021989 0.1757539 0.03853023 3.081409 0.2052976 -0.390657 2.976748 0.3014206 -0.7862197 2.939399 
