0.07653574 0.713792 3.071542 0.08426341 0.497253 3.063739 0.09813426 0.2767201 3.05165 -0.06545217 0.4913897 2.998913 -0.3512044 0.4482484 2.886559 -0.5460644 0.5780362 2.740153 0.233979 0.5031162 3.128564 0.2339789 0.2135767 3.128564 0.2339799 -0.07596259 3.128368 0.01838778 0.05252098 2.999026 -0.09379818 -0.3737872 3.030041 -0.1971614 -0.7960932 3.076203 0.2056224 0.05985356 3.080096 0.2010393 -0.3755571 3.000435 0.3018166 -0.7978445 2.93439 
0.07494453 0.7159517 3.079535 0.08278221 0.5002745 3.066004 0.09670711 0.2799341 3.049845 -0.06426163 0.4961768 2.995165 -0.3362648 0.5232949 2.844883 -0.4257092 0.7674251 2.724278 0.229826 0.5043723 3.136844 0.2298259 0.2148328 3.136844 0.2298273 -0.07470651 3.136686 0.01863963 0.05703009 2.989368 -0.08653413 -0.3699257 3.029459 -0.1928412 -0.7940651 3.079056 0.2026244 0.06215729 3.078004 0.201151 -0.3750553 3.008551 0.3058378 -0.7987202 2.938318 
0.07303347 0.7158186 3.086548 0.0821249 0.5001083 3.069473 0.09556908 0.2799906 3.051805 -0.06283847 0.4972761 2.994449 -0.2826769 0.5712524 2.810943 -0.2763768 0.8530964 2.720708 0.2270882 0.5029405 3.144497 0.2270881 0.213401 3.144498 0.22709 -0.07613821 3.144369 0.01829961 0.05810056 2.98719 -0.09323923 -0.3664006 3.0383 -0.1890958 -0.7955897 3.074785 0.1997269 0.06164523 3.081085 0.2043397 -0.3741235 3.003312 0.3047078 -0.7871823 2.93894 
0.07288159 0.7113672 3.084114 0.08909503 0.4871039 3.071331 0.09890708 0.266752 3.05347 -0.05219848 0.4874174 2.989842 -0.231838 0.5866584 2.773897 -0.1635923 0.8684574 2.72569 0.2303885 0.4867903 3.15282 0.2303884 0.1972508 3.15282 0.2303905 -0.09228848 3.152705 0.02025864 0.04659648 2.98459 -0.09447012 -0.3778486 3.032965 -0.1867886 -0.7966741 3.091757 0.1971796 0.04620384 3.086627 0.1967501 -0.3911557 3.018641 0.3049779 -0.8164937 2.9465 
0.08016112 0.6859007 3.070469 0.09186726 0.4666135 3.065326 0.1012561 0.2458365 3.054715 -0.04677414 0.4648494 2.979359 -0.1585154 0.5963997 2.742414 -0.02978931 0.8571492 2.715443 0.2305087 0.4683776 3.151294 0.2305085 0.1788381 3.151294 0.2305109 -0.1107011 3.15119 0.02393785 0.02395622 2.990339 -0.09496319 -0.3965649 3.057521 -0.1947636 -0.834214 3.057984 0.1973522 0.02616277 3.097868 0.2022491 -0.4098934 3.022103 0.3029926 -0.8095902 2.959334 
0.08525565 0.6841316 3.077811 0.0964841 0.466782 3.070808 0.1067406 0.2459896 3.0597 -0.0383132 0.4651408 2.97897 -0.06878699 0.5625187 2.716917 0.1318173 0.7703628 2.696888 0.2312814 0.4684233 3.162647 0.2312812 0.1788838 3.162647 0.2312841 -0.1106554 3.162562 0.03260829 0.02416963 2.991096 -0.1065888 -0.3917945 3.048459 -0.1844302 -0.8140515 3.079452 0.201386 0.02622466 3.106086 0.21422 -0.4080102 3.020833 0.3075676 -0.7898829 2.94902 
0.07643857 0.6961421 3.079874 0.09105935 0.4800155 3.071838 0.1057756 0.2594613 3.060871 -0.04096306 0.4759685 2.976065 -0.009404879 0.52973 2.713534 0.2219736 0.6963628 2.684871 0.2230818 0.4840623 3.16761 0.2230816 0.1945228 3.16761 0.2230847 -0.09501642 3.167535 0.0379257 0.03637625 2.990008 -0.1116602 -0.3761244 3.046932 -0.1824618 -0.7964501 3.085777 0.2030579 0.04143808 3.1098 0.2100208 -0.3914393 3.017466 0.3053935 -0.7796892 2.94471 
0.07429589 0.6986276 3.081382 0.0894672 0.4850312 3.071339 0.1043892 0.2644179 3.060902 -0.03616975 0.4814391 2.967646 0.0517773 0.4813701 2.720276 0.3080473 0.5885926 2.6735 0.2151042 0.4886233 3.175033 0.215104 0.1990837 3.175033 0.2151072 -0.0904555 3.174965 0.04061992 0.04155466 2.985517 -0.1051311 -0.3694423 3.059446 -0.1961431 -0.8171625 3.044922 0.1980024 0.04605441 3.115412 0.2000329 -0.3864025 3.02069 0.2952618 -0.7873165 2.948503 
0.07049226 0.700326 3.063333 0.08560795 0.4879323 3.061766 0.1022056 0.267246 3.062053 -0.02496434 0.4794614 2.942684 0.1174479 0.399942 2.745844 0.3846029 0.4252424 2.663832 0.1961803 0.4964031 3.180849 0.1961801 0.2068636 3.180849 0.1961836 -0.08267566 3.180794 0.0496381 0.041261 2.987851 -0.1005344 -0.3703958 3.046786 -0.1906187 -0.817899 3.04559 0.1879685 0.05185835 3.136828 0.1954968 -0.3757039 3.023101 0.2997291 -0.7896594 2.956564 
0.06734047 0.6998461 3.064116 0.08482423 0.4852767 3.062064 0.1020556 0.2645952 3.06339 -0.02276048 0.4761426 2.939969 0.1397071 0.3434723 2.757432 0.4039995 0.3180565 2.660595 0.1924089 0.4944109 3.18416 0.1924088 0.2048714 3.18416 0.1924125 -0.08466785 3.18411 0.05209927 0.03820921 2.988467 -0.1043598 -0.3728997 3.034118 -0.1890887 -0.8027956 3.068938 0.1864745 0.04961791 3.140966 0.19653 -0.3750915 3.017071 0.3034217 -0.7945382 2.950346 
0.06793009 0.7009273 3.060026 0.08446015 0.4842716 3.058807 0.09991092 0.2634393 3.060388 -0.02531001 0.4757295 2.938406 0.1328564 0.2802282 2.774734 0.3847111 0.1966038 2.682889 0.1942303 0.4928138 3.179208 0.1942302 0.2032742 3.179208 0.1942341 -0.08626498 3.179163 0.04676656 0.03726898 2.986731 -0.1135232 -0.3730557 3.028497 -0.1957002 -0.7932117 3.086276 0.1839568 0.04794488 3.137207 0.1952204 -0.3758022 3.009702 0.3008466 -0.7898314 2.940713 
0.06898815 0.7045532 3.058948 0.08412813 0.4858392 3.058537 0.1003901 0.2650391 3.059926 -0.03073946 0.4766514 2.942884 0.09295541 0.1905591 2.809935 0.3121765 0.0210926 2.691882 0.1989957 0.4950269 3.174191 0.1989956 0.2054874 3.174191 0.1989996 -0.08405182 3.174154 0.04483387 0.03849472 2.989006 -0.1059375 -0.3758336 3.027305 -0.19133 -0.787595 3.099891 0.1884704 0.04998355 3.133625 0.1987091 -0.3733591 3.004328 0.3090183 -0.7930985 2.93609 
0.06912191 0.7019109 3.057439 0.0811452 0.4850023 3.056451 0.09540863 0.2640808 3.055356 -0.04008788 0.4777142 2.947688 0.01741138 0.2347834 2.878024 0.155511 0.04843303 2.757134 0.2023783 0.4922905 3.165213 0.2023781 0.202751 3.165213 0.2023823 -0.08678827 3.16518 0.03373066 0.03859381 2.986131 -0.118264 -0.3753704 3.024987 -0.1990654 -0.786923 3.100929 0.1856135 0.04772449 3.12239 0.1930115 -0.37729 2.998555 0.3054232 -0.8019053 2.929801 
0.06911322 0.704704 3.054903 0.08353871 0.4872591 3.058578 0.1030983 0.2667674 3.060626 -0.04760621 0.4747343 2.962647 -0.06359211 0.2484662 2.920148 -0.01842251 0.01296039 2.826848 0.2146837 0.4997839 3.15451 0.2146835 0.2102444 3.15451 0.2146879 -0.0792948 3.154483 0.0406475 0.03844351 3.002684 -0.101205 -0.3768322 3.050556 -0.1857188 -0.8018976 3.085669 0.2046682 0.05410806 3.122663 0.2127776 -0.3747554 3.014075 0.3171088 -0.793824 2.944589 
0.07001517 0.7042603 3.055372 0.08520512 0.4872219 3.061306 0.1049458 0.2667393 3.064431 -0.05021351 0.4738258 2.971595 -0.1192657 0.2057223 2.904563 -0.1156843 -0.03269267 2.768441 0.2206237 0.5006179 3.151018 0.2206236 0.2110784 3.151018 0.2206281 -0.07846081 3.150994 0.03998957 0.03787822 3.011446 -0.1070643 -0.3753048 3.066676 -0.1970067 -0.8194583 3.059018 0.2093833 0.05463518 3.123666 0.2035498 -0.3721256 3.007386 0.3086925 -0.7956947 2.947209 
0.07025412 0.7017703 3.056763 0.08099119 0.48453 3.060105 0.0949426 0.2636714 3.059946 -0.05920624 0.4757331 2.977658 -0.1437106 0.2228455 2.946931 -0.2100655 0.01445694 2.804093 0.2211886 0.4933268 3.142553 0.2211885 0.2037873 3.142553 0.221193 -0.08575189 3.142531 0.02113777 0.03730647 3.008179 -0.1256312 -0.3781934 3.039844 -0.2134693 -0.8060526 3.069794 0.1966502 0.04831923 3.111395 0.1863811 -0.378203 2.993757 0.2912283 -0.8029206 2.931344 
0.06962763 0.7043838 3.055364 0.07886626 0.4864669 3.057564 0.09094283 0.265472 3.055252 -0.06605664 0.47932 2.983693 -0.1829112 0.2664378 2.961508 -0.298935 0.07139542 2.834479 0.2237891 0.4936138 3.131434 0.223789 0.2040742 3.131434 0.2237936 -0.08546497 3.131415 0.01233235 0.0400049 3.006715 -0.1133962 -0.3774899 3.070408 -0.2105956 -0.8180468 3.03537 0.1937065 0.04894942 3.099166 0.1982281 -0.380067 2.991563 0.3001803 -0.797156 2.930465 
0.0720039 0.7052771 3.055969 0.08154434 0.4875842 3.058922 0.09498955 0.2666066 3.057457 -0.06749168 0.4789522 2.993121 -0.2664704 0.2723582 2.961112 -0.4782884 0.1615831 2.823562 0.2305804 0.4962161 3.124722 0.2305802 0.2066765 3.124722 0.2305849 -0.08286267 3.124706 0.01529726 0.04023473 3.014872 -0.1085159 -0.3828006 3.043919 -0.1878835 -0.8015343 3.09606 0.2015723 0.05102348 3.097113 0.2070813 -0.3803584 2.998427 0.3055703 -0.7945095 2.942856 
0.07826576 0.7049181 3.056929 0.08418769 0.4873236 3.059709 0.09488354 0.266203 3.058164 -0.06573062 0.4805205 2.995492 -0.3282315 0.3036784 2.939078 -0.5643696 0.2529709 2.788803 0.234106 0.4941268 3.123926 0.2341058 0.2045873 3.123926 0.2341107 -0.08495197 3.123912 0.01185346 0.04082921 3.016472 -0.1142821 -0.3825381 3.035221 -0.1917825 -0.7959231 3.108952 0.1993053 0.04933555 3.096766 0.1997497 -0.3823268 2.998694 0.3036599 -0.8050431 2.936449 
0.08015509 0.7041929 3.058419 0.08590362 0.4866483 3.06069 0.09679568 0.2655326 3.058299 -0.06425881 0.4799414 2.99687 -0.3396277 0.3418421 2.935076 -0.570738 0.3892642 2.789279 0.236066 0.4933552 3.124511 0.2360659 0.2038156 3.124511 0.2360708 -0.08572357 3.124498 0.01379419 0.04022337 3.016002 -0.1060625 -0.3807877 3.06988 -0.1932288 -0.8193654 3.059198 0.2015813 0.0486107 3.095814 0.2092425 -0.3836127 3.00049 0.3067268 -0.8009017 2.937423 
