0.05773067 0.7019339 3.044225 0.07079772 0.4818372 3.05195 0.08810814 0.2611895 3.049841 -0.08465698 0.4701064 3.003278 -0.3493918 0.4129269 2.913371 -0.5183216 0.582854 2.759188 0.2262524 0.4935681 3.100622 0.3159915 0.1398079 3.127745 0.3491345 -0.1105453 2.920323 0.008173212 0.03320345 3.017286 -0.08871993 -0.3933599 3.07675 -0.2053858 -0.831473 3.051442 0.2026639 0.04788001 3.07818 0.2089054 -0.3881834 3.001512 0.302877 -0.7975882 2.949772 
0.06271719 0.7043119 3.050022 0.07471686 0.4853362 3.055452 0.09113891 0.2646058 3.051962 -0.07818522 0.4748448 2.999501 -0.33666 0.4704486 2.873162 -0.4394194 0.6985199 2.744653 0.2276189 0.4958275 3.111402 0.3140263 0.1319243 3.120355 0.341657 -0.1115096 2.902895 0.01182046 0.03730617 3.01344 -0.08665454 -0.3916341 3.046642 -0.1950177 -0.812378 3.080293 0.2033014 0.0504446 3.083507 0.2106714 -0.3834644 2.996157 0.3045761 -0.789683 2.945572 
0.06074205 0.707471 3.053467 0.07472073 0.4884588 3.057705 0.09234548 0.2678273 3.053034 -0.07564668 0.4777659 2.995396 -0.2938055 0.5262018 2.828611 -0.3282292 0.7865758 2.726395 0.2250881 0.4991517 3.120013 0.3130366 0.1209871 3.1227 0.3367362 -0.1250211 2.901673 0.01588887 0.04050543 3.009378 -0.08693358 -0.3785469 3.091542 -0.1978895 -0.8230612 3.048993 0.2040516 0.05388599 3.087349 0.2124382 -0.3804512 3.001887 0.3057784 -0.7916676 2.941021 
0.06158626 0.7102374 3.068148 0.07448018 0.4928655 3.063711 0.09120318 0.2725123 3.052157 -0.07328314 0.4852462 2.995151 -0.2312356 0.5605201 2.784257 -0.1963592 0.8350679 2.718649 0.2222435 0.5004849 3.132271 0.311145 0.1190975 3.127869 0.3338917 -0.1364408 2.915425 0.01547055 0.04739165 2.997706 -0.08478717 -0.3780815 3.040889 -0.2015606 -0.7956332 3.078163 0.2003818 0.05692656 3.083502 0.2052273 -0.3763071 2.992408 0.3012944 -0.7890021 2.933706 
0.0601689 0.7064486 3.060998 0.07347029 0.4907778 3.061338 0.09015082 0.2702258 3.053589 -0.07439548 0.4820028 2.992798 -0.1571116 0.5662585 2.754115 -0.05088616 0.8268927 2.698606 0.2213361 0.4995528 3.129879 0.3010699 0.1185502 3.132437 0.3291297 -0.1413143 2.916926 0.0144178 0.04418953 3.003003 -0.08598863 -0.3790173 3.071477 -0.1997725 -0.8240317 3.062202 0.1992449 0.05515797 3.088675 0.2039172 -0.3788461 3.001161 0.3041999 -0.7912431 2.949993 
0.04994085 0.7096607 3.04793 0.06539212 0.4924566 3.054398 0.08426102 0.2719764 3.050852 -0.08208438 0.4809465 2.985305 -0.0855559 0.5396314 2.736541 0.07994358 0.7695317 2.698224 0.2128686 0.5039667 3.123491 0.2930183 0.1172719 3.136735 0.327482 -0.1437837 2.924415 0.01090784 0.04429851 3.0041 -0.09010254 -0.3828068 3.03731 -0.2005888 -0.8025291 3.092329 0.195352 0.05869383 3.090513 0.1996387 -0.3747244 3.000025 0.3021775 -0.792706 2.937214 
0.04911914 0.7039055 3.039888 0.06561118 0.4873859 3.05037 0.08438943 0.26695 3.053637 -0.07826404 0.4740071 2.974657 -0.01742715 0.4949064 2.726738 0.1969482 0.6764322 2.67358 0.2094864 0.5007647 3.126082 0.2938486 0.1155182 3.13939 0.3245473 -0.1435899 2.921806 0.01309496 0.03813841 3.009505 -0.08711998 -0.388608 3.059289 -0.1988505 -0.8279771 3.059005 0.1932404 0.05488994 3.104305 0.2006783 -0.377349 3.008639 0.3054385 -0.8009258 2.949996 
0.05171984 0.699608 3.051194 0.07000255 0.4836199 3.054341 0.09231745 0.2633956 3.054681 -0.06384055 0.469916 2.962487 0.004687271 0.4206698 2.79528 0.1960564 0.4754371 2.683195 0.2038456 0.4973238 3.146196 0.2892604 0.1194442 3.160163 0.3222805 -0.1237037 2.933718 0.03090419 0.03459862 2.99756 -0.08592482 -0.3809091 3.077737 -0.1922758 -0.8319735 3.041221 0.1983605 0.05174408 3.112482 0.2040712 -0.3779891 3.006906 0.3141879 -0.8044325 2.928918 
0.04870724 0.6991479 3.054063 0.07120186 0.4832071 3.05529 0.09595133 0.2632331 3.054268 -0.05897952 0.4690116 2.958213 0.01186563 0.3733012 2.790198 0.2269008 0.371342 2.679269 0.2013832 0.4974026 3.152368 0.2866583 0.1287602 3.168621 0.3232888 -0.1190532 2.954327 0.03932027 0.034385 2.992558 -0.08018319 -0.3762266 3.096993 -0.2108752 -0.8436173 2.988766 0.2020814 0.05213315 3.113931 0.2025635 -0.37563 3.000374 0.3136666 -0.7992291 2.927021 
0.04820851 0.7017268 3.056905 0.07225548 0.4852463 3.057163 0.09891573 0.2654802 3.054584 -0.05818286 0.4705619 2.960074 0.02295328 0.2893273 2.786552 0.2573915 0.2074843 2.675313 0.2026938 0.4999308 3.154252 0.2905187 0.134482 3.181371 0.3228645 -0.112113 2.97333 0.04402508 0.03653331 2.991304 -0.09178866 -0.3803554 3.0355 -0.1972382 -0.7993515 3.081865 0.2071269 0.05489494 3.112705 0.2014766 -0.3757291 3.01022 0.3145046 -0.7996361 2.917833 
0.04930407 0.6990806 3.056379 0.07249678 0.4810771 3.059477 0.0990022 0.2612849 3.059694 -0.05895003 0.4651308 2.9639 0.0229966 0.2536543 2.79477 0.2518085 0.1345728 2.678761 0.2039436 0.4970234 3.155053 0.2861299 0.1672616 3.203115 0.3158079 -0.08172102 3.002243 0.04330129 0.03151998 3.000139 -0.09636892 -0.3795187 3.075426 -0.2048575 -0.8258972 3.055028 0.2077139 0.05146547 3.119685 0.1983028 -0.3790117 3.016634 0.3121695 -0.8051321 2.926879 
0.04824719 0.697578 3.056599 0.06468568 0.4764333 3.054566 0.08311656 0.256119 3.045208 -0.07449973 0.468384 2.969945 -0.03160132 0.174926 2.83603 0.1547368 -0.007196518 2.690858 0.2038711 0.4844827 3.139188 0.2836576 0.1565237 3.179163 0.3187728 -0.09856866 2.981535 0.01508822 0.03080449 2.983284 -0.1094796 -0.3811611 3.07097 -0.2121049 -0.8220409 3.046244 0.1880067 0.04080467 3.088414 0.192125 -0.3920596 3.001393 0.3071853 -0.8062949 2.913476 
0.04507906 0.7041528 3.056049 0.06063757 0.4824109 3.05396 0.07808955 0.2619107 3.044828 -0.08397465 0.4740738 2.978904 -0.1028938 0.1499758 2.860262 0.01750484 -0.0795078 2.693089 0.2052498 0.4907482 3.129016 0.2794185 0.1583866 3.16455 0.3184577 -0.1012586 2.976115 0.005220671 0.03620326 2.988818 -0.1019093 -0.382041 3.079153 -0.2030258 -0.8221766 3.049071 0.1858624 0.04661763 3.082573 0.1988958 -0.3870353 2.995689 0.3110646 -0.7966747 2.926638 
0.04493007 0.7021415 3.057955 0.06024053 0.4821641 3.055496 0.07752281 0.2616467 3.046058 -0.08689881 0.4736278 2.985518 -0.1404516 0.1539897 2.870633 -0.06193195 -0.08850615 2.688699 0.2073799 0.4907005 3.125475 0.2817037 0.14719 3.158279 0.3195111 -0.1066314 2.957488 0.002844496 0.0357941 2.992883 -0.1015105 -0.3884765 3.050502 -0.1985658 -0.8104722 3.084329 0.1867657 0.04646432 3.080355 0.1986197 -0.3876948 2.994942 0.3089267 -0.7962404 2.929262 
0.04425837 0.708211 3.056888 0.05869099 0.4893791 3.054049 0.0754157 0.2688566 3.043539 -0.09183912 0.4809462 2.991448 -0.2308725 0.192001 2.909667 -0.2676526 -0.04989708 2.71464 0.2092211 0.497812 3.11665 0.2889182 0.1270412 3.152324 0.3191656 -0.1198273 2.933124 -0.001962114 0.04306238 2.993894 -0.09851498 -0.3856829 3.040383 -0.196197 -0.8038735 3.086843 0.186243 0.05360584 3.072163 0.2054879 -0.3813823 2.991942 0.3017645 -0.7833052 2.938103 
0.04671412 0.7107125 3.059884 0.0599224 0.4918757 3.055139 0.07586605 0.2714145 3.042497 -0.09395301 0.483831 3.001365 -0.2805085 0.23852 2.939434 -0.3972899 0.03563954 2.731465 0.2137978 0.4999205 3.108913 0.3021905 0.1252322 3.14185 0.3186927 -0.1306024 2.926749 -0.004484106 0.04591893 2.996204 -0.09631202 -0.3829851 3.051047 -0.2007258 -0.8148721 3.059019 0.1881035 0.05598759 3.063506 0.1998281 -0.3799875 2.987215 0.3071163 -0.7920656 2.92665 
0.05125358 0.7099773 3.063854 0.06322113 0.4919603 3.057034 0.07961795 0.2717259 3.042142 -0.09270316 0.4835772 3.009329 -0.3109161 0.2729068 2.964844 -0.5029807 0.1444196 2.770883 0.2191454 0.5003433 3.104739 0.30251 0.1197765 3.120953 0.3122493 -0.1339795 2.901967 -0.001467205 0.04625053 2.997425 -0.09206054 -0.3813783 3.060747 -0.194927 -0.8198078 3.060192 0.1934967 0.05673253 3.057074 0.2019816 -0.3822194 3.000858 0.3079576 -0.7972441 2.937453 
0.05126713 0.7121938 3.058846 0.06321632 0.492719 3.054124 0.07946353 0.2723395 3.040908 -0.09253546 0.4841376 3.005743 -0.3209588 0.298455 2.973907 -0.5455435 0.2290393 2.796426 0.2189681 0.5013003 3.102504 0.3032509 0.1223871 3.11597 0.3182684 -0.1405454 2.90984 -0.001689482 0.04659361 2.997437 -0.08528418 -0.3785451 3.082939 -0.2198744 -0.8374467 2.995538 0.193111 0.05732646 3.057947 0.2046906 -0.3811097 2.997806 0.3051586 -0.7906235 2.937987 
0.05489759 0.7098215 3.057593 0.06617506 0.4918538 3.053811 0.08144239 0.2713131 3.04174 -0.08928984 0.4838003 3.00432 -0.3534747 0.3478737 2.963703 -0.5917215 0.409562 2.80054 0.2216399 0.4999073 3.103302 0.3015715 0.1198394 3.099989 0.3215242 -0.1463456 2.904295 -0.000531621 0.04573503 2.998712 -0.07638112 -0.3773955 3.102449 -0.2363246 -0.8524121 2.960387 0.1939511 0.0558098 3.060625 0.2045446 -0.3813518 2.991311 0.3023978 -0.7914846 2.944031 
0.0573825 0.7108516 3.049552 0.06722613 0.4922774 3.050015 0.08139502 0.2715624 3.041129 -0.08823674 0.4842919 3.000475 -0.3678575 0.4172121 2.928929 -0.5686119 0.5807462 2.785116 0.222689 0.5002629 3.099555 0.3076495 0.1262158 3.10926 0.3289176 -0.1433846 2.914109 -0.001680842 0.0458523 3.001255 -0.07418843 -0.3785184 3.102582 -0.2376919 -0.851361 2.940002 0.1928087 0.05584247 3.06323 0.2070752 -0.380161 2.98748 0.3050688 -0.7880425 2.935473 
0.05999989 0.7112167 3.0407 0.06791572 0.4911693 3.047169 0.08044492 0.2702398 3.042538 -0.08741618 0.4834082 2.997179 -0.3644337 0.4676108 2.897959 -0.5063145 0.6854061 2.772172 0.2232476 0.4989304 3.09716 0.3083208 0.1266025 3.103122 0.3303086 -0.1414642 2.914606 -0.004189313 0.04445555 3.006636 -0.08519205 -0.3844745 3.063839 -0.2169914 -0.8210931 3.034906 0.1901375 0.05416508 3.069176 0.2036645 -0.3821232 2.994782 0.3003634 -0.7894006 2.950544 
