0.02165532 0.6831278 3.035302 0.01864376 0.4644136 3.049232 0.02090877 0.2430619 3.052516 -0.1324617 0.4619501 2.987405 -0.3597239 0.4610828 2.807874 -0.4325505 0.6575126 2.624182 0.1697492 0.4668772 3.111058 0.1721247 0.1773504 3.11235 0.1814442 -0.1043729 3.046182 -0.07135095 0.02016919 3.017123 -0.1562972 -0.41255 3.05687 -0.212487 -0.8399623 3.02588 0.1176985 0.02325137 3.094476 0.1955904 -0.4028422 3.0028 0.3013411 -0.8040654 2.945288 
0.01524911 0.6822691 3.051982 0.01447259 0.4632626 3.054574 0.01851506 0.2419917 3.050013 -0.1339236 0.4619557 2.986443 -0.3161201 0.508732 2.764227 -0.3119599 0.7546112 2.626908 0.1628688 0.4645695 3.122704 0.1643892 0.1750353 3.123532 0.1721921 -0.1093677 3.069799 -0.07025261 0.01990334 3.002841 -0.1584088 -0.4106497 3.055849 -0.209849 -0.8374811 3.018714 0.1153677 0.02153807 3.088063 0.1995378 -0.4033032 2.99658 0.3002803 -0.8019999 2.943554 
0.009459933 0.6868137 3.055396 0.008195251 0.4680125 3.055495 0.01139309 0.2467316 3.049296 -0.1394881 0.4678328 2.985718 -0.2610167 0.5289387 2.746306 -0.1950193 0.7825349 2.636839 0.1558786 0.4681921 3.125272 0.1568517 0.1786548 3.125802 0.1633357 -0.1075112 3.082211 -0.07778458 0.02533832 2.999452 -0.1667503 -0.4041854 3.059348 -0.2157469 -0.8340781 3.021549 0.1069664 0.02556305 3.086743 0.1951714 -0.3979315 2.992366 0.2953734 -0.8023798 2.939622 
0.01373083 0.6808496 3.056077 0.01154177 0.4636638 3.057211 0.01171046 0.2423609 3.051364 -0.1341893 0.4654977 2.983589 -0.2065102 0.5264878 2.728115 -0.1016068 0.7716526 2.632977 0.1572728 0.4618298 3.130833 0.1580513 0.1722917 3.131257 0.1639491 -0.1145141 3.092005 -0.07931071 0.02220563 2.999449 -0.1654624 -0.40889 3.051462 -0.2119749 -0.8382519 3.023546 0.103069 0.01991043 3.091585 0.1908464 -0.402767 2.993167 0.2990569 -0.8076819 2.947662 
-0.006921708 0.6991079 3.057554 0.001243959 0.4813587 3.057976 0.01162384 0.2605139 3.052357 -0.1427983 0.4765342 2.981503 -0.1572916 0.5107057 2.718213 -0.003129684 0.7281395 2.635926 0.1452862 0.4861833 3.134449 0.145909 0.1966447 3.134788 0.151267 -0.09067987 3.099447 -0.0686229 0.03663359 2.998624 -0.1541247 -0.3946725 3.050553 -0.2005692 -0.8206207 3.024976 0.1126303 0.04270452 3.094852 0.1989011 -0.3825988 2.995955 0.3094477 -0.7783459 2.949154 
-0.0009303422 0.6949873 3.058684 0.005750947 0.4774589 3.058272 0.01368878 0.2563964 3.052804 -0.138273 0.4741866 2.981474 -0.1241306 0.4813643 2.717105 0.06584322 0.6720795 2.649051 0.1497749 0.4807311 3.13507 0.1502732 0.1911922 3.135342 0.1551356 -0.09655267 3.103524 -0.06865641 0.03328281 2.999195 -0.1660548 -0.3934661 3.063574 -0.2106837 -0.8384118 3.028142 0.1119096 0.03738533 3.095479 0.1817656 -0.3907996 3.002961 0.2997562 -0.8018465 2.946706 
-0.0004938364 0.6946493 3.057232 0.005284338 0.4765202 3.054467 0.01287608 0.2553795 3.048874 -0.133227 0.4739357 2.968642 -0.06806243 0.4276835 2.721542 0.1575588 0.5644498 2.642454 0.1437957 0.4791047 3.140292 0.1441944 0.1895656 3.140509 0.1486031 -0.0985199 3.111867 -0.06644289 0.03261707 2.989429 -0.1611936 -0.3962 3.043691 -0.2070586 -0.836185 3.018061 0.1073785 0.03586044 3.097133 0.1703525 -0.3924601 3.002467 0.2956216 -0.7958001 2.94766 
0.0008732491 0.6927092 3.057043 0.01105709 0.4734924 3.052928 0.02015741 0.2523232 3.049107 -0.1189025 0.4698443 2.954564 -0.01554903 0.3521764 2.731662 0.2369851 0.3956649 2.631149 0.1410167 0.4771404 3.151293 0.1412722 0.1876011 3.151432 0.1448879 -0.1009841 3.128225 -0.05195947 0.02887411 2.983814 -0.1480162 -0.3964845 3.059144 -0.2007845 -0.8377993 3.022628 0.1104749 0.03343375 3.106758 0.1832242 -0.3912788 3.004803 0.3050879 -0.7979723 2.955565 
0.001805131 0.6928935 3.056471 0.01571961 0.4731723 3.052761 0.02806097 0.2521327 3.05052 -0.1113621 0.4671136 2.950465 -0.0004022446 0.28403 2.742166 0.2636668 0.2676908 2.636693 0.1428013 0.4792311 3.155056 0.1429649 0.1896916 3.155144 0.1459226 -0.09922168 3.136344 -0.03904972 0.02730508 2.984325 -0.1461236 -0.394878 3.063476 -0.2019392 -0.8339524 3.030881 0.1198544 0.03488098 3.112235 0.1803562 -0.390619 3.006071 0.3088767 -0.7981616 2.950387 
0.001243506 0.6918269 3.057177 0.01737789 0.4730593 3.054314 0.03182008 0.2521431 3.053102 -0.1108503 0.4652294 2.953522 -0.00470781 0.2420104 2.756073 0.2527806 0.1792581 2.642837 0.1456061 0.4808892 3.155107 0.1844494 0.05132825 3.177588 0.2013177 -0.2123613 3.056574 -0.03393294 0.02633011 2.988854 -0.143679 -0.3954864 3.066627 -0.2010946 -0.8351804 3.036544 0.1264575 0.03612393 3.114928 0.1890285 -0.3869467 3.000655 0.3107107 -0.8013213 2.949803 
0.004499501 0.6926987 3.059362 0.01958406 0.4724271 3.052668 0.03523932 0.2518475 3.044449 -0.1120472 0.466674 2.956335 -0.01845769 0.1915781 2.773997 0.2118462 0.0787391 2.623806 0.1512153 0.4781801 3.149001 0.2101233 0.09211325 3.182828 0.2326084 -0.1419493 3.010496 -0.03148178 0.02766759 2.975944 -0.143685 -0.3934114 3.054391 -0.2016612 -0.8337672 3.016114 0.1332709 0.03486821 3.096517 0.1951399 -0.3889903 2.984545 0.3108774 -0.8030347 2.927162 
0.005860319 0.6922992 3.045114 0.020229 0.4722949 3.046471 0.0367896 0.2516664 3.044544 -0.1139053 0.4630344 2.953986 -0.04361543 0.1702465 2.795454 0.1680773 0.01264714 2.631791 0.1543633 0.4815554 3.138956 0.2215027 0.1198936 3.17847 0.2498435 -0.09437897 2.98064 -0.03056926 0.02524423 2.984755 -0.1416039 -0.392344 3.079984 -0.2055615 -0.8384191 3.03279 0.1372696 0.03683164 3.100479 0.1943797 -0.3916546 3.006527 0.3086847 -0.7964665 2.946813 
0.01119226 0.6945115 3.053371 0.03024077 0.4743311 3.054651 0.05296206 0.2541739 3.052347 -0.1064083 0.461153 2.966292 -0.1121686 0.1370709 2.817085 0.02413721 -0.07455974 2.624735 0.1668898 0.4875093 3.143011 0.225038 0.164389 3.184667 0.2762888 -0.03765639 2.973815 -0.009797966 0.02577309 2.99477 -0.1339439 -0.389986 3.079863 -0.1970676 -0.832329 3.035567 0.1611647 0.04226036 3.105316 0.207108 -0.3849345 2.999601 0.3174611 -0.7976604 2.950711 
0.01192767 0.6941887 3.0426 0.03173743 0.4748039 3.051651 0.05546929 0.254813 3.055181 -0.1052402 0.4586248 2.964263 -0.145048 0.1375236 2.828009 -0.05137105 -0.08844049 2.624656 0.168715 0.490983 3.139038 0.2256018 0.1617138 3.183223 0.2851356 -0.03152977 2.980862 -0.006470816 0.02470302 3.004055 -0.1378656 -0.3905892 3.081214 -0.2037516 -0.8340719 3.035084 0.1648731 0.0449413 3.113367 0.1967912 -0.3840666 3.010093 0.3112777 -0.8059971 2.946822 
0.01387768 0.6988573 3.049236 0.0323121 0.4784158 3.054403 0.05481372 0.2582269 3.055852 -0.1060314 0.4637155 2.968891 -0.1840368 0.1522704 2.845021 -0.1515431 -0.07747432 2.628645 0.1706556 0.4931161 3.139915 0.2294199 0.1761311 3.202461 0.3100383 -0.02145785 2.995167 -0.009212519 0.02884361 3.003816 -0.1425086 -0.3887941 3.061301 -0.209777 -0.8303676 3.029164 0.1638432 0.04723247 3.110785 0.1903137 -0.3790709 2.995476 0.3057115 -0.8025423 2.942819 
0.02091875 0.6976003 3.054221 0.03605437 0.4778417 3.058019 0.05419779 0.2572144 3.057044 -0.1061291 0.4665003 2.978568 -0.2512785 0.2163195 2.879047 -0.3146137 0.02693587 2.644423 0.1782378 0.4891831 3.137469 0.2219014 0.1864383 3.199667 0.3165861 -0.01469054 2.989376 -0.01661224 0.02949165 3.006362 -0.1383005 -0.3910197 3.071388 -0.2106591 -0.8359957 3.026331 0.1612947 0.04368257 3.105774 0.1984633 -0.38344 2.995591 0.3068019 -0.8062605 2.94154 
0.02352295 0.6996769 3.055053 0.03682144 0.4797692 3.057789 0.053036 0.2589892 3.055912 -0.107316 0.4698295 2.981756 -0.2796489 0.2396589 2.891552 -0.401548 0.1090662 2.64821 0.1809589 0.489709 3.133821 0.2314449 0.1802174 3.187354 0.3117446 -0.005545639 2.968038 -0.0209146 0.03199136 3.006474 -0.1371179 -0.3902877 3.070689 -0.211931 -0.8338085 3.027118 0.1594157 0.04442699 3.101599 0.1995496 -0.3843384 2.999111 0.3048748 -0.8023602 2.939214 
0.02576223 0.7004989 3.055408 0.03748773 0.4809484 3.05751 0.05139317 0.2600078 3.054508 -0.1094423 0.4726621 2.986772 -0.3196633 0.2839128 2.882916 -0.5001291 0.2703698 2.634507 0.1844177 0.4892347 3.128248 0.2383674 0.1725546 3.1681 0.3050768 0.001982086 2.945434 -0.02662065 0.03388325 3.007252 -0.1346273 -0.390799 3.070432 -0.2104154 -0.8341045 3.029987 0.1572178 0.04425111 3.09576 0.202348 -0.3854308 2.999078 0.3064642 -0.8065118 2.940301 
0.02416481 0.7013493 3.056634 0.03501451 0.4829365 3.056643 0.04800227 0.2619771 3.051749 -0.1132774 0.4757255 2.98866 -0.3333482 0.3159658 2.873973 -0.5013368 0.389753 2.638087 0.1833064 0.4901475 3.124625 0.2411696 0.1662644 3.16656 0.2951055 -0.008590088 2.938807 -0.03176541 0.03650732 3.004333 -0.1372613 -0.387086 3.077691 -0.2137351 -0.8309144 3.022933 0.1537455 0.04552814 3.089379 0.2019588 -0.3831273 2.989569 0.3022574 -0.8041087 2.940389 
0.02356814 0.6993734 3.044241 0.03323245 0.4810408 3.052638 0.04480954 0.2600115 3.053166 -0.115274 0.473101 2.985123 -0.3341592 0.3549761 2.855974 -0.4635634 0.5065759 2.640843 0.1817389 0.4889807 3.120153 0.2405916 0.1611401 3.173283 0.2907052 -0.01479713 2.94129 -0.03648865 0.03401663 3.01147 -0.1365734 -0.3892708 3.093475 -0.2139933 -0.8372506 3.031057 0.1492619 0.04394768 3.095917 0.2012665 -0.3859437 3.003852 0.3023869 -0.8072792 2.953405 
