0.02445873 0.7021476 3.05616 0.03557594 0.4841822 3.059105 0.05096981 0.2633388 3.055539 -0.1168838 0.4744889 3.001264 -0.3492012 0.3832891 2.846362 -0.429205 0.5502044 2.653126 0.1880357 0.4938756 3.116946 0.2415679 0.1693929 3.139978 0.2224552 -0.01917409 2.901605 -0.02899664 0.03643233 3.015795 -0.1176706 -0.3927833 3.074744 -0.2227472 -0.8459998 3.01764 0.161724 0.0485583 3.088152 0.1991318 -0.3873055 3.020485 0.3060184 -0.8034953 2.945799 
0.0250996 0.7039372 3.055499 0.0368247 0.486102 3.059914 0.05201725 0.2652309 3.057388 -0.1133896 0.4764924 2.996701 -0.2986187 0.4296566 2.797172 -0.3137994 0.6390697 2.638813 0.187039 0.4957116 3.123127 0.2427657 0.1766813 3.149989 0.2231606 -0.018627 2.910502 -0.02680827 0.0383452 3.015298 -0.1118274 -0.3907157 3.081898 -0.2261634 -0.8499805 3.002613 0.1612279 0.05037437 3.094427 0.1979848 -0.3854964 3.025949 0.3039171 -0.7983599 2.950232 
0.02785597 0.6988741 3.056 0.04022228 0.4815048 3.059124 0.05463719 0.2605874 3.055995 -0.1068755 0.472903 2.988788 -0.2201433 0.4786649 2.743029 -0.1341736 0.7119595 2.629744 0.1873201 0.4901066 3.129462 0.2421924 0.181169 3.163255 0.2278652 -0.01485562 2.925728 -0.02293159 0.03429106 3.008881 -0.1121246 -0.392317 3.086393 -0.2276422 -0.857782 2.985529 0.1610358 0.04504886 3.096848 0.1989788 -0.3872086 3.009444 0.3038038 -0.8017217 2.949986 
0.03222232 0.6984057 3.055898 0.04285879 0.4803785 3.059682 0.05548634 0.2593472 3.057755 -0.1028281 0.4726947 2.986346 -0.1800795 0.4843473 2.723991 -0.06516059 0.7159529 2.619806 0.1885457 0.4880623 3.133018 0.2415872 0.1805683 3.169109 0.2316381 -0.009676957 2.923185 -0.0230125 0.03350981 3.009957 -0.1168686 -0.3917583 3.089556 -0.232094 -0.8542628 2.98735 0.1592403 0.04312212 3.101699 0.1984735 -0.3895277 3.016385 0.2999721 -0.8010776 2.953469 
0.02570282 0.7036882 3.055962 0.04044797 0.487386 3.060932 0.05730926 0.2666682 3.05993 -0.1015361 0.476901 2.981281 -0.1105654 0.4756509 2.713094 0.05407825 0.6740978 2.611394 0.182432 0.4978711 3.140584 0.2422711 0.1713013 3.161641 0.2345072 -0.00870369 2.902553 -0.01472481 0.03938583 3.009058 -0.1127142 -0.3856885 3.084711 -0.2242202 -0.8473551 2.983254 0.1630659 0.0525151 3.108797 0.2040043 -0.3777606 3.013282 0.3037275 -0.7836908 2.956934 
0.02294233 0.7002823 3.056003 0.04185989 0.4871132 3.059918 0.06203963 0.2666741 3.05969 -0.09377316 0.4747892 2.970661 -0.05181763 0.4532953 2.704672 0.160004 0.6038663 2.611625 0.1774929 0.4994372 3.149175 0.2361081 0.1676739 3.162926 0.2358624 -0.009074753 2.897529 -0.002780868 0.03851157 3.003525 -0.1092606 -0.3842389 3.080459 -0.2203697 -0.8545054 2.975408 0.1672196 0.05395828 3.115399 0.2032133 -0.3736038 3.007157 0.3062125 -0.7980774 2.95597 
0.02110275 0.700049 3.055415 0.04204918 0.487171 3.057619 0.06445263 0.2669373 3.058552 -0.08739105 0.4735895 2.959891 -0.01995711 0.4321375 2.705418 0.2177498 0.5354282 2.613242 0.1714894 0.5007524 3.155346 0.2480236 0.1543392 3.174521 0.2390678 -0.01327357 2.902362 0.005849033 0.03820393 2.998324 -0.1151213 -0.379656 3.079219 -0.2226158 -0.8531479 2.975078 0.1678631 0.05520314 3.120645 0.190531 -0.3710663 3.004472 0.3063242 -0.8009839 2.95139 
0.02208881 0.6957358 3.044629 0.04245711 0.4823261 3.049921 0.06477326 0.2621426 3.054617 -0.08315003 0.4674053 2.947217 0.02344773 0.3771067 2.724201 0.2776081 0.4252299 2.61759 0.1680643 0.497247 3.152625 0.2549431 0.1421188 3.197759 0.2453944 -0.01812871 2.915118 0.008604501 0.03263594 2.995138 -0.1232478 -0.379239 3.087965 -0.2267931 -0.858485 2.982415 0.1655743 0.05128236 3.123486 0.1809807 -0.3740925 3.002463 0.303056 -0.8060305 2.950813 
0.0220324 0.690229 3.035547 0.04254783 0.4740623 3.044977 0.06539431 0.2540506 3.054051 -0.07745338 0.4570947 2.935715 0.05107793 0.2882931 2.746793 0.3244452 0.2727891 2.629789 0.162549 0.49103 3.154239 0.248632 0.1543669 3.199099 0.2522361 -0.01299898 2.924841 0.01323442 0.02343335 2.994832 -0.1305377 -0.3883057 3.069806 -0.2282418 -0.85435 2.989825 0.1632472 0.04464449 3.131419 0.1818389 -0.3790351 3.004363 0.3010072 -0.7998821 2.956681 
0.0214751 0.688574 3.035191 0.04032738 0.4700473 3.045198 0.06157797 0.2498622 3.054186 -0.08018812 0.4539677 2.936231 0.05105674 0.2516618 2.757907 0.3218448 0.2097476 2.634563 0.1608429 0.4861269 3.154165 0.2176902 0.2038608 3.184617 0.2242039 0.02870972 2.954155 0.007484918 0.01962439 2.995051 -0.1379344 -0.3921318 3.067568 -0.2313252 -0.8505142 2.994599 0.1581722 0.03972964 3.131299 0.178725 -0.3810552 2.995391 0.2992086 -0.8029512 2.951576 
0.0184573 0.6888798 3.034518 0.03671735 0.4686719 3.042763 0.05714372 0.2483165 3.048607 -0.0874958 0.4543752 2.937855 0.03497932 0.2098494 2.781966 0.2871119 0.1284225 2.647336 0.1609305 0.4829686 3.147671 0.232546 0.1573651 3.183591 0.2391413 0.09725589 3.117832 -0.000154068 0.0190152 2.988807 -0.1426498 -0.393543 3.06297 -0.2299441 -0.8454547 2.992459 0.1552943 0.036907 3.120096 0.1831421 -0.384798 2.98841 0.3007297 -0.8003529 2.940126 
0.01474138 0.6912398 3.033185 0.03331015 0.4699313 3.04368 0.05372996 0.2495394 3.048707 -0.09559523 0.4557316 2.944747 0.005970421 0.1609334 2.795983 0.2313118 0.05224673 2.636565 0.1622155 0.4841311 3.142613 0.2349733 0.1589573 3.175931 0.3187451 0.1067792 3.0994 -0.006534243 0.02025961 2.991809 -0.1380637 -0.3913403 3.08575 -0.2295269 -0.8446647 3.001292 0.1548338 0.03803531 3.115657 0.18515 -0.3861696 2.992932 0.3074396 -0.8041409 2.943751 
0.01249825 0.690199 3.033471 0.03188739 0.4692965 3.044904 0.05381686 0.2490266 3.048873 -0.1031042 0.4542377 2.955028 -0.05055358 0.1275047 2.799438 0.1156171 -0.0277934 2.612729 0.166879 0.4843554 3.134781 0.2371688 0.1624269 3.167214 0.4326195 0.1293617 3.112796 -0.008819929 0.01932303 2.996538 -0.1338768 -0.3960266 3.08347 -0.2268778 -0.8483862 2.999346 0.1603126 0.03819035 3.109145 0.187915 -0.3874105 2.99045 0.3139853 -0.8059801 2.938111 
0.008054253 0.6909457 3.034151 0.0268482 0.4700673 3.045776 0.04901195 0.2498212 3.050189 -0.1143219 0.4542735 2.966549 -0.1157514 0.1137472 2.815195 -0.01410573 -0.06785666 2.60084 0.1680183 0.485861 3.125004 0.2356426 0.206496 3.159864 0.5247554 0.2076096 3.175538 -0.01725018 0.01968227 3.004976 -0.1401315 -0.3970576 3.089343 -0.2312905 -0.8483446 3.006729 0.1596016 0.03946803 3.104229 0.1906191 -0.3883193 2.994803 0.3036805 -0.7998005 2.94151 
0.004341829 0.6963176 3.044965 0.02390867 0.4748089 3.051583 0.04742236 0.2546831 3.052975 -0.121411 0.458833 2.980008 -0.1740229 0.1939981 2.875473 -0.08869547 0.0108654 2.668073 0.1692283 0.4907847 3.123157 0.2418198 0.2135147 3.164206 0.5171274 0.2427317 3.248971 -0.01989597 0.02457159 3.00963 -0.1318194 -0.3949185 3.09544 -0.2261441 -0.8439739 3.001773 0.161768 0.044543 3.099105 0.194807 -0.3842202 2.993922 0.3098975 -0.8029547 2.937634 
0.002010832 0.7008727 3.050873 0.0232139 0.4814692 3.054966 0.04827796 0.2615365 3.052952 -0.1254411 0.4651192 2.990422 -0.237172 0.1794662 2.879284 -0.2459765 0.01618991 2.651886 0.1718689 0.4978192 3.119511 0.2487818 0.2230129 3.16849 0.5029539 0.2657896 3.300399 -0.01958356 0.03138321 3.010591 -0.1204812 -0.390378 3.098811 -0.2262253 -0.8415557 2.995111 0.1662676 0.05182429 3.091285 0.1940166 -0.3779892 2.988828 0.3103167 -0.7967794 2.939034 
0.001313175 0.7026388 3.05384 0.02289581 0.4846943 3.057149 0.0486692 0.2648626 3.052963 -0.129878 0.4677976 3.003849 -0.2896689 0.220786 2.892604 -0.3851127 0.09393449 2.672536 0.1756696 0.501591 3.110449 0.2545889 0.2332757 3.185361 0.4256833 0.2852574 3.413084 -0.02123973 0.03444853 3.015396 -0.1140215 -0.3898995 3.100287 -0.2303174 -0.8475646 2.996419 0.1701249 0.05561334 3.08216 0.1943048 -0.3772372 2.993277 0.3058226 -0.7967762 2.941333 
0.008750939 0.7048373 3.05538 0.02699886 0.4859408 3.058543 0.05118673 0.2659401 3.053366 -0.1279826 0.4700215 3.010937 -0.3263485 0.2653953 2.912823 -0.4753377 0.1868549 2.704035 0.1819804 0.5018601 3.106148 0.2549226 0.2313507 3.179204 0.4237314 0.2804692 3.409256 -0.02143787 0.03599495 3.018452 -0.1080905 -0.3906001 3.098661 -0.2315991 -0.8507369 2.993323 0.1721871 0.05588362 3.077928 0.1942882 -0.3794048 3.001515 0.3042758 -0.8005255 2.943584 
0.01131305 0.707355 3.056631 0.02884187 0.4891805 3.059212 0.05228291 0.2691068 3.053317 -0.1267452 0.4738559 3.012631 -0.3491703 0.3137073 2.929439 -0.5181643 0.3075694 2.724987 0.1844289 0.504505 3.105793 0.257684 0.2333945 3.176262 0.422926 0.2831067 3.408763 -0.02146675 0.03946028 3.018323 -0.1061022 -0.3886713 3.092537 -0.2325192 -0.8501509 2.99353 0.1729146 0.05860585 3.076519 0.1912526 -0.3766406 2.998067 0.3046575 -0.8036964 2.945413 
0.0171308 0.7073686 3.056245 0.03255408 0.4885265 3.059368 0.05389426 0.2682287 3.054006 -0.1235747 0.4745109 3.013822 -0.3695709 0.3678611 2.922733 -0.5279992 0.4473992 2.718793 0.1886828 0.5025421 3.104914 0.2608017 0.2339612 3.185513 0.4296512 0.2800236 3.416167 -0.02236422 0.03916939 3.020172 -0.1003607 -0.3905111 3.092787 -0.2355871 -0.855087 2.991193 0.1728331 0.05669215 3.077115 0.1904176 -0.3783845 2.997063 0.3003108 -0.8026355 2.946966 
