0.05692719 0.712665 3.071998 0.0699959 0.4956479 3.060529 0.08740668 0.2754834 3.046291 -0.0797853 0.4879581 2.996278 -0.3527256 0.3933216 2.889369 -0.5076349 0.5537168 2.698091 0.2197771 0.5033377 3.12478 0.229218 0.2144431 3.14163 0.2255454 -0.07309192 3.107819 0.01108145 0.05050648 2.991843 -0.05353245 -0.3564055 3.144536 -0.2296008 -0.8515927 2.941108 0.1985534 0.06013136 3.072262 0.2154094 -0.3755952 2.996093 0.3098224 -0.7851477 2.940947 
0.0614554 0.7103416 3.07742 0.07359196 0.4943013 3.062447 0.09013784 0.2742801 3.044955 -0.07471877 0.4885441 2.994572 -0.3408158 0.4426407 2.850665 -0.448704 0.6540892 2.683868 0.2219027 0.5000584 3.130322 0.2293894 0.2109317 3.143844 0.2264081 -0.07698263 3.113356 0.0139364 0.05065865 2.985017 -0.06166344 -0.3592325 3.128696 -0.2436284 -0.8570775 2.929738 0.199431 0.05785921 3.06991 0.2051275 -0.3785496 2.996415 0.3022886 -0.7957627 2.937284 
0.06430042 0.7084771 3.067116 0.07499423 0.4919912 3.058419 0.08997504 0.2715451 3.045819 -0.07183044 0.4860781 2.987306 -0.3089592 0.4893588 2.812809 -0.3504868 0.7414232 2.679524 0.2218189 0.4979043 3.129533 0.2277656 0.2086291 3.140377 0.2253455 -0.07959311 3.112895 0.01313574 0.04740115 2.988746 -0.06692646 -0.3665491 3.120205 -0.2450329 -0.8598869 2.945533 0.1967759 0.05479684 3.077691 0.2015826 -0.3821318 3.006601 0.2989584 -0.7932981 2.948594 
0.07017458 0.7056025 3.061394 0.07777844 0.4898329 3.056894 0.08962477 0.2690039 3.048811 -0.06475417 0.4850797 2.977849 -0.2506126 0.5217873 2.763325 -0.2218624 0.7939971 2.684783 0.220311 0.4945861 3.135939 0.225041 0.2052158 3.144631 0.2230764 -0.08325598 3.119866 0.01220674 0.04519806 2.991225 -0.08031306 -0.3764291 3.070844 -0.2181265 -0.8246165 3.031859 0.1907355 0.05115167 3.090233 0.1986697 -0.3849704 3.014463 0.2953075 -0.7927866 2.952466 
0.07225613 0.7020409 3.060744 0.08474605 0.486792 3.060792 0.1012586 0.2661865 3.057799 -0.05296635 0.4776585 2.974242 -0.1779401 0.5359228 2.73227 -0.09716181 0.8083069 2.676589 0.2224585 0.4959256 3.147342 0.2262247 0.2064944 3.154306 0.2246298 -0.08217984 3.131995 0.03155152 0.0398625 3.000618 -0.070709 -0.3748351 3.106144 -0.1917541 -0.8359731 3.030615 0.2039908 0.05129933 3.108993 0.2169362 -0.3816224 3.018403 0.3136763 -0.7869851 2.95787 
0.07560599 0.6699097 3.079979 0.08877981 0.4563505 3.06994 0.1039911 0.2360562 3.057998 -0.04375071 0.4523182 2.975509 -0.1131573 0.5213314 2.71355 0.01971922 0.775784 2.676119 0.2213103 0.4603828 3.164372 0.224312 0.1709126 3.16995 0.223017 -0.1179258 3.149853 0.03713369 0.01326505 2.987581 -0.08725765 -0.3982961 3.051423 -0.1943423 -0.8323951 3.055282 0.2012709 0.01825897 3.104533 0.2026242 -0.4028487 3.011955 0.3001999 -0.8130687 2.935756 
0.08304672 0.6385461 3.088894 0.09453224 0.4255138 3.076255 0.1072434 0.2050633 3.062366 -0.03433785 0.4243629 2.976582 -0.04754334 0.495665 2.700732 0.1381139 0.7127885 2.673324 0.2234023 0.4266647 3.175929 0.2257963 0.1371695 3.180395 0.2247447 -0.1518019 3.162297 0.0398152 -0.0161029 2.986494 -0.09655708 -0.4227628 3.074707 -0.2016502 -0.8518511 3.03819 0.2000939 -0.01467151 3.110461 0.208835 -0.4412135 3.016135 0.2991153 -0.8158985 2.948984 
0.06709712 0.6902559 3.072783 0.09327272 0.4518947 3.068159 0.1082934 0.231365 3.061572 -0.03108402 0.4465661 2.962976 0.02823351 0.4439106 2.702334 0.275886 0.5797168 2.661567 0.2176295 0.4572234 3.173342 0.2191549 0.1677021 3.176204 0.218461 -0.1214645 3.16153 0.04531236 0.007492996 2.98901 -0.1153749 -0.404869 3.082564 -0.1971984 -0.8263541 3.063119 0.201316 0.01417766 3.12096 0.2237707 -0.435672 3.019307 0.3030326 -0.7719061 2.943814 
0.06482569 0.7049789 3.079954 0.08563867 0.4845953 3.068958 0.1043405 0.2641526 3.062356 -0.02323995 0.4789774 2.948099 0.08778846 0.3886816 2.728184 0.3621036 0.4451623 2.667722 0.1945173 0.4902132 3.189816 0.1954907 0.2006811 3.191649 0.1950327 -0.08861355 3.179756 0.05494426 0.04019615 2.980164 -0.1025733 -0.369385 3.048826 -0.1878383 -0.7825766 3.079922 0.1911402 0.04722356 3.131346 0.2018396 -0.3866257 3.023141 0.2990658 -0.7778058 2.947206 
0.06468254 0.7046472 3.067422 0.08391542 0.4879438 3.061082 0.1028694 0.267436 3.058652 -0.02779146 0.4796469 2.942667 0.09845971 0.3353263 2.751574 0.3786879 0.3316356 2.689343 0.1956223 0.4962406 3.179497 0.1964003 0.2067059 3.180964 0.196028 -0.08263531 3.170257 0.05200053 0.04174222 2.982206 -0.1045816 -0.3602101 3.080523 -0.2015365 -0.8158615 3.048602 0.1916464 0.05211417 3.130237 0.1998655 -0.3771302 3.0134 0.3018734 -0.785666 2.942074 
0.06478331 0.7026835 3.065547 0.08053748 0.4854331 3.054015 0.09617986 0.2648017 3.045971 -0.03540434 0.4813948 2.939317 0.1041519 0.247063 2.787397 0.3803514 0.1501556 2.722089 0.1964793 0.4894713 3.168714 0.1969765 0.1999338 3.169653 0.1967301 -0.08947562 3.160978 0.03929874 0.04164432 2.966181 -0.1090967 -0.3683947 3.038612 -0.1960574 -0.7903733 3.085934 0.1843457 0.04669632 3.109673 0.1979623 -0.383099 3.002391 0.2992847 -0.7931905 2.936486 
0.06501248 0.7068162 3.060717 0.07977128 0.4879623 3.052625 0.09566937 0.2672389 3.047729 -0.03781529 0.4820005 2.939576 0.08410422 0.2170203 2.792687 0.3498213 0.0781105 2.723105 0.1973578 0.4939242 3.165675 0.1977554 0.2043859 3.166427 0.1975547 -0.08504825 3.158618 0.03804751 0.04278776 2.97215 -0.1025143 -0.3663986 3.062543 -0.1983572 -0.8101984 3.054471 0.1850874 0.05024296 3.113517 0.2029654 -0.380835 3.013324 0.3022403 -0.7875095 2.944612 
0.06515558 0.707025 3.063302 0.0801086 0.4880492 3.056597 0.09765346 0.2676 3.050956 -0.04696283 0.4805409 2.954782 -0.003408699 0.1662656 2.832086 0.2091542 -0.05908446 2.75514 0.20718 0.4955575 3.158411 0.2074342 0.2060185 3.158892 0.2073009 -0.08345179 3.152566 0.03570538 0.04245383 2.981623 -0.09754771 -0.3656513 3.085435 -0.1941082 -0.818693 3.056419 0.1946913 0.05184793 3.109009 0.211985 -0.3815211 3.021259 0.3122677 -0.7905347 2.953478 
0.06475892 0.7063385 3.059519 0.08223262 0.4885478 3.058221 0.1035633 0.2683389 3.056651 -0.04736355 0.476695 2.959957 -0.05064106 0.1476323 2.844479 0.1223514 -0.09801646 2.74504 0.2118288 0.5004006 3.156485 0.2120321 0.2108614 3.15687 0.2119234 -0.07862204 3.151176 0.04386047 0.04071866 2.993639 -0.08513868 -0.3708888 3.090867 -0.2038679 -0.8323368 3.021362 0.2059274 0.05554123 3.116523 0.2125188 -0.3758678 3.018678 0.3161217 -0.7900695 2.946811 
0.06292206 0.7032753 3.057694 0.08026186 0.4849833 3.058699 0.1008187 0.2646162 3.058136 -0.05330183 0.4727607 2.965933 -0.1122962 0.1437981 2.851252 -0.00288459 -0.1226167 2.724577 0.2138256 0.4972059 3.151465 0.2139881 0.2076666 3.151772 0.2138995 -0.08182748 3.146647 0.03783153 0.03660385 2.999549 -0.1049664 -0.3758367 3.062095 -0.2039529 -0.8130881 3.060531 0.2049196 0.05189425 3.115598 0.1997125 -0.377026 3.007598 0.3018385 -0.7925333 2.939758 
0.06149946 0.7033502 3.056674 0.08166999 0.4839389 3.060387 0.1055131 0.2638862 3.06094 -0.05674319 0.468729 2.975816 -0.1771197 0.1644226 2.875025 -0.1520732 -0.09894962 2.717689 0.2200832 0.4991488 3.144957 0.2202132 0.2096094 3.145204 0.2201408 -0.07989337 3.140591 0.04268932 0.03430997 3.008538 -0.09543634 -0.3785471 3.083082 -0.1991361 -0.8262953 3.038773 0.2160232 0.05335716 3.114446 0.2122656 -0.3750914 3.003603 0.3155159 -0.7949682 2.936684 
0.06015845 0.7056192 3.056803 0.07888635 0.4873047 3.060434 0.1014952 0.2670954 3.059545 -0.06435499 0.4729055 2.984314 -0.2355964 0.1927198 2.906039 -0.2832297 -0.03063385 2.71437 0.2221277 0.5017039 3.136554 0.2222317 0.2121645 3.136751 0.2221724 -0.07734524 3.132599 0.034465 0.03787534 3.01102 -0.1123563 -0.3754195 3.061837 -0.2059581 -0.8069253 3.061382 0.213743 0.05589706 3.10629 0.1963844 -0.370142 2.988271 0.3009845 -0.7921821 2.933416 
0.06102996 0.7049627 3.056873 0.07734165 0.4869675 3.059511 0.09791249 0.2665638 3.057044 -0.06916404 0.4740793 2.989327 -0.281325 0.229862 2.933553 -0.4247847 0.06191634 2.746935 0.2238473 0.4998557 3.129696 0.2239305 0.2103163 3.129853 0.2238818 -0.07919916 3.126117 0.0269023 0.03810374 3.010704 -0.1081892 -0.3760432 3.08262 -0.2123799 -0.8265033 3.030094 0.2100644 0.0542166 3.098449 0.1967579 -0.3751776 2.992705 0.2989867 -0.7980461 2.932908 
0.06001633 0.7078596 3.057392 0.07402073 0.4895823 3.058127 0.09238552 0.2690257 3.053373 -0.07435118 0.4786692 2.991266 -0.3106838 0.2704378 2.955299 -0.5159606 0.1789622 2.77299 0.2223926 0.5004954 3.124989 0.222459 0.2109559 3.125115 0.222419 -0.07856414 3.121752 0.01802298 0.04164888 3.006832 -0.1121082 -0.3773791 3.056275 -0.2076282 -0.8069165 3.071217 0.2034776 0.0552895 3.090405 0.1946359 -0.3758926 2.991133 0.294193 -0.7896172 2.934753 
0.06258435 0.710054 3.069633 0.07577315 0.492548 3.063456 0.09369229 0.2721952 3.053141 -0.07417072 0.4833383 2.999714 -0.3303931 0.311252 2.96614 -0.5610909 0.3089384 2.790612 0.225717 0.5017577 3.127198 0.22577 0.2122182 3.127299 0.2257371 -0.07730551 3.124272 0.01786525 0.04608447 3.002974 -0.09836684 -0.373825 3.073948 -0.2034556 -0.8202831 3.038678 0.2053576 0.05760052 3.082678 0.2054649 -0.3763759 2.996837 0.3022395 -0.7885407 2.930625 
0.07111778 0.7073663 3.072813 0.07924486 0.4901298 3.064526 0.09082925 0.2694553 3.052504 -0.07185511 0.4855574 3.002851 -0.3541306 0.373587 2.951294 -0.5671827 0.5021409 2.778976 0.2303448 0.4947022 3.126201 0.2303786 0.2051626 3.126265 0.2303564 -0.08436643 3.123813 0.007896656 0.04592073 3.001904 -0.1008625 -0.380882 3.038478 -0.1990165 -0.7975307 3.090801 0.1969306 0.05164107 3.079062 0.199685 -0.3830333 2.995515 0.2986982 -0.7912284 2.933486 
0.06648681 0.7092181 3.064343 0.08146527 0.480207 3.070385 0.09110039 0.2605608 3.047271 -0.06960543 0.4800922 3.0085 -0.3495069 0.4127916 2.933555 -0.5202116 0.6010887 2.770162 0.2325359 0.4803217 3.13227 0.2325629 0.1907822 3.132322 0.2325447 -0.09874887 3.130115 0.006229732 0.04084297 2.985443 -0.0940655 -0.3846379 3.047749 -0.2041501 -0.8245422 3.032427 0.1952413 0.04098653 3.062871 0.2031567 -0.3951534 2.987838 0.3004125 -0.8022788 2.92172 
