0.01955095 0.6901168 3.067119 0.0241826 0.47204 3.071634 0.0333691 0.2510857 3.065899 -0.1315806 0.4668215 3.02318 -0.3740544 0.4256095 2.849623 -0.4820038 0.5709527 2.655401 0.1799458 0.4772587 3.120088 0.2467588 0.2024041 3.181928 0.1955273 0.03940785 2.948174 -0.05486391 0.02686739 3.02986 -0.1449539 -0.4037802 3.071004 -0.2009102 -0.8302488 3.026522 0.1399751 0.03339516 3.09047 0.1912853 -0.3981239 3.008936 0.2927291 -0.7996209 2.945037 
0.02266436 0.6908941 3.061456 0.025337 0.4717527 3.068676 0.03191832 0.2505899 3.065049 -0.129326 0.4680042 3.016603 -0.3575519 0.4638294 2.831786 -0.4307318 0.6561422 2.650981 0.1800001 0.4755013 3.120749 0.2500734 0.1840674 3.180475 0.1974171 0.01315494 2.94226 -0.05823011 0.02708264 3.028855 -0.1404388 -0.4052339 3.073018 -0.1988194 -0.829639 3.028463 0.1352294 0.03177151 3.09399 0.1949364 -0.3971783 3.004092 0.2941897 -0.7959644 2.948987 
0.02816719 0.692001 3.059623 0.03074946 0.4719228 3.066844 0.03648889 0.2506659 3.064168 -0.1195605 0.4687819 3.004138 -0.3218104 0.5014446 2.791866 -0.3379178 0.7295851 2.642815 0.1810594 0.4750637 3.12955 0.245506 0.1755021 3.162203 0.202368 0.008155853 2.923289 -0.05199199 0.02744018 3.022187 -0.124958 -0.4068118 3.065327 -0.1884583 -0.8290535 3.021605 0.1364487 0.03137784 3.100799 0.2064436 -0.3966908 3.013543 0.2982018 -0.7975796 2.954568 
0.04033862 0.6931169 3.076283 0.0442017 0.4740423 3.072339 0.0495548 0.2529707 3.062462 -0.09829375 0.4741189 2.993393 -0.2113189 0.540025 2.734716 -0.1335471 0.7892553 2.646601 0.1866972 0.4739658 3.151285 0.2445105 0.1574681 3.161298 0.2163132 -0.002467667 2.921537 -0.03412735 0.0319469 3.003258 -0.1202658 -0.3974519 3.066308 -0.1938828 -0.8290461 3.021122 0.1439431 0.03185126 3.101913 0.2062696 -0.3969448 3.011878 0.3088982 -0.8001799 2.940889 
0.07237861 0.6877534 3.080619 0.06551002 0.4695562 3.0776 0.06092746 0.2486169 3.067512 -0.07231759 0.4763817 2.990725 -0.1143572 0.5377857 2.715145 0.02164188 0.7734361 2.641785 0.2033376 0.4627307 3.164476 0.2464188 0.1520917 3.159179 0.2321269 -0.01429169 2.921912 -0.02983639 0.03194542 3.003102 -0.12374 -0.395931 3.067072 -0.2030105 -0.8358273 3.031525 0.1425262 0.02340965 3.111745 0.1995845 -0.4057958 3.019345 0.3034832 -0.8087777 2.941152 
0.08734435 0.6556836 3.111209 0.08387144 0.4419512 3.095085 0.08076697 0.221469 3.076519 -0.04322468 0.4522807 2.99367 -0.0429415 0.4990952 2.705795 0.1480306 0.6960052 2.639237 0.2109675 0.4316217 3.196501 0.2417656 0.1496184 3.164562 0.2404589 -0.01289516 2.925452 -0.001742123 0.007440323 2.994591 -0.1211608 -0.4125781 3.063149 -0.1953503 -0.8447598 3.0281 0.1570671 -0.005466629 3.121313 0.2089019 -0.4321011 3.015602 0.3041382 -0.8095208 2.945381 
0.06426622 0.678219 3.083585 0.088208 0.4227071 3.097096 0.08310803 0.2026541 3.074232 -0.03934433 0.4361346 2.996314 0.004533554 0.4625511 2.708396 0.2257051 0.6154629 2.630414 0.2157604 0.4092797 3.197878 0.2443694 0.1438018 3.175803 0.2485002 -0.01334113 2.934874 -0.001653979 -0.009012909 2.988425 -0.1334868 -0.4252003 3.058929 -0.1997059 -0.8468689 3.022224 0.1576701 -0.025785 3.114311 0.2125972 -0.4497978 2.999897 0.3018353 -0.809429 2.936266 
0.0527617 0.6839442 3.055955 0.06577188 0.4567678 3.06935 0.07200792 0.2360294 3.070761 -0.05082719 0.452751 2.956221 0.04913079 0.3937593 2.735672 0.2996503 0.463922 2.640423 0.1823709 0.4607847 3.18248 0.2359118 0.1420635 3.173962 0.2517786 -0.01643648 2.946196 0.004323679 0.01274445 3.00045 -0.1400972 -0.3984478 3.077381 -0.1959028 -0.8193807 3.028812 0.1521643 0.01783759 3.143892 0.2061158 -0.4118209 3.01682 0.295709 -0.7790948 2.95455 
0.05221329 0.6816752 3.037348 0.06438155 0.4615992 3.05448 0.07483333 0.2410627 3.067292 -0.0543752 0.449516 2.943369 0.08083928 0.3236825 2.762629 0.3388495 0.3324675 2.646046 0.1831383 0.4736825 3.16559 0.2394909 0.1475249 3.201752 0.2628839 -0.003463898 2.958923 0.01082465 0.01294995 3.010438 -0.1422404 -0.3987652 3.063234 -0.1996428 -0.8311767 3.031913 0.1597456 0.02810236 3.14977 0.2009721 -0.3913804 3.00791 0.3055916 -0.7899077 2.945099 
0.04991063 0.6780117 3.035103 0.05925903 0.458493 3.050846 0.0682747 0.2376974 3.062268 -0.06170136 0.4479138 2.941819 0.08790637 0.2713435 2.776832 0.3487889 0.2403986 2.65754 0.1802194 0.4690721 3.159873 0.2372373 0.1257604 3.199889 0.2629173 -0.0007966232 2.957228 0.001529427 0.01027571 3.005403 -0.1520304 -0.4016934 3.056465 -0.2082939 -0.8323133 3.024408 0.1530513 0.02352779 3.141977 0.1913483 -0.3963816 3.003666 0.2929699 -0.7981358 2.937009 
0.04636783 0.6872967 3.045378 0.05622892 0.4640329 3.05511 0.06562332 0.2430688 3.063459 -0.06747759 0.4547653 2.949033 0.05641733 0.2181934 2.793909 0.3051643 0.1389074 2.673764 0.1799354 0.4733006 3.161188 0.2379087 0.1409937 3.204376 0.2658827 -0.0004244843 2.962118 -0.002419871 0.01630333 3.005406 -0.1453974 -0.3986935 3.061845 -0.204449 -0.8247902 3.028205 0.1524553 0.02790602 3.138211 0.1944655 -0.3925748 3.004405 0.2992578 -0.7849041 2.940623 
0.03912496 0.6858223 3.041276 0.04589622 0.464704 3.053366 0.05420167 0.2435695 3.057469 -0.08613589 0.4579723 2.957807 -0.02267071 0.1635606 2.821226 0.1924505 0.01668329 2.678364 0.1779284 0.4714357 3.148926 0.2721327 0.1859886 3.258594 0.2502014 0.04255141 3.017469 -0.02007499 0.01822458 3.001801 -0.1509244 -0.3993173 3.06841 -0.2106862 -0.8277903 3.033615 0.1450892 0.02664551 3.121341 0.18359 -0.3992234 3.006711 0.298555 -0.798426 2.939037 
0.03409828 0.6922732 3.064133 0.0457926 0.4691794 3.069115 0.05996605 0.2483389 3.069304 -0.09266696 0.4602194 2.983328 -0.1052354 0.1414415 2.843261 0.03882926 -0.04358868 2.647114 0.1842522 0.4781393 3.154902 0.2546156 0.163104 3.195609 0.2407299 0.003896515 2.966401 -0.01243155 0.02189636 3.015856 -0.1321261 -0.398903 3.083668 -0.187906 -0.8236051 3.039444 0.1607105 0.03310065 3.123132 0.1998761 -0.3935259 3.011406 0.3166967 -0.7906992 2.949672 
0.02744149 0.6909768 3.059923 0.04366229 0.4707374 3.069979 0.0619122 0.25021 3.072789 -0.09735374 0.4580356 2.98899 -0.1530741 0.1437209 2.859057 -0.07546818 -0.03981604 2.620641 0.1846783 0.4834393 3.150969 0.2483489 0.1605545 3.180236 0.2322455 -0.004833984 2.948063 -0.008056934 0.02173628 3.024932 -0.1406359 -0.3961879 3.084668 -0.1962943 -0.8292338 3.034776 0.1683812 0.03762868 3.126266 0.1899284 -0.3889754 3.011017 0.3065698 -0.788298 2.946891 
0.02048913 0.6940933 3.070859 0.03798408 0.4745275 3.07469 0.0570621 0.2540891 3.071783 -0.1087042 0.4627483 3.005229 -0.2238164 0.2055719 2.898887 -0.2074528 0.02731265 2.665775 0.1846723 0.4863067 3.144151 0.2439518 0.1611014 3.165615 0.2168828 -0.007892121 2.927715 -0.01583496 0.02626509 3.025322 -0.1523314 -0.3918283 3.074128 -0.2081832 -0.8250122 3.027292 0.1681152 0.0410365 3.112428 0.1807836 -0.3848233 2.992844 0.2981697 -0.7920037 2.923632 
0.01177066 0.694391 3.060067 0.03027779 0.474003 3.072939 0.05088845 0.2536083 3.074271 -0.1248196 0.4592183 3.02652 -0.3143376 0.2385962 2.924134 -0.3886054 0.109312 2.679441 0.1853752 0.4887877 3.119358 0.2393183 0.1708374 3.148409 0.2041762 -0.01181166 2.911595 -0.02539807 0.02397678 3.046602 -0.1423514 -0.401339 3.078042 -0.2063217 -0.8343807 3.02862 0.1683963 0.04245029 3.104602 0.1812343 -0.388205 3.003423 0.3006749 -0.7908344 2.93814 
0.0156212 0.6889017 3.045996 0.03242963 0.4697817 3.068103 0.05183537 0.2493954 3.074356 -0.1252189 0.4548413 3.03078 -0.339012 0.2712025 2.935079 -0.4619964 0.2007274 2.695838 0.1900782 0.4847222 3.105427 0.2392893 0.165039 3.142754 0.1921966 -0.0133508 2.900342 -0.02729666 0.01967056 3.05728 -0.139404 -0.4074406 3.085531 -0.2062336 -0.8351247 3.029467 0.1697789 0.03834752 3.103937 0.1821238 -0.3935518 3.007684 0.3043869 -0.7995346 2.937187 
0.020013 0.6848291 3.054423 0.03289412 0.4662381 3.07149 0.04993595 0.2455319 3.073542 -0.1274799 0.4536068 3.044821 -0.3715493 0.331075 2.923786 -0.522142 0.3732907 2.701873 0.1932681 0.4788695 3.098159 0.2410276 0.171977 3.136982 0.1845848 -0.009551911 2.887263 -0.03323757 0.01693263 3.058929 -0.1359091 -0.4129513 3.082685 -0.2101248 -0.8349827 3.020398 0.1671931 0.03271892 3.092259 0.1879494 -0.4004058 3.003003 0.2996152 -0.7946478 2.937839 
0.02616321 0.6914113 3.074976 0.03462099 0.4712125 3.079977 0.04739546 0.2503343 3.073994 -0.1258045 0.4627191 3.051004 -0.3843664 0.393018 2.899405 -0.5135606 0.5333425 2.69581 0.1950465 0.4797058 3.108951 0.2484399 0.1902547 3.155398 0.1852477 0.007386627 2.904315 -0.04015956 0.02414439 3.04989 -0.1336853 -0.4072631 3.081951 -0.2118307 -0.829743 3.011542 0.1604994 0.03476784 3.08613 0.1892236 -0.3980775 2.997476 0.2976674 -0.7923588 2.944094 
