-0.007307574 0.7046821 2.836175 -0.002321651 0.4872101 2.836875 0.006615613 0.2630568 2.838089 -0.1526879 0.4808755 2.774254 -0.4239945 0.4174829 2.643057 -0.6058775 0.5413879 2.441154 0.1480446 0.4935447 2.899496 0.227349 0.1727107 2.913497 0.3151565 -0.01996732 2.664421 -0.07991116 0.03488173 2.799547 -0.1932617 -0.3982385 2.769732 -0.2566289 -0.7974573 2.736642 0.1110169 0.04292513 2.879061 0.1430635 -0.3960563 2.792148 0.2117153 -0.7844145 2.765943 
-0.007502778 0.7039589 2.839678 -0.003313596 0.4865701 2.837466 0.004602638 0.2623453 2.837223 -0.1544749 0.4812994 2.776602 -0.4130052 0.4547447 2.617031 -0.55677 0.6463944 2.448112 0.1478477 0.4918407 2.898331 0.2261645 0.1708515 2.915758 0.311047 -0.01377132 2.660995 -0.08345328 0.03477415 2.798337 -0.1883669 -0.4008136 2.775739 -0.2556355 -0.8001117 2.736863 0.108491 0.04146684 2.875622 0.1460954 -0.397404 2.790144 0.2116083 -0.7847139 2.770007 
-0.006556892 0.7031714 2.841435 -0.001903763 0.4857687 2.839056 0.006839764 0.2615542 2.83911 -0.1515383 0.4799179 2.774621 -0.3750064 0.496372 2.585026 -0.4681539 0.730979 2.435019 0.1477308 0.4916194 2.903491 0.2260791 0.1694259 2.919387 0.3117971 -0.01003531 2.658785 -0.07944791 0.03362399 2.798243 -0.1853996 -0.4020949 2.789436 -0.2485238 -0.8001497 2.735437 0.1106145 0.04105545 2.880086 0.1501028 -0.3990709 2.802321 0.2181911 -0.7840414 2.77218 
-0.003562266 0.7050623 2.853794 0.001746749 0.4881876 2.84647 0.01010615 0.2639961 2.843181 -0.1433152 0.4838589 2.77285 -0.3103922 0.5251242 2.539999 -0.3349966 0.7878932 2.422336 0.1468087 0.4925164 2.920089 0.2221403 0.1657829 2.91919 0.3044336 -0.01467346 2.664936 -0.07381725 0.03705079 2.793057 -0.1838351 -0.3972985 2.773242 -0.2466498 -0.7935736 2.734564 0.1107484 0.04255836 2.886725 0.1472484 -0.3964272 2.80146 0.2156906 -0.7778111 2.776995 
0.004993856 0.6939959 2.837337 0.0083237 0.4775109 2.843082 0.01341445 0.2533022 2.847969 -0.1363093 0.4725922 2.768081 -0.2133448 0.5245338 2.503486 -0.1200387 0.7835457 2.401115 0.1529566 0.4824295 2.918084 0.2177789 0.1639423 2.919302 0.3027915 -0.01373776 2.680134 -0.07328771 0.02597192 2.805255 -0.1868302 -0.4074736 2.781212 -0.250558 -0.8069953 2.748509 0.1102981 0.03221529 2.900456 0.1486415 -0.4039524 2.802336 0.2173765 -0.7897205 2.780125 
-0.009469881 0.7038048 2.83447 0.00333345 0.4878132 2.845838 0.01730404 0.2642736 2.854728 -0.1370892 0.475803 2.764512 -0.1607755 0.4927593 2.487963 -0.02078941 0.7228103 2.375741 0.1437561 0.4998232 2.927165 0.2192986 0.1549843 2.926344 0.3013068 -0.02114864 2.690099 -0.05805066 0.03309413 2.811883 -0.1731267 -0.3985185 2.771896 -0.2366405 -0.7910101 2.746249 0.1205999 0.0483738 2.91535 0.158348 -0.3853438 2.806993 0.2266639 -0.7676247 2.78955 
-0.008141487 0.6998221 2.841239 0.007350985 0.4842896 2.849167 0.0222456 0.2606582 2.858607 -0.1239406 0.4715242 2.753917 -0.08321396 0.4306917 2.486514 0.1273248 0.5637623 2.355026 0.1386426 0.4970549 2.944417 0.2123297 0.156494 2.934076 0.3010288 -0.0183268 2.719693 -0.04616513 0.02892712 2.80761 -0.1898917 -0.3938573 2.767286 -0.249152 -0.8110772 2.736013 0.1204456 0.04512648 2.928484 0.1420375 -0.3835022 2.798361 0.2126676 -0.7949407 2.785271 
-0.006391829 0.6984912 2.843037 0.001600805 0.4817231 2.84851 0.009869545 0.2577599 2.858697 -0.1156707 0.4722977 2.736487 -0.02636607 0.3650032 2.499498 0.2088687 0.412984 2.354499 0.1188723 0.4911486 2.960532 0.2075779 0.1525277 2.941595 0.3008016 -0.01095567 2.738344 -0.05634541 0.02781013 2.797735 -0.197503 -0.3963552 2.761595 -0.2556933 -0.7961853 2.742567 0.09262198 0.03978305 2.940035 0.1336065 -0.387599 2.810612 0.1998002 -0.7798633 2.785628 
-0.009584111 0.6996369 2.84314 0.001972844 0.4823431 2.848326 0.0125417 0.2584904 2.859181 -0.1118376 0.4713575 2.732591 -0.001704109 0.3164926 2.508294 0.2441519 0.3136672 2.362184 0.1157833 0.4933287 2.964062 0.2067888 0.1567746 2.946823 0.3003912 -0.007614776 2.747799 -0.04905537 0.02767191 2.796649 -0.1880012 -0.3976775 2.764351 -0.2459192 -0.7979552 2.738481 0.09527649 0.04160356 2.943423 0.1448484 -0.381014 2.80214 0.2166806 -0.780126 2.780512 
-0.01535597 0.6969703 2.843966 0.001336786 0.4797333 2.849059 0.01769365 0.2562716 2.86028 -0.1095532 0.4656628 2.730494 0.01031568 0.2490985 2.527392 0.2547354 0.16711 2.379391 0.1122268 0.4938038 2.967624 0.1708941 0.206647 2.952916 0.2644503 0.02401729 2.743128 -0.03634273 0.02387793 2.796236 -0.1855568 -0.3975827 2.758299 -0.2426211 -0.7979612 2.735294 0.1044438 0.04174188 2.946766 0.1453912 -0.3803847 2.800389 0.2216994 -0.7775875 2.783969 
-0.01813897 0.7052692 2.843867 -0.001022087 0.486996 2.848812 0.01632805 0.2634948 2.85834 -0.1109364 0.4733625 2.729154 -0.01867668 0.1977782 2.554594 0.2040749 0.06410801 2.387619 0.1088922 0.5006294 2.968471 0.1932895 0.152854 2.954568 0.2877961 -0.0171765 2.747632 -0.03610224 0.03133818 2.791901 -0.2003059 -0.384439 2.755459 -0.2524678 -0.7971393 2.73381 0.1034586 0.04864889 2.943834 0.1372834 -0.3740714 2.797087 0.2172845 -0.7817194 2.77789 
-0.01852389 0.7031429 2.844027 -0.001930168 0.4844601 2.847941 0.01507241 0.2608621 2.855963 -0.1167979 0.4716059 2.733114 -0.05536884 0.185399 2.567302 0.1576225 0.02639319 2.394881 0.1129376 0.4973143 2.962768 0.1964149 0.1578545 2.952544 0.2942827 -0.01257065 2.743002 -0.04092371 0.02909518 2.791012 -0.20748 -0.3864238 2.762009 -0.2570843 -0.8022685 2.73551 0.1050737 0.04543289 2.936958 0.1393544 -0.3781761 2.792817 0.2167625 -0.7824021 2.774843 
-0.02128169 0.7030408 2.844628 -0.004860763 0.4847757 2.847358 0.01275194 0.2611634 2.853915 -0.1306844 0.4718646 2.745031 -0.1541198 0.1751174 2.594813 -0.04944432 -0.03915689 2.389344 0.1209629 0.4976868 2.949685 0.2057821 0.1600409 2.946944 0.3016285 -0.009874009 2.731482 -0.04962204 0.02934347 2.795423 -0.2045056 -0.3907468 2.765971 -0.2583646 -0.7983118 2.740726 0.1103513 0.04575881 2.925522 0.142842 -0.3814662 2.792144 0.2163445 -0.779339 2.775475 
-0.02051448 0.7016796 2.845456 -0.005787569 0.4841684 2.847201 0.01025574 0.2604137 2.852713 -0.1386551 0.4723575 2.75447 -0.2130876 0.1805533 2.611453 -0.1742609 -0.03615587 2.390787 0.1270799 0.4959793 2.939933 0.2125028 0.1604428 2.939274 0.3035156 -0.008256302 2.722518 -0.05819746 0.02914787 2.799253 -0.2053269 -0.3934242 2.766221 -0.2615281 -0.7990651 2.739805 0.1107956 0.04417009 2.917197 0.1415195 -0.3823447 2.781066 0.2154626 -0.7773646 2.773845 
-0.01593822 0.7071025 2.843021 -0.003525915 0.4889766 2.847533 0.01099509 0.2651085 2.852943 -0.1459047 0.4778647 2.769882 -0.2825157 0.2256306 2.670872 -0.3468112 0.02268335 2.451705 0.1388529 0.5000885 2.925183 0.2222702 0.1707967 2.93405 0.2951912 -0.008735382 2.717862 -0.06490101 0.03418379 2.809042 -0.2046896 -0.3898591 2.764536 -0.2555208 -0.7959737 2.742991 0.1159332 0.04829683 2.907665 0.1466867 -0.3790669 2.774188 0.2202434 -0.7731407 2.770177 
-0.01399119 0.7057007 2.843145 -0.003555777 0.4864002 2.84564 0.009509182 0.262413 2.847909 -0.1500238 0.4771482 2.775671 -0.3313331 0.2388491 2.688455 -0.4668303 0.08043413 2.468531 0.1429123 0.4956521 2.91561 0.235545 0.1668556 2.928089 0.2951817 -0.008775558 2.69695 -0.07041997 0.03255177 2.805753 -0.2050556 -0.3927772 2.757661 -0.2577326 -0.8027462 2.736281 0.1155682 0.04430006 2.894601 0.1470328 -0.3824805 2.759384 0.2162605 -0.783464 2.765797 
-0.01376787 0.7046195 2.843691 -0.003781605 0.4854338 2.844983 0.008194294 0.2613706 2.845373 -0.1530942 0.4773417 2.780834 -0.3811993 0.2769389 2.698236 -0.566336 0.1718176 2.481119 0.145531 0.4935261 2.909132 0.2407314 0.1634096 2.91658 0.3046401 -0.01445096 2.675835 -0.07457402 0.03217259 2.805058 -0.2051098 -0.3947037 2.759194 -0.2556553 -0.8014063 2.738544 0.1149144 0.04244212 2.886468 0.1486973 -0.3858665 2.756864 0.2147187 -0.7831125 2.768261 
-0.01020709 0.7118397 2.854331 -0.004190267 0.4926143 2.848546 0.004983959 0.2685236 2.843273 -0.1573986 0.487638 2.79346 -0.41511 0.3282677 2.706563 -0.6397815 0.3297348 2.495646 0.149018 0.4975906 2.903631 0.2501073 0.1653125 2.90695 0.3106328 -0.02088815 2.642111 -0.08308249 0.04127438 2.803039 -0.1999822 -0.3895956 2.758056 -0.2561966 -0.794358 2.738991 0.1113988 0.04759128 2.872964 0.1471771 -0.3841667 2.756045 0.2124514 -0.7770708 2.765178 
-0.009379922 0.7091807 2.848771 -0.005284632 0.4901896 2.845619 0.001880161 0.2659917 2.840726 -0.1592789 0.48643 2.792393 -0.4220537 0.3606284 2.690795 -0.6279265 0.4436414 2.487046 0.1487097 0.4939491 2.898846 0.2550554 0.1711623 2.905987 0.3126332 -0.020129 2.643157 -0.08869073 0.0394079 2.802052 -0.1975248 -0.3932036 2.753968 -0.2579151 -0.8004637 2.742256 0.1067806 0.04418005 2.869614 0.1455585 -0.388878 2.758656 0.2088267 -0.7810915 2.767916 
-0.003396127 0.7033667 2.839591 -0.004089885 0.4832571 2.841225 -0.000283107 0.2589531 2.839247 -0.1594207 0.4810576 2.791698 -0.4092492 0.4156422 2.657971 -0.544997 0.6126915 2.477106 0.1512409 0.4854567 2.890752 0.2495329 0.1670564 2.908503 0.3149427 -0.01627402 2.642199 -0.0950877 0.03325261 2.805827 -0.194654 -0.4013449 2.755068 -0.2520325 -0.801559 2.7383 0.102135 0.03604534 2.868712 0.152914 -0.3954482 2.756571 0.2188122 -0.781868 2.772632 
