0.02709374 0.6949267 3.032329 0.03480554 0.475402 3.046383 0.0476728 0.254403 3.04976 -0.118701 0.4656247 2.991452 -0.3353656 0.4088434 2.840163 -0.3898459 0.62051 2.650367 0.188312 0.4851792 3.101314 0.2408518 0.1743805 3.135975 0.2271781 -0.01443048 2.892596 -0.03546502 0.0272892 3.018783 -0.100449 -0.4047028 3.090481 -0.2375784 -0.8521558 2.987883 0.1565451 0.03951883 3.087492 0.2033547 -0.3897762 2.989784 0.3024369 -0.8018861 2.948692 
0.02885593 0.6963375 3.044486 0.03703449 0.4776341 3.051128 0.04915938 0.2566386 3.049431 -0.1121642 0.4699509 2.985694 -0.3011743 0.4698637 2.789791 -0.2936463 0.7238265 2.656877 0.1862331 0.4853172 3.116563 0.241852 0.1704576 3.154029 0.2322392 -0.01087798 2.891429 -0.03217552 0.03083028 3.006744 -0.09046543 -0.4019752 3.079642 -0.2300635 -0.8518345 2.979055 0.1547441 0.04045589 3.088722 0.2080576 -0.3874575 2.988445 0.3003662 -0.7959294 2.954446 
0.02967836 0.6947033 3.050164 0.03891502 0.4767667 3.053892 0.05099519 0.2557521 3.050684 -0.107263 0.469821 2.981946 -0.2545522 0.492911 2.765896 -0.2079439 0.7529352 2.659405 0.1850931 0.4837124 3.125838 0.2414578 0.1742522 3.155514 0.2377319 -0.01294461 2.904215 -0.02837786 0.03039195 3.002465 -0.09142328 -0.3975797 3.094707 -0.2301441 -0.8553928 2.984253 0.1545286 0.03908281 3.092488 0.2055477 -0.3899202 2.995604 0.2998708 -0.8004546 2.957938 
0.05629291 0.6678004 3.066703 0.05620713 0.452588 3.060721 0.05721883 0.2317763 3.05119 -0.08642796 0.4553169 2.982355 -0.1901181 0.4989487 2.731185 -0.09481809 0.7526491 2.659852 0.1988422 0.4498591 3.139088 0.2418842 0.1701501 3.156506 0.2402295 -0.01480803 2.90612 -0.03049475 0.012662 2.992912 -0.1004684 -0.4165294 3.074128 -0.2360688 -0.8712196 2.979734 0.1469558 0.009267014 3.090407 0.1976845 -0.4146705 2.993071 0.2950701 -0.8243346 2.949666 
0.1047854 0.6228673 3.100783 0.08088782 0.4146451 3.071817 0.05581136 0.1997698 3.040836 -0.05307247 0.442453 2.987379 -0.1231776 0.4908587 2.71694 0.0248756 0.7157543 2.659091 0.2148481 0.3868372 3.156256 0.2415612 0.1517774 3.157136 0.2413038 -0.01444019 2.89882 -0.05088841 0.001838043 2.958405 -0.1257759 -0.4241883 3.053507 -0.2413911 -0.8626385 2.974869 0.1123582 -0.03204919 3.061303 0.1894733 -0.443465 2.976375 0.2798946 -0.8236077 2.941693 
0.06773336 0.6588738 3.065826 0.07829901 0.3925962 3.074042 0.04648624 0.1790684 3.033449 -0.05506297 0.4285145 2.989619 -0.06457457 0.4558921 2.710318 0.1338199 0.6310754 2.640504 0.211661 0.356678 3.158465 0.2467395 0.1154746 3.183072 0.2466495 -0.01315286 2.915617 -0.06706466 -0.01244511 2.941113 -0.1348371 -0.4219171 3.08617 -0.236919 -0.8647794 2.992846 0.09641162 -0.05647395 3.044599 0.207615 -0.4708577 2.987975 0.293043 -0.8200681 2.939012 
0.04937467 0.6709159 3.049236 0.05879653 0.4303686 3.059119 0.04834863 0.2131099 3.042084 -0.06843646 0.444078 2.962308 -0.006938263 0.4067222 2.719337 0.2213099 0.5266904 2.622051 0.1860295 0.4166592 3.15593 0.2537728 0.05888406 3.207643 0.2499057 -0.009894608 2.929917 -0.04366626 0.004640137 2.962985 -0.1176243 -0.4143605 3.105613 -0.2198734 -0.847316 3.009783 0.1194677 -0.01293759 3.087113 0.2315926 -0.4665518 3.007188 0.3105026 -0.7898894 2.959753 
0.04151956 0.6760007 3.040987 0.05285784 0.4483424 3.05028 0.05450153 0.2292706 3.044714 -0.06904865 0.450105 2.944904 0.02672742 0.3659832 2.736653 0.2705615 0.4418519 2.619664 0.1747643 0.4465798 3.155656 0.2521422 0.06478965 3.21122 0.2466991 -0.01137672 2.932864 -0.02105524 0.01131502 2.972416 -0.1136151 -0.4016354 3.111127 -0.2138324 -0.8493503 2.999321 0.1333457 0.009082534 3.10588 0.2259507 -0.4277818 3.006217 0.3111566 -0.790791 2.953667 
0.03299817 0.6807424 3.034925 0.04715791 0.4605494 3.043117 0.05977877 0.2402589 3.046928 -0.07259889 0.4517902 2.933384 0.0791534 0.263523 2.767737 0.3388659 0.2636835 2.636971 0.1669147 0.4693087 3.152851 0.2607856 0.09091961 3.21836 0.2510403 -0.01722452 2.956081 -0.002689666 0.01447618 2.981934 -0.1204757 -0.3979526 3.091363 -0.2274772 -0.8531522 2.9968 0.1474889 0.02546056 3.119543 0.2125758 -0.399513 3.00075 0.307707 -0.7888796 2.950967 
0.02953297 0.6882232 3.050256 0.04501123 0.4671089 3.050889 0.06035713 0.2464449 3.05 -0.07684167 0.4590706 2.942692 0.06250766 0.2091462 2.805429 0.3230661 0.1390693 2.675694 0.1668641 0.4751473 3.159086 0.2106413 0.1907129 3.190926 0.2092326 0.02389693 2.954275 -0.0005734205 0.0207491 2.981383 -0.129835 -0.3882322 3.091083 -0.2301573 -0.8518916 2.994223 0.1519795 0.03081264 3.11684 0.2052889 -0.3922847 2.994801 0.3030228 -0.7911455 2.945014 
0.02631666 0.6868077 3.055017 0.04190473 0.466407 3.05292 0.05766128 0.2457214 3.048951 -0.08418269 0.4592614 2.949665 0.05069561 0.1801062 2.828202 0.3019928 0.09005403 2.679154 0.1679921 0.4735526 3.156176 0.2029141 0.1872843 3.181945 0.2042819 -0.001308304 2.962254 -0.005525963 0.020562 2.980334 -0.1315196 -0.3885586 3.093362 -0.2329371 -0.853326 2.993967 0.1523616 0.02950975 3.109631 0.2043889 -0.3949009 2.993209 0.3030638 -0.7971158 2.939715 
0.01835868 0.6867946 3.04956 0.03762865 0.4657269 3.05226 0.05935143 0.2455766 3.051059 -0.09782387 0.45285 2.962666 -0.03129583 0.1460604 2.85568 0.1716137 -0.01417493 2.682114 0.1730812 0.4786039 3.141853 0.2297393 0.1185818 3.173893 0.2245261 -0.06901431 2.957593 -0.003607574 0.01737601 2.993846 -0.1385859 -0.3899527 3.089859 -0.2334345 -0.8477676 2.992453 0.165756 0.03347671 3.10587 0.1933984 -0.3923916 2.990026 0.2989453 -0.8006811 2.939037 
0.011867 0.6918066 3.054721 0.03505895 0.4730051 3.058723 0.06092871 0.2531743 3.058096 -0.1059334 0.4566422 2.978334 -0.1148235 0.1317783 2.866623 0.02596265 -0.05579689 2.647857 0.1760512 0.4893681 3.139112 0.2444444 0.1493073 3.168471 0.236366 -0.02897693 2.936869 -0.001316309 0.02311734 3.00723 -0.1300906 -0.3908044 3.093395 -0.2210128 -0.8423471 3.008653 0.1749133 0.04356979 3.107709 0.2040133 -0.3865666 3.007994 0.3060698 -0.795063 2.954231 
0.01098525 0.6930675 3.055842 0.03129401 0.4739409 3.059656 0.05383982 0.2537381 3.059045 -0.1129952 0.4593746 2.985024 -0.1719089 0.1533646 2.943384 -0.1014512 -0.0003779755 2.703045 0.1755832 0.4885072 3.134287 0.2448604 0.1629575 3.163718 0.2353215 -0.01477126 2.932645 -0.01388594 0.02442214 3.011742 -0.1442007 -0.3937201 3.063742 -0.227079 -0.8252357 3.061299 0.1666572 0.04264833 3.105125 0.1872437 -0.3871353 3.001561 0.2940238 -0.7989085 2.95091 
0.01248162 0.6911799 3.055358 0.03127498 0.4729868 3.059375 0.05296548 0.2526729 3.05839 -0.1153939 0.4588597 2.989327 -0.2299594 0.1936809 2.973707 -0.2167063 0.05736951 2.732534 0.1779439 0.4871138 3.129423 0.2462089 0.1662634 3.157454 0.2351222 -0.01147278 2.926263 -0.01706186 0.02352479 3.013602 -0.1348985 -0.397485 3.076077 -0.2164885 -0.8371885 3.03716 0.1663738 0.04119313 3.101209 0.1941553 -0.3883964 2.998216 0.3019081 -0.7979271 2.946791 
0.01383382 0.6929229 3.055613 0.03163517 0.4746656 3.058703 0.05241602 0.2542542 3.057209 -0.1171906 0.4610784 2.993173 -0.2689868 0.2278404 2.94837 -0.3267252 0.1220706 2.71061 0.1804609 0.4882529 3.124233 0.2462679 0.1702172 3.14989 0.2324942 -0.006877854 2.920835 -0.01988116 0.02534508 3.01473 -0.1321273 -0.396132 3.086838 -0.2179358 -0.8393212 3.021282 0.1662749 0.04234048 3.096697 0.200258 -0.3884513 3.000871 0.3004667 -0.7945907 2.946809 
0.0229593 0.6980021 3.055073 0.03453312 0.4785978 3.059507 0.05072398 0.2578094 3.057433 -0.1170547 0.4680424 2.999792 -0.3324934 0.2732106 2.913135 -0.4799172 0.2498796 2.682932 0.186121 0.4891532 3.119222 0.2402837 0.1732567 3.150045 0.2207964 -0.01155251 2.914656 -0.0278654 0.03042122 3.018022 -0.122002 -0.3951362 3.094161 -0.2284027 -0.8460205 3.001553 0.1616951 0.0436207 3.092696 0.2001466 -0.3893605 3.009058 0.2974299 -0.7917635 2.950103 
0.02561126 0.7002838 3.055978 0.03586057 0.4812287 3.059571 0.05147128 0.2604012 3.056586 -0.116238 0.4712691 3.000942 -0.3567475 0.3081147 2.895096 -0.5062155 0.355511 2.670525 0.1879591 0.4911883 3.1182 0.2411525 0.1766183 3.145023 0.221586 -0.01293669 2.915828 -0.02803449 0.03334544 3.016936 -0.122249 -0.3957334 3.058872 -0.2138121 -0.8262961 3.054744 0.1621985 0.04580215 3.090265 0.2039949 -0.3882246 3.013919 0.301782 -0.7981635 2.947803 
0.02535401 0.700854 3.055467 0.03564578 0.4823638 3.058872 0.05096109 0.2615178 3.05535 -0.1166056 0.4727362 3.00051 -0.3613571 0.3525909 2.866627 -0.478039 0.4681841 2.658629 0.1878971 0.4919913 3.117234 0.2411169 0.169777 3.136038 0.2234003 -0.01617922 2.899894 -0.02894559 0.03465041 3.015326 -0.124082 -0.3944197 3.062625 -0.2122367 -0.8352986 3.034801 0.1614984 0.04669308 3.088328 0.1977601 -0.3877801 3.011442 0.3019335 -0.7997875 2.946156 
