0.03245191 0.7000113 3.059721 0.04142139 0.4794088 3.068655 0.05624077 0.2585454 3.067212 -0.1146769 0.4692392 3.022092 -0.3837571 0.4437633 2.883492 -0.4917161 0.6277264 2.714219 0.1975197 0.4895784 3.115219 0.2655903 0.2289782 3.221459 0.4264157 0.3659124 3.419493 -0.02659961 0.03131961 3.036637 -0.1188338 -0.3999924 3.073286 -0.2151682 -0.8394169 3.018594 0.1687199 0.04404442 3.0949 0.1976026 -0.3876362 3.001303 0.2978317 -0.8045793 2.949176 
0.03780962 0.7017666 3.057038 0.04393223 0.4811038 3.066638 0.0558157 0.2600312 3.065901 -0.1085696 0.4730978 3.009181 -0.3489457 0.5184537 2.826589 -0.3789638 0.7557295 2.685161 0.1964341 0.4891099 3.124096 0.2681927 0.2308585 3.233595 0.4315184 0.3730955 3.425758 -0.02771418 0.03394945 3.029216 -0.1119778 -0.3980159 3.076939 -0.2116756 -0.8389034 3.020628 0.1631125 0.04396752 3.101113 0.2020348 -0.3847055 2.997639 0.3039209 -0.8047131 2.948777 
0.03748836 0.7052592 3.069458 0.04481699 0.4865302 3.071229 0.05705703 0.2656282 3.064886 -0.1046742 0.4801079 3.006416 -0.2988251 0.5531383 2.788794 -0.2833334 0.8058086 2.674121 0.1943082 0.4929524 3.136042 0.2691992 0.2345362 3.243026 0.4363392 0.3777577 3.431134 -0.02427143 0.04070642 3.017975 -0.1136359 -0.3898002 3.069623 -0.2076687 -0.8345248 3.015022 0.1628656 0.04874597 3.09911 0.2017475 -0.3787572 2.990749 0.3032449 -0.7954609 2.949714 
0.03949111 0.6994811 3.063121 0.0463049 0.4812205 3.067955 0.05654993 0.2601412 3.06464 -0.1013511 0.4754147 2.998814 -0.2324573 0.5641046 2.754369 -0.164181 0.8147323 2.654217 0.1939609 0.4870263 3.137096 0.2648648 0.1395649 3.184411 0.3565964 0.3269463 3.364935 -0.02552148 0.03543212 3.018097 -0.1215679 -0.3925605 3.077495 -0.2119837 -0.8449846 3.024208 0.1591114 0.04269182 3.104553 0.1965986 -0.3877337 3.008536 0.300396 -0.8056191 2.955818 
0.04376389 0.6956413 3.070925 0.04864881 0.477086 3.070322 0.05496947 0.2559971 3.062896 -0.0970865 0.4753813 2.997021 -0.1601577 0.5430349 2.726614 -0.05170169 0.778607 2.629938 0.1943841 0.4787907 3.143622 0.2511274 0.136959 3.165525 0.3122663 0.3341408 3.35586 -0.02987464 0.03384189 3.009618 -0.1323312 -0.3939593 3.057971 -0.2121046 -0.839916 3.018632 0.1524549 0.03597464 3.101325 0.1896653 -0.3912255 2.992129 0.2983869 -0.809024 2.945454 
0.04184533 0.6932163 3.063877 0.0473576 0.4744448 3.067839 0.05338249 0.2532323 3.064223 -0.09482847 0.4718769 2.988014 -0.09366243 0.5030732 2.715293 0.06129888 0.7045987 2.608094 0.1895436 0.4770128 3.147664 0.2386841 0.1251428 3.161499 0.2930746 0.323187 3.359135 -0.02956617 0.03041293 3.010657 -0.1341463 -0.3962845 3.064744 -0.2086505 -0.840109 3.025126 0.1483809 0.03362671 3.110558 0.1932919 -0.3932647 3.002684 0.3029065 -0.8074908 2.957152 
0.03815062 0.6840069 3.058711 0.05134771 0.4674249 3.06459 0.06406263 0.2464689 3.066527 -0.0814001 0.4589614 2.970555 -0.009767639 0.4347737 2.711202 0.1999916 0.5692359 2.582779 0.1840955 0.4758883 3.158625 0.2314057 0.1099328 3.170289 0.2756245 0.3404345 3.335439 -0.00631252 0.02021553 3.009605 -0.1317197 -0.3996987 3.070036 -0.19797 -0.837786 3.018437 0.1598676 0.03081044 3.127322 0.2039229 -0.3918843 3.00387 0.3124183 -0.8080318 2.952561 
0.03380506 0.6780958 3.045045 0.04718487 0.4634168 3.058242 0.06135621 0.2428925 3.06921 -0.07111452 0.4502969 2.947304 0.04410204 0.3665431 2.719807 0.2761015 0.4443545 2.58363 0.1654842 0.4765368 3.169179 0.2307633 0.1200054 3.183803 0.2740264 0.3423307 3.360801 0.001634893 0.01417325 3.010884 -0.1510524 -0.3934303 3.089051 -0.207866 -0.8375967 3.028638 0.1494202 0.03056332 3.149472 0.1890791 -0.383652 2.999234 0.2982937 -0.8032049 2.961946 
0.0304254 0.6740915 3.051135 0.04801222 0.4577963 3.060672 0.06287657 0.2372387 3.071461 -0.06907625 0.4444038 2.948209 0.07414339 0.3232684 2.726988 0.3206244 0.3637631 2.598586 0.1651007 0.4711888 3.173136 0.2134711 0.18573 3.170553 0.3378156 0.3970212 3.324591 0.004585961 0.008313705 3.011985 -0.1497737 -0.4020065 3.068015 -0.2036027 -0.8383441 3.024355 0.1508959 0.02504854 3.152516 0.1973725 -0.383441 2.989313 0.3070752 -0.8074352 2.954802 
0.02408514 0.674943 3.054649 0.04387482 0.4576993 3.061814 0.06029597 0.2371435 3.070774 -0.07323798 0.4444056 2.949216 0.08265361 0.2666384 2.738599 0.3345453 0.2689876 2.608098 0.1609876 0.4709929 3.174412 0.2013219 0.1844972 3.163165 0.3899752 0.3639057 3.289876 0.003450352 0.008271119 3.009291 -0.1606777 -0.3988942 3.062944 -0.2068169 -0.8342672 3.02401 0.1499839 0.02490433 3.150176 0.1962827 -0.3838461 2.98691 0.3022972 -0.7986028 2.94695 
0.01545291 0.667723 3.036722 0.03815053 0.4494388 3.055301 0.06072592 0.2299504 3.072535 -0.08777016 0.4285348 2.954017 0.06104633 0.1994587 2.760578 0.3033344 0.1362572 2.617473 0.1640712 0.4703427 3.156586 0.1882392 0.18226 3.140544 0.4538775 0.2702065 3.21494 0.004535013 -0.00261377 3.026412 -0.158581 -0.4113497 3.073405 -0.1974956 -0.8378261 3.033671 0.1620676 0.02353803 3.153124 0.210088 -0.382713 2.984246 0.3145245 -0.7953332 2.948924 
0.0079625 0.6699051 3.034934 0.03440135 0.4515939 3.055321 0.06023909 0.2327234 3.075699 -0.09181895 0.4273593 2.955065 0.02761691 0.1537541 2.764841 0.2559613 0.07176942 2.605085 0.1606216 0.4758286 3.155577 0.1787584 0.1872576 3.14038 0.460824 0.2262957 3.192802 0.007114717 -0.001307999 3.033357 -0.1688412 -0.4048949 3.077454 -0.2030941 -0.8339273 3.036257 0.1650389 0.02901384 3.158796 0.1949225 -0.3798266 2.992684 0.3053715 -0.7937622 2.956278 
0.004711024 0.6715245 3.032865 0.03287849 0.4536079 3.058894 0.0639183 0.23574 3.082292 -0.09750552 0.4250014 2.965493 -0.03411667 0.126412 2.781793 0.1640254 0.01793469 2.596915 0.1632625 0.4822144 3.152296 0.1767993 0.1933099 3.138727 0.4642398 0.18567 3.172679 0.01328035 -4.806519E-05 3.047178 -0.1621305 -0.4043161 3.088798 -0.1986245 -0.8323603 3.04003 0.1766359 0.03579248 3.164199 0.1947922 -0.3742791 2.999164 0.3162456 -0.7978584 2.956686 
4.050255E-05 0.6801357 3.044695 0.02931864 0.460955 3.066056 0.06418559 0.2431851 3.083958 -0.1081177 0.4321627 2.983488 -0.1300075 0.1116824 2.81795 -0.02232141 -0.04801685 2.597356 0.1667549 0.4897472 3.148624 0.1743345 0.2004745 3.138777 0.449906 0.1119107 3.145844 0.0130118 0.007390106 3.050169 -0.1632708 -0.398107 3.068665 -0.2062415 -0.8310885 3.025517 0.1850933 0.04344034 3.15355 0.1814125 -0.371471 2.999985 0.3043889 -0.8015909 2.933782 
-0.002025328 0.6857727 3.050331 0.02705231 0.4665909 3.068198 0.06184887 0.248495 3.081797 -0.114429 0.4392853 2.9923 -0.1945323 0.1268758 2.849995 -0.1390288 -0.02397377 2.613198 0.1685336 0.4938965 3.144096 0.1742505 0.2045288 3.135923 0.4369029 0.08269807 3.133889 0.008030582 0.01329655 3.047859 -0.1617314 -0.3944 3.076026 -0.2133501 -0.8290814 3.020152 0.1852603 0.0475015 3.142934 0.1720789 -0.3680223 2.991302 0.3003266 -0.7960477 2.940133 
-0.002134819 0.6886663 3.053668 0.02410498 0.470343 3.065544 0.05335836 0.2511807 3.073438 -0.1198379 0.4484977 2.992471 -0.2507491 0.1630069 2.884561 -0.2531351 0.02519336 2.642241 0.1680478 0.4921882 3.138617 0.172389 0.2027592 3.131903 0.4196455 0.0523604 3.123096 -0.007497206 0.01834312 3.035588 -0.1691155 -0.392468 3.067029 -0.2256508 -0.828873 3.01092 0.1727207 0.04569359 3.127075 0.1631577 -0.3778771 3.00185 0.2871736 -0.8053538 2.93304 
-0.001748718 0.6946323 3.049442 0.01653304 0.4752724 3.064351 0.03887707 0.2552337 3.070335 -0.1333617 0.4583795 3.002888 -0.3127004 0.2215735 2.916744 -0.393525 0.1141385 2.669645 0.1664277 0.4921651 3.125815 0.1689821 0.2026711 3.121368 0.3823328 0.007668274 3.104382 -0.03267686 0.02461296 3.037817 -0.1639568 -0.3958423 3.077448 -0.2226674 -0.8335317 3.018551 0.155119 0.04577718 3.114822 0.1675271 -0.3812007 3.000319 0.2923605 -0.8019369 2.932025 
0.002478435 0.6984043 3.054866 0.0188542 0.478336 3.065967 0.0398753 0.2580225 3.067961 -0.1356791 0.4631446 3.016604 -0.3483463 0.2708978 2.929237 -0.4930557 0.2160052 2.697549 0.1733875 0.4935274 3.11533 0.1749272 0.2040065 3.112428 0.3546728 -0.02207744 3.092163 -0.03576276 0.028207 3.039078 -0.1426149 -0.3986362 3.084907 -0.2128007 -0.8358389 3.024507 0.1575556 0.04721114 3.10083 0.1763473 -0.3847814 3.007085 0.3046541 -0.7996401 2.944163 
0.007484574 0.7026457 3.055956 0.02213262 0.4819988 3.066624 0.04352724 0.2616874 3.067498 -0.1322042 0.4668114 3.01638 -0.3740469 0.3079436 2.924165 -0.5336417 0.3041646 2.690575 0.1764694 0.4971862 3.116867 0.1776736 0.2076586 3.114531 0.3416707 -0.03005687 3.093808 -0.03167032 0.03187097 3.036928 -0.135405 -0.3963613 3.078523 -0.2080999 -0.8362643 3.023265 0.161514 0.05088104 3.099818 0.1792667 -0.3820192 3.009284 0.3055156 -0.7947596 2.944349 
0.01561361 0.7006298 3.056033 0.02373586 0.4810843 3.060777 0.03475941 0.2601874 3.056947 -0.1330701 0.4740118 3.017355 -0.3921472 0.3605972 2.903769 -0.5545864 0.4275969 2.683926 0.1805418 0.4881567 3.104199 0.1814872 0.1986248 3.102321 0.3306803 -0.04865668 3.08167 -0.05096202 0.03492709 3.026327 -0.1553597 -0.393061 3.069991 -0.2293589 -0.8363916 3.013586 0.1425279 0.04365408 3.079907 0.1584211 -0.3857192 2.980674 0.2853076 -0.8027864 2.929675 
