0.06886764 0.6971833 3.031496 0.06700005 0.4777768 3.039264 0.06941886 0.2564387 3.038225 -0.08686888 0.4763511 2.984738 -0.3502876 0.4697368 2.879613 -0.4634185 0.684719 2.71865 0.220869 0.4792025 3.09379 0.2210259 0.1896631 3.093935 0.2473848 -0.09013882 3.163571 -0.02441928 0.03420873 3.003077 -0.1122429 -0.3937224 3.07354 -0.2049528 -0.82903 3.024012 0.1680946 0.03599256 3.071297 0.2037755 -0.3992111 2.998929 0.2955717 -0.789571 2.945148 
0.07092296 0.6965397 3.031106 0.06737284 0.4776235 3.04002 0.06772899 0.2562845 3.0402 -0.08434294 0.4773304 2.979919 -0.321158 0.509363 2.845274 -0.3895869 0.7588338 2.712684 0.2190886 0.4779167 3.100121 0.2192141 0.1883773 3.100237 0.2430264 -0.09326629 3.16303 -0.02688862 0.03476189 3.002757 -0.1087123 -0.3935753 3.078375 -0.2022997 -0.8324663 3.023638 0.1630589 0.03512895 3.078004 0.2047743 -0.3986252 3.000206 0.2935874 -0.7943089 2.9515 
0.06946841 0.6944103 3.050341 0.07142425 0.4769047 3.049653 0.07589838 0.2556609 3.043508 -0.07510369 0.4759342 2.977903 -0.2708173 0.5580353 2.78808 -0.2454043 0.8390586 2.699544 0.2179522 0.4778752 3.121403 0.2180324 0.1883358 3.121477 0.237434 -0.09601498 3.17248 -0.01134485 0.03380957 2.992452 -0.09918886 -0.3939236 3.064951 -0.1953284 -0.8288301 3.021801 0.1720899 0.03502453 3.082274 0.2120149 -0.3987824 3.0035 0.2998904 -0.7928057 2.95032 
0.07107616 0.6924142 3.042402 0.07177794 0.4747433 3.046604 0.0750847 0.2534538 3.044558 -0.07077648 0.4733469 2.967252 -0.1917173 0.5750117 2.729775 -0.1195059 0.8608459 2.68646 0.2143324 0.4761399 3.125956 0.2143838 0.1866005 3.126004 0.2301662 -0.09953122 3.167388 -0.01078311 0.03129071 2.992873 -0.1080272 -0.3928444 3.07425 -0.1973634 -0.8364378 3.028368 0.167566 0.03303787 3.09215 0.2063548 -0.4002711 3.009737 0.3001296 -0.7973339 2.945947 
0.07548591 0.6927828 3.049051 0.07954586 0.4749273 3.053192 0.08539963 0.2536663 3.051864 -0.05729752 0.4718386 2.964613 -0.1310127 0.5719757 2.709398 -0.02356289 0.8420139 2.65121 0.2163892 0.478016 3.141772 0.2164306 0.1884765 3.141809 0.2306586 -0.0983016 3.179078 0.005581862 0.03047156 2.99508 -0.09440104 -0.3941326 3.070608 -0.1819839 -0.8306428 3.030385 0.1769249 0.03433893 3.105991 0.2165934 -0.397288 3.015801 0.3127532 -0.7939422 2.955986 
0.0854795 0.6775411 3.061163 0.08963227 0.462064 3.059588 0.09467227 0.2408102 3.055061 -0.04328483 0.4609697 2.965078 -0.06648099 0.5439575 2.690644 0.08967528 0.782374 2.626165 0.2225494 0.4631583 3.154097 0.2225825 0.1736189 3.154127 0.2354062 -0.1136833 3.187686 0.01666781 0.01887268 2.991487 -0.1014699 -0.4002179 3.069477 -0.187213 -0.8410132 3.02582 0.1827567 0.02024008 3.109582 0.2094592 -0.4094609 3.007668 0.3082058 -0.8061958 2.949172 
0.07332669 0.692041 3.039335 0.08955651 0.4608141 3.054629 0.09308522 0.2397383 3.055519 -0.0388639 0.4583602 2.954292 0.01766437 0.4869495 2.676669 0.2248292 0.6776654 2.596703 0.2179769 0.463268 3.154966 0.2179981 0.1737285 3.154986 0.2284095 -0.1143424 3.182186 0.01380406 0.01708025 2.991708 -0.1102859 -0.399136 3.077436 -0.1885991 -0.8175313 3.03638 0.1794238 0.02024492 3.12111 0.2177266 -0.4192869 3.022005 0.3096972 -0.7853587 2.95718 
0.07262366 0.6904272 3.035006 0.08685769 0.467799 3.048423 0.09503896 0.2468561 3.054148 -0.0338693 0.460502 2.939333 0.05651277 0.4384987 2.681373 0.2816764 0.5849131 2.578033 0.2075847 0.475096 3.157513 0.2076016 0.1855565 3.157529 0.2169806 -0.1027932 3.182015 0.0264688 0.02127418 2.990519 -0.1055286 -0.3911233 3.082333 -0.1879983 -0.8225189 3.025927 0.1799717 0.03055223 3.129226 0.210736 -0.4053096 3.032864 0.3061947 -0.793288 2.949865 
0.07055084 0.6926778 3.033776 0.08614265 0.4730331 3.044558 0.09701923 0.25222 3.053019 -0.0249467 0.463018 2.92599 0.0984563 0.3792237 2.687625 0.3215764 0.4796257 2.538455 0.197232 0.4830482 3.163126 0.1972455 0.1935087 3.163139 0.2056935 -0.09506686 3.185181 0.03787801 0.02509447 2.986748 -0.1071178 -0.3783948 3.094779 -0.1878293 -0.8205864 3.021901 0.1779136 0.03771918 3.136212 0.2055699 -0.3944199 3.03337 0.3000247 -0.7865981 2.950921 
0.06894381 0.6910321 3.032621 0.08549993 0.4733273 3.039576 0.09997484 0.252636 3.048135 -0.02358148 0.4614903 2.91885 0.1193947 0.288014 2.699717 0.3466148 0.3017235 2.519388 0.1945813 0.4851643 3.160301 0.19459 0.1956248 3.160309 0.2014419 -0.09328219 3.178167 0.04617813 0.0245363 2.981136 -0.1193037 -0.373718 3.079272 -0.1955473 -0.8236328 3.026551 0.1827214 0.03935328 3.132254 0.2015605 -0.3902661 3.024788 0.3034613 -0.7950554 2.94971 
0.06888746 0.6891605 3.032259 0.08297692 0.4709134 3.039499 0.09628841 0.2501846 3.049347 -0.02932845 0.4588862 2.921721 0.09622391 0.2409765 2.733382 0.3157327 0.1969739 2.548279 0.1952823 0.4829407 3.157277 0.1952892 0.1934012 3.157284 0.2014593 -0.09562583 3.173357 0.03930107 0.02192706 2.98547 -0.1246803 -0.3763718 3.087018 -0.2031016 -0.8276297 3.031725 0.1798987 0.03698427 3.132918 0.1974264 -0.3939345 3.031703 0.2991205 -0.7948018 2.94739 
0.06830554 0.6863766 3.024073 0.08160545 0.4667995 3.034594 0.09657652 0.2462602 3.045179 -0.04076334 0.4533588 2.927635 0.04149976 0.1667477 2.762522 0.2376675 0.04037025 2.570676 0.2039742 0.4802402 3.141552 0.2039786 0.1907007 3.141557 0.2089812 -0.0985025 3.154578 0.03497614 0.01731041 2.988837 -0.1181875 -0.3894416 3.072003 -0.198167 -0.8316399 3.028108 0.1881191 0.03413133 3.122693 0.2093914 -0.3925757 3.006474 0.3087302 -0.7967787 2.936531 
0.06428182 0.6840752 3.016785 0.07630593 0.4666241 3.032426 0.09222333 0.2463224 3.046206 -0.05116331 0.4511173 2.931767 -0.02826399 0.1269292 2.805267 0.1004106 -0.05981209 2.598602 0.2037752 0.4821308 3.133085 0.203778 0.1925913 3.133087 0.2078328 -0.0967276 3.143635 0.02838817 0.01631885 2.997009 -0.1180848 -0.3906551 3.091102 -0.1977942 -0.8304518 3.045631 0.1878933 0.03572276 3.122966 0.2085079 -0.3944151 3.02029 0.311821 -0.7924686 2.952171 
0.06354889 0.6880533 3.024222 0.07855538 0.4693128 3.039292 0.09818368 0.2493213 3.053095 -0.05294063 0.4516278 2.944424 -0.08264745 0.1229627 2.832554 -0.01383936 -0.08447876 2.608503 0.2100514 0.4869977 3.134159 0.2100536 0.1974582 3.134161 0.2137038 -0.09190268 3.143654 0.03556823 0.01826889 3.007564 -0.1092856 -0.3929418 3.081911 -0.1904811 -0.8253896 3.038479 0.2000558 0.0403909 3.126233 0.21732 -0.3900722 3.024097 0.3183499 -0.7917318 2.943993 
0.05741233 0.6887091 3.014913 0.07445495 0.4712864 3.037368 0.09563337 0.2517397 3.055679 -0.06156484 0.4508546 2.949713 -0.1442845 0.1569438 2.848656 -0.1445175 -0.06067865 2.628631 0.2104747 0.4917182 3.125023 0.2104765 0.2021787 3.125025 0.2137623 -0.08721612 3.133569 0.03174964 0.01941565 3.019174 -0.1197733 -0.3901613 3.090449 -0.2021421 -0.8239625 3.041164 0.2018739 0.0449704 3.128807 0.2072192 -0.3850712 3.024172 0.3039017 -0.7861081 2.944501 
0.05313479 0.6933088 3.020766 0.0701886 0.4764027 3.039495 0.09127562 0.2566068 3.053901 -0.07266004 0.4576894 2.963081 -0.2293948 0.2065035 2.880146 -0.3002329 0.03052707 2.63049 0.2130373 0.495116 3.115909 0.2130382 0.2055764 3.11591 0.2157007 -0.0838681 3.122831 0.02303446 0.02510881 3.020523 -0.1173809 -0.3910316 3.074769 -0.2027099 -0.8258055 3.021878 0.2016908 0.04851292 3.116092 0.2009728 -0.3814609 3.010579 0.303561 -0.7955758 2.93261 
0.05495439 0.688475 3.013768 0.07099341 0.4732086 3.037288 0.09050041 0.253343 3.053497 -0.07491627 0.4550543 2.966634 -0.2666907 0.2492118 2.889089 -0.3967155 0.1079269 2.649761 0.2169031 0.491363 3.107943 0.2169038 0.2018234 3.107944 0.2193005 -0.08763913 3.114173 0.01877594 0.0221263 3.025529 -0.1182341 -0.3943898 3.085988 -0.20371 -0.8304268 3.031322 0.2012389 0.04482864 3.113884 0.1989953 -0.3889455 3.027184 0.3030957 -0.8008899 2.939928 
0.05038851 0.6992853 3.026752 0.06575106 0.4822946 3.042761 0.08489405 0.2620658 3.053231 -0.08471385 0.4663171 2.98179 -0.3069476 0.3102909 2.895785 -0.4998827 0.2678795 2.654549 0.216216 0.4982722 3.103732 0.2162164 0.2087326 3.103733 0.2181581 -0.08075644 3.108778 0.009925409 0.0318434 3.025565 -0.1159481 -0.3892563 3.077919 -0.2002391 -0.8258173 3.027885 0.1981487 0.0518304 3.101836 0.1990217 -0.3836536 3.02234 0.3027942 -0.7883947 2.934795 
0.05587117 0.7008939 3.029747 0.06565766 0.4847591 3.042865 0.07927372 0.2640027 3.049585 -0.08505791 0.4735908 2.98136 -0.3274496 0.3506655 2.887879 -0.514681 0.3938059 2.652954 0.2163732 0.4959274 3.10437 0.2163735 0.2063879 3.104371 0.2181213 -0.08311069 3.108911 -0.001386096 0.03626038 3.017832 -0.1233583 -0.3865914 3.065602 -0.2117911 -0.8226773 3.016171 0.1871656 0.05023242 3.094778 0.1883787 -0.3876801 3.031623 0.2912399 -0.7982124 2.932191 
0.0578977 0.6991318 3.031753 0.06379365 0.482806 3.042001 0.07269597 0.2617382 3.045539 -0.08723575 0.4757413 2.980592 -0.3326965 0.39834 2.865444 -0.495773 0.5247539 2.647675 0.2148231 0.4898707 3.103411 0.2148233 0.2003312 3.103411 0.2163965 -0.08917517 3.107497 -0.0128763 0.03625122 3.010663 -0.1235696 -0.3888585 3.064413 -0.2107284 -0.829576 3.017781 0.1760729 0.04508966 3.087491 0.1871751 -0.3939121 3.033702 0.2925043 -0.7994695 2.93285 
