0.002207824 0.6998786 3.066629 0.01624885 0.4755937 3.066247 0.0331907 0.255698 3.052879 -0.1340641 0.4678113 3.00377 -0.3486053 0.4899027 2.80599 -0.3885965 0.7206632 2.65972 0.1665618 0.4833763 3.128725 0.2518244 0.1675133 3.152271 0.263654 -0.02182837 2.897603 -0.04408719 0.03092403 3.000347 -0.1135833 -0.4018725 3.072398 -0.1997907 -0.8222797 3.001889 0.1443523 0.04068056 3.078672 0.2217218 -0.3875232 2.982291 0.3120973 -0.7876044 2.944988 
0.003427003 0.6956892 3.058549 0.01740554 0.4751303 3.059618 0.03471798 0.2546611 3.052324 -0.1288544 0.4660181 2.987888 -0.2799628 0.5460114 2.755996 -0.2448489 0.8080721 2.657807 0.1636655 0.4842424 3.131348 0.255142 0.1700833 3.158076 0.2742984 -0.02035954 2.911377 -0.03945024 0.02849271 3.000165 -0.1194417 -0.403894 3.042596 -0.2017051 -0.8258872 3.060144 0.1435111 0.03989137 3.089895 0.2051571 -0.3872218 2.988152 0.306144 -0.8041596 2.94961 
0.006427102 0.6924802 3.045188 0.01911366 0.4733483 3.054308 0.03523891 0.2527083 3.053947 -0.1256853 0.462888 2.979703 -0.2150403 0.5550498 2.730464 -0.1373702 0.8159623 2.656169 0.1639126 0.4838087 3.128913 0.2469975 0.1694885 3.165044 0.2776114 -0.01963473 2.915712 -0.03920662 0.02552533 3.00692 -0.1232977 -0.4057745 3.056566 -0.2074935 -0.8361303 3.047125 0.1419349 0.03861105 3.10025 0.2050826 -0.3880094 2.998562 0.3005981 -0.8046767 2.959269 
0.0008401222 0.6865915 3.051233 0.019211 0.4696301 3.056267 0.03828918 0.2491791 3.053852 -0.1224606 0.4582496 2.975945 -0.1164538 0.5419608 2.704422 0.02368529 0.7805341 2.641633 0.1608826 0.4810106 3.136589 0.2360515 0.1751805 3.167307 0.2803181 -0.01607224 2.933615 -0.0312788 0.02160722 3.001178 -0.1252543 -0.4055536 3.067078 -0.2029525 -0.8329142 3.014143 0.1460135 0.03584911 3.101695 0.2102289 -0.387548 2.98895 0.3061201 -0.7982787 2.950756 
-0.002583195 0.6987747 3.06854 0.02257173 0.4835168 3.064975 0.0468419 0.2636534 3.057523 -0.1106194 0.4719758 2.971691 -0.04674706 0.5016357 2.697219 0.1564254 0.6932723 2.643341 0.1557629 0.4950577 3.158259 0.2336146 0.1689151 3.166433 0.2848124 -0.02254388 2.940445 -0.01229222 0.03656311 2.991657 -0.1161026 -0.3881064 3.060565 -0.194119 -0.8257155 3.012031 0.1545164 0.05101703 3.108486 0.2061188 -0.374041 2.996104 0.3130777 -0.7970294 2.953727 
-0.001218233 0.6968225 3.049713 0.03188399 0.4576519 3.072983 0.05531079 0.238085 3.058866 -0.09986645 0.4497581 2.977121 -0.01828174 0.4467889 2.707573 0.2051901 0.5953925 2.629167 0.1636344 0.4655458 3.168846 0.2328508 0.1684966 3.177244 0.2824786 -0.02375877 2.946089 -0.003412905 0.01359596 2.984976 -0.1272085 -0.3983159 3.082868 -0.2016904 -0.8533463 3.007306 0.1608881 0.02344014 3.104522 0.1964619 -0.3970148 2.987239 0.3094028 -0.8199369 2.945101 
-0.000189661 0.689374 3.040293 0.02635554 0.462841 3.057882 0.0505412 0.243124 3.054723 -0.102816 0.4500428 2.959088 0.004298599 0.385457 2.722218 0.2469323 0.4712141 2.62567 0.1555271 0.4756392 3.156676 0.2327583 0.1616631 3.192705 0.2801806 -0.02369565 2.958833 -0.005978569 0.01541071 2.989837 -0.1415779 -0.3972106 3.068466 -0.2105952 -0.8283817 3.024062 0.1554323 0.0314032 3.113289 0.1906091 -0.3929692 2.997913 0.29647 -0.7874368 2.953256 
-0.00191848 0.6845835 3.037064 0.02150202 0.4631652 3.048658 0.04536073 0.2432701 3.050148 -0.1055574 0.4486925 2.947263 0.02161261 0.3192525 2.736091 0.2794788 0.3460414 2.637317 0.1485615 0.4776379 3.150054 0.2303249 0.1597978 3.198361 0.2826404 -0.02725114 2.969537 -0.01016571 0.01433263 2.988286 -0.1461361 -0.3986067 3.068598 -0.2120913 -0.8336172 3.013472 0.1486046 0.03241734 3.114987 0.188814 -0.3923681 2.999737 0.2972522 -0.7972222 2.948506 
-0.001955215 0.6842803 3.04446 0.01989078 0.4629401 3.048598 0.04311982 0.2428812 3.047435 -0.1079918 0.4499731 2.94792 0.00930159 0.2626354 2.758057 0.2695193 0.2372256 2.653169 0.1477734 0.4759071 3.149276 0.2052755 0.1941435 3.182979 0.2531113 -0.005863266 2.97916 -0.01357998 0.01471771 2.983346 -0.1445474 -0.4006713 3.061045 -0.2112687 -0.8303555 3.011607 0.1462777 0.03092688 3.109197 0.1965542 -0.3947719 3.000448 0.3012064 -0.8036278 2.936588 
-0.002998236 0.6852566 3.053554 0.01399344 0.4642197 3.04981 0.03332878 0.2437833 3.044763 -0.1196638 0.4546292 2.956634 -0.03446736 0.1901566 2.784575 0.2002417 0.08861961 2.641312 0.1476507 0.4738103 3.142986 0.2154576 0.1608489 3.187255 0.2736773 -0.03837865 2.97333 -0.030961 0.01734631 2.981419 -0.1592699 -0.3953997 3.075772 -0.2185412 -0.8284662 3.01838 0.1362892 0.02934729 3.098014 0.1875826 -0.3969495 2.990315 0.2920657 -0.7972897 2.945218 
-0.005677496 0.6823227 3.055752 0.01257887 0.4641436 3.049704 0.03333559 0.2438805 3.041683 -0.1262525 0.454166 2.964432 -0.1048987 0.158558 2.797385 0.08556926 0.01086571 2.611528 0.1514103 0.4741213 3.134977 0.2175808 0.1507787 3.190671 0.2808704 -0.04076953 2.968408 -0.0327272 0.01737782 2.980336 -0.1471038 -0.3998024 3.074157 -0.2099166 -0.8310796 3.018332 0.1409118 0.02985707 3.086988 0.1939399 -0.3975712 2.984767 0.3042694 -0.7975376 2.940491 
-0.005222347 0.6842814 3.055813 0.01183391 0.4659909 3.050279 0.03191571 0.2456349 3.042774 -0.1296049 0.4558538 2.969455 -0.1569407 0.1517699 2.803705 -0.03311395 -0.01229716 2.581276 0.1532727 0.4761281 3.131103 0.216466 0.1481005 3.187021 0.2829702 -0.04267958 2.956819 -0.03648376 0.01893718 2.984708 -0.1481258 -0.400976 3.069047 -0.210883 -0.8290997 3.022371 0.1404788 0.03162038 3.085831 0.1907042 -0.3947875 2.977953 0.2982292 -0.7900025 2.952432 
-0.001878513 0.6833712 3.043864 0.01294714 0.4649338 3.046607 0.0305243 0.2443256 3.044917 -0.1309752 0.4540502 2.970424 -0.1597351 0.1883221 2.859093 -0.06084611 0.009745285 2.653753 0.1568695 0.4758174 3.122791 0.2136266 0.155954 3.178717 0.2823184 -0.03537756 2.94565 -0.04193261 0.01690894 2.995568 -0.1487797 -0.4053452 3.074475 -0.2130401 -0.8333651 3.02834 0.1381355 0.03052591 3.090885 0.1906673 -0.3971424 2.98923 0.2994982 -0.7979705 2.957348 
0.003683161 0.6923525 3.034381 0.01277205 0.4721327 3.043133 0.02556806 0.2511418 3.043694 -0.1350081 0.4634013 2.974402 -0.2164316 0.2021855 2.859965 -0.1689721 0.02935315 2.634503 0.1605522 0.4808641 3.111864 0.2183616 0.1747208 3.194934 0.2780581 -0.02284958 2.963488 -0.05399662 0.02469391 3.001299 -0.1471677 -0.402282 3.07119 -0.2124309 -0.8252075 3.015961 0.1307248 0.03560799 3.087211 0.195274 -0.3919579 2.993056 0.2975591 -0.7928984 2.956332 
0.004868433 0.6860248 3.020646 0.01307137 0.4669695 3.036325 0.0241571 0.2459955 3.041932 -0.1370544 0.457832 2.973022 -0.2505334 0.2089336 2.860366 -0.2432609 0.05619569 2.626379 0.1631972 0.4761071 3.099629 0.2292676 0.1739363 3.177996 0.2724305 -0.02336922 2.953183 -0.05868356 0.01930453 3.007932 -0.1454741 -0.4096119 3.074464 -0.2148552 -0.8363235 3.020578 0.1291692 0.03073843 3.087144 0.1926036 -0.3970299 2.992498 0.3010441 -0.8093418 2.947523 
0.01106577 0.6785539 2.997605 0.01462487 0.4609632 3.027336 0.02219226 0.2403328 3.042359 -0.1393239 0.4520555 2.974066 -0.3078982 0.2366266 2.865041 -0.3793896 0.1441826 2.604106 0.1685736 0.4698708 3.080606 0.2349709 0.1716148 3.162041 0.2750221 -0.01802596 2.94747 -0.06658938 0.01412759 3.024044 -0.145691 -0.4180643 3.078004 -0.2192266 -0.8407332 3.021344 0.1261087 0.02527731 3.090722 0.1990343 -0.4017367 2.999407 0.2978055 -0.8048281 2.95453 
0.01832219 0.6794037 3.016335 0.0154484 0.4615622 3.032185 0.01684285 0.240407 3.036077 -0.1406151 0.4597377 2.984428 -0.3918841 0.3411162 2.889731 -0.5496373 0.4077982 2.652977 0.1715119 0.4633867 3.079943 0.2366672 0.166869 3.158361 0.2750769 -0.01855212 2.940014 -0.07935096 0.01811101 3.010106 -0.1449559 -0.4159679 3.066374 -0.2182806 -0.8295807 2.998842 0.1158255 0.02039275 3.069832 0.1992577 -0.406019 2.985819 0.3048354 -0.8123319 2.926283 
0.02400015 0.6789572 3.023099 0.01837724 0.4616438 3.034538 0.01687479 0.2403877 3.035386 -0.1376581 0.4625192 2.986486 -0.3969299 0.3835615 2.872857 -0.5367621 0.5149105 2.659778 0.1744126 0.4607685 3.08259 0.2343375 0.1579298 3.152197 0.2659856 -0.03227258 2.938495 -0.08220131 0.01967902 3.006185 -0.1406514 -0.4141874 3.071085 -0.2142994 -0.8305564 3.008277 0.112946 0.01858423 3.066283 0.2037934 -0.4068332 2.984578 0.300828 -0.800572 2.944754 
0.0287547 0.6769136 3.026956 0.02095702 0.4599109 3.035199 0.01791711 0.2386184 3.033648 -0.133476 0.4624025 2.98239 -0.3894235 0.4372601 2.847898 -0.4842564 0.6313771 2.673846 0.17539 0.4574193 3.088009 0.2367031 0.1499837 3.145585 0.2648689 -0.03785762 2.928498 -0.08174722 0.01888487 2.999055 -0.1344925 -0.4152247 3.067626 -0.212762 -0.8348536 3.000461 0.1115016 0.01576698 3.065138 0.2064631 -0.4080694 2.979625 0.3018847 -0.8012004 2.949007 
