-0.02226987 0.7058861 2.866073 -0.01484188 0.4893848 2.855651 -0.0048667 0.2653678 2.847189 -0.1696552 0.4843995 2.805127 -0.4077576 0.3692121 2.66384 -0.5710831 0.4982713 2.458539 0.1399714 0.49437 2.906174 0.2399449 0.162625 2.871891 0.2673742 0.01178955 2.600559 -0.09315664 0.03818651 2.806659 -0.1927717 -0.397374 2.76746 -0.2579522 -0.801666 2.743167 0.1033736 0.04451512 2.870797 0.1571566 -0.3885716 2.766953 0.2181701 -0.7822449 2.777615 
-0.02026427 0.7091584 2.86621 -0.01051076 0.4928961 2.857392 0.00220117 0.2690169 2.849147 -0.1621196 0.4864655 2.798256 -0.3777013 0.4330419 2.603275 -0.4657781 0.6635522 2.433623 0.1410981 0.4993266 2.916528 0.2334778 0.1616618 2.887527 0.2688368 0.01235289 2.617571 -0.08144872 0.04105052 2.803316 -0.1818909 -0.3947031 2.765934 -0.2439432 -0.7990231 2.741437 0.1112749 0.04922496 2.878489 0.1677833 -0.3852819 2.781646 0.222227 -0.7759553 2.787068 
-0.01592914 0.7071406 2.867652 -0.006213184 0.4905442 2.858821 0.005985824 0.2665834 2.852073 -0.1515711 0.4848253 2.785855 -0.3219703 0.4730432 2.548801 -0.339071 0.7437367 2.404776 0.1391447 0.4962631 2.931787 0.2285891 0.1661308 2.90384 0.2700455 0.01266319 2.623464 -0.07417955 0.03898859 2.798959 -0.1874246 -0.3937296 2.763552 -0.2514977 -0.7992185 2.740834 0.1105492 0.04625647 2.891689 0.1549558 -0.3871838 2.784536 0.212309 -0.7798943 2.78982 
-0.01420642 0.7059699 2.867416 -0.003627139 0.4895831 2.861351 0.008800053 0.26558 2.857165 -0.1456196 0.4831877 2.782047 -0.2650453 0.4860536 2.518908 -0.2328675 0.7565106 2.378404 0.1383653 0.4959785 2.940655 0.2272424 0.1690268 2.915421 0.2808731 0.003634674 2.642452 -0.06893067 0.03751616 2.802625 -0.1834513 -0.3945469 2.763041 -0.2468933 -0.8030709 2.745975 0.1113852 0.04563762 2.903333 0.1617534 -0.3847927 2.787356 0.2160225 -0.7779696 2.794537 
-0.005859985 0.6757766 2.852163 0.003624686 0.4600413 2.856412 0.01388796 0.2360076 2.861036 -0.1360411 0.4519177 2.772828 -0.1725732 0.4710644 2.481192 -0.05832027 0.7220662 2.347713 0.1432904 0.4681648 2.939995 0.2197432 0.1636993 2.930592 0.2937874 -0.008874069 2.677813 -0.06446965 0.006819412 2.812625 -0.1904113 -0.4210217 2.763492 -0.2480839 -0.8229685 2.73823 0.1127721 0.01712856 2.918696 0.1620539 -0.4035123 2.772046 0.2190367 -0.7992324 2.780769 
-0.01229696 0.6705908 2.873835 0.01110648 0.4038167 2.859203 0.01969987 0.1796859 2.861924 -0.1270207 0.3974722 2.772824 -0.09934764 0.4307357 2.47281 0.07237707 0.6256468 2.3248 0.1492337 0.4101611 2.945581 0.2252242 0.1407093 2.936416 0.2989822 -0.01496428 2.70253 -0.05929528 -0.04846802 2.80987 -0.2172134 -0.4591666 2.770477 -0.2520142 -0.7980604 2.744626 0.1158818 -0.04042181 2.919418 0.1688492 -0.4578528 2.790255 0.2150514 -0.7737698 2.793202 
-0.01437856 0.6826929 2.871215 0.00616369 0.4407045 2.865258 0.02135348 0.2171249 2.872638 -0.1043952 0.4294658 2.752332 -0.05131693 0.3948083 2.473128 0.1572177 0.5301259 2.323998 0.1167225 0.4519433 2.978183 0.2169826 0.1378795 2.940407 0.3078283 -0.01557338 2.720712 -0.03468975 -0.01369592 2.80726 -0.2103161 -0.4417506 2.77434 -0.2392842 -0.7782208 2.739429 0.1077763 0.0007863159 2.952776 0.1644271 -0.4462905 2.816448 0.2129386 -0.7605783 2.797954 
-0.01183027 0.6886486 2.868723 0.006672371 0.4581192 2.86818 0.02254439 0.2346487 2.878919 -0.09207994 0.4450967 2.743149 -0.003530922 0.3424863 2.479235 0.2284688 0.406316 2.3271 0.1054247 0.4711417 2.993211 0.212006 0.1428436 2.948589 0.3202333 -0.01723221 2.734434 -0.02409094 0.00293541 2.810517 -0.2170347 -0.4088882 2.780515 -0.2503024 -0.7849818 2.744987 0.1009238 0.01942116 2.9688 0.1584185 -0.4077767 2.811019 0.2118984 -0.770107 2.78369 
-0.01933823 0.7011842 2.87734 0.001967678 0.478803 2.871229 0.01970127 0.2552691 2.875839 -0.08658323 0.4689874 2.735901 0.03271171 0.262542 2.495859 0.2842329 0.2365214 2.350984 0.09051859 0.4886186 3.006558 0.1939155 0.1523046 2.986902 0.3346707 0.004477112 2.76138 -0.01873472 0.0255089 2.794607 -0.2089155 -0.3805096 2.750904 -0.2573629 -0.7811006 2.724359 0.09360443 0.03796136 2.96629 0.1375811 -0.3701855 2.779895 0.2114304 -0.7733061 2.77026 
-0.02462402 0.7036969 2.871691 -0.001998293 0.4835172 2.867002 0.01872517 0.260176 2.869868 -0.09664106 0.4730472 2.735446 0.01383162 0.2123237 2.508352 0.2691853 0.151324 2.363414 0.09264448 0.4939872 2.998558 0.1896976 0.1568706 2.988645 0.3367013 0.008999786 2.758942 -0.0206262 0.03018892 2.789229 -0.2097109 -0.3760228 2.752112 -0.2580759 -0.7911729 2.730316 0.09952348 0.04348067 2.95624 0.1428844 -0.3658898 2.774977 0.2206657 -0.7714329 2.77361 
-0.02714426 0.6997527 2.869564 -0.007595769 0.4796888 2.863525 0.009613202 0.2560469 2.86263 -0.1117151 0.4721742 2.739277 -0.05119709 0.1871327 2.541294 0.1549932 0.06203551 2.374982 0.09652358 0.4872034 2.987773 0.1892606 0.1534464 2.982367 0.3387761 0.0003083496 2.75365 -0.03939701 0.0276257 2.782715 -0.2262878 -0.3794813 2.749511 -0.2728206 -0.7994489 2.730379 0.09304136 0.03718418 2.940756 0.1283374 -0.376956 2.770736 0.2099264 -0.7878037 2.769932 
-0.03158437 0.7089385 2.884051 -0.01363225 0.4887124 2.870106 0.002994375 0.2651138 2.862601 -0.1291035 0.4839664 2.755694 -0.1521283 0.1748053 2.58483 -0.03358817 -0.0213082 2.383281 0.101839 0.4934585 2.984518 0.1924461 0.1500713 2.964642 0.3377134 0.00260524 2.73243 -0.05366486 0.03850299 2.782482 -0.2199893 -0.3770013 2.75092 -0.2586705 -0.7877489 2.748623 0.09290687 0.04452734 2.92771 0.1379835 -0.3791229 2.787789 0.2147401 -0.7802809 2.774858 
-0.03260841 0.7106717 2.88564 -0.01512299 0.491483 2.872197 0.0008714079 0.2678443 2.863671 -0.1391397 0.4866031 2.767547 -0.2090926 0.1769085 2.608926 -0.1639411 -0.02554599 2.381258 0.1088937 0.4963629 2.976848 0.2061724 0.1585223 2.954364 0.3321268 0.007731247 2.714424 -0.06202425 0.04110153 2.788575 -0.2180697 -0.3782334 2.756063 -0.2594299 -0.7903572 2.754163 0.09575587 0.04730997 2.921716 0.1428811 -0.3765682 2.782559 0.2168534 -0.7750373 2.773477 
-0.03436425 0.7088384 2.871515 -0.01807492 0.4896894 2.866344 -0.001250372 0.2659628 2.863978 -0.1531053 0.4804864 2.776374 -0.2851304 0.2181835 2.665425 -0.3278251 0.03594923 2.419452 0.1169555 0.4988926 2.956314 0.2118842 0.1594431 2.925605 0.3255563 0.01173157 2.684284 -0.07011444 0.03639589 2.804518 -0.2120219 -0.3871689 2.762806 -0.2538413 -0.7953727 2.7574 0.1012628 0.04807625 2.918706 0.1454425 -0.3767422 2.781051 0.2196218 -0.7796568 2.780819 
-0.03269691 0.7122648 2.87927 -0.01844051 0.4928807 2.868573 -0.002520533 0.2692581 2.860234 -0.1599502 0.4857959 2.788404 -0.3493637 0.242841 2.696092 -0.4854954 0.1008766 2.450336 0.1230692 0.4999656 2.948742 0.2221189 0.1695518 2.918438 0.2973449 0.01691861 2.668515 -0.0764051 0.04113917 2.801019 -0.2135728 -0.3837362 2.756257 -0.2561785 -0.7878285 2.746436 0.103204 0.05013154 2.902772 0.1442007 -0.3769802 2.771362 0.2160234 -0.7702101 2.771309 
-0.03140998 0.7116829 2.873733 -0.01787757 0.4938256 2.866901 -0.002782695 0.2700565 2.860637 -0.1625307 0.4861485 2.792574 -0.3866346 0.2808908 2.703554 -0.5607959 0.1779198 2.462756 0.1267755 0.5015028 2.941229 0.2205973 0.1663109 2.901743 0.2901064 0.01942392 2.647188 -0.07953566 0.04141266 2.807179 -0.2147537 -0.3848829 2.771237 -0.2554068 -0.796005 2.753913 0.10416 0.05116193 2.901567 0.1442671 -0.3787323 2.779538 0.2183287 -0.777487 2.77545 
-0.03144363 0.7149532 2.869321 -0.01902281 0.4964636 2.864308 -0.00408645 0.2726346 2.858908 -0.1681727 0.4880792 2.799298 -0.4183956 0.3252162 2.692386 -0.6302933 0.3458134 2.468431 0.130127 0.5048481 2.929319 0.2159078 0.1520857 2.859194 0.2704955 0.01692796 2.603212 -0.08379271 0.04348526 2.812256 -0.2042263 -0.385173 2.758679 -0.2514828 -0.794645 2.74825 0.1054925 0.05412595 2.89476 0.1441124 -0.3763881 2.774058 0.2177688 -0.7780833 2.774899 
-0.02839526 0.7142255 2.883466 -0.01752659 0.4963382 2.869183 -0.003773108 0.2727327 2.856899 -0.1677528 0.4905634 2.806111 -0.4298609 0.3778104 2.671342 -0.6207317 0.5024788 2.464916 0.1326996 0.502113 2.932256 0.2149561 0.1510123 2.858317 0.2695074 0.01963432 2.603556 -0.08540156 0.04546069 2.804567 -0.2017983 -0.3851535 2.755941 -0.2528504 -0.7968126 2.748831 0.1053623 0.05279382 2.88466 0.1420735 -0.379725 2.770736 0.213991 -0.7777746 2.772602 
