0.03143809 0.6943738 3.056246 0.03614197 0.4726118 3.066138 0.04503727 0.2514003 3.063764 -0.1180466 0.4669797 3.013192 -0.3545773 0.4654417 2.841431 -0.4247847 0.6663683 2.677439 0.1903306 0.4782438 3.119084 0.2820569 0.1608172 3.158531 0.2928111 -0.05534891 2.944576 -0.04246204 0.02666783 3.02829 -0.1068153 -0.408409 3.077373 -0.2147602 -0.8412469 3.005096 0.1503272 0.03370985 3.094491 0.2080133 -0.3950455 3.000527 0.3014228 -0.8011167 2.953543 
0.03114347 0.694411 3.056466 0.03862965 0.4724102 3.064247 0.04812783 0.2512244 3.061494 -0.1115482 0.4667513 3.000783 -0.2903834 0.5230983 2.804374 -0.2706926 0.7679786 2.679669 0.1888075 0.4780691 3.127712 0.2735231 0.1489656 3.16715 0.2844862 -0.05024793 2.943611 -0.03634073 0.02649774 3.01903 -0.1042226 -0.4061074 3.083568 -0.2072917 -0.8397076 3.005603 0.1515928 0.03357935 3.09845 0.2095041 -0.3939385 2.998816 0.3036082 -0.7996722 2.95379 
0.03594275 0.6914837 3.055655 0.0425677 0.4711843 3.063195 0.05174153 0.2499798 3.060681 -0.105795 0.4658012 2.995456 -0.2336937 0.5360525 2.773681 -0.1637468 0.7892595 2.694183 0.1909304 0.4765673 3.130935 0.2587577 0.1429786 3.167072 0.2836481 -0.05411478 2.944775 -0.03186186 0.02540909 3.015807 -0.1048433 -0.4062986 3.081241 -0.2070545 -0.8381383 3.011385 0.1536926 0.03214157 3.100527 0.209422 -0.3965464 3.004751 0.3081269 -0.8046294 2.950406 
0.06653014 0.6591762 3.090636 0.06388487 0.4437709 3.078374 0.06136061 0.2238577 3.061087 -0.07421997 0.4519236 2.994824 -0.1658164 0.5347395 2.742992 -0.0351604 0.767709 2.704138 0.2019897 0.4356182 3.161924 0.2501992 0.1408605 3.1651 0.2845726 -0.05788274 2.947935 -0.02744768 0.00903804 2.991601 -0.1065554 -0.4197376 3.06112 -0.2061329 -0.8516988 2.994637 0.1451204 -0.001149155 3.096 0.2015675 -0.4193344 2.994635 0.2982525 -0.8249209 2.950349 
0.09136714 0.6361126 3.115109 0.07996383 0.4240894 3.089309 0.06818388 0.2058362 3.060269 -0.05731975 0.4427122 3.005036 -0.1163089 0.5193092 2.739313 0.05006389 0.7317592 2.698842 0.2172474 0.4054665 3.173582 0.2436026 0.129498 3.16209 0.2853186 -0.06179675 2.949931 -0.02888247 -0.0008477173 2.978874 -0.1195613 -0.4242444 3.065836 -0.2114774 -0.8453043 3.004765 0.1416903 -0.02398633 3.083582 0.2113871 -0.4447402 2.982869 0.3054006 -0.8239821 2.938734 
0.06161223 0.6633058 3.085174 0.08698413 0.3988993 3.101633 0.06521867 0.184044 3.058387 -0.04324457 0.4304047 3.010649 -0.04412293 0.4669972 2.745158 0.1692456 0.6213664 2.683808 0.2172128 0.3673939 3.192617 0.2407132 0.1209545 3.184353 0.2886429 -0.05095717 2.971602 -0.03801218 -0.01110291 2.958226 -0.133315 -0.4323286 3.052946 -0.2181359 -0.8450849 2.997428 0.1249186 -0.05051978 3.072057 0.2021639 -0.4753898 2.98679 0.2920261 -0.8304926 2.936862 
0.03670181 0.684186 3.064763 0.05255508 0.4526487 3.067483 0.0579007 0.2333418 3.051274 -0.07432899 0.4569947 2.966836 0.01087226 0.3888313 2.760817 0.2700683 0.4398507 2.69456 0.1794391 0.4483027 3.16813 0.2412581 0.1131843 3.186466 0.2894738 -0.06059253 2.971109 -0.01751751 0.01680122 2.971001 -0.120865 -0.3982459 3.091825 -0.1977184 -0.8264714 3.021933 0.1440102 0.01126866 3.099129 0.2211529 -0.4323005 3.027685 0.3119183 -0.7953888 2.952661 
0.03063825 0.6891059 3.072355 0.04301677 0.4657997 3.066392 0.05425377 0.2454968 3.053722 -0.08064738 0.4655948 2.960274 0.03892576 0.3232252 2.775991 0.3051399 0.2966007 2.69681 0.1666809 0.4660045 3.17251 0.2385208 0.131021 3.186151 0.2900557 -0.06360135 2.981519 -0.01211858 0.02506529 2.974455 -0.1300495 -0.3919675 3.065214 -0.2050125 -0.8289679 3.017041 0.1431001 0.02532243 3.10765 0.2059932 -0.4057481 3.013185 0.307715 -0.8015763 2.940789 
0.02377382 0.6872264 3.066074 0.03606837 0.4647053 3.063851 0.04850349 0.2440776 3.055403 -0.09156079 0.4613926 2.962494 0.02506001 0.2835856 2.786956 0.283454 0.2136776 2.704503 0.1636975 0.4680181 3.165207 0.2418297 0.1140493 3.204071 0.2894807 -0.0487261 2.989648 -0.01909821 0.02137245 2.983394 -0.1377611 -0.3945272 3.07829 -0.2147141 -0.8356568 3.028477 0.1409754 0.02552733 3.110517 0.2015103 -0.4056466 3.022329 0.3048876 -0.8019391 2.946453 
0.02184332 0.6858743 3.061956 0.03275017 0.463834 3.062545 0.04538343 0.2430072 3.057071 -0.09822533 0.4587463 2.9655 0.01358754 0.2477685 2.803465 0.2599345 0.1482882 2.705582 0.1637257 0.4689216 3.15959 0.2751586 0.100965 3.220815 0.2881629 -0.05305075 2.988839 -0.02399706 0.01899461 2.990831 -0.1373997 -0.4017082 3.067192 -0.2114148 -0.8323913 3.029165 0.1400304 0.0253661 3.112365 0.2036974 -0.403944 3.021044 0.3050434 -0.8007134 2.946725 
0.01579363 0.6887966 3.058901 0.02561541 0.4663019 3.062132 0.03848844 0.2453851 3.058042 -0.1080595 0.460241 2.968773 -0.01868588 0.2023748 2.804727 0.2118496 0.07695481 2.684346 0.1592903 0.4723627 3.15549 0.2872516 0.09246808 3.245552 0.2848411 -0.0442733 2.997993 -0.03228324 0.02067587 2.995534 -0.1410067 -0.4020381 3.068634 -0.2155745 -0.8313458 3.024583 0.1350062 0.02826083 3.112369 0.1969931 -0.401682 3.024691 0.3023992 -0.7993665 2.938935 
0.005877419 0.693344 3.044111 0.01526546 0.4693787 3.056744 0.02841873 0.2484849 3.059746 -0.1300583 0.4597399 2.98423 -0.1251862 0.179726 2.811388 0.04361432 0.01235881 2.634032 0.1605892 0.4790176 3.129258 0.2624933 0.1140085 3.20042 0.2790723 -0.05313231 2.969482 -0.0493307 0.02156186 3.017388 -0.1427127 -0.4052783 3.087415 -0.2165687 -0.8323239 3.030009 0.1324747 0.03362039 3.108106 0.1922975 -0.3974803 3.02625 0.3001527 -0.7942626 2.94696 
0.001763437 0.6920767 3.052918 0.01262741 0.4702491 3.06365 0.02752048 0.2493764 3.064126 -0.13586 0.4600927 2.996819 -0.2103273 0.1754377 2.830601 -0.1289676 0.009209747 2.597067 0.1611148 0.4804056 3.130481 0.2458487 0.1407419 3.176848 0.2665378 -0.05012682 2.963613 -0.05035995 0.02215804 3.022847 -0.1334008 -0.4092806 3.076241 -0.2069584 -0.8312997 3.015785 0.135187 0.03484932 3.106358 0.1925517 -0.39554 3.019391 0.304877 -0.7987363 2.952541 
-0.0004195127 0.6922435 3.049113 0.01073828 0.4714142 3.06351 0.02624893 0.2506232 3.066826 -0.1393717 0.4599206 3.00036 -0.2866098 0.1986277 2.866636 -0.2680896 0.06648651 2.606985 0.1608482 0.4829079 3.126661 0.2349316 0.1424118 3.157459 0.2608768 -0.05036465 2.932124 -0.05213542 0.02264276 3.03064 -0.1347946 -0.4098863 3.076307 -0.21013 -0.8336133 3.012064 0.1356546 0.03702154 3.109643 0.1931293 -0.3909315 3.011899 0.3039636 -0.7992764 2.949747 
-0.0008924456 0.6940823 3.052486 0.01049438 0.4731001 3.066009 0.02593695 0.2522707 3.068703 -0.1420845 0.4617386 3.009321 -0.3253187 0.2403212 2.890321 -0.3498965 0.1254644 2.630948 0.1630732 0.4844615 3.122698 0.2299536 0.1546961 3.15273 0.2582043 -0.04822695 2.933916 -0.05411762 0.02433038 3.035917 -0.1367848 -0.4084453 3.07967 -0.2104564 -0.8318084 3.019736 0.1368767 0.03855237 3.106878 0.1927907 -0.3907162 3.014025 0.3062665 -0.8016814 2.944856 
-0.0006320248 0.6942826 3.054662 0.01159261 0.4735088 3.065964 0.02752842 0.2526963 3.066514 -0.1432241 0.4622109 3.015847 -0.3467068 0.2731911 2.89015 -0.4411414 0.2185769 2.639422 0.1664093 0.4848066 3.11608 0.2274327 0.1603101 3.143358 0.253501 -0.04506181 2.92408 -0.05340645 0.02481465 3.035705 -0.1335588 -0.4089558 3.073752 -0.2070696 -0.8327613 3.015495 0.1403349 0.03895303 3.098422 0.1979387 -0.3890263 3.000727 0.3055502 -0.7967054 2.941873 
0.002726631 0.6917251 3.043057 0.01341433 0.4712791 3.05916 0.02854692 0.2504394 3.062 -0.1430751 0.4599747 3.013966 -0.3891626 0.3412886 2.87554 -0.525399 0.389468 2.640851 0.1699037 0.4825835 3.104353 0.225623 0.1703375 3.142332 0.2528898 -0.03323612 2.917673 -0.05416674 0.02253145 3.036582 -0.1343896 -0.4111383 3.075945 -0.2117099 -0.8359417 3.013722 0.1415258 0.0366678 3.093097 0.2012437 -0.3923769 3.001408 0.3003483 -0.7988978 2.952018 
0.0003907394 0.6924789 3.065401 0.01819702 0.4531871 3.072347 0.03117549 0.2336386 3.051388 -0.1375685 0.448629 3.023638 -0.394906 0.393025 2.851499 -0.5239583 0.53294 2.649265 0.1739625 0.4577452 3.121056 0.226959 0.175644 3.141446 0.2556055 -0.02665152 2.906235 -0.05320764 0.01124095 2.999983 -0.1274004 -0.421656 3.054093 -0.2100982 -0.8509406 2.993371 0.1415156 0.01693901 3.060874 0.2069607 -0.4083152 2.968356 0.3028827 -0.8154624 2.932604 
0.004385417 0.6923414 3.048135 0.01594257 0.4621989 3.061869 0.02853485 0.2419334 3.054544 -0.1383151 0.4551399 3.008952 -0.3796091 0.4371319 2.829679 -0.4725873 0.6296665 2.656848 0.1702002 0.469258 3.114785 0.2432791 0.1676803 3.147302 0.2577724 -0.02524022 2.896403 -0.05573648 0.01723525 3.013991 -0.1303763 -0.4153539 3.078866 -0.2143353 -0.8307074 3.025817 0.1379908 0.02610045 3.080447 0.208795 -0.4093809 2.996636 0.3028017 -0.7981028 2.960735 
