0.07804215 0.7026439 3.055854 0.07545165 0.4855447 3.054014 0.07664002 0.264298 3.046018 -0.07596339 0.4869456 2.992742 -0.3362826 0.4289564 2.893762 -0.4769459 0.5649695 2.65033 0.2268667 0.4841437 3.115285 0.260363 0.1659384 3.137937 0.2718863 -0.02294159 2.887954 -0.01687786 0.04392763 2.999698 -0.1088032 -0.3840303 3.062559 -0.199347 -0.8231983 3.051162 0.1725346 0.04217513 3.076346 0.2052948 -0.392555 2.999774 0.2990759 -0.7867297 2.942489 
0.08208522 0.6991555 3.043831 0.07690624 0.480967 3.04856 0.07565383 0.2596599 3.045826 -0.07346757 0.4826052 2.984815 -0.3126821 0.4940138 2.851357 -0.379846 0.694656 2.638071 0.2272801 0.4793287 3.112304 0.25864 0.1649344 3.139443 0.2729027 -0.02306041 2.885389 -0.01966943 0.03937779 3.003215 -0.1090811 -0.3885741 3.071405 -0.1999272 -0.8334565 3.038627 0.1684723 0.03732805 3.08297 0.2057515 -0.3965597 3.003396 0.297155 -0.7963337 2.949501 
0.08596164 0.6998259 3.03531 0.07817086 0.4803018 3.045144 0.07357171 0.258978 3.045728 -0.06740888 0.4831322 2.971377 -0.2452024 0.5802894 2.79055 -0.2256492 0.8360491 2.62542 0.2237506 0.4774714 3.118912 0.2541261 0.1551979 3.151821 0.2673772 -0.04743167 2.906273 -0.02208588 0.03942461 3.000172 -0.1053603 -0.3903102 3.06621 -0.1998968 -0.8293866 3.02433 0.160031 0.0358839 3.092454 0.2065001 -0.3925607 2.991751 0.2981976 -0.7919994 2.944593 
0.08723218 0.6992908 3.045191 0.08015473 0.4812384 3.047137 0.07407864 0.2600808 3.04177 -0.06007524 0.4871097 2.963967 -0.1711604 0.6180011 2.734331 -0.07883681 0.8915326 2.636028 0.2203847 0.475367 3.130308 0.2465392 0.1564095 3.146256 0.2738219 -0.05049031 2.901294 -0.01976489 0.0425979 2.984347 -0.1048005 -0.3852716 3.059873 -0.1987582 -0.8273086 3.011355 0.15577 0.03524835 3.088457 0.2043551 -0.3930873 2.987741 0.2990942 -0.7979565 2.934827 
0.09293438 0.6975904 3.037978 0.08393032 0.4795836 3.044081 0.07533003 0.2584414 3.042035 -0.05341387 0.4857377 2.956215 -0.113134 0.6275534 2.719625 0.02694997 0.8841971 2.652194 0.2212745 0.4734294 3.131947 0.2402142 0.1536545 3.15108 0.2784864 -0.05911093 2.912393 -0.0191743 0.04114833 2.985032 -0.1021116 -0.3847056 3.072595 -0.1978772 -0.8299775 3.02558 0.1526337 0.03344989 3.094946 0.202418 -0.3963931 3.001485 0.2994222 -0.7975896 2.948758 
0.116808 0.6740993 3.068825 0.1018831 0.459646 3.059914 0.08620892 0.2396221 3.046763 -0.02517456 0.4746616 2.960121 -0.0459718 0.6240786 2.698912 0.137729 0.8540118 2.649834 0.2289407 0.4446304 3.159707 0.231124 0.1576995 3.171869 0.2871477 -0.04444405 2.930752 -0.009386012 0.02904329 2.970842 -0.09364591 -0.3986033 3.047608 -0.1883571 -0.8408396 3.010825 0.1504556 0.01015327 3.096384 0.203666 -0.4186448 2.99987 0.2991217 -0.8152243 2.945594 
0.1274964 0.6563465 3.085139 0.1110654 0.443733 3.067099 0.09377848 0.2243235 3.0464 -0.0124203 0.463278 2.963051 0.003658304 0.6099616 2.691893 0.2117856 0.8197701 2.645871 0.2345511 0.4241881 3.171146 0.2305065 0.1594289 3.183306 0.2895571 -0.0336611 2.936539 -0.0005639877 0.01711 2.960775 -0.09856452 -0.405028 3.049227 -0.191219 -0.8398428 3.014856 0.1535471 -0.007282211 3.090627 0.2137508 -0.4341371 2.989861 0.3036102 -0.8078213 2.936541 
0.0986504 0.6917104 3.063835 0.1072772 0.4583224 3.059312 0.100236 0.2381312 3.045196 -0.008234055 0.4693215 2.945354 0.099746 0.532226 2.6927 0.3468141 0.6779582 2.631405 0.2227884 0.4473233 3.17327 0.2325861 0.157326 3.189732 0.3067892 -0.0333206 2.945846 0.0192273 0.02498322 2.958108 -0.09632784 -0.3868491 3.079639 -0.1824563 -0.8148975 3.023627 0.1671622 0.01089673 3.104053 0.2326482 -0.4247521 2.992629 0.3130433 -0.7774425 2.956072 
0.09180119 0.700219 3.05702 0.09817959 0.4797561 3.058546 0.1002389 0.2587216 3.057193 -0.0005372617 0.4796244 2.929752 0.1398083 0.4516478 2.706106 0.4050515 0.5166024 2.629342 0.1968964 0.4798878 3.187339 0.2387781 0.151433 3.184434 0.3085779 -0.03538316 2.936332 0.03997535 0.03760402 2.97453 -0.1065323 -0.3692951 3.068487 -0.1924207 -0.8205237 3.02985 0.1646211 0.03777028 3.137151 0.1992647 -0.3853858 3.004031 0.2915924 -0.7863604 2.962387 
0.08401152 0.6981063 3.036889 0.09338262 0.4794925 3.043242 0.09962888 0.2584471 3.050412 -0.008524428 0.4724928 2.916228 0.1494889 0.3626724 2.732238 0.4155554 0.3555362 2.632154 0.1952897 0.4864922 3.170257 0.2388501 0.1711394 3.193097 0.2814662 -0.03235318 2.954174 0.04210732 0.03302162 2.978103 -0.1109094 -0.3750941 3.055176 -0.1918838 -0.8285339 3.029418 0.169643 0.04178165 3.137061 0.2061704 -0.3696534 2.976948 0.3074532 -0.7911452 2.943762 
0.08429958 0.6954417 3.034912 0.09261905 0.4756925 3.039999 0.1000567 0.2545758 3.046062 -0.01743293 0.4687063 2.920213 0.1332131 0.2903733 2.744571 0.3861772 0.24054 2.626984 0.202671 0.4826786 3.159784 0.2373284 0.1764914 3.206381 0.2630217 -0.02689792 2.965005 0.03851604 0.02908047 2.977045 -0.1149842 -0.37782 3.059747 -0.1961492 -0.8285233 3.022938 0.1764726 0.03783808 3.127203 0.205206 -0.372298 2.962726 0.3088782 -0.7934704 2.93586 
0.08095961 0.695631 3.035387 0.08933333 0.4730109 3.039029 0.09608714 0.2517894 3.042635 -0.03072185 0.4675642 2.929748 0.09051605 0.2207228 2.7678 0.3190657 0.126369 2.631294 0.2093885 0.4784576 3.14831 0.3284721 0.1713182 3.289679 0.2491194 0.06076155 3.040016 0.02753232 0.02715128 2.977691 -0.1235699 -0.3813298 3.057221 -0.203847 -0.8267004 3.028042 0.1781496 0.03398453 3.114792 0.2047036 -0.3822432 2.967081 0.3028617 -0.7931312 2.933127 
0.07870397 0.6908714 3.032896 0.07859296 0.4689491 3.033786 0.07837807 0.2476324 3.031295 -0.05770665 0.4700727 2.945694 0.01001793 0.1501737 2.791582 0.1693898 -0.004834381 2.610627 0.2148926 0.4678256 3.121877 0.2933996 0.1778383 3.209926 0.1329609 0.075874 2.970398 -0.00705653 0.02701807 2.973727 -0.1250881 -0.3873832 3.071707 -0.208813 -0.8287457 3.028055 0.1633829 0.0256131 3.083883 0.2081173 -0.3990213 2.970221 0.2986101 -0.7924772 2.93251 
0.07863946 0.6912517 3.031861 0.07873166 0.4699906 3.035305 0.07907697 0.2486337 3.032884 -0.06318114 0.4706348 2.956171 -0.06447513 0.1475935 2.802743 0.05523794 -0.03188336 2.609766 0.2206445 0.4693465 3.114439 0.2779611 0.2008864 3.20651 0.1224878 0.1127044 2.978727 -0.009247591 0.02767915 2.981018 -0.1152006 -0.3904852 3.07812 -0.1996692 -0.8289302 3.033526 0.1680921 0.02687425 3.079907 0.2196561 -0.3996685 2.975342 0.304824 -0.7907748 2.936889 
0.0726089 0.6937361 3.031227 0.07705131 0.4729867 3.037065 0.08262125 0.2517434 3.037261 -0.06861062 0.4692555 2.964713 -0.1301725 0.1643099 2.826227 -0.06293521 -0.01592851 2.609239 0.2227133 0.4767179 3.109417 0.2857006 0.2102949 3.203675 0.1191247 0.124134 2.98308 -0.002816388 0.02816896 2.992252 -0.1064678 -0.3915498 3.086495 -0.1912198 -0.8298014 3.034894 0.1791987 0.0328314 3.082661 0.2301598 -0.3962481 2.98776 0.3100725 -0.7845646 2.94468 
0.06848848 0.6957521 3.031516 0.07427622 0.4750782 3.03915 0.08116322 0.2538368 3.040731 -0.07383258 0.4699835 2.971429 -0.1845614 0.1926487 2.862583 -0.1897116 0.03560419 2.625324 0.222385 0.4801728 3.10687 0.2979417 0.1907773 3.187952 0.09860525 0.08733613 2.967598 -0.004454172 0.02941336 3.000016 -0.1161506 -0.3901645 3.085311 -0.1989604 -0.8263907 3.032737 0.1805546 0.03577733 3.084609 0.2143985 -0.3932585 2.98289 0.3002183 -0.7868264 2.947522 
0.06548316 0.6964421 3.031681 0.07129925 0.4763573 3.039364 0.0784108 0.2550919 3.040514 -0.07908788 0.4711972 2.976544 -0.2327873 0.2273298 2.885285 -0.3042684 0.1122894 2.642181 0.2216864 0.4815172 3.102184 0.3016604 0.1982267 3.181076 0.09578057 0.08516895 2.97005 -0.008477158 0.03060126 3.002398 -0.116587 -0.3912999 3.081109 -0.2036157 -0.82763 3.028922 0.1795218 0.03705177 3.080929 0.2077505 -0.3921586 2.977128 0.2987871 -0.7911112 2.939098 
0.06895918 0.6986229 3.043786 0.0720908 0.4773576 3.04358 0.07767909 0.2562044 3.038069 -0.07993378 0.4749897 2.984437 -0.274961 0.2627127 2.88613 -0.3992429 0.2130789 2.647686 0.2241154 0.4797254 3.102723 0.3083965 0.2109997 3.212916 0.1190989 0.09367904 2.988826 -0.01178295 0.03357073 2.995581 -0.1149356 -0.390199 3.071281 -0.2045933 -0.8269353 3.015953 0.1783177 0.0365316 3.069536 0.2079776 -0.3936333 2.969512 0.2982117 -0.7942162 2.931003 
0.07301875 0.7000867 3.036608 0.07346324 0.4794009 3.04108 0.07744153 0.2580968 3.037254 -0.08055565 0.4775687 2.986919 -0.3152467 0.3159078 2.890073 -0.4714529 0.3784116 2.661192 0.2274821 0.4812331 3.095243 0.3130006 0.2205022 3.229305 0.1319949 0.1119943 2.99282 -0.01487212 0.03564709 2.999565 -0.1104435 -0.3902512 3.073225 -0.1990049 -0.8284842 3.0287 0.1777117 0.03793811 3.067288 0.2154876 -0.3953166 2.985097 0.3017773 -0.7888265 2.940207 
0.07573208 0.7049204 3.034228 0.07487879 0.4846915 3.040757 0.07849963 0.2633519 3.037643 -0.07830568 0.4829813 2.9842 -0.3206252 0.3589584 2.875525 -0.470465 0.4768415 2.664244 0.2280633 0.4864017 3.097315 0.3160018 0.2243896 3.253053 0.1462115 0.1209518 3.006327 -0.01368561 0.04094281 2.999156 -0.1056867 -0.3859717 3.071865 -0.2001661 -0.8238204 3.025811 0.1779266 0.04308203 3.069901 0.2123706 -0.3904532 2.987182 0.2994961 -0.7858127 2.945491 
