0.07717249 0.6874079 3.006736 0.0696129 0.4695705 3.030069 0.06658351 0.2485305 3.042119 -0.08705905 0.4692012 2.983907 -0.3617444 0.4134814 2.908567 -0.5299529 0.5615588 2.726079 0.2262848 0.4699399 3.076232 0.2262841 0.1804003 3.076232 0.2262898 -0.1091389 3.076232 -0.03444004 0.02725954 3.025295 -0.1193694 -0.4040269 3.078372 -0.2021861 -0.8266494 3.029146 0.1615483 0.02772157 3.083042 0.21351 -0.4025162 2.992626 0.2975431 -0.7915119 2.94089 
0.07699955 0.6864159 3.010591 0.06954669 0.4691333 3.031099 0.0673145 0.2479707 3.041106 -0.08614483 0.4684697 2.981704 -0.3524244 0.4726112 2.867893 -0.4538592 0.6788551 2.692461 0.2252382 0.469797 3.080494 0.2507341 0.2808701 3.122105 0.2586026 0.0329623 3.126409 -0.03230954 0.02639285 3.020214 -0.1144195 -0.405331 3.074429 -0.1972809 -0.831199 3.022883 0.1624742 0.02722318 3.082012 0.2132411 -0.4046131 2.998523 0.2999327 -0.7928546 2.943453 
0.0793236 0.6827245 3.020724 0.07184438 0.4655349 3.035245 0.06950492 0.2442562 3.040871 -0.08105488 0.4657038 2.978317 -0.3216009 0.5127298 2.836438 -0.3757012 0.7423683 2.674575 0.2247436 0.4653659 3.092173 0.2622982 0.3156919 3.14426 0.2757847 0.05441543 3.168871 -0.0285872 0.02308344 3.010847 -0.1124072 -0.4070524 3.07375 -0.1941522 -0.8338938 3.016725 0.1629181 0.02287176 3.082149 0.212696 -0.409597 3.001235 0.30308 -0.8009672 2.945229 
0.07748708 0.6823882 3.022082 0.07257611 0.4653637 3.037676 0.07142946 0.2440938 3.043754 -0.07762501 0.4643856 2.973726 -0.2669163 0.56344 2.787868 -0.2307296 0.8161013 2.648952 0.2227772 0.4663419 3.101626 0.3003555 0.210804 3.213498 0.3294054 -0.06009515 3.311492 -0.02361843 0.02221243 3.009851 -0.1147334 -0.4060578 3.07508 -0.1936099 -0.8300825 3.026225 0.164184 0.02343545 3.089811 0.2201085 -0.4042138 2.990314 0.3016365 -0.7957988 2.945315 
0.08074534 0.6800947 3.030171 0.0778263 0.4634323 3.043389 0.07754662 0.242098 3.048623 -0.06698711 0.4618402 2.96833 -0.1927235 0.584102 2.731479 -0.08740336 0.8360062 2.627976 0.2226397 0.4650245 3.118448 0.2872931 0.20199 3.220751 0.3397617 -0.03743532 3.374879 -0.01338942 0.01976701 3.006869 -0.1137221 -0.407168 3.067315 -0.1892498 -0.8318101 3.028997 0.1679233 0.02176045 3.100846 0.2161108 -0.4043027 2.991505 0.299226 -0.7905205 2.948804 
0.08317062 0.675726 3.029488 0.08003974 0.4597415 3.044825 0.07868826 0.2384735 3.05211 -0.06170548 0.4579502 2.96413 -0.1354011 0.5745838 2.715217 0.007280121 0.8096848 2.624144 0.221785 0.4615329 3.12552 0.2695078 0.1902501 3.214746 0.347157 -0.001446762 3.417369 -0.01133011 0.01608498 3.008918 -0.1231352 -0.4080953 3.067852 -0.1941699 -0.8342072 3.03281 0.1660036 0.0183261 3.109874 0.2096199 -0.40697 2.995318 0.2993825 -0.7996022 2.950365 
0.06947228 0.6854441 3.030313 0.07448772 0.4689551 3.046572 0.08031411 0.247933 3.055493 -0.06367838 0.4618325 2.960345 -0.06025433 0.5517642 2.701281 0.1237567 0.7561274 2.627236 0.2126538 0.4760777 3.1328 0.2621561 0.2085907 3.231963 0.3476169 0.00689357 3.421298 -0.0003365736 0.02245282 3.010445 -0.1218249 -0.4000293 3.061294 -0.1850472 -0.8223724 3.029948 0.1726176 0.03136877 3.118383 0.2173363 -0.3928633 3.000025 0.3077698 -0.7865618 2.951683 
0.06083587 0.6857793 3.031131 0.07422984 0.470514 3.049442 0.08821938 0.2500364 3.061857 -0.05531321 0.4567825 2.951562 0.02509681 0.4944179 2.692263 0.2657392 0.6354777 2.642193 0.2037729 0.4842455 3.147321 0.2453651 0.2116823 3.23571 0.3181905 -0.01494638 3.40054 0.02112211 0.02096365 3.013005 -0.1271318 -0.3936638 3.05546 -0.1824445 -0.8203423 3.032198 0.1832958 0.03815395 3.13554 0.2086123 -0.3847096 3.007307 0.3132547 -0.7931319 2.953146 
0.05679458 0.6873733 3.030505 0.06919051 0.4749944 3.049922 0.08360329 0.2545972 3.064259 -0.0480568 0.4601054 2.938902 0.06592384 0.4437533 2.702659 0.3265703 0.5373351 2.646376 0.1864378 0.4898834 3.160942 0.2177659 0.2112779 3.233266 0.2816105 -0.02684558 3.385102 0.02431781 0.02484116 3.008811 -0.1426977 -0.3825063 3.049578 -0.1931643 -0.8242483 3.026003 0.1717143 0.04355873 3.148379 0.1861748 -0.3802081 3.02154 0.2910882 -0.7911483 2.955676 
0.05604465 0.6821576 3.028589 0.06700449 0.4691867 3.046254 0.07885224 0.2486942 3.061776 -0.04616105 0.454945 2.93032 0.09692092 0.3844085 2.728293 0.3605228 0.4159132 2.647651 0.18017 0.4834284 3.162189 0.2039294 0.2009152 3.220967 0.2599091 -0.04667473 3.360246 0.02012067 0.01931937 3.004991 -0.154139 -0.3853637 3.04494 -0.1991106 -0.8315907 3.032448 0.1612793 0.03708395 3.149603 0.1765344 -0.3852172 3.017747 0.2968475 -0.8077346 2.935935 
0.05148017 0.6773514 3.042095 0.06458999 0.461622 3.050696 0.07579727 0.2408593 3.062519 -0.04333609 0.4496259 2.929006 0.1210298 0.2900875 2.750564 0.3779346 0.2571003 2.640664 0.1725161 0.4736181 3.172386 0.1864681 0.186969 3.210736 0.2295819 -0.07475428 3.326819 0.01955452 0.01259938 2.99829 -0.1547815 -0.3919431 3.042329 -0.1942323 -0.8249656 3.034179 0.1544546 0.02759367 3.150394 0.1785685 -0.3901797 3.006027 0.3014269 -0.8027446 2.944889 
0.04723195 0.6763099 3.03704 0.05785091 0.459081 3.046735 0.06878155 0.238292 3.058775 -0.0535408 0.4470972 2.928112 0.1040179 0.2365401 2.765787 0.3520698 0.1656278 2.654837 0.1692426 0.4710647 3.165358 0.1800365 0.183377 3.196218 0.2179238 -0.08354474 3.301814 0.01006304 0.01000993 2.996645 -0.1648809 -0.3931273 3.049838 -0.2032867 -0.8259653 3.036392 0.1493614 0.02499596 3.144986 0.1776625 -0.3920579 2.999141 0.300423 -0.8017635 2.941713 
0.04271411 0.6777827 3.033388 0.05135129 0.4583445 3.043507 0.06274454 0.2374524 3.052834 -0.06735127 0.447532 2.932436 0.05742575 0.1803175 2.772872 0.2679552 0.0784387 2.623782 0.1700539 0.4691571 3.154577 0.1784504 0.1808036 3.179373 0.2117816 -0.09035859 3.275254 -0.0002248936 0.009786637 2.99258 -0.1658004 -0.3966741 3.049879 -0.2051901 -0.8224138 3.028947 0.1485004 0.02333397 3.131743 0.1833897 -0.3984358 3.002955 0.3063949 -0.8082424 2.923316 
0.04232184 0.6792529 3.031766 0.04825874 0.4586781 3.04381 0.05819628 0.2376432 3.051585 -0.08596206 0.4494345 2.952583 -0.06464092 0.1483233 2.791471 0.0880804 -0.003304504 2.612892 0.1824796 0.4679216 3.135037 0.2007626 0.1770155 3.186462 0.2391074 -0.04846582 3.177246 -0.01583156 0.01082568 3.002291 -0.1592546 -0.4033379 3.063307 -0.1993517 -0.8235272 3.037863 0.1520992 0.02239081 3.116431 0.1966382 -0.4044022 3.008531 0.3089955 -0.7956134 2.936587 
0.04122895 0.6776884 3.018347 0.04567983 0.4587489 3.040599 0.0542901 0.2380751 3.054892 -0.09424144 0.4479704 2.958478 -0.1355743 0.1430244 2.793237 -0.04431838 -0.01951045 2.581948 0.1856011 0.4695273 3.122719 0.2098293 0.1687966 3.178235 0.2474732 -0.07427074 3.113505 -0.02459976 0.010661 3.01783 -0.163208 -0.4063111 3.070574 -0.2053363 -0.8275584 3.045105 0.1504005 0.02414168 3.120539 0.1916175 -0.4029634 3.011879 0.30212 -0.795824 2.947427 
0.03452614 0.6827613 3.021729 0.03848909 0.4630138 3.042343 0.04634553 0.2421208 3.053789 -0.1072834 0.4540772 2.969938 -0.2447127 0.1910502 2.862539 -0.2487038 0.03196988 2.617217 0.1842616 0.4719504 3.114748 0.2238289 0.1588909 3.16855 0.2503231 -0.07637999 3.01648 -0.03692369 0.0156413 3.019973 -0.1570571 -0.4077611 3.06619 -0.2034704 -0.8236167 3.022662 0.1453276 0.02681424 3.110497 0.1959107 -0.3974986 2.994762 0.302563 -0.7948603 2.930982 
0.03107482 0.6876091 3.028821 0.03550996 0.467491 3.044699 0.04397563 0.2463725 3.051002 -0.1158311 0.4599813 2.984519 -0.3105022 0.2415604 2.895872 -0.3910211 0.1098977 2.653228 0.1868511 0.4750007 3.104878 0.239335 0.1606252 3.149937 0.2311182 -0.0170146 2.927961 -0.04225523 0.02055502 3.01965 -0.1523884 -0.4055616 3.067408 -0.2035099 -0.8274119 3.026819 0.1471378 0.02995291 3.09496 0.1975486 -0.3965698 2.987583 0.2986751 -0.7877731 2.940941 
0.03137216 0.6900228 3.029842 0.03523854 0.469263 3.046162 0.04372025 0.2480998 3.051441 -0.1172995 0.4620404 2.988659 -0.3382619 0.2687863 2.911443 -0.46765 0.1862751 2.676911 0.1877766 0.4764855 3.103666 0.24016 0.1573052 3.135968 0.2233792 -0.01837801 2.906842 -0.04313513 0.02242261 3.020781 -0.1478017 -0.4051518 3.06803 -0.2019045 -0.8271397 3.02725 0.1475391 0.03145087 3.09266 0.1982053 -0.3959704 2.988863 0.3005952 -0.7882674 2.944388 
0.03850026 0.690753 3.033615 0.03991329 0.4707991 3.048047 0.04653217 0.249531 3.051614 -0.1145735 0.4653298 2.995458 -0.3798182 0.3272075 2.926132 -0.5453115 0.3312561 2.70331 0.1944 0.4762683 3.100636 0.2385437 0.1580648 3.127245 0.2178498 -0.01713142 2.87727 -0.0434529 0.02484288 3.022297 -0.1440626 -0.4043359 3.063846 -0.2013023 -0.8265777 3.028699 0.149755 0.03168291 3.088067 0.1936858 -0.3983362 2.992265 0.2979632 -0.7990512 2.948696 
0.04137276 0.6921735 3.045753 0.04071246 0.4718301 3.053201 0.04513299 0.2505298 3.052237 -0.1144205 0.468953 3.002304 -0.384925 0.3566205 2.911566 -0.5417466 0.4342422 2.703235 0.1958454 0.4747072 3.104098 0.238244 0.1595137 3.128158 0.2161955 -0.01788702 2.867478 -0.04748043 0.02742985 3.019436 -0.144985 -0.402487 3.060942 -0.2046206 -0.8256541 3.024785 0.1465875 0.03102898 3.083108 0.1968251 -0.3994925 2.993031 0.2939503 -0.7947585 2.941095 
