0.006094919 0.6986948 3.043613 0.01910068 0.4763947 3.055949 0.03517795 0.255691 3.055408 -0.1374014 0.4651044 3.01099 -0.3547601 0.3723478 2.862548 -0.4487852 0.5275348 2.661076 0.1756027 0.4876851 3.100908 0.2581437 0.1669761 3.173494 0.3147565 -0.01555559 2.94968 -0.04663712 0.02792516 3.026745 -0.1344046 -0.4014938 3.088614 -0.2138928 -0.837198 3.032078 0.1491476 0.04204942 3.082989 0.1937699 -0.3917015 3.005945 0.2997932 -0.8038714 2.945281 
0.01120546 0.6959836 3.046778 0.02190817 0.4752041 3.057059 0.03671641 0.2543447 3.05577 -0.1312465 0.4652589 3.0016 -0.3321597 0.4340749 2.816113 -0.3546702 0.6600809 2.65111 0.1750629 0.4851494 3.112519 0.2593084 0.1627581 3.170866 0.3150002 -0.01642198 2.943884 -0.04427271 0.02726466 3.019792 -0.1264694 -0.4039931 3.076059 -0.2122694 -0.8348275 3.013779 0.147322 0.03970601 3.089171 0.1956524 -0.3907806 2.997792 0.3013963 -0.8018211 2.944604 
0.01133583 0.6987945 3.051313 0.02220397 0.4793146 3.058321 0.03661082 0.2584384 3.054795 -0.1297109 0.4703484 2.999279 -0.2915494 0.460023 2.795048 -0.2765586 0.6985957 2.649331 0.1741189 0.4882809 3.117362 0.254677 0.1598962 3.172438 0.3133348 -0.01479011 2.94287 -0.04398275 0.03195508 3.014346 -0.1248844 -0.3992569 3.073514 -0.2108908 -0.8333495 3.015748 0.1460181 0.04316923 3.08819 0.1958619 -0.3878331 2.999931 0.3043435 -0.7996965 2.94204 
0.01982885 0.6917709 3.056712 0.03067184 0.4724529 3.06139 0.043922 0.2515098 3.056316 -0.1187964 0.4649881 2.996114 -0.2181172 0.4907497 2.75625 -0.1285082 0.7309131 2.642846 0.1801401 0.4799177 3.126665 0.2556808 0.1552308 3.183365 0.3134561 -0.01433913 2.944232 -0.03632475 0.0258972 3.01041 -0.1257602 -0.4022872 3.07863 -0.2008999 -0.8414223 3.020874 0.1506691 0.0352361 3.092073 0.2056562 -0.3940107 2.998396 0.3066595 -0.8023069 2.94415 
0.04310464 0.6536299 3.089449 0.05053867 0.4399899 3.07219 0.05861428 0.2198838 3.05175 -0.09528059 0.4414362 2.998999 -0.1468447 0.4793643 2.723214 -0.002690582 0.69038 2.605203 0.1963579 0.4385436 3.14538 0.2595367 0.1586459 3.195881 0.3139272 -0.013438 2.960374 -0.02446366 0.0006818543 2.985559 -0.1367382 -0.4189001 3.068078 -0.2062326 -0.8459705 3.017115 0.1578434 -0.001126373 3.077064 0.2095414 -0.431776 2.988109 0.3038267 -0.8137238 2.937433 
0.02685232 0.6772275 3.072343 0.06715495 0.4254748 3.08151 0.06348857 0.2060295 3.056159 -0.07369892 0.4371386 3.000915 -0.1007815 0.4522352 2.711786 0.08459511 0.6292385 2.599148 0.2080088 0.413811 3.162105 0.2584391 0.1568376 3.212563 0.3208736 -0.0203387 2.980784 -0.02853644 -0.006098907 2.98025 -0.144803 -0.4210414 3.079136 -0.2145896 -0.8419049 3.016369 0.1481808 -0.02073245 3.081366 0.2021026 -0.451261 2.993039 0.2944625 -0.8216599 2.951097 
0.02057935 0.6882527 3.06605 0.04963696 0.4537489 3.073317 0.05972254 0.2339861 3.062507 -0.08483457 0.4520254 2.982894 -0.06129459 0.4047282 2.712732 0.1490113 0.5289651 2.584912 0.1841085 0.4554724 3.163739 0.2551684 0.1477103 3.209841 0.3188671 -0.02249747 2.9707 -0.01715134 0.01310872 2.993222 -0.1360311 -0.4035679 3.102953 -0.20338 -0.8191353 3.031249 0.1567676 0.01533781 3.11017 0.2207956 -0.4371308 3.008382 0.3062386 -0.7884429 2.963002 
0.01715192 0.690567 3.06158 0.04318869 0.4651885 3.068468 0.06145216 0.2454337 3.065921 -0.08848654 0.4553415 2.973872 -0.03923617 0.3464074 2.729478 0.17911 0.4154916 2.572968 0.1748639 0.4750354 3.163064 0.2459788 0.1512886 3.208072 0.3231578 -0.02768246 2.974355 -0.004003296 0.01941837 3.003229 -0.1340251 -0.3931408 3.106422 -0.1994294 -0.8277597 3.029287 0.1634345 0.03193967 3.123517 0.2163702 -0.4047503 3.007093 0.3116427 -0.7986587 2.955906 
0.01461516 0.6927209 3.059198 0.03607167 0.4691665 3.065051 0.05332648 0.2488893 3.065257 -0.09545936 0.458774 2.969518 -0.02012007 0.2877098 2.748726 0.1913762 0.2878337 2.572755 0.1676027 0.4795589 3.160584 0.2559822 0.1396411 3.197031 0.3264578 -0.02666132 2.970672 -0.01231873 0.02206198 3.005251 -0.1552432 -0.3894394 3.085779 -0.2184322 -0.832928 3.027503 0.1534813 0.03516208 3.125674 0.192627 -0.3941729 3.001537 0.2990571 -0.8073475 2.943332 
0.01324612 0.6920046 3.058493 0.0327357 0.4705287 3.064964 0.0512139 0.2501334 3.066559 -0.1004895 0.4586833 2.971621 -0.03655055 0.2283511 2.765351 0.1629516 0.168746 2.584942 0.1659609 0.482374 3.158307 0.2497875 0.1511765 3.218569 0.331016 -0.01332629 2.994823 -0.01397117 0.02229952 3.009536 -0.1479244 -0.3935778 3.080867 -0.2101521 -0.8355455 3.031564 0.1533554 0.03717688 3.126772 0.1961232 -0.3890355 3.003594 0.3083296 -0.8052758 2.940664 
0.01014267 0.6931782 3.058989 0.02962605 0.4729071 3.065981 0.05098975 0.2526132 3.06804 -0.1060303 0.458912 2.976199 -0.09415136 0.1715878 2.782835 0.07548335 0.03319145 2.584945 0.1652824 0.4869021 3.155762 0.2264448 0.1692906 3.217623 0.3327985 -0.006311417 3.010026 -0.01257791 0.02355734 3.013889 -0.1413066 -0.3954018 3.076274 -0.2085486 -0.8351517 3.022882 0.1572848 0.04108127 3.126309 0.1994286 -0.3820465 3.000154 0.3072518 -0.7969355 2.947026 
0.009709542 0.6928365 3.057903 0.02922319 0.4730359 3.066448 0.05085017 0.2527535 3.069965 -0.1073735 0.4582156 2.978178 -0.1360721 0.1667854 2.811415 -0.004824447 0.01048972 2.590334 0.1658199 0.4878561 3.154719 0.2297321 0.1616538 3.203796 0.3304866 -0.01546399 2.986495 -0.01300605 0.02319656 3.018242 -0.1447049 -0.3948758 3.080717 -0.2087356 -0.8332081 3.024164 0.1579604 0.04174583 3.128723 0.1957385 -0.3848572 3.015619 0.310238 -0.8059941 2.939236 
0.009474638 0.6946673 3.05637 0.02633587 0.4745912 3.066448 0.0463922 0.2541557 3.071181 -0.1145733 0.4600271 2.985251 -0.2120068 0.1644347 2.836374 -0.1655335 -0.01358348 2.595707 0.167245 0.4891553 3.147644 0.2326994 0.1699268 3.205954 0.3240232 -0.01788484 2.995675 -0.02169959 0.02460934 3.02512 -0.1453245 -0.3971155 3.078586 -0.2117089 -0.8309952 3.026768 0.1545967 0.04283098 3.126708 0.1859682 -0.3834244 3.010897 0.3049204 -0.8016268 2.942365 
0.0140982 0.6979672 3.058561 0.02586583 0.4773494 3.06717 0.04197472 0.2565781 3.069668 -0.1195655 0.4659123 2.994233 -0.2688055 0.1956227 2.88718 -0.2979734 0.03442044 2.626849 0.1712972 0.4887865 3.140106 0.2361281 0.1629607 3.194815 0.3235135 -0.02086993 2.982699 -0.03301543 0.02864265 3.026478 -0.1482778 -0.3957538 3.077839 -0.2179997 -0.8328992 3.021265 0.1491826 0.04297116 3.117854 0.1790741 -0.3806108 2.992458 0.2998977 -0.8043192 2.932498 
0.01287257 0.6974822 3.057202 0.02475118 0.4772747 3.066987 0.04098207 0.2565004 3.070046 -0.1229621 0.4654692 2.998732 -0.2948931 0.2258063 2.901587 -0.381619 0.09136829 2.647932 0.1724644 0.4890803 3.135242 0.2350721 0.1674859 3.192905 0.3133654 -0.02377754 2.976089 -0.03515892 0.02834357 3.030423 -0.1404065 -0.3986019 3.081398 -0.2114221 -0.8354172 3.021859 0.1495848 0.04310871 3.115789 0.1878834 -0.3829937 3.002605 0.3056879 -0.8020349 2.943246 
0.0149552 0.698612 3.056656 0.02201524 0.4777385 3.065048 0.03376467 0.2567106 3.06549 -0.1293639 0.4695717 3.005284 -0.3255124 0.2554111 2.909414 -0.4657819 0.1670143 2.669086 0.1733944 0.4859053 3.124811 0.2344638 0.1752272 3.19659 0.3083982 -0.008991882 2.965849 -0.04929165 0.03056796 3.028504 -0.1520292 -0.3974518 3.07594 -0.2231897 -0.8313311 3.020586 0.1403199 0.04079738 3.103362 0.1805895 -0.3868689 2.996592 0.2957777 -0.8049015 2.934686 
0.01634034 0.7 3.056282 0.0211708 0.4796063 3.063792 0.03031617 0.2584415 3.062799 -0.1316629 0.473541 3.007134 -0.3552668 0.292708 2.910234 -0.5340696 0.2690984 2.679578 0.1740045 0.4856716 3.12045 0.2367202 0.174109 3.188325 0.3023023 -0.01043739 2.943232 -0.0560489 0.03348622 3.026398 -0.1449591 -0.3970916 3.076808 -0.2148419 -0.8313552 3.01946 0.134972 0.04106708 3.097212 0.1919081 -0.3874884 3.004287 0.2978678 -0.8010216 2.943336 
0.01788812 0.698314 3.057589 0.02148115 0.4782866 3.063296 0.03016455 0.2570923 3.060837 -0.1317181 0.4728961 3.0072 -0.372632 0.3363642 2.903146 -0.5588074 0.3858749 2.683926 0.1746805 0.4836771 3.119393 0.2358667 0.1780426 3.187677 0.3048349 -0.002338745 2.935663 -0.05690932 0.03252864 3.023314 -0.1384208 -0.3993298 3.075868 -0.2102429 -0.8360844 3.021226 0.1346052 0.03926729 3.093441 0.1978539 -0.389381 3.003861 0.3036036 -0.8004532 2.944886 
0.02510439 0.6996617 3.057759 0.0258244 0.4778586 3.064162 0.0313212 0.2565464 3.062436 -0.1255125 0.4745775 3.002938 -0.3804131 0.3851098 2.888506 -0.547421 0.5360469 2.683067 0.1771613 0.4811399 3.125388 0.2342083 0.1792409 3.178147 0.3053915 0.003931869 2.931925 -0.05784781 0.03318161 3.022411 -0.1378708 -0.3987702 3.07771 -0.2101313 -0.8339524 3.025855 0.1314838 0.03728664 3.099008 0.2012156 -0.3912862 3.012719 0.3017015 -0.8007526 2.948754 
0.02682441 0.698318 3.058331 0.02646676 0.4766189 3.06478 0.03163712 0.2552897 3.062743 -0.1250841 0.4736385 3.003966 -0.3736948 0.4150784 2.86181 -0.4976782 0.6122491 2.669076 0.1780177 0.4795994 3.125596 0.2341428 0.1760968 3.179565 0.3006578 -0.005254852 2.940653 -0.05796905 0.03209647 3.022673 -0.1362249 -0.4005193 3.075382 -0.2095494 -0.8345869 3.02469 0.131584 0.03582427 3.098737 0.2071247 -0.3898287 3.003696 0.3023633 -0.8011816 2.946088 
