0.08097073 0.6978201 3.033587 0.07957172 0.4795988 3.038102 0.08237801 0.2582364 3.035956 -0.07414979 0.4781848 2.982928 -0.3361762 0.476967 2.853786 -0.4614882 0.6773822 2.677681 0.2332932 0.4810127 3.093276 0.2824982 0.1515559 3.141448 0.245588 -0.05589674 2.902881 -0.01096837 0.03598965 2.999298 -0.1001122 -0.3905092 3.073396 -0.2113257 -0.8311167 3.00523 0.181337 0.03775851 3.068321 0.2058455 -0.3938493 2.972991 0.2931025 -0.7917193 2.937132 
0.08116455 0.6963112 3.032181 0.07792259 0.479952 3.03708 0.07863403 0.2585704 3.035156 -0.07347772 0.4799954 2.976095 -0.3130905 0.5294974 2.823353 -0.3732326 0.7742926 2.671004 0.2293229 0.4799086 3.098065 0.2805262 0.1442476 3.139291 0.2501184 -0.05805292 2.896262 -0.0154225 0.03721591 2.995059 -0.09829658 -0.3896911 3.075777 -0.2098646 -0.8283931 3.010915 0.1741135 0.03716159 3.071405 0.205616 -0.3962979 2.987977 0.2964101 -0.7981642 2.942691 
0.09169151 0.6950597 3.030599 0.08163417 0.4796604 3.035335 0.07461289 0.2584311 3.033315 -0.06576803 0.484976 2.965502 -0.2522719 0.5924001 2.775517 -0.2155143 0.8658233 2.648141 0.2290364 0.4743448 3.105168 0.28102 0.1333428 3.136116 0.2626826 -0.06687569 2.879007 -0.02460731 0.04052664 2.987616 -0.09618685 -0.3853678 3.082169 -0.2088499 -0.8278924 3.01509 0.1597905 0.03387694 3.074975 0.207707 -0.3983394 2.992655 0.2981436 -0.7938613 2.946449 
0.09345385 0.689913 3.019686 0.08184876 0.4737048 3.030825 0.072799 0.2525807 3.03336 -0.06270068 0.4787549 2.955325 -0.1987199 0.6017732 2.742214 -0.1130128 0.8742772 2.638526 0.2263982 0.4686548 3.106324 0.2818501 0.1280402 3.134813 0.2784248 -0.06958743 2.877257 -0.02669119 0.03461627 2.988658 -0.09949508 -0.3928002 3.076634 -0.2078885 -0.8354698 3.020542 0.1541896 0.0282969 3.083133 0.2039618 -0.4027384 2.99546 0.2957216 -0.7942941 2.953443 
0.09417592 0.6887609 3.027853 0.08749785 0.4727881 3.036087 0.08195442 0.2514955 3.038802 -0.05106815 0.4752039 2.95008 -0.1054448 0.6076823 2.706105 0.05636683 0.856145 2.62388 0.2260638 0.4703724 3.122094 0.2737019 0.1390211 3.150749 0.28484 -0.06473374 2.901398 -0.01030973 0.03171463 2.987691 -0.09677096 -0.3916226 3.08273 -0.1951029 -0.8324211 3.021785 0.1631317 0.02869089 3.095345 0.2142625 -0.3989105 2.993161 0.3057863 -0.7927625 2.950421 
0.1255822 0.6496781 3.063758 0.1080951 0.437076 3.053261 0.08997133 0.2171084 3.041105 -0.01929153 0.4530904 2.953403 -0.03028567 0.5765985 2.679451 0.1849397 0.7793769 2.614037 0.2354818 0.4210616 3.153119 0.2537268 0.1465589 3.156912 0.2890163 -0.05949686 2.917958 -0.00798622 0.007177002 2.966366 -0.1074011 -0.4133632 3.06185 -0.201881 -0.8448468 3.012522 0.1516813 -0.01289557 3.091529 0.2053889 -0.4412591 2.993696 0.2925455 -0.8142742 2.945404 
0.137491 0.6344045 3.077429 0.1142465 0.4232593 3.059226 0.08986 0.2044628 3.039698 -0.007448999 0.4462354 2.953766 0.02103886 0.5432491 2.672058 0.2609514 0.7108281 2.613355 0.235942 0.4002833 3.164686 0.239863 0.1452571 3.167119 0.2957301 -0.04673216 2.923988 -0.01064469 3.736877E-05 2.954207 -0.1189774 -0.4113269 3.073697 -0.1986623 -0.8352611 3.00739 0.1415917 -0.02870476 3.086134 0.2111117 -0.4533789 2.983402 0.2885083 -0.8007717 2.942882 
0.1145213 0.6565908 3.041741 0.116443 0.3953072 3.060272 0.09191678 0.1773849 3.032413 -0.001282991 0.4225177 2.951064 0.06868332 0.4920335 2.674477 0.3228183 0.6208779 2.607112 0.234169 0.3680967 3.169481 0.2311115 0.1461163 3.185846 0.2946886 -0.04169762 2.941952 -0.006157804 -0.02353784 2.936327 -0.1122199 -0.4303508 3.072731 -0.1936126 -0.8476685 3.003604 0.1409389 -0.05753693 3.072781 0.2255734 -0.4812992 2.978573 0.2988845 -0.8197694 2.933384 
0.1006764 0.6759737 3.023014 0.09870817 0.4471776 3.03941 0.0921812 0.2270007 3.042422 -0.002102972 0.4484383 2.913109 0.1363412 0.4085713 2.680729 0.405172 0.4776221 2.591583 0.1995193 0.4459169 3.165712 0.2346641 0.152508 3.18668 0.2913987 -0.05884772 2.962 0.02159614 0.007624832 2.965178 -0.1152082 -0.4020225 3.088706 -0.1893894 -0.840153 3.050485 0.1497123 0.006022659 3.125689 0.2138283 -0.4356159 3.011028 0.2948744 -0.7860456 2.962124 
0.1006874 0.6823815 3.02747 0.1001401 0.4566097 3.0384 0.09654251 0.2359192 3.044609 0.002252176 0.4545597 2.908839 0.1561133 0.344796 2.691924 0.4327896 0.3838122 2.600351 0.198028 0.4586597 3.167961 0.2323454 0.1560626 3.198326 0.3029101 -0.04561122 2.969069 0.03152825 0.01394257 2.96953 -0.108455 -0.3972643 3.067427 -0.1880373 -0.8287139 3.034794 0.1543616 0.01651489 3.132108 0.2140157 -0.4070039 2.990073 0.3063302 -0.7877634 2.950901 
0.094336 0.6872502 3.031783 0.09738431 0.4653834 3.037249 0.09927087 0.244273 3.044051 -0.005381792 0.4606162 2.910785 0.157783 0.2504691 2.725929 0.4234899 0.2226407 2.609128 0.2001504 0.4701506 3.163713 0.2316964 0.161187 3.214075 0.3125911 -0.03536191 2.983431 0.03679755 0.020177 2.971652 -0.1173854 -0.3856114 3.061621 -0.1950114 -0.8248715 3.027257 0.1655173 0.02614816 3.130054 0.2128735 -0.3911933 2.983977 0.307613 -0.7874843 2.948312 
0.09534848 0.6871151 3.031297 0.09653242 0.4663436 3.03788 0.09904893 0.2451449 3.044646 -0.01097288 0.4613727 2.915355 0.1208926 0.2062408 2.74745 0.3764626 0.1352915 2.622145 0.2040377 0.4713144 3.160406 0.2282092 0.1851196 3.197031 0.2954349 -0.01569911 2.999583 0.0342701 0.02083464 2.974715 -0.1244061 -0.384587 3.056443 -0.1998594 -0.8225786 3.026353 0.1688608 0.02705785 3.12811 0.2075319 -0.3929227 2.990675 0.305261 -0.7935044 2.946969 
0.09240355 0.689666 3.031209 0.09033448 0.4677674 3.038505 0.0896107 0.2465902 3.046835 -0.02294688 0.4637251 2.921332 0.0754852 0.1590614 2.760806 0.2938234 0.03576097 2.611972 0.2036158 0.4718097 3.155679 0.2331338 0.1543042 3.20151 0.3069656 -0.054235 2.979208 0.01796878 0.02288225 2.981811 -0.1442142 -0.3784021 3.074913 -0.2134743 -0.8210657 3.032744 0.1598051 0.02794356 3.12852 0.1974346 -0.3916927 2.990974 0.290912 -0.7893245 2.948887 
0.08646808 0.6917639 3.030996 0.08339103 0.4688688 3.038659 0.08258408 0.2476069 3.045465 -0.03848201 0.4659992 2.930919 0.01419204 0.1215597 2.784898 0.182831 -0.03143474 2.600481 0.2052641 0.4717385 3.146399 0.2354403 0.1642751 3.195202 0.3077916 -0.03979375 2.971322 0.005366153 0.02454581 2.984721 -0.1402979 -0.3828112 3.077348 -0.2092634 -0.8219355 3.027128 0.1581881 0.02814426 3.119821 0.2029773 -0.3897383 2.979928 0.2993611 -0.7953675 2.939992 
0.08386645 0.6876668 3.018903 0.07908989 0.4666212 3.035136 0.07733209 0.2454568 3.043743 -0.05326405 0.463979 2.940214 -0.08837751 0.1261025 2.832205 -0.01813756 -0.08428422 2.621853 0.2114438 0.4692635 3.130058 0.2393225 0.1630396 3.188962 0.311179 -0.03897838 2.964826 -0.007127163 0.02264137 2.993038 -0.1276748 -0.3951504 3.074176 -0.2032396 -0.825995 3.030516 0.1582757 0.02594341 3.111662 0.2071338 -0.3991373 2.998781 0.3010364 -0.7956755 2.946537 
0.08330771 0.6874359 3.013386 0.07850461 0.4667102 3.033673 0.07641481 0.2456106 3.044324 -0.05805729 0.4637194 2.944795 -0.1326376 0.14752 2.846101 -0.09753514 -0.07111136 2.627004 0.2150665 0.4697009 3.122551 0.2420959 0.1537293 3.184804 0.311756 -0.04680057 2.958859 -0.01106382 0.02264104 2.999402 -0.1248977 -0.3987294 3.071741 -0.2038165 -0.8239666 3.027426 0.1597138 0.02638118 3.110549 0.2084354 -0.3976997 2.993412 0.3035364 -0.7944913 2.941659 
0.0760806 0.6983284 3.039451 0.07273314 0.4768955 3.045936 0.07372179 0.2556881 3.046548 -0.07128293 0.4760407 2.969602 -0.2200557 0.1917526 2.883184 -0.2881026 0.001734207 2.641725 0.2167492 0.4777503 3.122271 0.2536698 0.145075 3.163233 0.2864383 -0.0510237 2.925488 -0.01533329 0.03394623 2.999433 -0.1251725 -0.3900011 3.063827 -0.2063223 -0.8161191 3.013563 0.1647542 0.03501515 3.094887 0.2059204 -0.3923813 2.987213 0.2985388 -0.7918122 2.930731 
0.07465003 0.6979114 3.035174 0.07069672 0.4771135 3.045153 0.07001813 0.2558114 3.04611 -0.07523309 0.4772457 2.972237 -0.2445237 0.2243672 2.899615 -0.332527 0.05631241 2.651364 0.2166265 0.4769814 3.118069 0.2573421 0.1530471 3.156634 0.2795002 -0.05106683 2.930427 -0.02186862 0.03459195 3.001493 -0.1180875 -0.3912323 3.073513 -0.2070564 -0.820526 3.021827 0.1605477 0.03442676 3.09264 0.2031943 -0.3951232 2.994704 0.2952944 -0.7939007 2.942279 
0.0777085 0.6970377 3.033523 0.07280434 0.4763445 3.045979 0.07153849 0.255001 3.047922 -0.07490554 0.4765799 2.976577 -0.2757505 0.2661732 2.920315 -0.4034262 0.1294313 2.672416 0.2205142 0.4761091 3.115382 0.2551849 0.1615334 3.15032 0.2757692 -0.05101924 2.936727 -0.02208474 0.03380467 3.006471 -0.1131179 -0.3962658 3.047309 -0.197064 -0.8139142 3.072044 0.16263 0.03351027 3.09326 0.2084829 -0.3951887 2.992733 0.3017741 -0.7895669 2.947336 
0.07870256 0.7034423 3.052756 0.07480355 0.4838419 3.05373 0.07597926 0.2626488 3.046572 -0.07653841 0.4850168 2.992557 -0.3252688 0.3436055 2.919056 -0.5031402 0.3256706 2.670119 0.2261455 0.4826669 3.114902 0.2639593 0.1365702 3.132318 0.2671825 -0.04461484 2.884905 -0.01747274 0.04219046 3.001166 -0.107114 -0.3855961 3.068341 -0.1976158 -0.8204588 3.027969 0.1717827 0.04072116 3.077664 0.2141954 -0.3904885 2.986944 0.3037082 -0.7851332 2.932263 
0.07782891 0.7026345 3.055889 0.0760323 0.4850043 3.053705 0.07804892 0.2638137 3.044678 -0.0756296 0.4860957 2.993078 -0.3395927 0.3998989 2.904575 -0.5041699 0.4900816 2.656965 0.2276942 0.483913 3.114331 0.2617137 0.1528885 3.13689 0.2684478 -0.02457631 2.879129 -0.01478488 0.04330565 2.997735 -0.1072604 -0.3861833 3.046615 -0.1931417 -0.8116274 3.068733 0.174916 0.04194054 3.073567 0.2119038 -0.3928238 2.999917 0.3033324 -0.7989233 2.940842 
