0.06736758 0.7011774 3.05294 0.07162124 0.483396 3.052048 0.07958857 0.2622993 3.044481 -0.07778002 0.4802628 2.986296 -0.3093507 0.4866119 2.816822 -0.3668242 0.7417226 2.705372 0.2210225 0.4865292 3.1178 0.297482 0.1194385 3.10646 0.3190179 -0.1102118 2.865477 -0.005917439 0.03924222 2.995775 -0.09295671 -0.389238 3.059925 -0.2019541 -0.8249563 3.043057 0.1810292 0.04316281 3.078051 0.2099021 -0.3909702 2.996009 0.2998589 -0.7971686 2.942015 
0.06885371 0.6971642 3.056383 0.07260542 0.4792324 3.053435 0.07931072 0.2581507 3.0441 -0.07518597 0.4776778 2.984092 -0.2701496 0.5297982 2.783891 -0.2806267 0.7995445 2.694751 0.2203968 0.4807869 3.122778 0.2972609 0.113229 3.112221 0.3189687 -0.1148861 2.86723 -0.006432953 0.0360967 2.991388 -0.09192326 -0.3950492 3.038087 -0.197509 -0.8136396 3.078868 0.178465 0.03804152 3.078142 0.2095233 -0.3965652 2.999392 0.2987105 -0.7988359 2.9436 
0.06926244 0.6932065 3.053991 0.07540021 0.4754132 3.054078 0.0830694 0.2542785 3.046554 -0.06875406 0.4730184 2.977518 -0.1973149 0.5837153 2.732471 -0.1438781 0.8638527 2.686565 0.2195545 0.4778079 3.130638 0.2902821 0.1225384 3.139564 0.3171738 -0.1104394 2.910764 0.000540432 0.03164529 2.991127 -0.08731021 -0.3967988 3.05577 -0.1914389 -0.8175786 3.080491 0.1809367 0.03464212 3.086935 0.2130344 -0.3988302 3.002469 0.3045275 -0.7985145 2.949472 
0.071429 0.6909605 3.05538 0.07817354 0.4730737 3.055854 0.08579428 0.2518729 3.050194 -0.06382344 0.4702444 2.975233 -0.1228307 0.5859346 2.710855 -0.002437706 0.8431413 2.656553 0.2201705 0.475903 3.136474 0.2830586 0.1288778 3.154895 0.3150432 -0.1081843 2.939574 0.004609008 0.0289026 2.994114 -0.09263863 -0.3909673 3.090739 -0.2033232 -0.8295705 3.044796 0.182221 0.03244158 3.094954 0.2084402 -0.4004632 3.005673 0.3055767 -0.8002936 2.933768 
0.07113741 0.6937392 3.055653 0.08026036 0.4756864 3.05859 0.08996023 0.2545373 3.055419 -0.05840993 0.4708362 2.972664 -0.06646051 0.5569791 2.701959 0.09779922 0.7858593 2.657489 0.2189306 0.4805367 3.144516 0.2809775 0.1314211 3.16049 0.3207148 -0.1109679 2.959833 0.01286161 0.03035231 2.998464 -0.08752811 -0.3945173 3.058897 -0.1905938 -0.8154202 3.08496 0.1864586 0.03642422 3.106032 0.2108305 -0.3962698 3.015172 0.3097066 -0.7948268 2.943469 
0.06024142 0.7047961 3.056182 0.07943529 0.4913318 3.059241 0.1004603 0.271032 3.058495 -0.05208801 0.4791038 2.963543 0.01133892 0.4939516 2.691152 0.225347 0.6716394 2.654604 0.2109586 0.5035599 3.154939 0.2777891 0.1518629 3.185826 0.3240282 -0.1108104 3.018821 0.03923232 0.04308485 2.9979 -0.08841152 -0.3750601 3.050235 -0.1852561 -0.7980663 3.074454 0.2037381 0.05837935 3.117596 0.2079716 -0.3727048 3.017939 0.3097016 -0.781441 2.938846 
0.06488723 0.7038291 3.055952 0.07941682 0.4895308 3.056041 0.09494306 0.2688103 3.053469 -0.05079589 0.4815126 2.958045 0.03467647 0.4614873 2.697042 0.2699927 0.6015714 2.639678 0.2096295 0.4975491 3.154036 0.2731082 0.1941463 3.20937 0.3170475 -0.0730162 3.048067 0.02904311 0.04307571 2.989619 -0.1058404 -0.3725306 3.052084 -0.2124187 -0.8192599 3.035466 0.1918955 0.05310385 3.112178 0.1861933 -0.3751787 3.00149 0.292377 -0.7958512 2.930832 
0.06838012 0.7016701 3.055313 0.07719956 0.4858209 3.053485 0.08838519 0.2648309 3.049924 -0.04887973 0.4811046 2.950137 0.05934949 0.408774 2.710941 0.3078661 0.5160791 2.636041 0.2032788 0.4905372 3.156834 0.2704138 0.1932133 3.215991 0.3168073 -0.0796506 3.065062 0.02066962 0.04088949 2.981687 -0.106715 -0.3797583 3.024214 -0.2038223 -0.8032456 3.073834 0.178472 0.04679245 3.111039 0.1841119 -0.382241 3.003038 0.2901589 -0.7961078 2.935012 
0.06898239 0.698768 3.056386 0.07741565 0.4807909 3.051811 0.08602652 0.2596863 3.046526 -0.04752893 0.4784342 2.946846 0.07218894 0.3478909 2.726457 0.3309767 0.4033116 2.625001 0.2023602 0.4831475 3.156777 0.2687213 0.1716045 3.204981 0.3188207 -0.08964264 3.034426 0.01653269 0.03710855 2.975625 -0.1029874 -0.3867911 3.01398 -0.1989582 -0.7972686 3.098637 0.1727421 0.04005484 3.106855 0.1932463 -0.3902404 3.006481 0.3025935 -0.8026537 2.925514 
0.07018241 0.6994776 3.056134 0.07777135 0.4804061 3.049968 0.08603699 0.2593014 3.04304 -0.04835594 0.4789396 2.946299 0.06808534 0.2869517 2.743238 0.3216878 0.2901818 2.609593 0.2038986 0.4818725 3.153638 0.2673551 0.150795 3.199995 0.3223738 -0.09862591 3.029412 0.01544065 0.03727981 2.971291 -0.1039038 -0.380884 3.044773 -0.1959478 -0.8135698 3.056588 0.1731646 0.03911362 3.100931 0.200783 -0.3912138 3.001555 0.3080007 -0.7944036 2.921881 
0.06960095 0.6996746 3.056534 0.07524156 0.4794377 3.04799 0.08193687 0.2584089 3.037875 -0.05481329 0.4800082 2.949438 0.04548633 0.2304949 2.764147 0.2880163 0.1700792 2.613044 0.2052964 0.4788673 3.146543 0.2700775 0.1372549 3.186342 0.3281197 -0.1071725 3.017243 0.00723271 0.03773717 2.966077 -0.1101117 -0.3834254 3.029638 -0.2011243 -0.8028244 3.081032 0.1700316 0.03702306 3.089443 0.200157 -0.3934769 2.990892 0.3031562 -0.7943253 2.918899 
0.06621889 0.7031341 3.056171 0.07310411 0.4818241 3.0478 0.0807273 0.2608478 3.03677 -0.0608245 0.4818534 2.954653 0.00172393 0.1837668 2.786555 0.2145265 0.06691967 2.612109 0.2070327 0.4817948 3.140948 0.2793207 0.109525 3.178226 0.3292626 -0.1232678 2.995581 0.00455253 0.03988982 2.967458 -0.1045256 -0.3770946 3.061532 -0.2011384 -0.8199707 3.050918 0.1721485 0.03985313 3.084021 0.2080607 -0.3918477 2.993058 0.3063829 -0.7877979 2.930292 
0.06090039 0.7040538 3.043479 0.06968071 0.4825628 3.044658 0.07897254 0.261538 3.041863 -0.06733304 0.4779197 2.956328 -0.06645287 0.1808145 2.83119 0.08019879 0.004091934 2.64236 0.2066945 0.4872058 3.132988 0.2862728 0.1043437 3.164632 0.328793 -0.1360593 2.97378 0.002531198 0.03760799 2.983798 -0.1031632 -0.3852206 3.052434 -0.1966994 -0.8078132 3.100194 0.1739976 0.04341859 3.094338 0.2092205 -0.3896692 3.009701 0.3034999 -0.7867604 2.95069 
0.05897888 0.7020222 3.037637 0.06800101 0.481649 3.043135 0.07827035 0.2605809 3.043015 -0.07378801 0.475106 2.963135 -0.1226408 0.1753732 2.860552 -0.05914439 -0.02960152 2.658341 0.20979 0.4881921 3.123137 0.2872078 0.1077129 3.159298 0.3279796 -0.1425192 2.958007 -0.0002358427 0.03541601 2.992805 -0.102476 -0.3881347 3.066898 -0.2027484 -0.8240117 3.059926 0.1773153 0.04360937 3.092984 0.2063366 -0.3854876 2.989718 0.3059878 -0.7884304 2.93991 
0.05469828 0.7014431 3.033026 0.06556869 0.4826018 3.042729 0.07784203 0.2615749 3.044824 -0.08182394 0.4737607 2.973454 -0.2048778 0.1960846 2.905853 -0.2520499 -0.02155505 2.704232 0.2129613 0.4914429 3.112004 0.2938266 0.1111892 3.140805 0.3255381 -0.1484736 2.930448 -0.002013778 0.03502182 3.003618 -0.102811 -0.3894821 3.073711 -0.1985874 -0.8228502 3.059317 0.1822445 0.04607425 3.090219 0.2060893 -0.3840466 2.988263 0.3041511 -0.7944547 2.937396 
0.05783122 0.7018854 3.031396 0.06759948 0.481659 3.043027 0.08065166 0.2606608 3.045836 -0.08196279 0.4720026 2.978253 -0.2624715 0.2237698 2.946465 -0.3918786 0.04223323 2.733108 0.2171617 0.4913155 3.107801 0.2949594 0.1102979 3.132441 0.3235497 -0.1496017 2.911366 0.0001843357 0.03362456 3.008142 -0.08388822 -0.3903896 3.101624 -0.2245248 -0.8454109 2.97718 0.1872234 0.04570068 3.089147 0.2083838 -0.3851137 2.98912 0.3036483 -0.7885919 2.935201 
0.05984416 0.7061623 3.043612 0.07079086 0.4858975 3.048343 0.08678298 0.265152 3.046276 -0.07959448 0.4755906 2.985524 -0.2992745 0.2519093 2.964225 -0.4809791 0.1177898 2.757844 0.2211762 0.4962043 3.111162 0.2959508 0.1181201 3.132197 0.3188348 -0.1315319 2.894549 0.008723062 0.0379606 3.004923 -0.08239934 -0.3899131 3.055623 -0.2010299 -0.8185 3.04399 0.1968271 0.05085257 3.083497 0.2150118 -0.3802324 2.983998 0.3119824 -0.7868039 2.936041 
0.06368202 0.7054959 3.052807 0.07581748 0.4887088 3.052622 0.09116782 0.2679148 3.047683 -0.07685991 0.4793727 2.995465 -0.3258375 0.3107352 2.971327 -0.5644365 0.2760358 2.784132 0.2284949 0.4980448 3.10978 0.2939723 0.1292685 3.118561 0.3067023 -0.116474 2.883148 0.01099777 0.0412798 3.006984 -0.1029987 -0.3793605 3.076175 -0.1956094 -0.8141429 3.063039 0.2020385 0.05296181 3.078504 0.2055237 -0.3805908 2.989115 0.3020887 -0.7907236 2.935443 
0.06443622 0.7070792 3.053348 0.07478548 0.4895755 3.053206 0.08905993 0.2687158 3.047534 -0.07944313 0.4809651 3.000343 -0.3404283 0.3363701 2.970181 -0.5805053 0.3582973 2.778813 0.2290141 0.4981859 3.106069 0.2954775 0.1126293 3.095294 0.2944791 -0.1146995 2.848235 0.006842878 0.04246899 3.008788 -0.1009175 -0.3832184 3.051364 -0.1977552 -0.8030068 3.087303 0.1998259 0.05324304 3.074934 0.2051784 -0.3803168 2.985347 0.2995079 -0.7922198 2.935259 
0.07545894 0.708118 3.037495 0.0771209 0.4883235 3.047632 0.08542371 0.2671467 3.049282 -0.07794915 0.4821227 2.996747 -0.3543405 0.4168296 2.939574 -0.5360715 0.567941 2.756258 0.232191 0.4945242 3.098517 0.2986462 0.1341721 3.109566 0.3015481 -0.1118614 2.899953 -0.003266724 0.04209143 3.019104 -0.09035446 -0.3835837 3.097402 -0.2293207 -0.8349158 3.001303 0.1907197 0.04984833 3.082758 0.2028766 -0.3828098 2.989861 0.2985534 -0.7950128 2.937433 
