0.02598112 0.6974008 3.054627 0.02656077 0.4775079 3.060286 0.03176818 0.25621 3.056057 -0.1281637 0.4748577 3.008442 -0.3471524 0.4760169 2.843188 -0.3887676 0.6806887 2.667194 0.1812853 0.480158 3.11213 0.2359528 0.1446392 3.091945 0.2194867 -0.001859619 2.817163 -0.05984627 0.03325369 3.019386 -0.1167951 -0.3995651 3.092152 -0.2266039 -0.8484814 2.987312 0.1337975 0.03657042 3.08427 0.2021666 -0.3940084 3.008303 0.3033886 -0.7944296 2.940458 
0.02590463 0.701473 3.055249 0.02749968 0.481443 3.061249 0.03326315 0.260159 3.05674 -0.1259839 0.4785762 3.005742 -0.310072 0.509504 2.812097 -0.296321 0.7351183 2.654427 0.1809833 0.4843097 3.116756 0.2359769 0.1563233 3.109483 0.2161857 -0.007494919 2.847098 -0.05696025 0.03708232 3.017518 -0.1172687 -0.3964933 3.083037 -0.222749 -0.8459722 2.993119 0.1350135 0.04066795 3.086945 0.1990651 -0.3888694 3.001747 0.3017879 -0.7904407 2.94263 
0.02993337 0.6965541 3.055546 0.0316099 0.4771186 3.060889 0.03707507 0.2558187 3.056648 -0.119983 0.4745329 3.000454 -0.2455388 0.5242559 2.768542 -0.172774 0.7608503 2.656288 0.1832028 0.4797043 3.121323 0.2384833 0.155657 3.125239 0.2163537 -0.009963822 2.86098 -0.05229791 0.03290125 3.014598 -0.1194987 -0.3999563 3.078422 -0.2146162 -0.851083 3.001078 0.1373784 0.03613647 3.090216 0.2025723 -0.3940375 3.008578 0.3046071 -0.8032984 2.943229 
0.03931909 0.6486889 3.086395 0.04500831 0.4350557 3.069586 0.05159502 0.2148992 3.049607 -0.09969994 0.4375336 2.994574 -0.1443584 0.505883 2.729138 0.00854126 0.7243342 2.657726 0.1897166 0.4325777 3.144598 0.2416232 0.1596049 3.150369 0.2204301 -0.00981781 2.902575 -0.03207632 -0.0037117 2.98284 -0.1347267 -0.42195 3.070551 -0.2172069 -0.8530469 3.003902 0.1484398 -0.006802795 3.076414 0.2006687 -0.4364371 2.993124 0.2989572 -0.812457 2.945301 
0.0349544 0.6717981 3.058226 0.06246003 0.4123617 3.072591 0.04885628 0.1932488 3.053715 -0.07832947 0.4279712 2.992857 -0.1023533 0.4656069 2.726919 0.09610511 0.6383583 2.653213 0.2032495 0.3967521 3.152324 0.2409399 0.1446896 3.152474 0.2277588 -0.01342743 2.902661 -0.0512982 -0.01626808 2.985823 -0.1586511 -0.4325554 3.084138 -0.2339389 -0.8519787 3.013874 0.1218033 -0.03546013 3.083856 0.1898476 -0.4620664 3.009911 0.2794534 -0.8186863 2.951034 
0.03676968 0.6761609 3.044745 0.05112587 0.4380605 3.058904 0.04566393 0.2178965 3.053587 -0.08646954 0.4435573 2.97265 -0.05437357 0.4114387 2.735025 0.1723257 0.5301388 2.652073 0.1887213 0.4325638 3.145159 0.2416106 0.09869107 3.175073 0.2353647 -0.02199629 2.913334 -0.0475036 0.001236176 2.993289 -0.1441343 -0.4206773 3.0995 -0.2136514 -0.8288631 3.014732 0.1279076 -0.00577124 3.103249 0.2140552 -0.4481928 3.010333 0.2982841 -0.7804389 2.954905 
0.03980945 0.6802631 3.050458 0.04880842 0.4516996 3.055203 0.04876852 0.2309814 3.049803 -0.08368171 0.4540296 2.960937 -0.007204681 0.3496536 2.745706 0.2392736 0.41004 2.64888 0.1812986 0.4493696 3.149469 0.2172967 0.1628284 3.170238 0.2141992 0.01259406 2.922745 -0.03502962 0.01173616 2.98481 -0.1355985 -0.4078957 3.090335 -0.2058144 -0.8324347 2.999913 0.1324869 0.008790146 3.103997 0.207946 -0.4249413 3.004533 0.3022908 -0.7817332 2.940843 
0.04263926 0.6848825 3.055188 0.04929373 0.4600259 3.056391 0.05186161 0.239013 3.051514 -0.08049767 0.4606902 2.957937 0.01538329 0.2923149 2.758401 0.2668362 0.2878438 2.648988 0.1790851 0.4593616 3.154845 0.2078075 0.1717425 3.171678 0.2071353 -0.002988693 2.940807 -0.02711921 0.01841748 2.984778 -0.1371237 -0.3992829 3.084881 -0.2073252 -0.833333 3.007414 0.1359782 0.01758273 3.108497 0.203564 -0.4121418 3.00563 0.3019185 -0.7837937 2.946481 
0.0430479 0.6829522 3.049646 0.04747634 0.4610085 3.052167 0.05104683 0.2397568 3.052408 -0.07941041 0.458849 2.949556 0.01684179 0.2095959 2.784339 0.2535791 0.1236848 2.653306 0.1743631 0.463168 3.154778 0.1926642 0.1744157 3.165746 0.1951155 -0.0378696 2.968865 -0.02482636 0.017153 2.988405 -0.143313 -0.4020384 3.06767 -0.2110764 -0.8361377 3.014706 0.134061 0.0198571 3.116893 0.2007508 -0.4070216 3.015326 0.3028741 -0.7993816 2.940481 
0.03896463 0.6835396 3.035777 0.04402175 0.4634952 3.047396 0.04906233 0.2422841 3.053474 -0.084527 0.4578032 2.946841 -0.01552714 0.1578795 2.79706 0.200702 0.01423405 2.653554 0.1725705 0.4691873 3.14795 0.2183614 0.03857965 3.185806 0.2186072 -0.145502 2.967831 -0.02631999 0.01751193 2.996643 -0.1422692 -0.4034234 3.069932 -0.2108228 -0.8357876 3.018135 0.1345258 0.02463403 3.12246 0.2016591 -0.4002377 3.016275 0.304121 -0.7936647 2.947283 
0.03710227 0.6843354 3.035748 0.04427722 0.4643636 3.049389 0.05206823 0.2432678 3.056891 -0.08855833 0.4564801 2.954997 -0.07123537 0.1514463 2.809469 0.09151139 -0.02092955 2.645088 0.1771128 0.4722472 3.143781 0.2356855 0.06058862 3.199942 0.2348641 -0.09640931 2.957968 -0.02333168 0.01723468 3.005277 -0.1376279 -0.4042884 3.078074 -0.2071935 -0.838412 3.024144 0.1430501 0.02710913 3.123507 0.2106635 -0.3969459 3.014901 0.3140134 -0.7998756 2.943027 
0.03595327 0.6892973 3.045734 0.04475559 0.4678791 3.054852 0.05615684 0.2468824 3.059438 -0.09118544 0.459003 2.965062 -0.1216775 0.1482753 2.811182 -0.03275929 -0.04337439 2.623311 0.1806966 0.4767553 3.144643 0.2437203 0.1000808 3.20248 0.2385641 -0.04387718 2.955776 -0.01748051 0.02033318 3.007854 -0.1319349 -0.4023291 3.073194 -0.2063642 -0.837968 3.016832 0.1525967 0.03143819 3.120191 0.2137654 -0.3940513 3.013842 0.3128545 -0.7933443 2.940302 
0.03481168 0.6916314 3.041831 0.04356878 0.4714437 3.05487 0.05550797 0.2505202 3.061734 -0.1006913 0.461314 2.979768 -0.2155685 0.1775099 2.84505 -0.2111746 -0.02455144 2.623324 0.1878289 0.4815735 3.129972 0.2489614 0.1481801 3.181298 0.2395169 -0.004968964 2.936175 -0.02287053 0.02325464 3.021579 -0.1403903 -0.3997866 3.07825 -0.2168691 -0.8398016 3.014835 0.1577648 0.03593863 3.115619 0.1967127 -0.3920248 3.009546 0.3021888 -0.7929381 2.937546 
0.03253936 0.6927642 3.047836 0.04146866 0.4731056 3.057936 0.05390887 0.2521271 3.061285 -0.1053908 0.4637736 2.987683 -0.2628419 0.2132927 2.87201 -0.2955072 0.04270273 2.629802 0.1883281 0.4824377 3.12819 0.2473987 0.1530406 3.175722 0.2357409 -0.007026016 2.930356 -0.02545403 0.02531497 3.020716 -0.137622 -0.4000416 3.070153 -0.214127 -0.8382374 3.010638 0.1581522 0.03698203 3.108548 0.1935441 -0.3901069 2.997586 0.301159 -0.7906336 2.934547 
0.03020639 0.6951774 3.053844 0.04052468 0.4756922 3.061584 0.05393397 0.2547102 3.061644 -0.1093025 0.4665831 2.997419 -0.3452377 0.2808386 3.031007 -0.3686684 0.1952309 2.754721 0.1903518 0.4848013 3.125749 0.2403275 0.1626226 3.149143 0.2205425 -0.01833392 2.912339 -0.02633415 0.02803291 3.021586 -0.1311881 -0.3988488 3.074208 -0.215906 -0.8393086 3.007092 0.1610207 0.03942361 3.101822 0.2028743 -0.3897973 3.00179 0.2975201 -0.7875367 2.942955 
0.03148838 0.696209 3.054847 0.04253112 0.475764 3.0615 0.05634706 0.2547964 3.061169 -0.1079113 0.4664516 2.998679 -0.3386306 0.320918 2.99352 -0.4192207 0.2711881 2.741509 0.1929735 0.4850764 3.124322 0.2406635 0.1658109 3.14756 0.2166114 -0.01028407 2.902803 -0.0239116 0.02800557 3.021555 -0.1285261 -0.3986168 3.077083 -0.2135547 -0.8432909 3.006436 0.1642376 0.03965199 3.100122 0.2056515 -0.3907144 3.004794 0.3021753 -0.791124 2.943229 
0.0301775 0.6979692 3.055347 0.04258429 0.4769438 3.06136 0.05721255 0.2560258 3.060497 -0.1084116 0.4671854 2.999878 -0.3513308 0.3524561 2.932276 -0.4792239 0.3848513 2.703416 0.1935802 0.4867021 3.122842 0.2408265 0.1624061 3.137768 0.2086268 -0.01059987 2.887523 -0.02259585 0.02900478 3.021182 -0.1254727 -0.3967158 3.085668 -0.2136608 -0.8421314 3.003371 0.1662775 0.041211 3.098087 0.2070367 -0.3899558 3.00601 0.3005192 -0.7876168 2.941914 
0.0311194 0.690969 3.044096 0.04057893 0.471205 3.054651 0.05422583 0.2502718 3.057562 -0.1108359 0.461056 2.994229 -0.3601485 0.4042178 2.869632 -0.4972192 0.5236463 2.676202 0.1919937 0.481354 3.115073 0.2404277 0.1642144 3.135378 0.2091504 -0.01116969 2.886916 -0.02683233 0.02299062 3.022681 -0.126709 -0.4043143 3.081207 -0.2187178 -0.8500795 3.009878 0.1625778 0.0356864 3.098265 0.2002505 -0.3963827 3.009117 0.2950537 -0.7951103 2.943643 
