0.09558389 0.6854735 3.008348 0.08397078 0.4675917 3.032218 0.08012722 0.2466199 3.04482 -0.0666483 0.4666083 2.969039 -0.3383578 0.4246998 2.890777 -0.4820897 0.5997697 2.709171 0.2345899 0.468575 3.095396 0.2345891 0.1790354 3.095396 0.234604 -0.1105038 3.095378 -0.01793794 0.02503299 3.0179 -0.1163858 -0.4027512 3.075686 -0.2019632 -0.8346499 3.028447 0.1705053 0.02626327 3.096944 0.2060979 -0.4068621 3.012413 0.2990114 -0.8018104 2.942258 
0.09916677 0.6857161 3.007046 0.08505166 0.467826 3.031124 0.07817385 0.2469213 3.04366 -0.06297693 0.4685319 2.96235 -0.3281758 0.4753632 2.847833 -0.4137408 0.7066167 2.696119 0.2330803 0.4671202 3.099898 0.2330795 0.1775806 3.099898 0.2330935 -0.1119586 3.099881 -0.02136225 0.0264583 3.013147 -0.1158484 -0.4029326 3.065173 -0.2009937 -0.8287833 3.02406 0.1639543 0.02557463 3.099246 0.2033703 -0.4055127 3.006628 0.2957562 -0.7957754 2.944569 
0.09970904 0.6853671 3.020651 0.08634454 0.4686648 3.035321 0.07827009 0.2475387 3.040525 -0.05864818 0.472195 2.960352 -0.2784732 0.5458046 2.786183 -0.2739785 0.8233557 2.673321 0.2313373 0.4651347 3.110291 0.2313365 0.1755951 3.110291 0.2313489 -0.1139442 3.110278 -0.02049129 0.02862064 2.998838 -0.1125592 -0.3990721 3.066329 -0.1970298 -0.8292294 3.020777 0.1608826 0.02420465 3.092619 0.2092569 -0.4062469 3.001125 0.3027197 -0.7968579 2.937197 
0.0973063 0.6824258 3.013234 0.08395825 0.4662879 3.031901 0.07534967 0.2452437 3.039866 -0.05595129 0.468724 2.948296 -0.2238162 0.5689648 2.740567 -0.1653286 0.8533545 2.658868 0.2238678 0.4638517 3.115505 0.223867 0.1743122 3.115505 0.2238786 -0.1152271 3.115493 -0.0209171 0.02572583 2.99545 -0.1151098 -0.4013079 3.064627 -0.1957891 -0.8323116 3.025846 0.1543993 0.02267319 3.100212 0.2022764 -0.4088421 3.013463 0.295352 -0.7948953 2.949902 
0.09753328 0.6832029 3.010032 0.08353293 0.4673783 3.031056 0.07405815 0.2464442 3.041223 -0.05467831 0.4693176 2.944392 -0.1519274 0.5800003 2.707267 -0.04034892 0.8515363 2.632351 0.2217442 0.465439 3.117721 0.2217434 0.1758994 3.117721 0.2217544 -0.1136398 3.11771 -0.02179609 0.02672215 2.997225 -0.1148394 -0.4002062 3.068799 -0.198619 -0.8266736 3.032322 0.1509628 0.02429811 3.105553 0.2053222 -0.4039263 3.00781 0.2972085 -0.7915994 2.947104 
0.0895742 0.655674 3.057148 0.08959013 0.4420954 3.052869 0.09059239 0.2211553 3.045321 -0.03918419 0.4449202 2.95309 -0.06393435 0.5522596 2.683197 0.1275438 0.7742401 2.609592 0.2183645 0.4392706 3.152648 0.2183637 0.1497311 3.152648 0.2183736 -0.1398082 3.15264 0.01117639 0.001979187 2.975461 -0.1112037 -0.4154235 3.052586 -0.1864109 -0.8405628 3.024004 0.1720129 -0.001548889 3.100083 0.2149427 -0.4309993 3.003356 0.3056262 -0.8098158 2.944573 
0.08024358 0.6723109 3.031543 0.0918307 0.4363075 3.054924 0.09084109 0.215252 3.046243 -0.0378686 0.4407701 2.956072 -0.020966 0.5111338 2.675117 0.2070753 0.688317 2.612769 0.22153 0.4318449 3.153777 0.2215292 0.1423054 3.153777 0.2215387 -0.1472339 3.153769 0.008924091 -0.003019135 2.975882 -0.1340632 -0.4119903 3.061612 -0.2000826 -0.8321209 3.03324 0.1707789 -0.008588074 3.099242 0.2095052 -0.435555 2.990224 0.2971536 -0.7940399 2.942135 
0.07614452 0.6740518 3.018652 0.08578938 0.4487753 3.041857 0.08950704 0.2279884 3.046561 -0.04572896 0.4445118 2.945689 0.02325044 0.4650154 2.681888 0.2779651 0.5734318 2.60467 0.2173077 0.4530388 3.138024 0.217307 0.1634992 3.138024 0.217316 -0.12604 3.138017 0.01080967 0.004529724 2.991002 -0.1361246 -0.4029867 3.079809 -0.1949024 -0.8165112 3.045123 0.1756397 0.009873108 3.111527 0.219223 -0.4194629 3.010898 0.3057708 -0.7771353 2.953318 
0.07286477 0.6754627 3.012778 0.07982096 0.4551642 3.033782 0.08499311 0.2344323 3.044522 -0.04786916 0.4472571 2.932759 0.06002912 0.4230641 2.692953 0.3273313 0.4839882 2.609045 0.2075111 0.4630712 3.134806 0.2075103 0.1735317 3.134806 0.207519 -0.1160076 3.134799 0.01026698 0.008752854 2.992048 -0.1418312 -0.3996227 3.067635 -0.197262 -0.8233484 3.028832 0.1700635 0.01864806 3.118473 0.2048752 -0.4091884 3.009735 0.2969295 -0.7894917 2.949771 
0.07276189 0.6806905 3.020312 0.07923537 0.46172 3.034797 0.08546133 0.2408399 3.045566 -0.04282141 0.4530331 2.927184 0.09101143 0.3615208 2.704513 0.3570394 0.3688498 2.609058 0.2012922 0.4704069 3.142411 0.2012914 0.1808673 3.142411 0.2012997 -0.1086719 3.142405 0.01528749 0.01452235 2.988975 -0.1370191 -0.3952752 3.057313 -0.1906637 -0.8189784 3.02631 0.1680871 0.02539726 3.123693 0.204147 -0.4014338 3.0115 0.3013307 -0.7914198 2.948082 
0.06893383 0.6773391 3.001583 0.07457262 0.4606639 3.025102 0.0824881 0.2405103 3.04448 -0.04716995 0.4468143 2.917485 0.08703699 0.2662659 2.73871 0.3441665 0.2212339 2.628983 0.1963152 0.4745136 3.132718 0.1963144 0.184974 3.132718 0.1963224 -0.1045652 3.132713 0.01429518 0.01169841 2.99658 -0.1439 -0.3951191 3.069755 -0.1978727 -0.8277091 3.03474 0.166512 0.02901482 3.131135 0.2015638 -0.3964066 3.013497 0.2996182 -0.7874575 2.949873 
0.07074752 0.6718182 2.991745 0.07361062 0.456455 3.02216 0.08001827 0.2368592 3.047832 -0.05198454 0.4407651 2.919297 0.06065609 0.2115602 2.763865 0.2987719 0.1164323 2.647397 0.1992058 0.4721449 3.125023 0.199205 0.1826053 3.125023 0.1992128 -0.1069339 3.125018 0.007865285 0.007449204 3.009162 -0.1493658 -0.4013374 3.072927 -0.2027644 -0.8286816 3.041181 0.1649865 0.0270775 3.137845 0.1964453 -0.3967795 3.01386 0.2989854 -0.7959852 2.951393 
0.06915131 0.6703225 2.988771 0.07129776 0.4555306 3.021618 0.07897804 0.2359875 3.048305 -0.05928398 0.4392656 2.92539 0.01585411 0.1712769 2.792396 0.2230083 0.03966774 2.65849 0.2018795 0.4717955 3.117847 0.2018787 0.182256 3.117847 0.2018863 -0.1072833 3.117843 0.004933676 0.006264892 3.014766 -0.1484649 -0.4057939 3.064143 -0.1992218 -0.8244586 3.036849 0.168383 0.02662375 3.135215 0.2022144 -0.3954312 3.005823 0.304042 -0.7989324 2.934713 
0.07204448 0.6686431 2.985356 0.07232258 0.4534477 3.021799 0.07924823 0.2339306 3.049599 -0.06906892 0.4389202 2.94231 -0.1152521 0.1480463 2.807107 0.008974754 -0.04468762 2.635797 0.2137141 0.4679753 3.101288 0.2137133 0.1784357 3.101288 0.2137204 -0.1111035 3.101284 -0.002241974 0.005329025 3.027693 -0.1483674 -0.4101091 3.07257 -0.1995502 -0.8263191 3.04032 0.1745898 0.02349797 3.127106 0.2070886 -0.3983398 2.996499 0.3002994 -0.7954183 2.938942 
0.07591737 0.6741009 3.000741 0.07721806 0.4579377 3.028759 0.08373015 0.2376144 3.049139 -0.06758347 0.4467754 2.954356 -0.2001017 0.1657963 2.835525 -0.1681148 -0.04149686 2.621685 0.2220196 0.4690999 3.103162 0.2220188 0.1795603 3.103162 0.2220256 -0.1099789 3.103159 -0.0002421336 0.01031596 3.023026 -0.1379001 -0.4065541 3.07895 -0.1957295 -0.8233067 3.030369 0.1807266 0.02426619 3.116012 0.2094028 -0.3982203 2.986652 0.296631 -0.7884491 2.942558 
0.0776692 0.6774604 3.00483 0.07998756 0.4613096 3.029355 0.08621377 0.2406025 3.045496 -0.06956358 0.4523586 2.964652 -0.2500739 0.2252289 2.881382 -0.2979399 0.05383499 2.640068 0.2295387 0.4702606 3.094057 0.2295379 0.180721 3.094057 0.2295444 -0.1088182 3.094055 -0.001076799 0.01429819 3.021178 -0.1276279 -0.4068488 3.071795 -0.1948688 -0.8236212 3.029789 0.1859568 0.02549261 3.102098 0.2136978 -0.4000514 2.98305 0.3043391 -0.7972783 2.937615 
0.07982445 0.6801873 3.005848 0.08180758 0.4632969 3.028471 0.08767956 0.2424864 3.04343 -0.06997801 0.4552401 2.969125 -0.2775578 0.2651268 2.908197 -0.3714786 0.1432359 2.65454 0.2335932 0.4713537 3.087818 0.2335924 0.1818141 3.087818 0.2335988 -0.1077251 3.087816 -0.00140591 0.01663548 3.021261 -0.1265368 -0.4036575 3.081428 -0.1955459 -0.8262386 3.030763 0.188509 0.02671614 3.095516 0.2175632 -0.4029448 2.994133 0.3022458 -0.7953047 2.93695 
0.08314721 0.6793299 2.987863 0.08247815 0.4634305 3.02147 0.08664021 0.2432407 3.043853 -0.07187575 0.4551744 2.968952 -0.3053315 0.3199913 2.906811 -0.4738898 0.3100796 2.655419 0.2368321 0.4716866 3.073988 0.2368313 0.182147 3.073988 0.2368374 -0.1073922 3.073986 -0.005740553 0.01788707 3.033387 -0.1222325 -0.4064715 3.081138 -0.1965829 -0.8259369 3.033476 0.1873451 0.02821489 3.099083 0.2153576 -0.4013605 2.995889 0.3010773 -0.7974324 2.941275 
0.08604246 0.6804307 2.984859 0.08462904 0.4642034 3.020102 0.08865784 0.2440305 3.043017 -0.06976515 0.4559013 2.967479 -0.324326 0.3847442 2.880944 -0.4865873 0.4763546 2.641259 0.2390232 0.4725054 3.072726 0.2390225 0.1829658 3.072726 0.2390284 -0.1065734 3.072725 -0.003876962 0.01866528 3.033019 -0.1172726 -0.4077231 3.069612 -0.1958319 -0.8273473 3.027603 0.1892502 0.02905008 3.098845 0.2150887 -0.4010958 2.997038 0.2992963 -0.790509 2.944794 
0.08549982 0.6795313 2.984352 0.08323025 0.4643503 3.02009 0.08698126 0.2442419 3.04371 -0.06866767 0.4554294 2.96108 -0.3251764 0.4308822 2.845962 -0.4465897 0.5969509 2.635063 0.2351282 0.4732713 3.079099 0.2351274 0.1837317 3.079099 0.2351333 -0.1058075 3.079098 -0.004357472 0.01854886 3.030389 -0.1192573 -0.4068705 3.07311 -0.1965508 -0.829485 3.027358 0.185822 0.02971805 3.10427 0.2096637 -0.3999441 2.999928 0.2953426 -0.794841 2.951097 
