0.06373317 0.690713 3.039677 0.06295441 0.4721003 3.053774 0.06508452 0.2507827 3.056568 -0.08583433 0.4698215 2.986696 -0.284796 0.508126 2.820377 -0.3002043 0.7601559 2.701448 0.2117431 0.4743792 3.120852 0.2117607 0.1848396 3.120878 0.2133534 -0.1046808 3.117965 -0.02581179 0.02804018 3.017423 -0.1164034 -0.4007766 3.079869 -0.2004341 -0.8317484 3.032241 0.160241 0.03088978 3.1013 0.2104925 -0.398637 3.006466 0.3004054 -0.8004794 2.941546 
0.06596147 0.6955484 3.052038 0.06481744 0.4767755 3.059572 0.06486953 0.2553948 3.058757 -0.07996708 0.4770189 2.984242 -0.2219075 0.5375154 2.757071 -0.167981 0.8086725 2.699486 0.209602 0.4765322 3.134902 0.2096129 0.1869926 3.134919 0.2109035 -0.1025343 3.13256 -0.02566666 0.03416638 3.010809 -0.1187696 -0.3951082 3.066431 -0.1966115 -0.8275641 3.025362 0.1555099 0.03386191 3.105074 0.2077781 -0.3947613 3.007025 0.2976011 -0.793668 2.939107 
0.06974727 0.6890405 3.0549 0.06986972 0.4726078 3.060397 0.07193209 0.2512205 3.059901 -0.07122305 0.4714775 2.97827 -0.153731 0.5291268 2.724524 -0.03451736 0.7825474 2.691966 0.2109625 0.473738 3.142525 0.2109692 0.1841984 3.142536 0.2120151 -0.1053329 3.140625 -0.01424851 0.02912628 3.008039 -0.1194884 -0.3974074 3.062181 -0.1921762 -0.8301396 3.031772 0.1622374 0.03054001 3.110769 0.2072674 -0.3986515 3.011667 0.3006737 -0.7944756 2.940324 
0.0558345 0.7033948 3.043362 0.06182402 0.486731 3.055406 0.06982271 0.2656699 3.060288 -0.07934722 0.4798205 2.973796 -0.10135 0.5115587 2.71423 0.06152036 0.7336053 2.67453 0.2029953 0.4936414 3.137016 0.2030004 0.2041019 3.137024 0.203942 -0.08543094 3.135305 -0.0105121 0.04028473 3.014106 -0.123084 -0.383781 3.07269 -0.1935967 -0.8167644 3.036646 0.1661549 0.0489328 3.116235 0.2110689 -0.3811326 3.020917 0.3020903 -0.769403 2.94385 
0.06112815 0.6946127 3.037093 0.06485175 0.4785902 3.050905 0.07057617 0.2574642 3.057982 -0.07643104 0.4723205 2.969282 -0.04816651 0.4687814 2.710109 0.1586082 0.6407465 2.651759 0.2061346 0.4848599 3.132528 0.2061385 0.1953203 3.132535 0.206986 -0.09421378 3.130988 -0.01203416 0.03241823 3.014025 -0.1297709 -0.391296 3.064253 -0.1997199 -0.8343313 3.029191 0.1646353 0.0402583 3.116092 0.2007162 -0.3904801 3.02038 0.2990897 -0.8010679 2.940093 
0.06334095 0.6888844 3.035409 0.06701932 0.4746143 3.048296 0.07185949 0.2534523 3.056276 -0.06363671 0.4682862 2.952167 0.001367153 0.4124378 2.711505 0.2402899 0.5296127 2.637061 0.1976753 0.4809422 3.144426 0.1976784 0.1914026 3.144431 0.1984411 -0.09813257 3.143038 -0.005509715 0.0283087 3.003772 -0.1251491 -0.3945133 3.057595 -0.1910314 -0.8323374 3.017426 0.1589091 0.0362719 3.124741 0.1982587 -0.3936871 3.02668 0.2945139 -0.7941867 2.949242 
0.06530017 0.6891149 3.03405 0.07049978 0.4729 3.044667 0.07548158 0.2517619 3.053785 -0.05496244 0.4658181 2.941462 0.04263726 0.3507359 2.729273 0.2927381 0.4055989 2.623105 0.195962 0.4799818 3.147871 0.1959642 0.1904422 3.147876 0.1966507 -0.09909375 3.146623 0.002117213 0.02620137 2.998456 -0.1275824 -0.3924043 3.060162 -0.1911067 -0.8287104 3.025711 0.1588095 0.03504604 3.12735 0.2059002 -0.3916705 3.019674 0.2995704 -0.7938301 2.946822 
0.06599576 0.6859103 3.033137 0.07312819 0.468913 3.042253 0.07941543 0.2478484 3.052475 -0.04903635 0.4604709 2.934831 0.06679352 0.2873696 2.746163 0.322838 0.2758523 2.626079 0.1952928 0.477355 3.149675 0.1952944 0.1878154 3.149678 0.1959123 -0.1017212 3.14855 0.009418883 0.02151239 2.99562 -0.1282762 -0.394294 3.059235 -0.1891698 -0.8294588 3.030473 0.1619865 0.03205539 3.129776 0.2001718 -0.3930687 3.012974 0.3036782 -0.7928221 2.949231 
0.06716342 0.6842235 3.018892 0.07543463 0.4669419 3.037211 0.08564182 0.2466712 3.055794 -0.04880547 0.4523426 2.932404 0.06374368 0.2098272 2.773504 0.2985999 0.1014561 2.634815 0.1996747 0.4815412 3.142018 0.1996755 0.1920016 3.14202 0.2001762 -0.09753592 3.141106 0.01818859 0.01727469 3.008865 -0.1359133 -0.3924322 3.074234 -0.1974988 -0.8273911 3.042243 0.1735094 0.03552628 3.139891 0.2004295 -0.391775 3.027571 0.3002357 -0.7856583 2.955927 
0.06669584 0.6837641 3.023882 0.07442142 0.4642391 3.039293 0.08482558 0.2437033 3.054867 -0.05347762 0.4511096 2.938813 0.02182133 0.1654423 2.783243 0.236308 0.03845048 2.613544 0.2023205 0.4773685 3.139773 0.2023209 0.1878289 3.139774 0.2027716 -0.101709 3.138952 0.01521548 0.01495364 3.00758 -0.1374668 -0.3963058 3.066722 -0.1978826 -0.8270442 3.032665 0.175244 0.03138135 3.133301 0.1989741 -0.3934879 3.01153 0.3031003 -0.7951198 2.939377 
0.07021198 0.6825576 3.014903 0.07600965 0.4635233 3.036412 0.08474737 0.2430077 3.05362 -0.05861883 0.4511058 2.945646 -0.047524 0.1586661 2.804681 0.1023304 -0.003063461 2.612448 0.2106381 0.4759407 3.127178 0.2106383 0.1864012 3.127179 0.211044 -0.1031371 3.126439 0.009097958 0.01470863 3.013934 -0.1390725 -0.3973705 3.078757 -0.2000554 -0.8270882 3.036295 0.1778723 0.03027556 3.127721 0.2050378 -0.3962571 3.012509 0.3033999 -0.7901058 2.94144 
0.06767424 0.6884577 3.026356 0.07417914 0.4689615 3.043816 0.08392085 0.2481876 3.057044 -0.06588409 0.4578169 2.96096 -0.1506704 0.1541901 2.819415 -0.09822048 -0.03040895 2.586933 0.2142424 0.4801062 3.126672 0.2142421 0.1905666 3.126673 0.2145707 -0.0989721 3.126073 0.006084885 0.02044519 3.018464 -0.130511 -0.3956948 3.08292 -0.1973321 -0.8275726 3.035513 0.1812402 0.03438208 3.122079 0.2049436 -0.3935173 3.010813 0.3061847 -0.7942001 2.942325 
0.06782632 0.6890981 3.028612 0.07466031 0.4703394 3.045036 0.08391626 0.2494015 3.055528 -0.06828978 0.4606464 2.967029 -0.21338 0.1961202 2.912211 -0.2063132 0.047517 2.673099 0.2176104 0.4800324 3.123044 0.21761 0.1904928 3.123044 0.2179057 -0.09904611 3.122505 0.003764214 0.02240106 3.017229 -0.1287976 -0.3970805 3.063559 -0.1961244 -0.8285138 3.032638 0.1825802 0.03452597 3.114808 0.2057979 -0.3924646 2.999948 0.3054231 -0.8006149 2.934324 
0.06495893 0.6909595 3.030732 0.07177016 0.4732877 3.045107 0.08115135 0.2522339 3.052392 -0.07392716 0.4647018 2.972203 -0.2447455 0.2515951 2.937099 -0.3104574 0.1197613 2.718037 0.2174675 0.4818737 3.11801 0.217467 0.1923341 3.118011 0.2177331 -0.09720489 3.117525 -0.000601038 0.02580955 3.014076 -0.1267669 -0.395337 3.064534 -0.1982252 -0.8268081 3.027263 0.1816661 0.03655052 3.105278 0.2031983 -0.3927966 2.999547 0.3001797 -0.7958692 2.931265 
0.06745104 0.6927615 3.043094 0.07087712 0.4737064 3.049252 0.07814444 0.2525065 3.049937 -0.07968565 0.4685658 2.986625 -0.3107331 0.3016809 2.916022 -0.4724104 0.2488291 2.700011 0.2214399 0.4788468 3.11188 0.2214393 0.1893073 3.11188 0.221655 -0.1002318 3.111487 -0.008699394 0.02809351 3.011476 -0.1197694 -0.3967533 3.0672 -0.2014317 -0.8244051 3.024088 0.1795229 0.03451981 3.089768 0.2083697 -0.3954403 2.988128 0.2957961 -0.7948386 2.934312 
0.06521278 0.6915317 3.036986 0.06786302 0.4728256 3.045854 0.07388967 0.2515491 3.047095 -0.0841449 0.4683529 2.986583 -0.3358601 0.3403333 2.904029 -0.5128739 0.3567255 2.691786 0.2198709 0.4772983 3.105124 0.2198702 0.1877587 3.105124 0.2200647 -0.1017803 3.10477 -0.0151303 0.02747586 3.011276 -0.1200474 -0.3977276 3.075327 -0.20439 -0.8289868 3.027835 0.174963 0.03306922 3.085397 0.2078722 -0.399299 2.99684 0.298198 -0.802839 2.937819 
0.06692804 0.6911074 3.033907 0.06743356 0.4728592 3.04468 0.07243598 0.2515405 3.046615 -0.08487108 0.468903 2.985934 -0.3484116 0.3911766 2.887014 -0.507218 0.4873307 2.683295 0.2197382 0.4768154 3.103425 0.2197375 0.1872758 3.103425 0.2199127 -0.1022632 3.103106 -0.0177898 0.02774821 3.01182 -0.1165975 -0.3994031 3.072892 -0.200645 -0.828917 3.029552 0.1726666 0.03269545 3.08528 0.2118544 -0.399516 2.998119 0.2990719 -0.7985635 2.942461 
