0.05442207 0.7014162 3.032948 0.0568924 0.4833456 3.038031 0.06257572 0.2620642 3.037431 -0.09615087 0.4795688 2.981249 -0.3493912 0.4251825 2.868246 -0.4825158 0.5774019 2.654855 0.2099357 0.4871225 3.094814 0.2463291 0.1649965 3.13722 0.255068 -0.04249025 2.903807 -0.02745592 0.03842071 3.001319 -0.1220727 -0.3866649 3.080544 -0.2067299 -0.8267143 3.027872 0.163974 0.04314484 3.072344 0.1949589 -0.390488 2.988359 0.2916886 -0.7949252 2.945412 
0.05830373 0.6969401 3.0326 0.05939966 0.4795384 3.038642 0.06278677 0.2581716 3.038707 -0.09067982 0.477223 2.97439 -0.3341003 0.5018064 2.825035 -0.3894216 0.7453929 2.659416 0.2094791 0.4818538 3.102894 0.2530756 0.161737 3.144039 0.2663175 -0.03171336 2.896406 -0.02770208 0.03535641 2.998583 -0.112479 -0.392513 3.074413 -0.1983619 -0.8309246 3.027289 0.1600498 0.03825302 3.078963 0.2019859 -0.3942354 2.993968 0.3016071 -0.7995073 2.94519 
0.06124426 0.6972104 3.044686 0.06274953 0.4800952 3.044303 0.06480198 0.2588404 3.038887 -0.0839838 0.4804779 2.973065 -0.296406 0.5363277 2.798966 -0.300352 0.8055856 2.666403 0.2094829 0.4797126 3.115541 0.2496572 0.1589476 3.147018 0.2616373 -0.03727554 2.894143 -0.02502094 0.03782515 2.988865 -0.1123044 -0.3888102 3.06881 -0.1965987 -0.826312 3.014949 0.1587298 0.03734596 3.078075 0.2025515 -0.3946874 2.991575 0.3002777 -0.7956463 2.940042 
0.06386277 0.692482 3.037762 0.0645996 0.4748295 3.04217 0.066347 0.2535023 3.040326 -0.08014976 0.474314 2.966851 -0.2412481 0.5621967 2.757469 -0.1785359 0.8413127 2.675685 0.2093489 0.475345 3.117488 0.2447755 0.1524387 3.144008 0.2566693 -0.04086818 2.888226 -0.02241684 0.03185274 2.991386 -0.1154525 -0.3926626 3.075847 -0.1967508 -0.8339127 3.027321 0.1586057 0.03249742 3.085579 0.201542 -0.399778 2.999742 0.3026261 -0.7951718 2.950555 
0.06799661 0.6850172 3.030525 0.06594543 0.4677346 3.040716 0.0636254 0.2464164 3.043534 -0.0761745 0.4682017 2.960377 -0.1425952 0.5668374 2.71182 0.009324631 0.8286169 2.665089 0.2080654 0.4672676 3.121056 0.2416641 0.1698191 3.161446 0.2600811 -0.03650937 2.921285 -0.02759771 0.02539027 2.996095 -0.1234033 -0.4012379 3.064915 -0.2031908 -0.8305473 3.02698 0.1502085 0.02480599 3.096607 0.1983611 -0.4078157 3.015484 0.2952996 -0.7915373 2.949564 
0.05830758 0.6933397 3.031285 0.06401511 0.4769537 3.042155 0.06900917 0.2558227 3.047269 -0.07560287 0.471852 2.9579 -0.08234494 0.5339007 2.703032 0.108524 0.7648924 2.660839 0.2036331 0.4820555 3.126411 0.2403061 0.1754285 3.16331 0.2680681 -0.02829608 2.931729 -0.0133884 0.03149829 2.999645 -0.1100501 -0.3947092 3.070421 -0.1839085 -0.8188531 3.027584 0.1613949 0.03788504 3.105122 0.2169407 -0.3938676 3.024335 0.3155662 -0.7796149 2.947569 
0.05665189 0.6905249 3.036256 0.06796204 0.4754676 3.043939 0.07805137 0.2545467 3.049248 -0.06456692 0.4671409 2.949306 -0.001840027 0.4629584 2.696807 0.231191 0.6137572 2.629821 0.200491 0.4837942 3.138573 0.2390341 0.1628737 3.163678 0.2780447 -0.02762692 2.927878 0.005235083 0.02841695 2.995358 -0.1159211 -0.3906983 3.069618 -0.1839956 -0.8280903 3.033809 0.1710463 0.03883467 3.113756 0.2123628 -0.3905358 3.014879 0.3111519 -0.7867423 2.9533 
0.05130405 0.6914882 3.032573 0.06749208 0.4766238 3.041297 0.08324724 0.2560367 3.050179 -0.05275775 0.4636479 2.932338 0.0491957 0.391483 2.718828 0.2986474 0.4603797 2.628659 0.1877419 0.4895997 3.150256 0.2409315 0.1732212 3.179522 0.2838662 -0.0315799 2.936954 0.02368058 0.02732187 2.990811 -0.1257858 -0.3833222 3.058791 -0.1901425 -0.823974 3.026215 0.1743242 0.04357748 3.12731 0.1940678 -0.381371 3.005965 0.2966172 -0.7755647 2.952957 
0.04946527 0.6860654 3.019267 0.0659617 0.4723308 3.032794 0.08172261 0.2520539 3.047119 -0.05289281 0.4566406 2.922294 0.08157823 0.3372602 2.73789 0.3327712 0.3607447 2.618057 0.1848162 0.488021 3.143294 0.2429169 0.1750889 3.192274 0.2861596 -0.0295011 2.95199 0.02325188 0.02197757 2.992431 -0.1306914 -0.3858023 3.068374 -0.1964122 -0.8299834 3.031548 0.1717152 0.04157649 3.130458 0.196633 -0.3839108 3.011283 0.2966014 -0.7866285 2.948817 
0.04954522 0.6877663 3.024603 0.06710954 0.4710128 3.034699 0.08303864 0.2505709 3.046769 -0.05042635 0.4563732 2.922446 0.0913104 0.2716244 2.754447 0.3448206 0.2398167 2.626007 0.1846454 0.4856524 3.146952 0.2429664 0.1920515 3.20915 0.2978379 -0.03011385 2.982036 0.0255105 0.02097955 2.988684 -0.1267992 -0.3879869 3.062591 -0.1930234 -0.8247827 3.025364 0.172425 0.03927832 3.128995 0.2031793 -0.3873398 3.015126 0.3001738 -0.7956438 2.938235 
0.04748758 0.6880723 3.027783 0.06544515 0.4694241 3.035559 0.08309734 0.2489793 3.045142 -0.05573857 0.4550104 2.92722 0.0621112 0.2088431 2.768195 0.3137718 0.1216411 2.644801 0.1866288 0.4838378 3.143898 0.2649197 0.2325282 3.26595 0.3465274 -0.019595 3.102069 0.0249469 0.01951851 2.986958 -0.1282759 -0.3872583 3.070401 -0.1967078 -0.8308576 3.025826 0.1765522 0.0375506 3.122494 0.2085713 -0.3879959 3.004716 0.3023332 -0.7903978 2.936836 
0.04503978 0.6924112 3.015702 0.06155949 0.4736305 3.032587 0.08068769 0.2537293 3.04834 -0.06493207 0.4553813 2.931433 -0.0007484131 0.1803577 2.797528 0.2020444 0.03246938 2.650869 0.188051 0.4918797 3.13374 0.2524108 0.2273516 3.232309 0.3221142 -0.01714751 3.093764 0.02059455 0.02239865 3.00074 -0.1278337 -0.3864284 3.083215 -0.2014151 -0.8252943 3.041554 0.1790372 0.04525748 3.127445 0.2061965 -0.3815078 3.012819 0.3046624 -0.7856417 2.948177 
0.04598668 0.6936705 3.023237 0.06301534 0.4740523 3.039384 0.08353628 0.2541422 3.053951 -0.06940091 0.4555357 2.946387 -0.06941174 0.1572133 2.811212 0.0685292 -0.03031207 2.644239 0.1954316 0.4925689 3.13238 0.2479769 0.2191231 3.21175 0.3118204 -0.03374499 3.085993 0.02116484 0.02264073 3.010302 -0.1255097 -0.3880033 3.086782 -0.1962095 -0.8274165 3.038902 0.1869496 0.0458235 3.126734 0.2085023 -0.3813772 3.012484 0.3114134 -0.7930582 2.941041 
0.04785824 0.6937344 3.027049 0.06412884 0.475008 3.044572 0.08436056 0.2550379 3.05914 -0.07277587 0.4566943 2.958172 -0.1437008 0.1576035 2.833106 -0.0777858 -0.04907414 2.640357 0.2010335 0.4933217 3.130972 0.2436768 0.2141177 3.194689 0.301986 -0.04559378 3.080745 0.01898349 0.02361601 3.01968 -0.1256359 -0.3899926 3.081564 -0.199047 -0.8243241 3.039078 0.1902011 0.04651972 3.127735 0.2015521 -0.3826221 3.019964 0.3080532 -0.7996334 2.93193 
0.04786007 0.6924374 3.029427 0.06486824 0.4753884 3.048616 0.08623796 0.2554698 3.062516 -0.07558885 0.4566485 2.968058 -0.2003648 0.2203167 2.915524 -0.1972028 0.04028983 2.714211 0.2053253 0.4941283 3.129174 0.2397919 0.2112181 3.180233 0.2929218 -0.05407883 3.077142 0.01979034 0.0238345 3.026048 -0.1220221 -0.3915384 3.083297 -0.196063 -0.8254251 3.035246 0.195425 0.04726782 3.126782 0.2053566 -0.3796108 3.0102 0.3080614 -0.7944231 2.93197 
0.04765214 0.6917323 3.030133 0.06445376 0.4751964 3.04955 0.08625014 0.2552596 3.062606 -0.07897966 0.4565115 2.97425 -0.2301983 0.2556687 2.941752 -0.2841182 0.09791268 2.73418 0.2078872 0.4938813 3.124849 0.2356667 0.2085905 3.165722 0.2839837 -0.06125876 3.072556 0.01836414 0.02364005 3.028582 -0.1226205 -0.3935863 3.071543 -0.199318 -0.8264979 3.030508 0.1977289 0.04700565 3.122745 0.20243 -0.3792812 3.003467 0.3067091 -0.7963596 2.933435 
0.04462551 0.6925832 3.037178 0.06152037 0.4758877 3.05334 0.08304376 0.2557658 3.062481 -0.08665878 0.4586526 2.987212 -0.3018261 0.2969308 2.920689 -0.4277459 0.2480947 2.685228 0.2096995 0.4931229 3.119468 0.2276492 0.2053263 3.145622 0.2674285 -0.07124259 3.069725 0.01191949 0.02486771 3.030277 -0.124952 -0.3927269 3.083364 -0.2036327 -0.824532 3.032973 0.1972148 0.04641995 3.112969 0.1997772 -0.3833713 3.006852 0.3027451 -0.801081 2.940262 
0.04774736 0.6961932 3.046563 0.05983613 0.4786267 3.056196 0.07694616 0.2580588 3.058815 -0.09001944 0.4662499 2.992843 -0.3184573 0.3349921 2.904847 -0.4477818 0.3672827 2.670318 0.2096917 0.4910035 3.11955 0.2240956 0.2025799 3.140465 0.2601258 -0.07643811 3.072026 0.0003111534 0.02974844 3.021801 -0.1318684 -0.3896824 3.072712 -0.2105249 -0.8197622 3.016151 0.1878012 0.04523355 3.101065 0.1932245 -0.3854134 2.998432 0.2946307 -0.7964617 2.929764 
0.04998477 0.6946367 3.03478 0.05771851 0.4769803 3.051422 0.06967739 0.2560541 3.057738 -0.09323223 0.4670508 2.989912 -0.3283461 0.4017487 2.856221 -0.40413 0.5606336 2.64959 0.2086693 0.4869098 3.112933 0.2179259 0.1978276 3.126307 0.2474072 -0.0847941 3.070729 -0.01275531 0.0289189 3.02559 -0.1250389 -0.395045 3.08448 -0.2052129 -0.8258909 3.030382 0.1760278 0.04133704 3.102517 0.1973361 -0.3893277 3.002614 0.2976955 -0.7959856 2.944991 
