0.08537149 0.7047086 3.05545 0.07925303 0.4855177 3.052397 0.07495666 0.2643541 3.043658 -0.07678965 0.4904368 3.004617 -0.3251465 0.4148161 2.893637 -0.4151832 0.6127447 2.707364 0.2352957 0.4805987 3.100176 0.2352956 0.1910592 3.100176 0.2353005 -0.09848004 3.100176 -0.02689653 0.04626587 3.005048 -0.09564212 -0.379026 3.10435 -0.2297528 -0.845957 2.985261 0.1682171 0.04011517 3.064791 0.2045942 -0.3952838 2.993517 0.300759 -0.7950059 2.943596 
0.08334117 0.6993084 3.056354 0.08180848 0.4823389 3.053808 0.08323865 0.261114 3.04624 -0.06981312 0.4834153 2.99369 -0.2795652 0.4849415 2.827013 -0.2705503 0.745794 2.690795 0.2334301 0.4812625 3.113926 0.2334299 0.191723 3.113926 0.2334348 -0.09781622 3.113926 -0.01022561 0.04056276 3.001046 -0.07917348 -0.3825176 3.110815 -0.2214364 -0.8514169 2.968914 0.1795632 0.03921541 3.076297 0.2175443 -0.39559 3.001873 0.3110941 -0.7896162 2.953254 
0.08413371 0.6994635 3.056628 0.083579 0.4834534 3.055201 0.08627466 0.262184 3.048771 -0.06551547 0.4835587 2.989066 -0.2283064 0.5159783 2.779032 -0.1690861 0.7880517 2.683033 0.2326735 0.4833481 3.121335 0.2326733 0.1938086 3.121335 0.2326782 -0.09573065 3.121335 -0.004295342 0.04098054 3.000971 -0.08587582 -0.3799141 3.110401 -0.2243834 -0.8477953 2.976839 0.182236 0.04084883 3.083711 0.2104454 -0.3932082 3.001784 0.3062064 -0.7955025 2.949977 
0.09474935 0.6980147 3.070148 0.09253187 0.4826596 3.063109 0.09303504 0.2615147 3.053373 -0.04992693 0.4857847 2.984759 -0.1510061 0.524928 2.741424 -0.02877405 0.7833183 2.675925 0.2349907 0.4795344 3.141459 0.2349905 0.1899949 3.141459 0.2349954 -0.09954431 3.141459 0.004157119 0.04233063 2.994479 -0.08402786 -0.3774846 3.103437 -0.2206585 -0.8482503 2.97045 0.1829193 0.03840906 3.092795 0.2066696 -0.3946517 3.004287 0.3024512 -0.7955119 2.954332 
0.1098125 0.6431137 3.089325 0.1027761 0.4305375 3.071354 0.09603003 0.2104732 3.051976 -0.03251004 0.4425926 2.981546 -0.05783199 0.512568 2.704409 0.15292 0.7108397 2.657759 0.2380623 0.4184825 3.161162 0.2380621 0.1289429 3.161162 0.238067 -0.1605963 3.161161 0.004852388 -0.002067657 2.97655 -0.1052806 -0.4125724 3.093974 -0.2416539 -0.8666497 2.980247 0.1737155 -0.01711472 3.088647 0.1999178 -0.4483749 3.002118 0.294122 -0.823281 2.947453 
0.09672125 0.6923724 3.064888 0.1011276 0.4494979 3.063615 0.09744362 0.2288204 3.052545 -0.02804712 0.4566126 2.96477 0.008345078 0.4812314 2.685437 0.2649907 0.6114079 2.632904 0.2303023 0.4423833 3.162461 0.2303021 0.1528438 3.162461 0.2303071 -0.1366954 3.16246 0.0118015 0.01265688 2.978761 -0.09668598 -0.4047122 3.11142 -0.2213388 -0.835051 2.990294 0.1757178 0.003628738 3.104191 0.2289291 -0.4465776 3.010457 0.3080043 -0.781435 2.952938 
0.1032718 0.6938825 3.061409 0.1031524 0.4646964 3.060835 0.1005987 0.2436542 3.055959 -0.014833 0.4685134 2.949608 0.05086071 0.4372762 2.687768 0.323404 0.5262185 2.638202 0.2211378 0.4608795 3.172063 0.2211376 0.17134 3.172063 0.2211426 -0.1181993 3.172063 0.02338164 0.02502741 2.980695 -0.08737197 -0.3855888 3.118115 -0.2204445 -0.8447791 2.981038 0.1727082 0.02019656 3.121469 0.2169265 -0.4180378 3.017257 0.298192 -0.7862605 2.955285 
0.1055397 0.6928124 3.060222 0.1052793 0.4705167 3.057581 0.1037224 0.2492907 3.055522 -0.003760858 0.4724026 2.937417 0.1037917 0.3816812 2.699946 0.3834228 0.4137853 2.634146 0.2143195 0.4686307 3.177746 0.2143193 0.1790912 3.177746 0.2143242 -0.110448 3.177746 0.03367402 0.02924936 2.977984 -0.08592132 -0.3820383 3.096411 -0.2216786 -0.8492633 2.971425 0.170657 0.02688013 3.128942 0.2117607 -0.4038048 3.014371 0.3011463 -0.7943287 2.943296 
0.1045922 0.6924009 3.057532 0.1051358 0.4731115 3.053539 0.1026584 0.251806 3.053061 -0.0004449193 0.4745609 2.929701 0.1323631 0.3328624 2.707965 0.4174813 0.3238614 2.637133 0.2107164 0.471662 3.177376 0.2107163 0.1821225 3.177376 0.2107212 -0.1074167 3.177376 0.03415782 0.0314068 2.975142 -0.09423578 -0.3757369 3.095315 -0.2282622 -0.8475674 2.9753 0.1662043 0.02959409 3.130022 0.2044495 -0.3975578 3.010711 0.299628 -0.7953102 2.938347 
0.1066346 0.6875839 3.039078 0.1047971 0.4682386 3.042544 0.1022597 0.2469756 3.048281 -0.003091842 0.4663013 2.920128 0.1286135 0.2319545 2.750986 0.3933249 0.1317564 2.65574 0.2126861 0.4701758 3.16496 0.2126859 0.1806363 3.16496 0.2126909 -0.1089029 3.16496 0.03225614 0.02450113 2.977469 -0.09949641 -0.3823597 3.092258 -0.2305473 -0.8512726 2.982838 0.1671882 0.02692395 3.130569 0.202785 -0.3963287 3.003524 0.3031587 -0.7963191 2.946964 
0.1037778 0.6899754 3.034716 0.1002074 0.4692611 3.040925 0.09708771 0.2480515 3.049306 -0.01415343 0.4664622 2.924476 0.09442547 0.1717236 2.77425 0.3267323 -0.004279297 2.6577 0.2145681 0.4720599 3.157375 0.214568 0.1825204 3.157375 0.2145729 -0.1070188 3.157375 0.02243964 0.02509137 2.984851 -0.1022572 -0.3849836 3.095643 -0.2338983 -0.8468141 2.979712 0.1654965 0.02859256 3.130521 0.2053279 -0.396843 3.013985 0.3049271 -0.7896311 2.939658 
0.09942864 0.6914113 3.033651 0.09758349 0.4706049 3.042081 0.09636063 0.2493678 3.050299 -0.02107965 0.4671021 2.93012 0.06470602 0.1563805 2.789091 0.2707296 -0.05138187 2.671311 0.2162466 0.4741077 3.154042 0.2162465 0.1845682 3.154042 0.2162514 -0.104971 3.154042 0.02087897 0.02593872 2.988452 -0.1007287 -0.3864943 3.093837 -0.2304703 -0.8503404 2.984343 0.1693966 0.03032281 3.128581 0.2084096 -0.3944953 3.009714 0.3102351 -0.7927288 2.939332 
0.09676782 0.6954306 3.033214 0.0956034 0.4746034 3.044461 0.09652476 0.253456 3.054636 -0.02892602 0.4692509 2.939405 -0.01459281 0.1366872 2.806482 0.135419 -0.09985659 2.670093 0.2201328 0.479956 3.149517 0.2201326 0.1904165 3.149517 0.2201376 -0.09912274 3.149517 0.01946488 0.0289567 2.999025 -0.09921104 -0.3838873 3.106302 -0.230901 -0.8475628 2.987947 0.1754273 0.03566031 3.130598 0.2098316 -0.3917249 3.020304 0.3127395 -0.7929021 2.940721 
0.08416963 0.6993801 3.043077 0.08804116 0.4797156 3.049602 0.09338498 0.2585186 3.054474 -0.04741182 0.474454 2.959292 -0.1255447 0.144051 2.839255 -0.08474495 -0.1252399 2.680088 0.2234941 0.4849772 3.139912 0.223494 0.1954377 3.139912 0.2234989 -0.09410156 3.139912 0.01397565 0.03402947 3.002839 -0.09945357 -0.3850166 3.088971 -0.2300269 -0.8475059 2.979146 0.183482 0.04061386 3.115854 0.2068526 -0.3868963 3.003103 0.3079355 -0.794377 2.930876 
0.07953972 0.701824 3.052596 0.08723243 0.483288 3.05464 0.09709737 0.2621648 3.054783 -0.05491662 0.4768946 2.974977 -0.1907025 0.1950702 2.881006 -0.2364565 -0.0489561 2.698031 0.2293815 0.4896813 3.134304 0.2293813 0.2001418 3.134304 0.2293862 -0.08939746 3.134304 0.01813171 0.03704637 3.005144 -0.08916638 -0.380406 3.105966 -0.2265632 -0.843926 2.972554 0.1957929 0.04503691 3.104709 0.2113719 -0.3858151 3.004375 0.3123735 -0.7932841 2.942156 
0.07507209 0.7034736 3.053683 0.08458445 0.4861444 3.055313 0.09644171 0.265097 3.054556 -0.06043654 0.4786195 2.981052 -0.2283715 0.2290581 2.905467 -0.325405 0.03204224 2.704479 0.2296055 0.4936694 3.129574 0.2296053 0.2041299 3.129574 0.2296102 -0.0854093 3.129574 0.01759925 0.03934322 3.007355 -0.09442358 -0.376442 3.110136 -0.2321091 -0.843497 2.970071 0.1989987 0.04875587 3.100244 0.2086924 -0.3798809 2.990403 0.3056139 -0.7883778 2.942439 
0.07488471 0.7048474 3.054778 0.08349704 0.4868709 3.055331 0.09496172 0.2657955 3.053061 -0.06461017 0.4798871 2.987429 -0.2767167 0.2570461 2.911739 -0.4303175 0.128765 2.704535 0.2316042 0.4938547 3.123232 0.2316041 0.2043152 3.123232 0.231609 -0.085224 3.123232 0.0137683 0.04035094 3.008312 -0.09614328 -0.3785232 3.099766 -0.2361311 -0.8448737 2.973408 0.1990845 0.04908934 3.093272 0.2069554 -0.3809161 2.988417 0.3028381 -0.7962276 2.938533 
0.07409281 0.7054369 3.055318 0.08205155 0.4871353 3.055407 0.09387349 0.2660814 3.052054 -0.06760707 0.4801121 2.990739 -0.3023716 0.2800313 2.913869 -0.4914065 0.2057813 2.70975 0.2317102 0.4941584 3.120074 0.23171 0.2046189 3.120074 0.2317149 -0.08492029 3.120074 0.01213913 0.04063716 3.008276 -0.09448179 -0.3799872 3.095885 -0.2332664 -0.8476421 2.978167 0.1992517 0.04941798 3.089128 0.2039948 -0.3816008 2.988121 0.3045951 -0.798461 2.94111 
0.07340774 0.7047441 3.055991 0.07858665 0.4861832 3.053185 0.08832217 0.2651257 3.045906 -0.07334043 0.481456 2.99355 -0.3543621 0.3522707 2.907486 -0.5469565 0.4168852 2.698025 0.2305137 0.4909104 3.112821 0.2305135 0.2013709 3.112821 0.2305185 -0.08816834 3.112821 0.003044046 0.04111192 3.001331 -0.1079037 -0.3810461 3.068849 -0.2162013 -0.8222091 3.033826 0.1930713 0.04702458 3.075921 0.1989631 -0.3857246 2.982502 0.3003928 -0.7957923 2.938238 
0.07727894 0.7071957 3.069143 0.07776829 0.4906141 3.055882 0.0838012 0.2699711 3.039909 -0.07418255 0.4907863 2.99611 -0.3542829 0.4100492 2.886833 -0.5199724 0.5707293 2.684864 0.2297191 0.4904419 3.115653 0.229719 0.2009024 3.115653 0.2297239 -0.08863681 3.115653 -0.005223284 0.04943573 2.986544 -0.09659111 -0.3731292 3.078995 -0.2210283 -0.8349375 2.992071 0.1848915 0.04922034 3.061328 0.1995813 -0.3859035 2.981158 0.3012603 -0.7953593 2.936732 
