-0.01381215 0.7125134 2.876828 -0.009695972 0.4940013 2.868238 -0.0005999823 0.2699886 2.860383 -0.1544334 0.4907518 2.793307 -0.416856 0.4420245 2.61664 -0.5783695 0.5815279 2.428162 0.1350415 0.4972507 2.943168 0.2168322 0.1520164 2.89906 0.2660255 0.02144025 2.650217 -0.08340868 0.04391255 2.804949 -0.193972 -0.38847 2.758116 -0.2566383 -0.7882196 2.733137 0.1004007 0.04803926 2.900106 0.1432786 -0.3827683 2.782282 0.2099192 -0.7750859 2.767314 
-0.009452993 0.712841 2.881952 -0.007825207 0.4944029 2.869289 -0.002421801 0.2704331 2.858064 -0.1505608 0.4949 2.79066 -0.3823781 0.4970032 2.578263 -0.4990221 0.6932655 2.409805 0.1349104 0.4939059 2.947918 0.2169569 0.1505244 2.898988 0.2652334 0.02628847 2.651015 -0.08768921 0.04677905 2.796892 -0.1934335 -0.3875223 2.757961 -0.255419 -0.7917172 2.733394 0.09365242 0.04614758 2.896788 0.140674 -0.3848727 2.781182 0.208869 -0.7772145 2.772586 
-0.007178485 0.7107917 2.885039 -0.006279086 0.4932951 2.869958 -0.002144061 0.2693373 2.857287 -0.1456615 0.4954892 2.785692 -0.3216595 0.5334938 2.534606 -0.3753805 0.7706497 2.389305 0.1331034 0.491101 2.954224 0.2140083 0.147274 2.900968 0.2654014 0.02783523 2.648894 -0.0865588 0.04677338 2.791082 -0.1841455 -0.3897423 2.756165 -0.2525152 -0.7933092 2.737942 0.09054074 0.04398553 2.89815 0.1442339 -0.3874723 2.787292 0.2136826 -0.781819 2.778388 
-0.00532296 0.7064682 2.886651 -0.001131763 0.4887082 2.873983 0.004467315 0.2646332 2.864218 -0.134359 0.4894431 2.780729 -0.246428 0.5512831 2.50135 -0.2248221 0.8046057 2.378516 0.1320955 0.4879733 2.967237 0.2114067 0.1460917 2.901028 0.2726384 0.02308603 2.65653 -0.07467448 0.04102571 2.795137 -0.1748509 -0.3952478 2.763963 -0.2424917 -0.8019071 2.747443 0.09480726 0.04009084 2.913769 0.1502606 -0.3916555 2.804699 0.2201575 -0.7857195 2.790171 
0.01431454 0.6608355 2.87398 0.01073531 0.4452864 2.866539 0.007307312 0.221143 2.859596 -0.123154 0.4502049 2.773845 -0.1421301 0.5302978 2.473163 0.003510757 0.7524403 2.379043 0.1446246 0.4403678 2.959232 0.2123754 0.142295 2.920267 0.2779309 0.01856971 2.671617 -0.08106516 0.0001201172 2.793846 -0.2167618 -0.4258465 2.761516 -0.2597482 -0.8086134 2.746547 0.08882378 -0.006120849 2.911462 0.1428214 -0.4322205 2.784202 0.2060855 -0.7944747 2.773993 
0.005009953 0.6778868 2.881616 0.01355923 0.4205249 2.865898 0.004776111 0.1964571 2.858796 -0.1214333 0.4287025 2.774838 -0.07428668 0.4900668 2.473307 0.1417348 0.6391104 2.375814 0.1485518 0.4123472 2.956959 0.2160965 0.1325809 2.926074 0.274871 0.01937164 2.67104 -0.08969696 -0.02241974 2.793892 -0.2279098 -0.4486181 2.771087 -0.2559132 -0.8015996 2.745888 0.08168294 -0.03280167 2.909497 0.157054 -0.4600543 2.796397 0.211735 -0.7918736 2.777278 
-0.003956956 0.6869841 2.87427 0.003673285 0.4500733 2.864477 0.001396113 0.2258701 2.862809 -0.1185315 0.452103 2.758504 -0.02549356 0.4465518 2.476525 0.210773 0.5546216 2.369797 0.1258781 0.4480436 2.970449 0.2171974 0.1307753 2.921411 0.2776692 0.01579375 2.669888 -0.079368 0.002970428 2.793079 -0.2174789 -0.4316997 2.77115 -0.2465846 -0.7663284 2.745797 0.07760587 0.0003633118 2.929202 0.1611326 -0.4417028 2.805404 0.210555 -0.7602313 2.785788 
-0.01048541 0.6945636 2.870638 -0.002784942 0.4677622 2.865868 0.0009323069 0.2436112 2.868371 -0.1075993 0.4646652 2.744175 0.01183745 0.4132273 2.47975 0.2623525 0.4798568 2.367943 0.1020294 0.4708592 2.987561 0.2128517 0.1394344 2.921547 0.2826772 0.01438771 2.678061 -0.0627031 0.01747021 2.792675 -0.208044 -0.4107294 2.772998 -0.2393419 -0.7743348 2.74425 0.0720022 0.02145038 2.949072 0.155474 -0.4081457 2.815611 0.2089634 -0.766139 2.788317 
-0.0162529 0.6953152 2.869493 -0.005363049 0.4728087 2.866176 0.001518049 0.2487028 2.871125 -0.1038644 0.4669576 2.738194 0.04279077 0.3631156 2.493504 0.2996936 0.3858539 2.367122 0.09313835 0.4786597 2.994157 0.2024178 0.1477141 2.930317 0.2846905 0.01632608 2.689511 -0.05404569 0.0208877 2.794941 -0.2108555 -0.4008468 2.772156 -0.2484193 -0.77956 2.747688 0.07084398 0.02830618 2.957208 0.1461834 -0.3903271 2.802836 0.2143614 -0.7751952 2.779937 
-0.02090744 0.6981351 2.867341 -0.007878098 0.476986 2.864207 0.0009486447 0.252901 2.869745 -0.1060524 0.4699282 2.735101 0.04688831 0.29956 2.500262 0.3076358 0.2829913 2.366581 0.09029622 0.4840439 2.993312 0.1922146 0.142853 2.93566 0.286689 0.01533215 2.692761 -0.05243811 0.02434352 2.793468 -0.2151747 -0.3937736 2.764905 -0.2528984 -0.7845127 2.742777 0.07198888 0.03328871 2.957098 0.1421399 -0.380524 2.793392 0.2140084 -0.774562 2.772079 
-0.02697358 0.7030826 2.855692 -0.01270421 0.4833517 2.85711 -0.0009034937 0.25953 2.866262 -0.1163558 0.4727859 2.732363 0.02353467 0.2417915 2.512056 0.2795362 0.1764773 2.372147 0.09094736 0.4939175 2.981857 0.1845516 0.1807939 2.963839 0.2769651 0.0326147 2.730562 -0.05493194 0.02899802 2.796188 -0.2179805 -0.3884875 2.76623 -0.2566736 -0.7858207 2.749443 0.07672637 0.04241868 2.954641 0.1429922 -0.3697178 2.787542 0.2160974 -0.7686495 2.771028 
-0.02993784 0.7051725 2.849917 -0.01665689 0.4846388 2.852607 -0.004363747 0.2607502 2.860329 -0.1290647 0.4744403 2.735867 -0.02727064 0.1959265 2.537996 0.2041368 0.07610948 2.381069 0.09575091 0.4948372 2.969347 0.1816985 0.1886138 2.963357 0.2591058 0.03927803 2.724093 -0.06356194 0.03037546 2.793804 -0.2248529 -0.3875088 2.762816 -0.2628622 -0.7898614 2.744943 0.07942073 0.04334787 2.942298 0.1380142 -0.3693179 2.774912 0.2173612 -0.776963 2.764565 
-0.03517511 0.7049113 2.848474 -0.01963479 0.4847706 2.851251 -0.005141387 0.2609453 2.856757 -0.1398254 0.4743153 2.742608 -0.09520299 0.168035 2.563403 0.08493333 0.005115937 2.37844 0.1005559 0.495226 2.959893 0.1907594 0.1827209 2.945626 0.2494724 0.02887447 2.69932 -0.06700483 0.03047768 2.793243 -0.2180228 -0.3909687 2.761974 -0.2581027 -0.7905014 2.746499 0.08570886 0.04376216 2.931283 0.1424362 -0.373575 2.776289 0.2217706 -0.7755405 2.764575 
-0.03426325 0.695789 2.84534 -0.01951298 0.4767486 2.849899 -0.005417411 0.2529041 2.856413 -0.1482344 0.4657913 2.751898 -0.1675384 0.1559901 2.589192 -0.07218058 -0.03024382 2.36871 0.1092085 0.4877058 2.9479 0.1859024 0.1713939 2.930853 0.2420868 0.02179344 2.676208 -0.07317206 0.02209225 2.80061 -0.2219541 -0.4006034 2.777363 -0.2613893 -0.8026279 2.750985 0.09052839 0.03602707 2.925242 0.1423616 -0.3848259 2.778563 0.2196106 -0.7872576 2.771813 
-0.03460206 0.7008708 2.860209 -0.02073912 0.4802941 2.853347 -0.005599165 0.2565062 2.850015 -0.16157 0.4719635 2.77295 -0.2688307 0.1918671 2.658482 -0.2892398 0.01034288 2.420927 0.1200917 0.4886246 2.933745 0.1939839 0.1732003 2.916261 0.2185804 0.02929736 2.646047 -0.07974444 0.0274368 2.795712 -0.2240787 -0.3967099 2.770064 -0.2558988 -0.7951263 2.746785 0.09882602 0.03799973 2.897655 0.1429026 -0.3900132 2.771794 0.2159738 -0.7767439 2.765785 
-0.03239712 0.709873 2.863201 -0.01997042 0.4885761 2.853896 -0.005194205 0.2647581 2.848924 -0.1646161 0.4806653 2.780134 -0.3209476 0.2139517 2.673733 -0.4219974 0.07459679 2.442611 0.1246753 0.4964869 2.927658 0.1959477 0.1740771 2.908657 0.2068362 0.02982164 2.6311 -0.08216869 0.03592214 2.797164 -0.2146326 -0.3918282 2.769957 -0.2548263 -0.7900672 2.752456 0.1013327 0.04595796 2.89074 0.1429971 -0.3861842 2.778914 0.2163962 -0.7669327 2.770026 
-0.0335473 0.7125896 2.852711 -0.02258335 0.4929955 2.848354 -0.009930596 0.2690422 2.844349 -0.1722236 0.4856821 2.784562 -0.389954 0.2697131 2.684446 -0.582578 0.2096177 2.477842 0.1270569 0.5003088 2.912146 0.1965065 0.1845468 2.894457 0.1969289 0.02528064 2.611593 -0.0922224 0.04044868 2.799868 -0.205145 -0.3929292 2.774631 -0.2570691 -0.7969109 2.755697 0.09766672 0.04972908 2.880818 0.1395326 -0.3873217 2.789599 0.2091616 -0.7794043 2.779169 
-0.02546339 0.7085485 2.85184 -0.01885557 0.4910787 2.845716 -0.009320364 0.2670141 2.839507 -0.1714775 0.4861613 2.788795 -0.4437391 0.3266694 2.675138 -0.6649299 0.3654438 2.488293 0.1337664 0.4959961 2.902637 0.193873 0.1698937 2.897399 0.1918159 0.02160417 2.597322 -0.096675 0.03982783 2.797162 -0.1924867 -0.3974523 2.767668 -0.2539175 -0.8005416 2.746882 0.09710468 0.04607137 2.869433 0.1421679 -0.3918059 2.782575 0.2135187 -0.7803739 2.776243 
-0.01948008 0.7142714 2.859022 -0.01650046 0.4964112 2.847224 -0.00954281 0.272393 2.83748 -0.1698393 0.4940517 2.791982 -0.4518836 0.3778422 2.661068 -0.6641372 0.4833542 2.492818 0.1368384 0.4987707 2.902466 0.1954132 0.1644365 2.895226 0.1933501 0.02051031 2.598584 -0.09993628 0.04687677 2.792663 -0.1906976 -0.3914631 2.761962 -0.2522495 -0.7905689 2.745091 0.09476597 0.04987274 2.862806 0.1450483 -0.3884906 2.781406 0.2129731 -0.7716555 2.7743 
